  07.86701000e+01   05.73742000e+01   03.52768000e+01  -06.11779000e-02
  07.88409000e+01   06.16803000e+01   04.38391000e+01   01.75852000e-02
  07.20296000e+01   05.72791000e+01   04.37989000e+01   01.01800000e-02
  07.46958000e+01   05.45583000e+01   03.66714000e+01  -01.32723000e-02
  07.77841000e+01   05.77560000e+01   03.86827000e+01  -04.57645000e-02
  07.98084000e+01   05.70851000e+01   03.43086000e+01   02.46758000e-02
  07.99630000e+01   06.18595000e+01   04.46325000e+01  -01.71993000e-02
  07.23865000e+01   05.59193000e+01   04.42683000e+01  -09.39340000e-03
  07.61309000e+01   05.50816000e+01   03.62857000e+01   07.66074000e-02
  07.77304000e+01   05.95883000e+01   04.10498000e+01   09.44338000e-02
  07.39956000e+01   05.37876000e+01   03.61013000e+01   01.54319000e-02
  08.03713000e+01   05.57001000e+01   03.42010000e+01  -01.56515000e-02
  07.71426000e+01   05.39763000e+01   03.61695000e+01  -02.00050000e-02
  07.50556000e+01   05.68568000e+01   03.92788000e+01  -08.09918000e-02
  07.80087000e+01   05.17922000e+01   03.68759000e+01   04.03650000e-03
  07.65738000e+01   05.60845000e+01   03.74198000e+01  -01.43447000e-01
  07.96762000e+01   05.90242000e+01   03.96796000e+01   01.23287000e-02
  07.63108000e+01   06.00072000e+01   04.30268000e+01   02.21683000e-01
  07.32083000e+01   05.68661000e+01   04.09210000e+01  -05.42921000e-02
  08.11841000e+01   05.68632000e+01   03.81723000e+01   02.66866000e-02
  08.11067000e+01   06.11660000e+01   04.13695000e+01   04.35609000e-02
  07.39383000e+01   05.95007000e+01   04.51806000e+01   02.36507000e-02
  07.19227000e+01   05.47589000e+01   03.89601000e+01  -06.09964000e-02
  08.15782000e+01   05.39307000e+01   03.52349000e+01   08.71130000e-03
  07.76960000e+01   05.68938000e+01   03.76394000e+01   01.26858000e-01
  07.90066000e+01   05.97310000e+01   04.07397000e+01  -03.45042000e-02
  07.51538000e+01   05.91747000e+01   04.27967000e+01  -02.04376000e-01
  07.37905000e+01   05.64531000e+01   03.96955000e+01   07.60142000e-02
  07.99422000e+01   05.49331000e+01   03.33006000e+01   05.08730000e-03
  07.78634000e+01   05.39576000e+01   03.51825000e+01   06.92200000e-04
  08.19211000e+01   05.34875000e+01   03.65694000e+01   00.00000000e+00
  07.89512000e+01   05.68166000e+01   03.67455000e+01   07.64245000e-02
  07.96799000e+01   06.06709000e+01   04.16703000e+01  -04.66821000e-02
  07.40673000e+01   05.89455000e+01   04.37403000e+01   01.65461000e-02
  07.32527000e+01   05.55206000e+01   03.87175000e+01   05.49912000e-02
  08.12657000e+01   05.53894000e+01   03.52086000e+01   03.30200000e-04
  07.71466000e+01   05.30273000e+01   03.71558000e+01   04.02810000e-03
  08.31477000e+01   05.30133000e+01   03.69217000e+01   00.00000000e+00
  07.99287000e+01   05.76284000e+01   03.76557000e+01  -04.69336000e-02
  07.87153000e+01   06.08914000e+01   04.26393000e+01  -07.68710000e-03
  07.32467000e+01   05.79317000e+01   04.31873000e+01  -03.37389000e-02
  07.43216000e+01   05.53245000e+01   03.78236000e+01   03.64969000e-02
  08.35103000e+01   05.15510000e+01   03.67559000e+01   00.00000000e+00
  07.90773000e+01   05.82178000e+01   03.87369000e+01  -09.58259000e-02
  07.75070000e+01   06.01511000e+01   04.22622000e+01  -01.77941000e-01
  07.37763000e+01   05.77780000e+01   04.18332000e+01   06.74294000e-02
  07.54167000e+01   05.61474000e+01   03.82245000e+01   01.44326000e-01
  08.41955000e+01   05.39762000e+01   03.75279000e+01   00.00000000e+00
  08.40176000e+01   05.41841000e+01   03.90811000e+01   00.00000000e+00
  08.52221000e+01   05.49326000e+01   03.97391000e+01   00.00000000e+00
  08.53680000e+01   05.64509000e+01   03.94269000e+01   00.00000000e+00
  08.64297000e+01   05.67530000e+01   03.83857000e+01   00.00000000e+00
  08.56755000e+01   05.72881000e+01   04.07582000e+01   00.00000000e+00
  08.44958000e+01   05.74344000e+01   04.16691000e+01   00.00000000e+00
  08.45636000e+01   05.86325000e+01   04.26702000e+01   00.00000000e+00
  08.57873000e+01   05.87235000e+01   04.36222000e+01   00.00000000e+00
  08.57036000e+01   05.74740000e+01   04.45594000e+01   00.00000000e+00
  08.58912000e+01   06.00046000e+01   04.45559000e+01   00.00000000e+00
  08.45081000e+01   06.04920000e+01   04.51305000e+01   00.00000000e+00
  08.46980000e+01   06.14408000e+01   04.63114000e+01   00.00000000e+00
  08.33478000e+01   06.19514000e+01   04.69345000e+01   00.00000000e+00
  08.26813000e+01   06.09578000e+01   04.79180000e+01   00.00000000e+00
  08.37562000e+01   06.32576000e+01   04.76830000e+01   00.00000000e+00
  07.49807000e+01   05.84692000e+01   04.17189000e+01   03.65717000e-02
  07.62889000e+01   05.83023000e+01   04.01215000e+01  -06.37550000e-03
  07.12641000e+01   05.55302000e+01   03.87177000e+01   01.79582000e-02
  07.16926000e+01   05.40065000e+01   03.82336000e+01   01.23366000e-02
  07.17616000e+01   05.44919000e+01   04.00311000e+01   01.80857000e-02
  07.42304000e+01   05.88065000e+01   04.59966000e+01  -03.55350000e-03
  07.43303000e+01   06.05614000e+01   04.52408000e+01  -05.48890000e-03
  07.28877000e+01   05.96479000e+01   04.53627000e+01  -05.73590000e-03
  08.17935000e+01   06.05114000e+01   04.17114000e+01  -01.16015000e-02
  08.10802000e+01   06.12730000e+01   04.02764000e+01  -01.03548000e-02
  08.12900000e+01   06.21313000e+01   04.18050000e+01  -01.10806000e-02
  08.10505000e+01   05.60048000e+01   03.88492000e+01  -06.50300000e-03
  08.17083000e+01   05.65254000e+01   03.72538000e+01  -03.84930000e-03
  08.18412000e+01   05.75211000e+01   03.87720000e+01  -06.75510000e-03
  07.79679000e+01   05.13846000e+01   03.58590000e+01   06.96000000e-05
  07.90457000e+01   05.20801000e+01   03.70256000e+01  -02.56130000e-03
  07.77228000e+01   05.09942000e+01   03.75934000e+01  -08.86000000e-04
  07.26510000e+01   05.53236000e+01   04.33758000e+01   02.66600000e-04
  07.31910000e+01   05.60393000e+01   04.49599000e+01   02.07780000e-03
  07.14864000e+01   05.55144000e+01   04.46838000e+01   03.44650000e-03
  07.99608000e+01   06.23450000e+01   04.56380000e+01   02.98050000e-03
  08.09804000e+01   06.14855000e+01   04.43328000e+01  -05.01900000e-04
  07.94598000e+01   05.73363000e+01   03.32765000e+01  -05.40000000e-06
  08.05812000e+01   05.78123000e+01   03.45710000e+01  -02.73660000e-03
  07.17322000e+01   05.78875000e+01   04.46878000e+01   06.65000000e-04
  07.12435000e+01   05.72052000e+01   04.30655000e+01  -04.07950000e-03
  07.77273000e+01   05.69587000e+01   03.49253000e+01   01.58140000e-02
  07.87458000e+01   05.84476000e+01   03.52838000e+01   09.11190000e-03
  08.45406000e+01   06.31562000e+01   04.84310000e+01   00.00000000e+00
  08.38824000e+01   06.40683000e+01   04.68944000e+01   00.00000000e+00
  08.29458000e+01   06.34776000e+01   04.83680000e+01   00.00000000e+00
  08.25251000e+01   06.00047000e+01   04.74281000e+01   00.00000000e+00
  08.32939000e+01   06.07548000e+01   04.87767000e+01   00.00000000e+00
  08.18201000e+01   06.14719000e+01   04.83272000e+01   00.00000000e+00
  08.53128000e+01   06.07552000e+01   04.70049000e+01   00.00000000e+00
  08.52832000e+01   06.22751000e+01   04.60879000e+01   00.00000000e+00
  08.40506000e+01   06.11007000e+01   04.43127000e+01   00.00000000e+00
  08.38411000e+01   05.97802000e+01   04.54332000e+01   00.00000000e+00
  08.66708000e+01   05.98312000e+01   04.52950000e+01   00.00000000e+00
  08.62623000e+01   06.08778000e+01   04.40389000e+01   00.00000000e+00
  08.65338000e+01   05.75679000e+01   04.53210000e+01   00.00000000e+00
  08.48263000e+01   05.75104000e+01   04.50764000e+01   00.00000000e+00
  08.58647000e+01   05.64688000e+01   04.40059000e+01   00.00000000e+00
  08.45812000e+01   05.96243000e+01   04.22315000e+01   00.00000000e+00
  08.36868000e+01   05.86176000e+01   04.32421000e+01   00.00000000e+00
  08.37044000e+01   05.76497000e+01   04.10054000e+01   00.00000000e+00
  08.42522000e+01   05.65718000e+01   04.22488000e+01   00.00000000e+00
  08.65373000e+01   05.69489000e+01   04.13120000e+01   00.00000000e+00
  08.59882000e+01   05.83062000e+01   04.04407000e+01   00.00000000e+00
  07.22780000e+01   05.64271000e+01   04.11864000e+01   07.20400000e-04
  07.63184000e+01   06.06373000e+01   04.39117000e+01  -02.39543000e-02
  08.07668000e+01   05.89710000e+01   03.97950000e+01   04.89340000e-03
  07.59277000e+01   05.56893000e+01   03.53943000e+01  -02.28199000e-02
  07.79147000e+01   06.21351000e+01   04.42433000e+01  -01.51750000e-03
  08.73581000e+01   05.62564000e+01   03.87090000e+01   00.00000000e+00
  08.61475000e+01   05.63212000e+01   03.74308000e+01   00.00000000e+00
  08.66496000e+01   05.77855000e+01   03.82940000e+01   00.00000000e+00
  08.45609000e+01   05.69013000e+01   03.89491000e+01   00.00000000e+00
  08.52456000e+01   05.48728000e+01   04.07869000e+01   00.00000000e+00
  08.61787000e+01   05.44608000e+01   03.93909000e+01   00.00000000e+00
  08.30321000e+01   05.46529000e+01   03.93805000e+01   00.00000000e+00
  08.38031000e+01   05.32807000e+01   03.95278000e+01   00.00000000e+00
  08.52064000e+01   05.35536000e+01   03.73357000e+01   00.00000000e+00
  08.41746000e+01   05.49796000e+01   03.70832000e+01   00.00000000e+00
  08.38273000e+01   05.13158000e+01   03.57435000e+01   00.00000000e+00
  08.40021000e+01   05.12162000e+01   03.76196000e+01   00.00000000e+00
  08.25542000e+01   05.09482000e+01   03.67983000e+01   00.00000000e+00
  08.03009000e+01   05.84370000e+01   03.71107000e+01   05.57290000e-03
  07.92094000e+01   05.57278000e+01   03.67489000e+01  -01.28866000e-02
  08.10179000e+01   05.36638000e+01   03.72016000e+01   00.00000000e+00
  08.26502000e+01   06.22995000e+01   04.61489000e+01   00.00000000e+00
  08.66950000e+01   05.86717000e+01   04.30099000e+01   00.00000000e+00
  08.07113000e+01   05.33662000e+01   03.49766000e+01  -01.99830000e-03
  08.22877000e+01   05.36492000e+01   03.44553000e+01  -01.85290000e-03
