  08.00174000e+01   05.82747000e+01   03.45596000e+01  -06.11779000e-02
  08.01522000e+01   06.28314000e+01   04.31453000e+01   01.75852000e-02
  07.30411000e+01   05.89043000e+01   04.30898000e+01   01.01800000e-02
  07.56058000e+01   05.58436000e+01   03.60660000e+01  -01.32723000e-02
  07.89800000e+01   05.89008000e+01   03.79176000e+01  -04.57645000e-02
  08.13553000e+01   05.80794000e+01   03.38331000e+01   02.46758000e-02
  08.13936000e+01   06.31502000e+01   04.36527000e+01  -01.71993000e-02
  07.30658000e+01   05.74319000e+01   04.35173000e+01  -09.39340000e-03
  07.72064000e+01   05.61044000e+01   03.58674000e+01   07.66074000e-02
  07.88058000e+01   06.06850000e+01   04.03227000e+01   09.44338000e-02
  07.48790000e+01   05.50569000e+01   03.54311000e+01   01.54319000e-02
  08.16883000e+01   05.66661000e+01   03.34484000e+01  -01.56515000e-02
  07.81183000e+01   05.49748000e+01   03.62112000e+01  -02.00050000e-02
  07.60771000e+01   05.82345000e+01   03.85947000e+01  -08.09918000e-02
  07.81398000e+01   05.28063000e+01   03.72538000e+01   04.03650000e-03
  07.75483000e+01   05.74022000e+01   03.67322000e+01  -01.43447000e-01
  08.07475000e+01   06.02339000e+01   03.88324000e+01   01.23287000e-02
  07.74921000e+01   06.12394000e+01   04.23108000e+01   02.21683000e-01
  07.42661000e+01   05.82105000e+01   04.01922000e+01  -05.42921000e-02
  08.21768000e+01   05.78399000e+01   03.74506000e+01   02.66866000e-02
  08.21745000e+01   06.22885000e+01   04.04313000e+01   04.35609000e-02
  07.53010000e+01   06.10637000e+01   04.43718000e+01   02.36507000e-02
  07.28758000e+01   05.62334000e+01   03.82010000e+01  -06.09964000e-02
  08.24037000e+01   05.45909000e+01   03.45731000e+01   08.71130000e-03
  07.87446000e+01   05.80795000e+01   03.68493000e+01   01.26858000e-01
  08.00925000e+01   06.08767000e+01   03.98832000e+01  -03.45042000e-02
  07.63757000e+01   06.03623000e+01   04.20793000e+01  -02.04376000e-01
  07.47565000e+01   05.78808000e+01   03.89571000e+01   07.60142000e-02
  08.14222000e+01   05.61265000e+01   03.23578000e+01   05.08730000e-03
  07.92110000e+01   05.48379000e+01   03.58046000e+01   06.92200000e-04
  08.33116000e+01   05.44199000e+01   03.58212000e+01   00.00000000e+00
  08.00457000e+01   05.78473000e+01   03.60472000e+01   07.64245000e-02
  08.07743000e+01   06.18399000e+01   04.07811000e+01  -04.66821000e-02
  07.52718000e+01   06.03174000e+01   04.29988000e+01   01.65461000e-02
  07.41766000e+01   05.69722000e+01   03.80254000e+01   05.49912000e-02
  08.23678000e+01   05.60895000e+01   03.44694000e+01   03.30200000e-04
  07.75727000e+01   05.41287000e+01   03.71129000e+01   04.02810000e-03
  08.46605000e+01   05.43464000e+01   03.58345000e+01   00.00000000e+00
  08.09915000e+01   05.86720000e+01   03.68784000e+01  -04.69336000e-02
  07.98718000e+01   06.20676000e+01   04.19025000e+01  -07.68710000e-03
  07.43536000e+01   05.94179000e+01   04.24566000e+01  -03.37389000e-02
  07.52265000e+01   05.66741000e+01   03.71707000e+01   03.64969000e-02
  08.53891000e+01   05.31015000e+01   03.54005000e+01   00.00000000e+00
  08.02141000e+01   05.93015000e+01   03.79425000e+01  -09.58259000e-02
  07.86612000e+01   06.13366000e+01   04.15305000e+01  -01.77941000e-01
  07.48690000e+01   05.90990000e+01   04.11416000e+01   06.74294000e-02
  07.63727000e+01   05.75046000e+01   03.75633000e+01   01.44326000e-01
  08.54660000e+01   05.55408000e+01   03.61239000e+01   00.00000000e+00
  08.62324000e+01   05.55874000e+01   03.74934000e+01   00.00000000e+00
  08.71157000e+01   05.68430000e+01   03.74888000e+01   00.00000000e+00
  08.80662000e+01   05.69789000e+01   03.87234000e+01   00.00000000e+00
  08.89676000e+01   05.57777000e+01   03.90361000e+01   00.00000000e+00
  08.72426000e+01   05.74472000e+01   03.99473000e+01   00.00000000e+00
  08.81666000e+01   05.79858000e+01   04.10813000e+01   00.00000000e+00
  08.74713000e+01   05.85539000e+01   04.22924000e+01   00.00000000e+00
  08.83791000e+01   05.92670000e+01   04.33523000e+01   00.00000000e+00
  08.91569000e+01   05.81448000e+01   04.40973000e+01   00.00000000e+00
  08.74505000e+01   06.02144000e+01   04.42144000e+01   00.00000000e+00
  08.79295000e+01   06.06610000e+01   04.55784000e+01   00.00000000e+00
  08.68378000e+01   06.15824000e+01   04.61809000e+01   00.00000000e+00
  08.56911000e+01   06.07792000e+01   04.69421000e+01   00.00000000e+00
  08.61000000e+01   06.04055000e+01   04.83928000e+01   00.00000000e+00
  08.44801000e+01   06.17260000e+01   04.68835000e+01   00.00000000e+00
  07.60706000e+01   05.97242000e+01   04.09570000e+01   03.65717000e-02
  07.74271000e+01   05.95200000e+01   03.93607000e+01  -06.37550000e-03
  07.20943000e+01   05.66275000e+01   03.89064000e+01   01.79582000e-02
  07.24336000e+01   05.60948000e+01   03.72291000e+01   01.23366000e-02
  07.31954000e+01   05.52210000e+01   03.84020000e+01   01.80857000e-02
  07.61292000e+01   06.05969000e+01   04.48684000e+01  -03.55350000e-03
  07.55199000e+01   06.20895000e+01   04.41500000e+01  -05.48890000e-03
  07.43531000e+01   06.08538000e+01   04.48639000e+01  -05.73590000e-03
  08.25470000e+01   06.30783000e+01   04.10995000e+01  -01.16015000e-02
  08.28413000e+01   06.14577000e+01   04.05061000e+01  -01.03548000e-02
  08.21511000e+01   06.26518000e+01   03.94255000e+01  -01.10806000e-02
  08.17419000e+01   05.69133000e+01   03.78629000e+01  -06.50300000e-03
  08.29151000e+01   05.75492000e+01   03.66962000e+01  -03.84930000e-03
  08.28526000e+01   05.82793000e+01   03.82222000e+01  -06.75510000e-03
  07.82707000e+01   05.23113000e+01   03.62706000e+01   06.96000000e-05
  07.91754000e+01   05.31072000e+01   03.75735000e+01  -02.56130000e-03
  07.77140000e+01   05.21628000e+01   03.79994000e+01  -08.86000000e-04
  07.35138000e+01   05.68064000e+01   04.26751000e+01   02.66600000e-04
  07.37145000e+01   05.73977000e+01   04.44146000e+01   02.07780000e-03
  07.20884000e+01   05.71552000e+01   04.38077000e+01   03.44650000e-03
  08.14391000e+01   06.37408000e+01   04.45241000e+01   02.98050000e-03
  08.23530000e+01   06.28672000e+01   04.32149000e+01  -05.01900000e-04
  08.12636000e+01   05.85128000e+01   03.27632000e+01  -05.40000000e-06
  08.21486000e+01   05.86922000e+01   03.42966000e+01  -02.73660000e-03
  07.29243000e+01   05.94769000e+01   04.39893000e+01   06.65000000e-04
  07.22733000e+01   05.92119000e+01   04.24021000e+01  -04.07950000e-03
  07.92523000e+01   05.76452000e+01   03.41133000e+01   01.58140000e-02
  07.96480000e+01   05.92924000e+01   03.44203000e+01   09.11190000e-03
  08.46269000e+01   06.26613000e+01   04.74722000e+01   00.00000000e+00
  08.42325000e+01   06.20037000e+01   04.59053000e+01   00.00000000e+00
  08.37130000e+01   06.11139000e+01   04.72939000e+01   00.00000000e+00
  08.71477000e+01   06.01034000e+01   04.83067000e+01   00.00000000e+00
  08.60712000e+01   06.11568000e+01   04.91948000e+01   00.00000000e+00
  08.55015000e+01   05.95525000e+01   04.86293000e+01   00.00000000e+00
  08.72351000e+01   06.23057000e+01   04.69376000e+01   00.00000000e+00
  08.63501000e+01   06.22192000e+01   04.53968000e+01   00.00000000e+00
  08.79710000e+01   05.98835000e+01   04.63644000e+01   00.00000000e+00
  08.89016000e+01   06.11732000e+01   04.55527000e+01   00.00000000e+00
  08.71141000e+01   06.10001000e+01   04.36045000e+01   00.00000000e+00
  08.64743000e+01   05.97424000e+01   04.44787000e+01   00.00000000e+00
  08.99072000e+01   05.85980000e+01   04.45924000e+01   00.00000000e+00
  08.86023000e+01   05.75421000e+01   04.47864000e+01   00.00000000e+00
  08.96207000e+01   05.75065000e+01   04.33528000e+01   00.00000000e+00
  08.68686000e+01   05.93465000e+01   04.18686000e+01   00.00000000e+00
  08.66847000e+01   05.78722000e+01   04.26355000e+01   00.00000000e+00
  08.87115000e+01   05.70901000e+01   04.13935000e+01   00.00000000e+00
  08.89065000e+01   05.86050000e+01   04.05999000e+01   00.00000000e+00
  08.66744000e+01   05.82609000e+01   03.95176000e+01   00.00000000e+00
  08.65940000e+01   05.66762000e+01   04.03291000e+01   00.00000000e+00
  07.32411000e+01   05.78239000e+01   04.04482000e+01   07.20400000e-04
  07.74979000e+01   06.16677000e+01   04.33381000e+01  -02.39543000e-02
  08.17991000e+01   06.04809000e+01   03.86565000e+01   04.89340000e-03
  07.72298000e+01   05.63522000e+01   03.48186000e+01  -02.28199000e-02
  07.93503000e+01   06.32374000e+01   04.36824000e+01  -01.51750000e-03
  08.97312000e+01   05.61300000e+01   03.96478000e+01   00.00000000e+00
  08.84365000e+01   05.49782000e+01   03.95313000e+01   00.00000000e+00
  08.94232000e+01   05.54515000e+01   03.80638000e+01   00.00000000e+00
  08.87284000e+01   05.78106000e+01   03.85475000e+01   00.00000000e+00
  08.76585000e+01   05.68091000e+01   03.65225000e+01   00.00000000e+00
  08.64396000e+01   05.76698000e+01   03.75086000e+01   00.00000000e+00
  08.54843000e+01   05.56810000e+01   03.82649000e+01   00.00000000e+00
  08.68538000e+01   05.46460000e+01   03.75510000e+01   00.00000000e+00
  08.60521000e+01   05.57491000e+01   03.52026000e+01   00.00000000e+00
  08.47740000e+01   05.63030000e+01   03.62823000e+01   00.00000000e+00
  08.47754000e+01   05.22134000e+01   03.56986000e+01   00.00000000e+00
  08.55060000e+01   05.31048000e+01   03.43201000e+01   00.00000000e+00
  08.63307000e+01   05.28697000e+01   03.59332000e+01   00.00000000e+00
  08.13792000e+01   05.95250000e+01   03.63036000e+01   05.57290000e-03
  08.02968000e+01   05.68316000e+01   03.62313000e+01  -01.28866000e-02
  08.28036000e+01   05.40332000e+01   03.66959000e+01   00.00000000e+00
  08.54895000e+01   05.98624000e+01   04.64339000e+01   00.00000000e+00
  08.91295000e+01   05.98546000e+01   04.27459000e+01   00.00000000e+00
  08.13903000e+01   05.41960000e+01   03.47371000e+01  -01.99830000e-03
  08.27281000e+01   05.41172000e+01   03.36985000e+01  -01.85290000e-03
