  07.99902000e+01   05.84413000e+01   03.51415000e+01  -06.11779000e-02
  08.01127000e+01   06.24049000e+01   04.41514000e+01   01.75852000e-02
  07.30427000e+01   05.87076000e+01   04.35347000e+01   01.01800000e-02
  07.55133000e+01   05.63885000e+01   03.61589000e+01  -01.32723000e-02
  07.89351000e+01   05.89534000e+01   03.86121000e+01  -04.57645000e-02
  08.12718000e+01   05.81710000e+01   03.43364000e+01   02.46758000e-02
  08.12352000e+01   06.21302000e+01   04.49005000e+01  -01.71993000e-02
  07.32553000e+01   05.72942000e+01   04.40601000e+01  -09.39340000e-03
  07.70376000e+01   05.67056000e+01   03.60066000e+01   07.66074000e-02
  07.88806000e+01   06.05557000e+01   04.11775000e+01   09.44338000e-02
  07.48757000e+01   05.57770000e+01   03.52807000e+01   01.54319000e-02
  08.15768000e+01   05.67254000e+01   03.39661000e+01  -01.56515000e-02
  07.77467000e+01   05.53109000e+01   03.59689000e+01  -02.00050000e-02
  07.61071000e+01   05.81436000e+01   03.92038000e+01  -08.09918000e-02
  07.81717000e+01   05.32478000e+01   03.71951000e+01   04.03650000e-03
  07.74510000e+01   05.75616000e+01   03.71841000e+01  -01.43447000e-01
  08.06761000e+01   06.02939000e+01   03.96673000e+01   01.23287000e-02
  07.74771000e+01   06.10371000e+01   04.30572000e+01   02.21683000e-01
  07.42221000e+01   05.82436000e+01   04.07111000e+01  -05.42921000e-02
  08.21447000e+01   05.78955000e+01   03.82735000e+01   02.66866000e-02
  08.22340000e+01   06.20495000e+01   04.16581000e+01   04.35609000e-02
  07.50233000e+01   06.07616000e+01   04.49779000e+01   02.36507000e-02
  07.27758000e+01   05.65985000e+01   03.83101000e+01  -06.09964000e-02
  08.20718000e+01   05.46000000e+01   03.50605000e+01   08.71130000e-03
  07.87464000e+01   05.80771000e+01   03.75419000e+01   01.26858000e-01
  08.01364000e+01   06.08652000e+01   04.07910000e+01  -03.45042000e-02
  07.63220000e+01   06.03247000e+01   04.27409000e+01  -02.04376000e-01
  07.47946000e+01   05.79409000e+01   03.94622000e+01   07.60142000e-02
  08.14168000e+01   05.61360000e+01   03.28470000e+01   05.08730000e-03
  07.85760000e+01   05.48488000e+01   03.51660000e+01   06.92200000e-04
  08.31492000e+01   05.43409000e+01   03.60482000e+01   00.00000000e+00
  08.00050000e+01   05.79947000e+01   03.67171000e+01   07.64245000e-02
  08.08734000e+01   06.16360000e+01   04.18399000e+01  -04.66821000e-02
  07.51741000e+01   06.01792000e+01   04.36173000e+01   01.65461000e-02
  07.41651000e+01   05.71472000e+01   03.84266000e+01   05.49912000e-02
  08.19349000e+01   05.60186000e+01   03.51225000e+01   03.30200000e-04
  07.75709000e+01   05.46045000e+01   03.71465000e+01   04.02810000e-03
  08.43888000e+01   05.38942000e+01   03.57490000e+01   00.00000000e+00
  08.10486000e+01   05.87749000e+01   03.76207000e+01  -04.69336000e-02
  07.99428000e+01   06.18751000e+01   04.28393000e+01  -07.68710000e-03
  07.42646000e+01   05.93205000e+01   04.29985000e+01  -03.37389000e-02
  07.51849000e+01   05.69329000e+01   03.74887000e+01   03.64969000e-02
  08.46811000e+01   05.23980000e+01   03.56843000e+01   00.00000000e+00
  08.01842000e+01   05.94056000e+01   03.87046000e+01  -09.58259000e-02
  07.86795000e+01   06.12619000e+01   04.23448000e+01  -01.77941000e-01
  07.48348000e+01   05.90498000e+01   04.16862000e+01   06.74294000e-02
  07.63578000e+01   05.75835000e+01   03.80239000e+01   01.44326000e-01
  08.55468000e+01   05.46976000e+01   03.53951000e+01   00.00000000e+00
  08.58484000e+01   05.57715000e+01   03.63951000e+01   00.00000000e+00
  08.64834000e+01   05.51785000e+01   03.76822000e+01   00.00000000e+00
  08.67001000e+01   05.62830000e+01   03.88013000e+01   00.00000000e+00
  08.78683000e+01   05.72010000e+01   03.85017000e+01   00.00000000e+00
  08.68964000e+01   05.56211000e+01   04.02241000e+01   00.00000000e+00
  08.72152000e+01   05.67312000e+01   04.13741000e+01   00.00000000e+00
  08.72376000e+01   05.60682000e+01   04.27434000e+01   00.00000000e+00
  08.77324000e+01   05.68013000e+01   04.40330000e+01   00.00000000e+00
  08.91574000e+01   05.73252000e+01   04.38837000e+01   00.00000000e+00
  08.75159000e+01   05.58926000e+01   04.52585000e+01   00.00000000e+00
  08.76719000e+01   05.65387000e+01   04.66832000e+01   00.00000000e+00
  08.70371000e+01   05.55366000e+01   04.76815000e+01   00.00000000e+00
  08.74448000e+01   05.58698000e+01   04.91523000e+01   00.00000000e+00
  08.66304000e+01   05.72323000e+01   04.94940000e+01   00.00000000e+00
  08.68316000e+01   05.47923000e+01   05.01304000e+01   00.00000000e+00
  07.60990000e+01   05.96226000e+01   04.15590000e+01   03.65717000e-02
  07.74222000e+01   05.94386000e+01   04.00875000e+01  -06.37550000e-03
  07.20918000e+01   05.74538000e+01   03.80354000e+01   01.79582000e-02
  07.27727000e+01   05.59205000e+01   03.75319000e+01   01.23366000e-02
  07.24673000e+01   05.61270000e+01   03.92156000e+01   01.80857000e-02
  07.54967000e+01   06.17426000e+01   04.50109000e+01  -03.55350000e-03
  07.39443000e+01   06.08444000e+01   04.52206000e+01  -05.48890000e-03
  07.55517000e+01   06.01766000e+01   04.57258000e+01  -05.73590000e-03
  08.28044000e+01   06.20819000e+01   04.26244000e+01  -01.16015000e-02
  08.27188000e+01   06.14091000e+01   04.08884000e+01  -01.03548000e-02
  08.22139000e+01   06.30487000e+01   04.11950000e+01  -01.10806000e-02
  08.27436000e+01   05.74103000e+01   03.75026000e+01  -06.50300000e-03
  08.27150000e+01   05.85321000e+01   03.89743000e+01  -03.84930000e-03
  08.18718000e+01   05.71123000e+01   03.89308000e+01  -06.75510000e-03
  07.79637000e+01   05.25824000e+01   03.63156000e+01   06.96000000e-05
  07.91990000e+01   05.34465000e+01   03.72630000e+01  -02.56130000e-03
  07.78479000e+01   05.28350000e+01   03.81594000e+01  -08.86000000e-04
  07.41547000e+01   05.72370000e+01   04.45938000e+01   02.66600000e-04
  07.23658000e+01   05.70324000e+01   04.46364000e+01   02.07780000e-03
  07.33966000e+01   05.65841000e+01   04.32774000e+01   03.44650000e-03
  08.13561000e+01   06.25266000e+01   04.58735000e+01   02.98050000e-03
  08.20211000e+01   06.14594000e+01   04.45332000e+01  -05.01900000e-04
  08.12144000e+01   05.87979000e+01   03.34493000e+01  -05.40000000e-06
  08.20702000e+01   05.85766000e+01   03.49444000e+01  -02.73660000e-03
  07.27671000e+01   05.92812000e+01   04.44105000e+01   06.65000000e-04
  07.22128000e+01   05.87478000e+01   04.29121000e+01  -04.07950000e-03
  07.91569000e+01   05.79695000e+01   03.46736000e+01   01.58140000e-02
  07.97625000e+01   05.94857000e+01   03.52034000e+01   09.11190000e-03
  08.58004000e+01   05.44665000e+01   05.00178000e+01   00.00000000e+00
  08.75638000e+01   05.39531000e+01   05.00744000e+01   00.00000000e+00
  08.69345000e+01   05.52311000e+01   05.11513000e+01   00.00000000e+00
  08.70620000e+01   05.80536000e+01   04.90013000e+01   00.00000000e+00
  08.57003000e+01   05.70680000e+01   04.89776000e+01   00.00000000e+00
  08.65686000e+01   05.74795000e+01   05.05045000e+01   00.00000000e+00
  08.60077000e+01   05.55638000e+01   04.75386000e+01   00.00000000e+00
  08.72066000e+01   05.45344000e+01   04.74381000e+01   00.00000000e+00
  08.86775000e+01   05.67157000e+01   04.69556000e+01   00.00000000e+00
  08.70714000e+01   05.74771000e+01   04.65583000e+01   00.00000000e+00
  08.65011000e+01   05.54534000e+01   04.51230000e+01   00.00000000e+00
  08.83169000e+01   05.51468000e+01   04.51664000e+01   00.00000000e+00
  08.98443000e+01   05.65526000e+01   04.35535000e+01   00.00000000e+00
  08.92091000e+01   05.81059000e+01   04.31491000e+01   00.00000000e+00
  08.94864000e+01   05.77418000e+01   04.48779000e+01   00.00000000e+00
  08.62369000e+01   05.57969000e+01   04.28730000e+01   00.00000000e+00
  08.79694000e+01   05.52665000e+01   04.27598000e+01   00.00000000e+00
  08.82039000e+01   05.72344000e+01   04.12518000e+01   00.00000000e+00
  08.63652000e+01   05.74362000e+01   04.13274000e+01   00.00000000e+00
  08.60133000e+01   05.50633000e+01   04.05143000e+01   00.00000000e+00
  08.77685000e+01   05.50064000e+01   04.01393000e+01   00.00000000e+00
  07.31720000e+01   05.80382000e+01   04.08776000e+01   07.20400000e-04
  07.74975000e+01   06.15369000e+01   04.39810000e+01  -02.39543000e-02
  08.17025000e+01   06.05738000e+01   03.94820000e+01   04.89340000e-03
  07.71879000e+01   05.71796000e+01   03.50290000e+01  -02.28199000e-02
  07.93147000e+01   06.30295000e+01   04.46775000e+01  -01.51750000e-03
  08.88064000e+01   05.66636000e+01   03.88558000e+01   00.00000000e+00
  08.80602000e+01   05.74783000e+01   03.74473000e+01   00.00000000e+00
  08.78327000e+01   05.81031000e+01   03.90417000e+01   00.00000000e+00
  08.59058000e+01   05.69623000e+01   03.89080000e+01   00.00000000e+00
  08.55537000e+01   05.46777000e+01   03.80114000e+01   00.00000000e+00
  08.72697000e+01   05.44023000e+01   03.75691000e+01   00.00000000e+00
  08.65868000e+01   05.64467000e+01   03.59393000e+01   00.00000000e+00
  08.50603000e+01   05.64688000e+01   03.66799000e+01   00.00000000e+00
  08.64557000e+01   05.41335000e+01   03.53671000e+01   00.00000000e+00
  08.53074000e+01   05.52864000e+01   03.45287000e+01   00.00000000e+00
  08.51057000e+01   05.22271000e+01   03.46986000e+01   00.00000000e+00
  08.54179000e+01   05.22497000e+01   03.65344000e+01   00.00000000e+00
  08.38320000e+01   05.18058000e+01   03.59217000e+01   00.00000000e+00
  08.14195000e+01   05.95926000e+01   03.70956000e+01   05.57290000e-03
  08.02075000e+01   05.69546000e+01   03.67848000e+01  -01.28866000e-02
  08.28478000e+01   05.44592000e+01   03.70888000e+01   00.00000000e+00
  08.84724000e+01   05.61157000e+01   04.93196000e+01   00.00000000e+00
  08.71971000e+01   05.77520000e+01   04.41994000e+01   00.00000000e+00
  08.11699000e+01   05.41304000e+01   03.54535000e+01  -01.99830000e-03
  08.23512000e+01   05.42174000e+01   03.40800000e+01  -01.85290000e-03
