  07.97309000e+01   05.92389000e+01   03.41994000e+01  -06.11779000e-02
  07.89545000e+01   06.29185000e+01   04.31813000e+01   01.75852000e-02
  07.22801000e+01   05.84794000e+01   04.23346000e+01   01.01800000e-02
  07.56767000e+01   05.62445000e+01   03.50708000e+01  -01.32723000e-02
  07.85701000e+01   05.94450000e+01   03.75101000e+01  -04.57645000e-02
  08.09910000e+01   05.94631000e+01   03.33886000e+01   02.46758000e-02
  08.00717000e+01   06.29716000e+01   04.38735000e+01  -01.71993000e-02
  07.23385000e+01   05.69778000e+01   04.24976000e+01  -09.39340000e-03
  07.70977000e+01   05.70274000e+01   03.47304000e+01   07.66074000e-02
  07.82239000e+01   06.09004000e+01   04.00566000e+01   09.44338000e-02
  07.51970000e+01   05.54938000e+01   03.42772000e+01   01.54319000e-02
  08.16737000e+01   05.81989000e+01   03.28628000e+01  -01.56515000e-02
  07.81381000e+01   05.59685000e+01   03.43888000e+01  -02.00050000e-02
  07.58741000e+01   05.81818000e+01   03.80270000e+01  -08.09918000e-02
  07.98682000e+01   05.45140000e+01   03.50565000e+01   04.03650000e-03
  07.73950000e+01   05.78349000e+01   03.60405000e+01  -01.43447000e-01
  08.02361000e+01   06.07310000e+01   03.87315000e+01   01.23287000e-02
  07.68018000e+01   06.10331000e+01   04.20801000e+01   02.21683000e-01
  07.39758000e+01   05.79667000e+01   03.95435000e+01  -05.42921000e-02
  08.20507000e+01   05.86211000e+01   03.72759000e+01   02.66866000e-02
  08.12148000e+01   06.30473000e+01   04.05908000e+01   04.35609000e-02
  07.43558000e+01   06.04050000e+01   04.40835000e+01   02.36507000e-02
  07.30014000e+01   05.58971000e+01   03.75264000e+01  -06.09964000e-02
  08.33743000e+01   05.65431000e+01   03.33723000e+01   08.71130000e-03
  07.84956000e+01   05.86687000e+01   03.63510000e+01   01.26858000e-01
  07.94730000e+01   06.12945000e+01   03.97087000e+01  -03.45042000e-02
  07.56330000e+01   06.02240000e+01   04.17369000e+01  -02.04376000e-01
  07.46926000e+01   05.76082000e+01   03.83725000e+01   07.60142000e-02
  08.16414000e+01   05.77585000e+01   03.17438000e+01   05.08730000e-03
  07.84929000e+01   05.58101000e+01   03.32690000e+01   06.92200000e-04
  08.36323000e+01   05.55376000e+01   03.45365000e+01   00.00000000e+00
  07.98545000e+01   05.86820000e+01   03.56290000e+01   07.64245000e-02
  08.00101000e+01   06.21360000e+01   04.08053000e+01  -04.66821000e-02
  07.44701000e+01   05.99057000e+01   04.26864000e+01   01.65461000e-02
  07.42058000e+01   05.67850000e+01   03.73269000e+01   05.49912000e-02
  08.24852000e+01   05.76289000e+01   03.38534000e+01   03.30200000e-04
  07.87327000e+01   05.53253000e+01   03.54950000e+01   04.02810000e-03
  08.42803000e+01   05.43772000e+01   03.44911000e+01   00.00000000e+00
  08.08316000e+01   05.94037000e+01   03.66670000e+01  -04.69336000e-02
  07.89639000e+01   06.22585000e+01   04.18554000e+01  -07.68710000e-03
  07.36202000e+01   05.90631000e+01   04.19096000e+01  -03.37389000e-02
  07.52408000e+01   05.67313000e+01   03.63639000e+01   03.64969000e-02
  08.36576000e+01   05.30882000e+01   03.42620000e+01   00.00000000e+00
  07.98099000e+01   05.99769000e+01   03.77018000e+01  -09.58259000e-02
  07.79132000e+01   06.14074000e+01   04.13230000e+01  -01.77941000e-01
  07.43702000e+01   05.87327000e+01   04.06019000e+01   06.74294000e-02
  07.62089000e+01   05.76655000e+01   03.68125000e+01   01.44326000e-01
  08.57562000e+01   05.42079000e+01   03.48785000e+01   00.00000000e+00
  08.65455000e+01   05.54147000e+01   03.55402000e+01   00.00000000e+00
  08.61326000e+01   05.55571000e+01   03.70194000e+01   00.00000000e+00
  08.65950000e+01   05.68669000e+01   03.76975000e+01   00.00000000e+00
  08.81049000e+01   05.71317000e+01   03.74894000e+01   00.00000000e+00
  08.60758000e+01   05.69450000e+01   03.91191000e+01   00.00000000e+00
  08.62831000e+01   05.82198000e+01   03.99544000e+01   00.00000000e+00
  08.57916000e+01   05.78672000e+01   04.13492000e+01   00.00000000e+00
  08.60398000e+01   05.89678000e+01   04.25683000e+01   00.00000000e+00
  08.74719000e+01   05.87518000e+01   04.32768000e+01   00.00000000e+00
  08.48960000e+01   05.88923000e+01   04.36369000e+01   00.00000000e+00
  08.47324000e+01   05.99167000e+01   04.47464000e+01   00.00000000e+00
  08.43208000e+01   05.93355000e+01   04.61140000e+01   00.00000000e+00
  08.47836000e+01   06.03072000e+01   04.73335000e+01   00.00000000e+00
  08.38249000e+01   06.15049000e+01   04.76685000e+01   00.00000000e+00
  08.49129000e+01   05.95189000e+01   04.86712000e+01   00.00000000e+00
  07.55414000e+01   05.95295000e+01   04.05445000e+01   03.65717000e-02
  07.70553000e+01   05.96207000e+01   03.89533000e+01  -06.37550000e-03
  07.26293000e+01   05.57237000e+01   03.85906000e+01   01.79582000e-02
  07.21953000e+01   05.63947000e+01   03.70271000e+01   01.23366000e-02
  07.32199000e+01   05.49629000e+01   03.71058000e+01   01.80857000e-02
  07.47424000e+01   06.14029000e+01   04.42116000e+01  -03.55350000e-03
  07.33665000e+01   06.05065000e+01   04.44910000e+01  -05.48890000e-03
  07.50238000e+01   05.98069000e+01   04.47138000e+01  -05.73590000e-03
  08.13467000e+01   06.34502000e+01   03.95810000e+01  -01.16015000e-02
  08.11691000e+01   06.38796000e+01   04.12380000e+01  -01.03548000e-02
  08.21052000e+01   06.25094000e+01   04.07860000e+01  -01.10806000e-02
  08.26896000e+01   05.92571000e+01   03.78748000e+01  -06.50300000e-03
  08.16561000e+01   05.78371000e+01   03.79313000e+01  -03.84930000e-03
  08.26162000e+01   05.81490000e+01   03.64970000e+01  -06.75510000e-03
  08.04833000e+01   05.41839000e+01   03.58981000e+01   06.96000000e-05
  07.95907000e+01   05.35972000e+01   03.45663000e+01  -02.56130000e-03
  08.04158000e+01   05.50726000e+01   03.44218000e+01  -08.86000000e-04
  07.14850000e+01   05.65813000e+01   04.30253000e+01   02.66600000e-04
  07.24428000e+01   05.64600000e+01   04.15071000e+01   02.07780000e-03
  07.31564000e+01   05.67630000e+01   04.31835000e+01   03.44650000e-03
  08.01530000e+01   06.35833000e+01   04.48092000e+01   02.98050000e-03
  08.09809000e+01   06.24487000e+01   04.35795000e+01  -05.01900000e-04
  08.06613000e+01   05.99582000e+01   03.24429000e+01  -05.40000000e-06
  08.16137000e+01   06.02197000e+01   03.39078000e+01  -02.73660000e-03
  07.18984000e+01   05.89793000e+01   04.32212000e+01   06.65000000e-04
  07.15198000e+01   05.87089000e+01   04.15488000e+01  -04.07950000e-03
  07.90217000e+01   05.85636000e+01   03.37010000e+01   01.58140000e-02
  07.91929000e+01   06.01727000e+01   03.43509000e+01   09.11190000e-03
  08.39412000e+01   05.94876000e+01   04.92533000e+01   00.00000000e+00
  08.53191000e+01   05.85631000e+01   04.83813000e+01   00.00000000e+00
  08.56128000e+01   05.99981000e+01   04.93357000e+01   00.00000000e+00
  08.39344000e+01   06.18980000e+01   04.85972000e+01   00.00000000e+00
  08.40142000e+01   06.22199000e+01   04.69243000e+01   00.00000000e+00
  08.28119000e+01   06.10842000e+01   04.77377000e+01   00.00000000e+00
  08.32559000e+01   05.90839000e+01   04.62584000e+01   00.00000000e+00
  08.47987000e+01   05.83597000e+01   04.61840000e+01   00.00000000e+00
  08.56786000e+01   06.03719000e+01   04.48994000e+01   00.00000000e+00
  08.39799000e+01   06.06251000e+01   04.44151000e+01   00.00000000e+00
  08.39976000e+01   05.87953000e+01   04.29894000e+01   00.00000000e+00
  08.51549000e+01   05.80130000e+01   04.42173000e+01   00.00000000e+00
  08.77980000e+01   05.94856000e+01   04.40327000e+01   00.00000000e+00
  08.74108000e+01   05.78520000e+01   04.38805000e+01   00.00000000e+00
  08.82326000e+01   05.85892000e+01   04.24943000e+01   00.00000000e+00
  08.47345000e+01   05.75316000e+01   04.12681000e+01   00.00000000e+00
  08.62317000e+01   05.70314000e+01   04.17454000e+01   00.00000000e+00
  08.72746000e+01   05.85581000e+01   03.99951000e+01   00.00000000e+00
  08.57726000e+01   05.90736000e+01   03.95804000e+01   00.00000000e+00
  08.50499000e+01   05.66547000e+01   03.91195000e+01   00.00000000e+00
  08.66583000e+01   05.61379000e+01   03.95725000e+01   00.00000000e+00
  07.29450000e+01   05.75724000e+01   03.95687000e+01   07.20400000e-04
  07.66795000e+01   06.16080000e+01   04.31144000e+01  -02.39543000e-02
  08.12319000e+01   06.11609000e+01   03.86817000e+01   04.89340000e-03
  07.70487000e+01   05.78349000e+01   03.40097000e+01  -02.28199000e-02
  07.80401000e+01   06.34739000e+01   04.35018000e+01  -01.51750000e-03
  08.83145000e+01   05.70524000e+01   03.64263000e+01   00.00000000e+00
  08.83853000e+01   05.81572000e+01   03.77357000e+01   00.00000000e+00
  08.88017000e+01   05.63879000e+01   03.78940000e+01   00.00000000e+00
  08.60642000e+01   05.75845000e+01   03.70694000e+01   00.00000000e+00
  08.50141000e+01   05.54723000e+01   03.70528000e+01   00.00000000e+00
  08.66343000e+01   05.48057000e+01   03.76123000e+01   00.00000000e+00
  08.76204000e+01   05.53222000e+01   03.56794000e+01   00.00000000e+00
  08.64042000e+01   05.62084000e+01   03.48677000e+01   00.00000000e+00
  08.56903000e+01   05.33293000e+01   03.55424000e+01   00.00000000e+00
  08.62723000e+01   05.39877000e+01   03.39306000e+01   00.00000000e+00
  08.26077000e+01   05.31549000e+01   03.40926000e+01   00.00000000e+00
  08.39995000e+01   05.26222000e+01   03.33460000e+01   00.00000000e+00
  08.37670000e+01   05.24146000e+01   03.50796000e+01   00.00000000e+00
  08.11801000e+01   06.02525000e+01   03.61241000e+01   05.57290000e-03
  08.00948000e+01   05.76531000e+01   03.55137000e+01  -01.28866000e-02
  08.32986000e+01   05.58654000e+01   03.55199000e+01   00.00000000e+00
  08.57350000e+01   06.08090000e+01   04.71587000e+01   00.00000000e+00
  08.60267000e+01   05.99867000e+01   04.22806000e+01   00.00000000e+00
  08.30824000e+01   05.59698000e+01   03.24789000e+01  -01.99830000e-03
  08.43761000e+01   05.69341000e+01   03.32377000e+01  -01.85290000e-03
