  07.65611000e+01   05.76425000e+01   03.29923000e+01  -06.11779000e-02
  07.68551000e+01   06.11741000e+01   04.20557000e+01   01.75852000e-02
  07.00480000e+01   05.68276000e+01   04.18276000e+01   01.01800000e-02
  07.23945000e+01   05.50025000e+01   03.43387000e+01  -01.32723000e-02
  07.56797000e+01   05.78359000e+01   03.65147000e+01  -04.57645000e-02
  07.77595000e+01   05.72980000e+01   03.19689000e+01   02.46758000e-02
  07.79564000e+01   06.10306000e+01   04.28081000e+01  -01.71993000e-02
  06.99811000e+01   05.53330000e+01   04.16345000e+01  -09.39340000e-03
  07.38423000e+01   05.55151000e+01   03.40320000e+01   07.66074000e-02
  07.55916000e+01   05.93552000e+01   03.90855000e+01   09.44338000e-02
  07.18029000e+01   05.42219000e+01   03.35539000e+01   01.54319000e-02
  07.81076000e+01   05.58635000e+01   03.15702000e+01  -01.56515000e-02
  07.48257000e+01   05.43062000e+01   03.36603000e+01  -02.00050000e-02
  07.28585000e+01   05.68912000e+01   03.71467000e+01  -08.09918000e-02
  07.58831000e+01   05.21003000e+01   03.41537000e+01   04.03650000e-03
  07.42197000e+01   05.64552000e+01   03.51740000e+01  -01.43447000e-01
  07.74611000e+01   05.92990000e+01   03.74465000e+01   01.23287000e-02
  07.43365000e+01   05.95185000e+01   04.12357000e+01   02.21683000e-01
  07.11802000e+01   05.67196000e+01   03.88481000e+01  -05.42921000e-02
  07.90374000e+01   05.70076000e+01   03.58317000e+01   02.66866000e-02
  07.88454000e+01   06.10848000e+01   03.95207000e+01   04.35609000e-02
  07.21721000e+01   05.89776000e+01   04.33603000e+01   02.36507000e-02
  06.95921000e+01   05.50098000e+01   03.66534000e+01  -06.09964000e-02
  07.92479000e+01   05.39230000e+01   03.24036000e+01   08.71130000e-03
  07.54272000e+01   05.71334000e+01   03.53705000e+01   01.26858000e-01
  07.68201000e+01   05.98261000e+01   03.86252000e+01  -03.45042000e-02
  07.32106000e+01   05.87343000e+01   04.08910000e+01  -02.04376000e-01
  07.16599000e+01   05.64344000e+01   03.75650000e+01   07.60142000e-02
  07.77557000e+01   05.53402000e+01   03.05381000e+01   05.08730000e-03
  07.56171000e+01   05.44257000e+01   03.27367000e+01   06.92200000e-04
  07.99947000e+01   05.36517000e+01   03.36683000e+01   00.00000000e+00
  07.66339000e+01   05.70205000e+01   03.44010000e+01   07.64245000e-02
  07.75011000e+01   06.06046000e+01   03.96373000e+01  -04.66821000e-02
  07.21531000e+01   05.84406000e+01   04.18727000e+01   01.65461000e-02
  07.09702000e+01   05.56508000e+01   03.65423000e+01   05.49912000e-02
  07.88715000e+01   05.53036000e+01   03.25273000e+01   03.30200000e-04
  07.47035000e+01   05.30670000e+01   03.43777000e+01   04.02810000e-03
  08.07201000e+01   05.25558000e+01   03.40397000e+01   00.00000000e+00
  07.77395000e+01   05.77808000e+01   03.53319000e+01  -04.69336000e-02
  07.66344000e+01   06.06010000e+01   04.07459000e+01  -07.68710000e-03
  07.12164000e+01   05.75508000e+01   04.12330000e+01  -03.37389000e-02
  07.20154000e+01   05.55343000e+01   03.55981000e+01   03.64969000e-02
  08.01786000e+01   05.13037000e+01   03.47200000e+01   00.00000000e+00
  07.69642000e+01   05.83941000e+01   03.64774000e+01  -09.58259000e-02
  07.54377000e+01   05.98233000e+01   04.03582000e+01  -01.77941000e-01
  07.18098000e+01   05.74172000e+01   03.98606000e+01   06.74294000e-02
  07.31246000e+01   05.63573000e+01   03.60244000e+01   01.44326000e-01
  08.22424000e+01   05.26248000e+01   03.40022000e+01   00.00000000e+00
  08.30433000e+01   05.38634000e+01   03.44542000e+01   00.00000000e+00
  08.27227000e+01   05.43210000e+01   03.59435000e+01   00.00000000e+00
  08.34005000e+01   05.56383000e+01   03.63571000e+01   00.00000000e+00
  08.48722000e+01   05.58299000e+01   03.57969000e+01   00.00000000e+00
  08.33407000e+01   05.57736000e+01   03.79065000e+01   00.00000000e+00
  08.19252000e+01   05.57727000e+01   03.85363000e+01   00.00000000e+00
  08.18927000e+01   05.65931000e+01   03.98981000e+01   00.00000000e+00
  08.05966000e+01   05.63596000e+01   04.06942000e+01   00.00000000e+00
  07.94045000e+01   05.72111000e+01   04.02666000e+01   00.00000000e+00
  08.08604000e+01   05.64451000e+01   04.21601000e+01   00.00000000e+00
  08.14907000e+01   05.77681000e+01   04.26358000e+01   00.00000000e+00
  08.20588000e+01   05.76029000e+01   04.40868000e+01   00.00000000e+00
  08.30777000e+01   05.86966000e+01   04.46380000e+01   00.00000000e+00
  08.43880000e+01   05.87120000e+01   04.38815000e+01   00.00000000e+00
  08.23578000e+01   05.99926000e+01   04.47133000e+01   00.00000000e+00
  07.29090000e+01   05.81671000e+01   03.97039000e+01   03.65717000e-02
  07.41482000e+01   05.82332000e+01   03.80054000e+01  -06.37550000e-03
  06.98392000e+01   05.41640000e+01   03.72544000e+01   01.79582000e-02
  06.88266000e+01   05.55216000e+01   03.72536000e+01   01.23366000e-02
  06.92572000e+01   05.46924000e+01   03.57035000e+01   01.80857000e-02
  07.29545000e+01   05.84020000e+01   04.39390000e+01  -03.55350000e-03
  07.25570000e+01   05.99514000e+01   04.33430000e+01  -05.48890000e-03
  07.12847000e+01   05.89501000e+01   04.39884000e+01  -05.73590000e-03
  07.95282000e+01   06.02844000e+01   03.97792000e+01  -01.16015000e-02
  07.89626000e+01   06.14658000e+01   03.84765000e+01  -01.03548000e-02
  07.91357000e+01   06.19382000e+01   04.01667000e+01  -01.10806000e-02
  07.96146000e+01   05.66431000e+01   03.49925000e+01  -06.50300000e-03
  07.96245000e+01   05.76567000e+01   03.64306000e+01  -03.84930000e-03
  07.88778000e+01   05.61801000e+01   03.65947000e+01  -06.75510000e-03
  07.57406000e+01   05.16750000e+01   03.31516000e+01   06.96000000e-05
  07.67333000e+01   05.27899000e+01   03.42063000e+01  -02.56130000e-03
  07.58602000e+01   05.12771000e+01   03.48973000e+01  -08.86000000e-04
  06.91844000e+01   05.50693000e+01   04.09010000e+01   02.66600000e-04
  07.09306000e+01   05.50267000e+01   04.11847000e+01   02.07780000e-03
  06.97672000e+01   05.48392000e+01   04.25589000e+01   03.44650000e-03
  07.79579000e+01   06.15039000e+01   04.38022000e+01   02.98050000e-03
  07.89165000e+01   06.05195000e+01   04.24878000e+01  -05.01900000e-04
  07.77181000e+01   05.79957000e+01   03.10953000e+01  -05.40000000e-06
  07.86114000e+01   05.76281000e+01   03.26014000e+01  -02.73660000e-03
  07.01468000e+01   05.69374000e+01   04.29453000e+01   06.65000000e-04
  06.90366000e+01   05.71519000e+01   04.14917000e+01  -04.07950000e-03
  07.56021000e+01   05.73427000e+01   03.25371000e+01   01.58140000e-02
  07.65670000e+01   05.86962000e+01   03.30670000e+01   09.11190000e-03
  08.29649000e+01   06.07942000e+01   04.51236000e+01   00.00000000e+00
  08.20725000e+01   06.02867000e+01   04.36435000e+01   00.00000000e+00
  08.13799000e+01   05.99158000e+01   04.52030000e+01   00.00000000e+00
  08.42376000e+01   05.93480000e+01   04.30444000e+01   00.00000000e+00
  08.50939000e+01   05.90925000e+01   04.46364000e+01   00.00000000e+00
  08.47248000e+01   05.76997000e+01   04.34436000e+01   00.00000000e+00
  08.12698000e+01   05.73985000e+01   04.48479000e+01   00.00000000e+00
  08.26505000e+01   05.66970000e+01   04.41259000e+01   00.00000000e+00
  08.22464000e+01   05.82457000e+01   04.20188000e+01   00.00000000e+00
  08.06611000e+01   05.84158000e+01   04.26781000e+01   00.00000000e+00
  07.99359000e+01   05.62559000e+01   04.26956000e+01   00.00000000e+00
  08.15164000e+01   05.55795000e+01   04.23690000e+01   00.00000000e+00
  07.84494000e+01   05.69422000e+01   04.07246000e+01   00.00000000e+00
  07.95952000e+01   05.82911000e+01   04.04267000e+01   00.00000000e+00
  07.93389000e+01   05.70009000e+01   03.92117000e+01   00.00000000e+00
  08.27108000e+01   05.60463000e+01   04.04122000e+01   00.00000000e+00
  08.20915000e+01   05.77016000e+01   03.97587000e+01   00.00000000e+00
  08.11885000e+01   05.62898000e+01   03.79188000e+01   00.00000000e+00
  08.15975000e+01   05.47076000e+01   03.87353000e+01   00.00000000e+00
  08.39167000e+01   05.49191000e+01   03.83117000e+01   00.00000000e+00
  08.37069000e+01   05.67103000e+01   03.82505000e+01   00.00000000e+00
  07.02570000e+01   05.62720000e+01   03.91867000e+01   07.20400000e-04
  07.44970000e+01   05.98665000e+01   04.22585000e+01  -02.39543000e-02
  07.84997000e+01   05.96266000e+01   03.72686000e+01   04.89340000e-03
  07.36950000e+01   05.60276000e+01   03.31228000e+01  -02.28199000e-02
  07.59673000e+01   06.16605000e+01   04.25628000e+01  -01.51750000e-03
  08.47665000e+01   05.60408000e+01   03.47529000e+01   00.00000000e+00
  08.53135000e+01   05.67534000e+01   03.62001000e+01   00.00000000e+00
  08.54516000e+01   05.49304000e+01   03.59599000e+01   00.00000000e+00
  08.29110000e+01   05.65408000e+01   03.60109000e+01   00.00000000e+00
  08.16575000e+01   05.43294000e+01   03.62258000e+01   00.00000000e+00
  08.31631000e+01   05.35620000e+01   03.65330000e+01   00.00000000e+00
  08.40617000e+01   05.38147000e+01   03.42752000e+01   00.00000000e+00
  08.26218000e+01   05.46331000e+01   03.38293000e+01   00.00000000e+00
  08.27012000e+01   05.17128000e+01   03.44836000e+01   00.00000000e+00
  08.26118000e+01   05.24973000e+01   03.29424000e+01   00.00000000e+00
  07.91141000e+01   05.13213000e+01   03.45521000e+01   00.00000000e+00
  08.06239000e+01   05.04490000e+01   03.41448000e+01   00.00000000e+00
  08.05210000e+01   05.12191000e+01   03.57562000e+01   00.00000000e+00
  07.81905000e+01   05.86914000e+01   03.47950000e+01   05.57290000e-03
  07.69098000e+01   05.59562000e+01   03.44464000e+01  -01.28866000e-02
  07.99634000e+01   05.44085000e+01   03.44296000e+01   00.00000000e+00
  08.32928000e+01   05.84266000e+01   04.56885000e+01   00.00000000e+00
  08.02579000e+01   05.53454000e+01   04.04391000e+01   00.00000000e+00
  07.83026000e+01   05.33449000e+01   03.24072000e+01  -01.99830000e-03
  07.98523000e+01   05.39174000e+01   03.15082000e+01  -01.85290000e-03
