  07.84749000e+01   05.80512000e+01   03.58068000e+01  -06.11779000e-02
  07.75969000e+01   06.18536000e+01   04.45408000e+01   01.75852000e-02
  07.11701000e+01   05.72360000e+01   04.37630000e+01   01.01800000e-02
  07.43619000e+01   05.54134000e+01   03.65357000e+01  -01.32723000e-02
  07.72917000e+01   05.83926000e+01   03.91406000e+01  -04.57645000e-02
  07.97279000e+01   05.78401000e+01   03.49745000e+01   02.46758000e-02
  07.86935000e+01   06.17316000e+01   04.53530000e+01  -01.71993000e-02
  07.12781000e+01   05.57521000e+01   04.39555000e+01  -09.39340000e-03
  07.58685000e+01   05.58616000e+01   03.64066000e+01   07.66074000e-02
  07.67887000e+01   06.00611000e+01   04.14922000e+01   09.44338000e-02
  07.36642000e+01   05.47752000e+01   03.57370000e+01   01.54319000e-02
  08.02543000e+01   05.63911000e+01   03.47572000e+01  -01.56515000e-02
  07.68545000e+01   05.47274000e+01   03.63916000e+01  -02.00050000e-02
  07.44561000e+01   05.73541000e+01   03.94808000e+01  -08.09918000e-02
  07.73116000e+01   05.25226000e+01   03.74662000e+01   04.03650000e-03
  07.61082000e+01   05.68033000e+01   03.76046000e+01  -01.43447000e-01
  07.89147000e+01   05.98819000e+01   04.01741000e+01   01.23287000e-02
  07.52700000e+01   06.00928000e+01   04.35156000e+01   02.21683000e-01
  07.25796000e+01   05.70270000e+01   04.09662000e+01  -05.42921000e-02
  08.08437000e+01   05.79137000e+01   03.86449000e+01   02.66866000e-02
  07.99195000e+01   06.21744000e+01   04.22404000e+01   04.35609000e-02
  07.28402000e+01   05.95620000e+01   04.54777000e+01   02.36507000e-02
  07.15728000e+01   05.51251000e+01   03.85222000e+01  -06.09964000e-02
  08.15298000e+01   05.47001000e+01   03.58463000e+01   08.71130000e-03
  07.72542000e+01   05.75698000e+01   03.79925000e+01   01.26858000e-01
  07.80777000e+01   06.04711000e+01   04.11685000e+01  -03.45042000e-02
  07.41917000e+01   05.93123000e+01   04.32316000e+01  -02.04376000e-01
  07.32110000e+01   05.68205000e+01   03.97128000e+01   07.60142000e-02
  08.00620000e+01   05.57211000e+01   03.37961000e+01   05.08730000e-03
  07.78817000e+01   05.45831000e+01   03.56914000e+01   06.92200000e-04
  08.20475000e+01   05.45107000e+01   03.72870000e+01   00.00000000e+00
  07.85769000e+01   05.76699000e+01   03.72487000e+01   07.64245000e-02
  07.85556000e+01   06.14030000e+01   04.21670000e+01  -04.66821000e-02
  07.31129000e+01   05.89631000e+01   04.40823000e+01   01.65461000e-02
  07.28526000e+01   05.59628000e+01   03.86748000e+01   05.49912000e-02
  08.10773000e+01   05.60943000e+01   03.58093000e+01   03.30200000e-04
  07.64706000e+01   05.37724000e+01   03.73374000e+01   04.02810000e-03
  08.26711000e+01   05.34036000e+01   03.77919000e+01   00.00000000e+00
  07.95103000e+01   05.86265000e+01   03.80862000e+01  -04.69336000e-02
  07.75390000e+01   06.13578000e+01   04.31652000e+01  -07.68710000e-03
  07.23585000e+01   05.80120000e+01   04.33461000e+01  -03.37389000e-02
  07.39461000e+01   05.59162000e+01   03.78044000e+01   03.64969000e-02
  08.19444000e+01   05.22048000e+01   03.82937000e+01   00.00000000e+00
  07.85615000e+01   05.89210000e+01   03.92378000e+01  -09.58259000e-02
  07.64433000e+01   06.05137000e+01   04.27072000e+01  -01.77941000e-01
  07.30128000e+01   05.78563000e+01   04.20083000e+01   06.74294000e-02
  07.49314000e+01   05.67453000e+01   03.83153000e+01   01.44326000e-01
  08.42738000e+01   05.33439000e+01   03.77470000e+01   00.00000000e+00
  08.50757000e+01   05.45686000e+01   03.83220000e+01   00.00000000e+00
  08.56038000e+01   05.42892000e+01   03.96941000e+01   00.00000000e+00
  08.63601000e+01   05.55562000e+01   04.02647000e+01   00.00000000e+00
  08.78994000e+01   05.54693000e+01   03.99865000e+01   00.00000000e+00
  08.60880000e+01   05.58705000e+01   04.17025000e+01   00.00000000e+00
  08.46706000e+01   05.64250000e+01   04.18822000e+01   00.00000000e+00
  08.46207000e+01   05.73783000e+01   04.30988000e+01   00.00000000e+00
  08.50043000e+01   05.67499000e+01   04.45012000e+01   00.00000000e+00
  08.40434000e+01   05.55927000e+01   04.48479000e+01   00.00000000e+00
  08.51733000e+01   05.78576000e+01   04.55203000e+01   00.00000000e+00
  08.39419000e+01   05.87554000e+01   04.59342000e+01   00.00000000e+00
  08.42056000e+01   05.94289000e+01   04.72112000e+01   00.00000000e+00
  08.32815000e+01   06.06795000e+01   04.74302000e+01   00.00000000e+00
  08.18397000e+01   06.03087000e+01   04.78432000e+01   00.00000000e+00
  08.39395000e+01   06.15499000e+01   04.85369000e+01   00.00000000e+00
  07.41050000e+01   05.86529000e+01   04.20049000e+01   03.65717000e-02
  07.55857000e+01   05.87545000e+01   04.03782000e+01  -06.37550000e-03
  07.13397000e+01   05.46232000e+01   03.93785000e+01   01.79582000e-02
  07.07314000e+01   05.57589000e+01   03.82858000e+01   01.23366000e-02
  07.16981000e+01   05.44287000e+01   03.76549000e+01   01.80857000e-02
  07.18820000e+01   05.94302000e+01   04.58661000e+01  -03.55350000e-03
  07.34978000e+01   05.92094000e+01   04.61847000e+01  -05.48890000e-03
  07.31162000e+01   06.06270000e+01   04.54156000e+01  -05.73590000e-03
  08.04160000e+01   06.25843000e+01   04.13661000e+01  -01.16015000e-02
  07.96099000e+01   06.30568000e+01   04.28698000e+01  -01.03548000e-02
  08.06168000e+01   06.15158000e+01   04.27610000e+01  -01.10806000e-02
  08.05793000e+01   05.69361000e+01   03.91901000e+01  -06.50300000e-03
  08.16698000e+01   05.78129000e+01   03.79090000e+01  -03.84930000e-03
  08.13365000e+01   05.85805000e+01   03.93615000e+01  -06.75510000e-03
  07.83755000e+01   05.26488000e+01   03.75693000e+01   06.96000000e-05
  07.69474000e+01   05.18483000e+01   03.82533000e+01  -02.56130000e-03
  07.71560000e+01   05.20082000e+01   03.65529000e+01  -08.86000000e-04
  07.22726000e+01   05.54559000e+01   04.42671000e+01   02.66600000e-04
  07.05586000e+01   05.54895000e+01   04.46980000e+01   02.07780000e-03
  07.10189000e+01   05.51993000e+01   04.31330000e+01   03.44650000e-03
  07.87566000e+01   06.21886000e+01   04.63619000e+01   02.98050000e-03
  07.96210000e+01   06.13102000e+01   04.49373000e+01  -05.01900000e-04
  07.95588000e+01   05.83122000e+01   03.39769000e+01  -05.40000000e-06
  08.06368000e+01   05.84915000e+01   03.52961000e+01  -02.73660000e-03
  07.07714000e+01   05.76100000e+01   04.47161000e+01   06.65000000e-04
  07.03038000e+01   05.73464000e+01   04.31381000e+01  -04.07950000e-03
  07.77234000e+01   05.74525000e+01   03.53531000e+01   01.58140000e-02
  07.82043000e+01   05.90980000e+01   03.55919000e+01   09.11190000e-03
  08.39017000e+01   06.10094000e+01   04.94968000e+01   00.00000000e+00
  08.49631000e+01   06.17980000e+01   04.83321000e+01   00.00000000e+00
  08.33792000e+01   06.25181000e+01   04.87255000e+01   00.00000000e+00
  08.17698000e+01   05.98960000e+01   04.88476000e+01   00.00000000e+00
  08.12430000e+01   06.12104000e+01   04.77192000e+01   00.00000000e+00
  08.15420000e+01   05.96623000e+01   04.70170000e+01   00.00000000e+00
  08.41366000e+01   05.87804000e+01   04.80729000e+01   00.00000000e+00
  08.52634000e+01   05.97675000e+01   04.71783000e+01   00.00000000e+00
  08.37904000e+01   05.94185000e+01   04.50458000e+01   00.00000000e+00
  08.31756000e+01   05.79989000e+01   04.61463000e+01   00.00000000e+00
  08.56204000e+01   05.74659000e+01   04.64024000e+01   00.00000000e+00
  08.59321000e+01   05.85237000e+01   04.52407000e+01   00.00000000e+00
  08.30005000e+01   05.58951000e+01   04.49981000e+01   00.00000000e+00
  08.40770000e+01   05.48048000e+01   04.40712000e+01   00.00000000e+00
  08.43299000e+01   05.51382000e+01   04.58547000e+01   00.00000000e+00
  08.52750000e+01   05.82301000e+01   04.28952000e+01   00.00000000e+00
  08.36590000e+01   05.78131000e+01   04.32895000e+01   00.00000000e+00
  08.43951000e+01   05.69418000e+01   04.09514000e+01   00.00000000e+00
  08.40166000e+01   05.55614000e+01   04.19924000e+01   00.00000000e+00
  08.63298000e+01   05.50935000e+01   04.23987000e+01   00.00000000e+00
  08.67778000e+01   05.67143000e+01   04.18917000e+01   00.00000000e+00
  07.17402000e+01   05.64032000e+01   04.10872000e+01   07.20400000e-04
  07.51456000e+01   06.03797000e+01   04.45315000e+01  -02.39543000e-02
  07.99561000e+01   06.03184000e+01   04.02357000e+01   04.89340000e-03
  07.58615000e+01   05.64226000e+01   03.54799000e+01  -02.28199000e-02
  07.67462000e+01   06.23004000e+01   04.50328000e+01  -01.51750000e-03
  08.84258000e+01   05.63692000e+01   04.04046000e+01   00.00000000e+00
  08.83486000e+01   05.45635000e+01   04.05470000e+01   00.00000000e+00
  08.81624000e+01   05.55637000e+01   03.89100000e+01   00.00000000e+00
  08.61684000e+01   05.63151000e+01   03.95690000e+01   00.00000000e+00
  08.47221000e+01   05.41062000e+01   04.03680000e+01   00.00000000e+00
  08.61469000e+01   05.33207000e+01   03.96881000e+01   00.00000000e+00
  08.59170000e+01   05.48130000e+01   03.75976000e+01   00.00000000e+00
  08.43655000e+01   05.53642000e+01   03.84938000e+01   00.00000000e+00
  08.46387000e+01   05.23974000e+01   03.81145000e+01   00.00000000e+00
  08.46217000e+01   05.34701000e+01   03.66603000e+01   00.00000000e+00
  08.08554000e+01   05.23282000e+01   03.85144000e+01   00.00000000e+00
  08.19663000e+01   05.14464000e+01   03.75515000e+01   00.00000000e+00
  08.24237000e+01   05.18414000e+01   03.92012000e+01   00.00000000e+00
  07.99041000e+01   05.95245000e+01   03.75813000e+01   05.57290000e-03
  07.89863000e+01   05.66440000e+01   03.74352000e+01  -01.28866000e-02
  08.19318000e+01   05.53030000e+01   03.80080000e+01   00.00000000e+00
  08.33634000e+01   06.13165000e+01   04.65210000e+01   00.00000000e+00
  08.60225000e+01   05.63325000e+01   04.43519000e+01   00.00000000e+00
  08.08150000e+01   05.39109000e+01   03.56436000e+01  -01.99830000e-03
  08.23257000e+01   05.46492000e+01   03.51077000e+01  -01.85290000e-03
