  07.77975000e+01   05.90980000e+01   03.34594000e+01  -06.11779000e-02
  07.83270000e+01   06.26596000e+01   04.23245000e+01   01.75852000e-02
  07.14049000e+01   05.83638000e+01   04.22386000e+01   01.01800000e-02
  07.39088000e+01   05.60229000e+01   03.48883000e+01  -01.32723000e-02
  07.70856000e+01   05.90953000e+01   03.68363000e+01  -04.57645000e-02
  07.89650000e+01   05.91461000e+01   03.24805000e+01   02.46758000e-02
  07.95368000e+01   06.32530000e+01   04.27381000e+01  -01.71993000e-02
  07.15396000e+01   05.68626000e+01   04.25165000e+01  -09.39340000e-03
  07.52497000e+01   05.67022000e+01   03.44001000e+01   07.66074000e-02
  07.70418000e+01   06.06977000e+01   03.94021000e+01   09.44338000e-02
  07.31521000e+01   05.54258000e+01   03.41590000e+01   01.54319000e-02
  07.94927000e+01   05.77325000e+01   03.18853000e+01  -01.56515000e-02
  07.62421000e+01   05.57018000e+01   03.39174000e+01  -02.00050000e-02
  07.43876000e+01   05.80578000e+01   03.76098000e+01  -08.09918000e-02
  07.71102000e+01   05.34654000e+01   03.41985000e+01   04.03650000e-03
  07.56719000e+01   05.76357000e+01   03.54783000e+01  -01.43447000e-01
  07.88600000e+01   06.06472000e+01   03.77268000e+01   01.23287000e-02
  07.57996000e+01   06.09132000e+01   04.14968000e+01   02.21683000e-01
  07.25782000e+01   05.79196000e+01   03.92749000e+01  -05.42921000e-02
  08.04323000e+01   05.84549000e+01   03.59577000e+01   02.66866000e-02
  08.02780000e+01   06.27858000e+01   03.96353000e+01   04.35609000e-02
  07.37142000e+01   06.02122000e+01   04.36554000e+01   02.36507000e-02
  07.13837000e+01   05.58459000e+01   03.72288000e+01  -06.09964000e-02
  08.04207000e+01   05.55616000e+01   03.25993000e+01   08.71130000e-03
  07.68644000e+01   05.83509000e+01   03.56589000e+01   01.26858000e-01
  07.83109000e+01   06.11002000e+01   03.89348000e+01  -03.45042000e-02
  07.47131000e+01   06.00907000e+01   04.12361000e+01  -02.04376000e-01
  07.31463000e+01   05.75302000e+01   03.80858000e+01   07.60142000e-02
  07.93148000e+01   05.73058000e+01   03.07586000e+01   05.08730000e-03
  07.69514000e+01   05.57868000e+01   03.28974000e+01   06.92200000e-04
  08.09054000e+01   05.49693000e+01   03.38722000e+01   00.00000000e+00
  07.81031000e+01   05.83937000e+01   03.47925000e+01   07.64245000e-02
  07.89274000e+01   06.20330000e+01   03.99045000e+01  -04.66821000e-02
  07.36894000e+01   05.97579000e+01   04.21965000e+01   01.65461000e-02
  07.26718000e+01   05.66261000e+01   03.70982000e+01   05.49912000e-02
  08.01794000e+01   05.70313000e+01   03.28229000e+01   03.30200000e-04
  07.64063000e+01   05.46172000e+01   03.48423000e+01   04.02810000e-03
  08.19928000e+01   05.42363000e+01   03.39711000e+01   00.00000000e+00
  07.91827000e+01   05.92239000e+01   03.56060000e+01  -04.69336000e-02
  07.80580000e+01   06.20667000e+01   04.10604000e+01  -07.68710000e-03
  07.27128000e+01   05.89427000e+01   04.15900000e+01  -03.37389000e-02
  07.36514000e+01   05.65932000e+01   03.60927000e+01   03.64969000e-02
  08.17005000e+01   05.27394000e+01   03.39217000e+01   00.00000000e+00
  07.83293000e+01   05.97107000e+01   03.68130000e+01  -09.58259000e-02
  07.68629000e+01   06.12061000e+01   04.06660000e+01  -01.77941000e-01
  07.31492000e+01   05.87754000e+01   04.02285000e+01   06.74294000e-02
  07.47079000e+01   05.74898000e+01   03.64572000e+01   01.44326000e-01
  08.33840000e+01   05.48592000e+01   03.38182000e+01   00.00000000e+00
  08.37283000e+01   05.62324000e+01   03.44387000e+01   00.00000000e+00
  08.37858000e+01   05.60319000e+01   03.59438000e+01   00.00000000e+00
  08.41473000e+01   05.72799000e+01   03.68677000e+01   00.00000000e+00
  08.55982000e+01   05.76862000e+01   03.65890000e+01   00.00000000e+00
  08.37334000e+01   05.69616000e+01   03.82952000e+01   00.00000000e+00
  08.40860000e+01   05.81335000e+01   03.92391000e+01   00.00000000e+00
  08.37198000e+01   05.80068000e+01   04.07305000e+01   00.00000000e+00
  08.22537000e+01   05.79873000e+01   04.11684000e+01   00.00000000e+00
  08.12909000e+01   05.91648000e+01   04.06402000e+01   00.00000000e+00
  08.22362000e+01   05.79622000e+01   04.27512000e+01   00.00000000e+00
  08.22683000e+01   05.91914000e+01   04.36081000e+01   00.00000000e+00
  08.36304000e+01   05.98701000e+01   04.37205000e+01   00.00000000e+00
  08.36583000e+01   06.09501000e+01   04.48596000e+01   00.00000000e+00
  08.25082000e+01   06.20022000e+01   04.48329000e+01   00.00000000e+00
  08.38920000e+01   06.03113000e+01   04.63109000e+01   00.00000000e+00
  07.44009000e+01   05.94409000e+01   04.00801000e+01   03.65717000e-02
  07.56414000e+01   05.94463000e+01   03.83616000e+01  -06.37550000e-03
  07.05215000e+01   05.65292000e+01   03.70395000e+01   01.79582000e-02
  07.13459000e+01   05.51085000e+01   03.64537000e+01   01.23366000e-02
  07.12624000e+01   05.54315000e+01   03.82160000e+01   01.80857000e-02
  07.46343000e+01   06.06641000e+01   04.38447000e+01  -03.55350000e-03
  07.27734000e+01   06.07869000e+01   04.37264000e+01  -05.48890000e-03
  07.35847000e+01   05.93558000e+01   04.43948000e+01  -05.73590000e-03
  08.02889000e+01   06.37686000e+01   04.01009000e+01  -01.16015000e-02
  08.10745000e+01   06.21660000e+01   04.00347000e+01  -01.03548000e-02
  08.04647000e+01   06.28293000e+01   03.85492000e+01  -01.10806000e-02
  08.10341000e+01   05.92715000e+01   03.64109000e+01  -06.50300000e-03
  08.02183000e+01   05.75985000e+01   03.66846000e+01  -03.84930000e-03
  08.08639000e+01   05.82346000e+01   03.50241000e+01  -06.75510000e-03
  07.81324000e+01   05.36380000e+01   03.41476000e+01   06.96000000e-05
  07.69092000e+01   05.26131000e+01   03.49178000e+01  -02.56130000e-03
  07.67459000e+01   05.32865000e+01   03.31689000e+01  -08.86000000e-04
  07.08484000e+01   05.65313000e+01   04.33371000e+01   02.66600000e-04
  07.13081000e+01   05.62936000e+01   04.15836000e+01   02.07780000e-03
  07.25733000e+01   05.67040000e+01   04.27004000e+01   03.44650000e-03
  07.95624000e+01   06.38224000e+01   04.36927000e+01   02.98050000e-03
  08.04616000e+01   06.34679000e+01   04.21210000e+01  -05.01900000e-04
  07.87913000e+01   05.97111000e+01   03.15402000e+01  -05.40000000e-06
  07.98121000e+01   05.96325000e+01   03.30259000e+01  -02.73660000e-03
  07.12822000e+01   05.88919000e+01   04.32280000e+01   06.65000000e-04
  07.05351000e+01   05.85303000e+01   04.16198000e+01  -04.07950000e-03
  07.69190000e+01   05.87510000e+01   03.30516000e+01   01.58140000e-02
  07.75956000e+01   06.01693000e+01   03.36819000e+01   09.11190000e-03
  08.49588000e+01   05.98956000e+01   04.61773000e+01   00.00000000e+00
  08.38554000e+01   06.11144000e+01   04.69922000e+01   00.00000000e+00
  08.30736000e+01   05.95624000e+01   04.65083000e+01   00.00000000e+00
  08.22405000e+01   06.23681000e+01   04.38073000e+01   00.00000000e+00
  08.16198000e+01   06.15647000e+01   04.52526000e+01   00.00000000e+00
  08.28063000e+01   06.28045000e+01   04.55588000e+01   00.00000000e+00
  08.43700000e+01   05.91366000e+01   04.40298000e+01   00.00000000e+00
  08.38279000e+01   06.05373000e+01   04.28196000e+01   00.00000000e+00
  08.15088000e+01   05.99553000e+01   04.33380000e+01   00.00000000e+00
  08.21572000e+01   05.88537000e+01   04.46483000e+01   00.00000000e+00
  08.13199000e+01   05.73826000e+01   04.29671000e+01   00.00000000e+00
  08.30965000e+01   05.73862000e+01   04.31883000e+01   00.00000000e+00
  08.02977000e+01   05.89764000e+01   04.10843000e+01   00.00000000e+00
  08.16827000e+01   06.01478000e+01   04.07752000e+01   00.00000000e+00
  08.11141000e+01   05.90966000e+01   03.94765000e+01   00.00000000e+00
  08.43064000e+01   05.71954000e+01   04.11927000e+01   00.00000000e+00
  08.40795000e+01   05.89141000e+01   04.11562000e+01   00.00000000e+00
  08.51468000e+01   05.83140000e+01   03.91661000e+01   00.00000000e+00
  08.36459000e+01   05.90691000e+01   03.89185000e+01   00.00000000e+00
  08.26825000e+01   05.66755000e+01   03.84956000e+01   00.00000000e+00
  08.43384000e+01   05.61090000e+01   03.86366000e+01   00.00000000e+00
  07.16808000e+01   05.74525000e+01   03.95313000e+01   07.20400000e-04
  07.57355000e+01   06.14994000e+01   04.24305000e+01  -02.39543000e-02
  07.99217000e+01   06.10540000e+01   03.74547000e+01   04.89340000e-03
  07.49409000e+01   05.73226000e+01   03.35428000e+01  -02.28199000e-02
  07.74860000e+01   06.25967000e+01   04.30262000e+01  -01.51750000e-03
  08.62088000e+01   05.68231000e+01   03.65856000e+01   00.00000000e+00
  08.56413000e+01   05.82012000e+01   03.57052000e+01   00.00000000e+00
  08.60212000e+01   05.82888000e+01   03.73689000e+01   00.00000000e+00
  08.34277000e+01   05.81190000e+01   03.67446000e+01   00.00000000e+00
  08.27568000e+01   05.57661000e+01   03.61375000e+01   00.00000000e+00
  08.45636000e+01   05.51935000e+01   03.61169000e+01   00.00000000e+00
  08.45774000e+01   05.65708000e+01   03.39573000e+01   00.00000000e+00
  08.28621000e+01   05.68961000e+01   03.42545000e+01   00.00000000e+00
  08.41263000e+01   05.42146000e+01   03.42214000e+01   00.00000000e+00
  08.36716000e+01   05.50541000e+01   03.27542000e+01   00.00000000e+00
  08.18073000e+01   05.22766000e+01   03.48698000e+01   00.00000000e+00
  08.07026000e+01   05.25306000e+01   03.35278000e+01   00.00000000e+00
  08.24445000e+01   05.22145000e+01   03.33017000e+01   00.00000000e+00
  07.95970000e+01   06.01009000e+01   03.51325000e+01   05.57290000e-03
  07.84302000e+01   05.74149000e+01   03.44347000e+01  -01.28866000e-02
  08.07122000e+01   05.53742000e+01   03.49007000e+01   00.00000000e+00
  08.46423000e+01   06.14169000e+01   04.47152000e+01   00.00000000e+00
  08.18406000e+01   05.70444000e+01   04.07589000e+01   00.00000000e+00
  07.94817000e+01   05.49986000e+01   03.22894000e+01  -01.99830000e-03
  08.10898000e+01   05.53429000e+01   03.18171000e+01  -01.85290000e-03
