  07.81028000e+01   05.80254000e+01   03.45722000e+01  -06.11779000e-02
  07.76762000e+01   06.15636000e+01   04.37705000e+01   01.75852000e-02
  07.10675000e+01   05.72299000e+01   04.30765000e+01   01.01800000e-02
  07.38941000e+01   05.53556000e+01   03.56948000e+01  -01.32723000e-02
  07.69666000e+01   05.83855000e+01   03.80186000e+01  -04.57645000e-02
  07.92488000e+01   05.80238000e+01   03.35667000e+01   02.46758000e-02
  07.74020000e+01   06.10559000e+01   04.50394000e+01  -01.71993000e-02
  07.14193000e+01   05.57952000e+01   04.34617000e+01  -09.39340000e-03
  07.53180000e+01   05.59656000e+01   03.53627000e+01   07.66074000e-02
  07.66717000e+01   05.97669000e+01   04.06244000e+01   09.44338000e-02
  07.33496000e+01   05.44997000e+01   03.49733000e+01   01.54319000e-02
  07.98639000e+01   05.66091000e+01   03.32779000e+01  -01.56515000e-02
  07.63487000e+01   05.48308000e+01   03.50946000e+01  -02.00050000e-02
  07.42330000e+01   05.73060000e+01   03.86516000e+01  -08.09918000e-02
  07.72699000e+01   05.26658000e+01   03.59346000e+01   04.03650000e-03
  07.56561000e+01   05.69305000e+01   03.65734000e+01  -01.43447000e-01
  07.86015000e+01   05.98449000e+01   03.90357000e+01   01.23287000e-02
  07.52775000e+01   05.99291000e+01   04.26667000e+01   02.21683000e-01
  07.23281000e+01   05.70452000e+01   04.02111000e+01  -05.42921000e-02
  08.04328000e+01   05.78332000e+01   03.74578000e+01   02.66866000e-02
  07.99121000e+01   06.16527000e+01   04.14608000e+01   04.35609000e-02
  07.30318000e+01   05.92494000e+01   04.47857000e+01   02.36507000e-02
  07.12456000e+01   05.50369000e+01   03.79652000e+01  -06.09964000e-02
  08.10518000e+01   05.47444000e+01   03.42688000e+01   08.71130000e-03
  07.68482000e+01   05.76851000e+01   03.68015000e+01   01.26858000e-01
  07.79260000e+01   06.02648000e+01   04.02258000e+01  -03.45042000e-02
  07.41799000e+01   05.91903000e+01   04.23588000e+01  -02.04376000e-01
  07.30131000e+01   05.67713000e+01   03.90167000e+01   07.60142000e-02
  07.97514000e+01   05.58890000e+01   03.22279000e+01   05.08730000e-03
  07.71371000e+01   05.48052000e+01   03.41753000e+01   06.92200000e-04
  08.17001000e+01   05.44330000e+01   03.56136000e+01   00.00000000e+00
  07.82081000e+01   05.75157000e+01   03.61002000e+01   07.64245000e-02
  07.85035000e+01   06.10010000e+01   04.13376000e+01  -04.66821000e-02
  07.30360000e+01   05.89078000e+01   04.32499000e+01   01.65461000e-02
  07.25143000e+01   05.58693000e+01   03.80185000e+01   05.49912000e-02
  08.04782000e+01   05.61006000e+01   03.44362000e+01   03.30200000e-04
  07.63263000e+01   05.38091000e+01   03.59905000e+01   04.02810000e-03
  08.24811000e+01   05.33861000e+01   03.59530000e+01   00.00000000e+00
  07.91182000e+01   05.85108000e+01   03.69218000e+01  -04.69336000e-02
  07.75627000e+01   06.09720000e+01   04.24374000e+01  -07.68710000e-03
  07.22594000e+01   05.80176000e+01   04.25393000e+01  -03.37389000e-02
  07.35292000e+01   05.59287000e+01   03.70535000e+01   03.64969000e-02
  08.20945000e+01   05.20429000e+01   03.66074000e+01   00.00000000e+00
  07.81761000e+01   05.89605000e+01   03.80491000e+01  -09.58259000e-02
  07.64303000e+01   06.01688000e+01   04.19387000e+01  -01.77941000e-01
  07.29035000e+01   05.78203000e+01   04.12299000e+01   06.74294000e-02
  07.45721000e+01   05.67772000e+01   03.74885000e+01   01.44326000e-01
  08.39983000e+01   05.34299000e+01   03.56022000e+01   00.00000000e+00
  08.46131000e+01   05.48171000e+01   03.57609000e+01   00.00000000e+00
  08.46062000e+01   05.53895000e+01   03.71737000e+01   00.00000000e+00
  08.53691000e+01   05.67004000e+01   03.74244000e+01   00.00000000e+00
  08.68253000e+01   05.67523000e+01   03.68286000e+01   00.00000000e+00
  08.54343000e+01   05.72007000e+01   03.89623000e+01   00.00000000e+00
  08.40870000e+01   05.75038000e+01   03.96404000e+01   00.00000000e+00
  08.41254000e+01   05.82454000e+01   04.09894000e+01   00.00000000e+00
  08.46378000e+01   05.75960000e+01   04.22699000e+01   00.00000000e+00
  08.37966000e+01   05.63119000e+01   04.26555000e+01   00.00000000e+00
  08.47345000e+01   05.85223000e+01   04.35297000e+01   00.00000000e+00
  08.34609000e+01   05.92584000e+01   04.39429000e+01   00.00000000e+00
  08.35357000e+01   06.01299000e+01   04.52012000e+01   00.00000000e+00
  08.22925000e+01   06.09429000e+01   04.54616000e+01   00.00000000e+00
  08.10322000e+01   06.00867000e+01   04.55414000e+01   00.00000000e+00
  08.25135000e+01   06.18558000e+01   04.66631000e+01   00.00000000e+00
  07.40603000e+01   05.85884000e+01   04.11473000e+01   03.65717000e-02
  07.54278000e+01   05.86714000e+01   03.95301000e+01  -06.37550000e-03
  07.11276000e+01   05.44268000e+01   03.89744000e+01   01.79582000e-02
  07.04208000e+01   05.56756000e+01   03.79114000e+01   01.23366000e-02
  07.11649000e+01   05.42963000e+01   03.72547000e+01   01.80857000e-02
  07.36164000e+01   05.84879000e+01   04.52874000e+01  -03.55350000e-03
  07.35790000e+01   06.01904000e+01   04.48937000e+01  -05.48890000e-03
  07.20941000e+01   05.93110000e+01   04.51823000e+01  -05.73590000e-03
  08.06235000e+01   06.07755000e+01   04.15670000e+01  -01.16015000e-02
  08.00735000e+01   06.21502000e+01   04.04642000e+01  -01.03548000e-02
  08.00095000e+01   06.22830000e+01   04.23454000e+01  -01.10806000e-02
  08.01619000e+01   05.69807000e+01   03.80253000e+01  -06.50300000e-03
  08.09726000e+01   05.74458000e+01   03.66511000e+01  -03.84930000e-03
  08.10472000e+01   05.84932000e+01   03.80072000e+01  -06.75510000e-03
  07.70536000e+01   05.20329000e+01   03.67858000e+01   06.96000000e-05
  07.71325000e+01   05.19418000e+01   03.50911000e+01  -02.56130000e-03
  07.83038000e+01   05.30115000e+01   03.61691000e+01  -08.86000000e-04
  07.23042000e+01   05.57436000e+01   04.41160000e+01   02.66600000e-04
  07.06274000e+01   05.54789000e+01   04.41944000e+01   02.07780000e-03
  07.14592000e+01   05.51703000e+01   04.25706000e+01   03.44650000e-03
  07.74955000e+01   06.17795000e+01   04.58976000e+01   02.98050000e-03
  07.70284000e+01   06.01267000e+01   04.51758000e+01  -05.01900000e-04
  07.90883000e+01   05.85752000e+01   03.26395000e+01  -05.40000000e-06
  08.01783000e+01   05.85557000e+01   03.40473000e+01  -02.73660000e-03
  07.07914000e+01   05.77535000e+01   04.39713000e+01   06.65000000e-04
  07.01492000e+01   05.72985000e+01   04.24747000e+01  -04.07950000e-03
  07.72431000e+01   05.74538000e+01   03.41638000e+01   01.58140000e-02
  07.77524000e+01   05.90377000e+01   03.46176000e+01   09.11190000e-03
  08.18679000e+01   06.27112000e+01   04.68739000e+01   00.00000000e+00
  08.23398000e+01   06.12986000e+01   04.75689000e+01   00.00000000e+00
  08.35687000e+01   06.22039000e+01   04.67112000e+01   00.00000000e+00
  08.13900000e+01   05.91506000e+01   04.60064000e+01   00.00000000e+00
  08.03555000e+01   06.05625000e+01   04.62961000e+01   00.00000000e+00
  08.05679000e+01   05.99221000e+01   04.45757000e+01   00.00000000e+00
  08.37708000e+01   05.94610000e+01   04.60596000e+01   00.00000000e+00
  08.43305000e+01   06.08756000e+01   04.51135000e+01   00.00000000e+00
  08.33371000e+01   05.99449000e+01   04.30879000e+01   00.00000000e+00
  08.26427000e+01   05.85768000e+01   04.39392000e+01   00.00000000e+00
  08.50726000e+01   05.79083000e+01   04.43194000e+01   00.00000000e+00
  08.54376000e+01   05.93097000e+01   04.34893000e+01   00.00000000e+00
  08.41748000e+01   05.60839000e+01   04.36137000e+01   00.00000000e+00
  08.27364000e+01   05.64830000e+01   04.26886000e+01   00.00000000e+00
  08.39625000e+01   05.55543000e+01   04.18937000e+01   00.00000000e+00
  08.46216000e+01   05.91442000e+01   04.08408000e+01   00.00000000e+00
  08.30970000e+01   05.85708000e+01   04.12193000e+01   00.00000000e+00
  08.33749000e+01   05.81048000e+01   03.90130000e+01   00.00000000e+00
  08.35817000e+01   05.65599000e+01   03.98514000e+01   00.00000000e+00
  08.58484000e+01   05.63080000e+01   03.95203000e+01   00.00000000e+00
  08.62080000e+01   05.79698000e+01   03.91024000e+01   00.00000000e+00
  07.14130000e+01   05.65499000e+01   04.03902000e+01   07.20400000e-04
  07.53262000e+01   06.01880000e+01   04.37219000e+01  -02.39543000e-02
  07.95888000e+01   06.03117000e+01   03.87308000e+01   04.89340000e-03
  07.52104000e+01   05.65519000e+01   03.44385000e+01  -02.28199000e-02
  07.79588000e+01   06.26089000e+01   04.37839000e+01  -01.51750000e-03
  08.75643000e+01   05.59873000e+01   03.70322000e+01   00.00000000e+00
  08.66939000e+01   05.67495000e+01   03.57505000e+01   00.00000000e+00
  08.72771000e+01   05.77049000e+01   03.69878000e+01   00.00000000e+00
  08.48217000e+01   05.75148000e+01   03.69083000e+01   00.00000000e+00
  08.35509000e+01   05.55163000e+01   03.74499000e+01   00.00000000e+00
  08.50033000e+01   05.46232000e+01   03.78344000e+01   00.00000000e+00
  08.55838000e+01   05.47524000e+01   03.53234000e+01   00.00000000e+00
  08.40147000e+01   05.54739000e+01   03.52067000e+01   00.00000000e+00
  08.44782000e+01   05.27769000e+01   03.62902000e+01   00.00000000e+00
  08.42531000e+01   05.29338000e+01   03.46502000e+01   00.00000000e+00
  08.10507000e+01   05.19695000e+01   03.65958000e+01   00.00000000e+00
  08.25008000e+01   05.11183000e+01   03.61396000e+01   00.00000000e+00
  08.23880000e+01   05.20844000e+01   03.76673000e+01   00.00000000e+00
  07.93836000e+01   05.94005000e+01   03.63723000e+01   05.57290000e-03
  07.85382000e+01   05.64390000e+01   03.62478000e+01  -01.28866000e-02
  08.17524000e+01   05.52256000e+01   03.63571000e+01   00.00000000e+00
  08.21665000e+01   06.16865000e+01   04.46137000e+01   00.00000000e+00
  08.56453000e+01   05.72828000e+01   04.21130000e+01   00.00000000e+00
  08.02919000e+01   05.40277000e+01   03.40416000e+01  -01.99830000e-03
  08.18131000e+01   05.46535000e+01   03.34427000e+01  -01.85290000e-03
