  07.77198000e+01   05.87649000e+01   03.50014000e+01  -06.11779000e-02
  07.85477000e+01   06.26416000e+01   04.36720000e+01   01.75852000e-02
  07.10137000e+01   05.93679000e+01   04.37291000e+01   01.01800000e-02
  07.36737000e+01   05.61075000e+01   03.67440000e+01  -01.32723000e-02
  07.68180000e+01   05.93280000e+01   03.83761000e+01  -04.57645000e-02
  07.89984000e+01   05.87649000e+01   03.40718000e+01   02.46758000e-02
  07.98057000e+01   06.25798000e+01   04.41790000e+01  -01.71993000e-02
  07.09164000e+01   05.78325000e+01   04.38523000e+01  -09.39340000e-03
  07.51116000e+01   05.66611000e+01   03.62599000e+01   07.66074000e-02
  07.67877000e+01   06.10308000e+01   04.08230000e+01   09.44338000e-02
  07.30421000e+01   05.51815000e+01   03.62128000e+01   01.54319000e-02
  07.96767000e+01   05.74885000e+01   03.37158000e+01  -01.56515000e-02
  07.60434000e+01   05.54987000e+01   03.61282000e+01  -02.00050000e-02
  07.40229000e+01   05.86416000e+01   03.91963000e+01  -08.09918000e-02
  07.66148000e+01   05.33603000e+01   03.70412000e+01   04.03650000e-03
  07.55033000e+01   05.76734000e+01   03.73533000e+01  -01.43447000e-01
  07.86467000e+01   06.08237000e+01   03.91209000e+01   01.23287000e-02
  07.57383000e+01   06.13100000e+01   04.30620000e+01   02.21683000e-01
  07.22863000e+01   05.86124000e+01   04.08438000e+01  -05.42921000e-02
  08.01232000e+01   05.84834000e+01   03.78028000e+01   02.66866000e-02
  08.02075000e+01   06.24591000e+01   04.09617000e+01   04.35609000e-02
  07.34221000e+01   06.09599000e+01   04.52234000e+01   02.36507000e-02
  07.08840000e+01   05.65402000e+01   03.90032000e+01  -06.09964000e-02
  08.04900000e+01   05.53617000e+01   03.43462000e+01   08.71130000e-03
  07.66712000e+01   05.83957000e+01   03.73968000e+01   01.26858000e-01
  07.80197000e+01   06.13517000e+01   04.03005000e+01  -03.45042000e-02
  07.45180000e+01   06.06466000e+01   04.28822000e+01  -02.04376000e-01
  07.27989000e+01   05.82195000e+01   03.96383000e+01   07.60142000e-02
  07.96694000e+01   05.71240000e+01   03.25458000e+01   05.08730000e-03
  07.69800000e+01   05.54393000e+01   03.53747000e+01   06.92200000e-04
  08.05252000e+01   05.45575000e+01   03.56692000e+01   00.00000000e+00
  07.79369000e+01   05.83288000e+01   03.64648000e+01   07.64245000e-02
  07.88058000e+01   06.20641000e+01   04.12535000e+01  -04.66821000e-02
  07.33611000e+01   06.04612000e+01   04.38631000e+01   01.65461000e-02
  07.21929000e+01   05.72055000e+01   03.87358000e+01   05.49912000e-02
  08.01614000e+01   05.67603000e+01   03.47904000e+01   03.30200000e-04
  07.57848000e+01   05.45606000e+01   03.71447000e+01   04.02810000e-03
  08.16219000e+01   05.42714000e+01   03.63925000e+01   00.00000000e+00
  07.89607000e+01   05.92231000e+01   03.72034000e+01  -04.69336000e-02
  07.80872000e+01   06.21426000e+01   04.24514000e+01  -07.68710000e-03
  07.23453000e+01   05.97585000e+01   04.31238000e+01  -03.37389000e-02
  07.32709000e+01   05.69662000e+01   03.78345000e+01   03.64969000e-02
  08.25604000e+01   05.30993000e+01   03.61697000e+01   00.00000000e+00
  07.80732000e+01   05.98289000e+01   03.83056000e+01  -09.58259000e-02
  07.67081000e+01   06.14869000e+01   04.21287000e+01  -01.77941000e-01
  07.29310000e+01   05.94175000e+01   04.18325000e+01   06.74294000e-02
  07.43579000e+01   05.78615000e+01   03.81292000e+01   01.44326000e-01
  08.19251000e+01   05.50897000e+01   03.76091000e+01   00.00000000e+00
  08.31378000e+01   05.60372000e+01   03.75298000e+01   00.00000000e+00
  08.35837000e+01   05.64499000e+01   03.90215000e+01   00.00000000e+00
  08.45426000e+01   05.76567000e+01   03.89597000e+01   00.00000000e+00
  08.58696000e+01   05.72453000e+01   03.85362000e+01   00.00000000e+00
  08.46731000e+01   05.85086000e+01   04.02715000e+01   00.00000000e+00
  08.33251000e+01   05.91822000e+01   04.09061000e+01   00.00000000e+00
  08.35353000e+01   06.01875000e+01   04.20495000e+01   00.00000000e+00
  08.43078000e+01   05.95534000e+01   04.32560000e+01   00.00000000e+00
  08.36621000e+01   05.83334000e+01   04.40232000e+01   00.00000000e+00
  08.47328000e+01   06.07010000e+01   04.41801000e+01   00.00000000e+00
  08.36925000e+01   06.14065000e+01   04.51474000e+01   00.00000000e+00
  08.42719000e+01   06.25867000e+01   04.60842000e+01   00.00000000e+00
  08.31344000e+01   06.34114000e+01   04.66704000e+01   00.00000000e+00
  08.22507000e+01   06.27523000e+01   04.77399000e+01   00.00000000e+00
  08.36682000e+01   06.46719000e+01   04.73045000e+01   00.00000000e+00
  07.41666000e+01   06.00115000e+01   04.16715000e+01   03.65717000e-02
  07.53360000e+01   05.99380000e+01   03.99690000e+01  -06.37550000e-03
  07.00981000e+01   05.72170000e+01   03.89013000e+01   01.79582000e-02
  07.07527000e+01   05.58704000e+01   03.81383000e+01   01.23366000e-02
  07.08490000e+01   05.60210000e+01   03.99696000e+01   01.80857000e-02
  07.45102000e+01   06.10616000e+01   04.54982000e+01  -03.55350000e-03
  07.29608000e+01   06.19305000e+01   04.53496000e+01  -05.48890000e-03
  07.29374000e+01   06.01619000e+01   04.58318000e+01  -05.73590000e-03
  08.03528000e+01   06.30831000e+01   04.00938000e+01  -01.16015000e-02
  08.05392000e+01   06.30826000e+01   04.17425000e+01  -01.03548000e-02
  08.08823000e+01   06.16358000e+01   04.09152000e+01  -01.10806000e-02
  08.07598000e+01   05.90859000e+01   03.83247000e+01  -06.50300000e-03
  07.96501000e+01   05.78074000e+01   03.85583000e+01  -03.84930000e-03
  08.05667000e+01   05.79023000e+01   03.69638000e+01  -06.75510000e-03
  07.62795000e+01   05.27279000e+01   03.62475000e+01   06.96000000e-05
  07.76813000e+01   05.34851000e+01   03.68536000e+01  -02.56130000e-03
  07.63922000e+01   05.26918000e+01   03.78787000e+01  -08.86000000e-04
  07.05390000e+01   05.74381000e+01   04.28807000e+01   02.66600000e-04
  07.18086000e+01   05.73217000e+01   04.40779000e+01   02.07780000e-03
  07.02920000e+01   05.75239000e+01   04.47301000e+01   03.44650000e-03
  08.00351000e+01   06.29487000e+01   04.51730000e+01   02.98050000e-03
  08.06058000e+01   06.20279000e+01   04.36260000e+01  -05.01900000e-04
  07.86621000e+01   05.92858000e+01   03.31278000e+01  -05.40000000e-06
  07.97061000e+01   05.93686000e+01   03.45692000e+01  -02.73660000e-03
  07.10048000e+01   05.97482000e+01   04.47758000e+01   06.65000000e-04
  07.01966000e+01   05.97951000e+01   04.31661000e+01  -04.07950000e-03
  07.69011000e+01   05.82196000e+01   03.46011000e+01   01.58140000e-02
  07.74731000e+01   05.97819000e+01   03.50880000e+01   09.11190000e-03
  08.42276000e+01   06.43900000e+01   04.82021000e+01   00.00000000e+00
  08.43634000e+01   06.51117000e+01   04.65959000e+01   00.00000000e+00
  08.28735000e+01   06.53082000e+01   04.75237000e+01   00.00000000e+00
  08.29492000e+01   06.23840000e+01   04.85174000e+01   00.00000000e+00
  08.13701000e+01   06.33579000e+01   04.80834000e+01   00.00000000e+00
  08.18024000e+01   06.18906000e+01   04.72745000e+01   00.00000000e+00
  08.49108000e+01   06.21545000e+01   04.68607000e+01   00.00000000e+00
  08.48769000e+01   06.32005000e+01   04.54227000e+01   00.00000000e+00
  08.28821000e+01   06.18429000e+01   04.45650000e+01   00.00000000e+00
  08.32132000e+01   06.06964000e+01   04.57844000e+01   00.00000000e+00
  08.55659000e+01   06.03025000e+01   04.47556000e+01   00.00000000e+00
  08.52492000e+01   06.14190000e+01   04.35211000e+01   00.00000000e+00
  08.26197000e+01   05.86015000e+01   04.42964000e+01   00.00000000e+00
  08.36889000e+01   05.74629000e+01   04.33695000e+01   00.00000000e+00
  08.42801000e+01   05.80855000e+01   04.48169000e+01   00.00000000e+00
  08.39729000e+01   06.11813000e+01   04.17914000e+01   00.00000000e+00
  08.25803000e+01   06.04015000e+01   04.24185000e+01   00.00000000e+00
  08.27020000e+01   05.95598000e+01   04.01432000e+01   00.00000000e+00
  08.27925000e+01   05.83876000e+01   04.13896000e+01   00.00000000e+00
  08.50051000e+01   05.77571000e+01   04.09779000e+01   00.00000000e+00
  08.53241000e+01   05.94128000e+01   04.02961000e+01   00.00000000e+00
  07.12472000e+01   05.82471000e+01   04.09368000e+01   07.20400000e-04
  07.58922000e+01   06.16961000e+01   04.40627000e+01  -02.39543000e-02
  07.97020000e+01   06.11039000e+01   03.88679000e+01   04.89340000e-03
  07.48579000e+01   05.71454000e+01   03.53835000e+01  -02.28199000e-02
  07.77490000e+01   06.29489000e+01   04.43187000e+01  -01.51750000e-03
  08.61064000e+01   05.63343000e+01   03.90136000e+01   00.00000000e+00
  08.59477000e+01   05.71710000e+01   03.74127000e+01   00.00000000e+00
  08.65109000e+01   05.80369000e+01   03.88530000e+01   00.00000000e+00
  08.41268000e+01   05.82898000e+01   03.82154000e+01   00.00000000e+00
  08.26835000e+01   05.68051000e+01   03.95703000e+01   00.00000000e+00
  08.40329000e+01   05.55625000e+01   03.95604000e+01   00.00000000e+00
  08.39425000e+01   05.54468000e+01   03.70037000e+01   00.00000000e+00
  08.28504000e+01   05.69505000e+01   03.69319000e+01   00.00000000e+00
  08.09797000e+01   05.55542000e+01   03.79781000e+01   00.00000000e+00
  08.22047000e+01   05.44620000e+01   03.84456000e+01   00.00000000e+00
  08.35775000e+01   05.33358000e+01   03.57686000e+01   00.00000000e+00
  08.26020000e+01   05.24627000e+01   03.70872000e+01   00.00000000e+00
  08.20897000e+01   05.25065000e+01   03.53792000e+01   00.00000000e+00
  07.93273000e+01   06.01031000e+01   03.66512000e+01   05.57290000e-03
  07.82973000e+01   05.72756000e+01   03.64604000e+01  -01.28866000e-02
  07.95515000e+01   05.40801000e+01   03.58020000e+01   00.00000000e+00
  08.25482000e+01   06.37001000e+01   04.58114000e+01   00.00000000e+00
  08.52632000e+01   05.91844000e+01   04.28179000e+01   00.00000000e+00
  07.96168000e+01   05.49390000e+01   03.37397000e+01  -01.99830000e-03
  08.14619000e+01   05.51927000e+01   03.38901000e+01  -01.85290000e-03
