  07.91899000e+01   05.82154000e+01   03.41268000e+01  -06.11779000e-02
  07.94855000e+01   06.24603000e+01   04.29588000e+01   01.75852000e-02
  07.27514000e+01   05.80725000e+01   04.30950000e+01   01.01800000e-02
  07.50406000e+01   05.57824000e+01   03.55275000e+01  -01.32723000e-02
  07.82908000e+01   05.86934000e+01   03.76382000e+01  -04.57645000e-02
  08.03809000e+01   05.81947000e+01   03.32337000e+01   02.46758000e-02
  08.05632000e+01   06.23884000e+01   04.38126000e+01  -01.71993000e-02
  07.30261000e+01   05.66085000e+01   04.34249000e+01  -09.39340000e-03
  07.65407000e+01   05.64102000e+01   03.51456000e+01   07.66074000e-02
  07.81936000e+01   06.04164000e+01   04.01338000e+01   09.44338000e-02
  07.44270000e+01   05.50205000e+01   03.48012000e+01   01.54319000e-02
  08.10091000e+01   05.68766000e+01   03.28014000e+01  -01.56515000e-02
  07.75441000e+01   05.53233000e+01   03.48943000e+01  -02.00050000e-02
  07.55166000e+01   05.78006000e+01   03.84237000e+01  -08.09918000e-02
  07.86854000e+01   05.35567000e+01   03.60415000e+01   04.03650000e-03
  07.68987000e+01   05.72726000e+01   03.63322000e+01  -01.43447000e-01
  08.00734000e+01   06.01314000e+01   03.85207000e+01   01.23287000e-02
  07.69577000e+01   06.07915000e+01   04.22384000e+01   02.21683000e-01
  07.38845000e+01   05.76437000e+01   04.01217000e+01  -05.42921000e-02
  08.16808000e+01   05.80095000e+01   03.69076000e+01   02.66866000e-02
  08.15757000e+01   06.21406000e+01   04.03483000e+01   04.35609000e-02
  07.47848000e+01   06.02703000e+01   04.44177000e+01   02.36507000e-02
  07.22883000e+01   05.59334000e+01   03.77210000e+01  -06.09964000e-02
  08.20521000e+01   05.50225000e+01   03.38472000e+01   08.71130000e-03
  07.80901000e+01   05.79902000e+01   03.65282000e+01   01.26858000e-01
  07.94730000e+01   06.06263000e+01   03.96940000e+01  -03.45042000e-02
  07.59530000e+01   05.98689000e+01   04.20953000e+01  -02.04376000e-01
  07.43065000e+01   05.73036000e+01   03.88151000e+01   07.60142000e-02
  08.09124000e+01   05.62906000e+01   03.17334000e+01   05.08730000e-03
  07.82287000e+01   05.50718000e+01   03.38855000e+01   06.92200000e-04
  08.30949000e+01   05.48913000e+01   03.49533000e+01   00.00000000e+00
  07.93582000e+01   05.78698000e+01   03.56429000e+01   07.64245000e-02
  08.02194000e+01   06.15305000e+01   04.06266000e+01  -04.66821000e-02
  07.48341000e+01   05.96832000e+01   04.29869000e+01   01.65461000e-02
  07.36974000e+01   05.65140000e+01   03.77869000e+01   05.49912000e-02
  08.18286000e+01   05.64549000e+01   03.38434000e+01   03.30200000e-04
  07.76246000e+01   05.46112000e+01   03.60998000e+01   04.02810000e-03
  08.42156000e+01   05.41438000e+01   03.48132000e+01   00.00000000e+00
  08.03599000e+01   05.87309000e+01   03.64037000e+01  -04.69336000e-02
  07.93117000e+01   06.17611000e+01   04.17060000e+01  -07.68710000e-03
  07.39945000e+01   05.87457000e+01   04.24114000e+01  -03.37389000e-02
  07.47007000e+01   05.64260000e+01   03.68123000e+01   03.64969000e-02
  08.42341000e+01   05.26171000e+01   03.49623000e+01   00.00000000e+00
  07.95429000e+01   05.92172000e+01   03.76104000e+01  -09.58259000e-02
  07.81162000e+01   06.09574000e+01   04.14496000e+01  -01.77941000e-01
  07.45446000e+01   05.84498000e+01   04.11224000e+01   06.74294000e-02
  07.57646000e+01   05.71982000e+01   03.72491000e+01   01.44326000e-01
  08.56201000e+01   05.47200000e+01   03.44532000e+01   00.00000000e+00
  08.61449000e+01   05.59173000e+01   03.52367000e+01   00.00000000e+00
  08.62644000e+01   05.57079000e+01   03.67079000e+01   00.00000000e+00
  08.64377000e+01   05.70331000e+01   03.75290000e+01   00.00000000e+00
  08.75045000e+01   05.80274000e+01   03.69712000e+01   00.00000000e+00
  08.67822000e+01   05.66942000e+01   03.90285000e+01   00.00000000e+00
  08.65856000e+01   05.79088000e+01   03.99663000e+01   00.00000000e+00
  08.68283000e+01   05.74691000e+01   04.14565000e+01   00.00000000e+00
  08.69021000e+01   05.85958000e+01   04.25754000e+01   00.00000000e+00
  08.82467000e+01   05.93812000e+01   04.23761000e+01   00.00000000e+00
  08.68278000e+01   05.80463000e+01   04.39663000e+01   00.00000000e+00
  08.69388000e+01   05.89703000e+01   04.51233000e+01   00.00000000e+00
  08.66882000e+01   05.82648000e+01   04.64274000e+01   00.00000000e+00
  08.65461000e+01   05.91060000e+01   04.76366000e+01   00.00000000e+00
  08.59968000e+01   06.05674000e+01   04.73650000e+01   00.00000000e+00
  08.57924000e+01   05.83820000e+01   04.88318000e+01   00.00000000e+00
  07.57107000e+01   05.91461000e+01   04.09533000e+01   03.65717000e-02
  07.68898000e+01   05.90680000e+01   03.92421000e+01  -06.37550000e-03
  07.21548000e+01   05.50654000e+01   03.84271000e+01   01.79582000e-02
  07.14889000e+01   05.66548000e+01   03.79660000e+01   01.23366000e-02
  07.19749000e+01   05.56674000e+01   03.66988000e+01   01.80857000e-02
  07.38399000e+01   05.98743000e+01   04.49439000e+01  -03.55350000e-03
  07.56464000e+01   06.00238000e+01   04.50315000e+01  -05.48890000e-03
  07.46868000e+01   06.13550000e+01   04.44719000e+01  -05.73590000e-03
  08.16988000e+01   06.30003000e+01   04.09943000e+01  -01.16015000e-02
  08.23682000e+01   06.14075000e+01   04.05390000e+01  -01.03548000e-02
  08.17171000e+01   06.24249000e+01   03.92742000e+01  -01.10806000e-02
  08.23432000e+01   05.77792000e+01   03.61171000e+01  -06.50300000e-03
  08.20605000e+01   05.85042000e+01   03.77761000e+01  -03.84930000e-03
  08.12615000e+01   05.70740000e+01   03.72993000e+01  -06.75510000e-03
  07.84821000e+01   05.29671000e+01   03.69624000e+01   06.96000000e-05
  07.84423000e+01   05.29708000e+01   03.51634000e+01  -02.56130000e-03
  07.96857000e+01   05.40133000e+01   03.59396000e+01  -08.86000000e-04
  07.39234000e+01   05.64953000e+01   04.40033000e+01   02.66600000e-04
  07.22756000e+01   05.61926000e+01   04.40265000e+01   02.07780000e-03
  07.32777000e+01   05.60522000e+01   04.25302000e+01   03.44650000e-03
  08.04768000e+01   06.27692000e+01   04.47952000e+01   02.98050000e-03
  08.15033000e+01   06.19237000e+01   04.34913000e+01  -05.01900000e-04
  08.01874000e+01   05.87609000e+01   03.23265000e+01  -05.40000000e-06
  08.11476000e+01   05.87390000e+01   03.38021000e+01  -02.73660000e-03
  07.25993000e+01   05.84739000e+01   04.39837000e+01   06.65000000e-04
  07.18984000e+01   05.81744000e+01   04.24386000e+01  -04.07950000e-03
  07.84023000e+01   05.76468000e+01   03.36769000e+01   01.58140000e-02
  07.89006000e+01   05.92733000e+01   03.41151000e+01   09.11190000e-03
  08.59315000e+01   05.73216000e+01   04.88445000e+01   00.00000000e+00
  08.60041000e+01   05.87682000e+01   04.98017000e+01   00.00000000e+00
  08.47630000e+01   05.85507000e+01   04.86533000e+01   00.00000000e+00
  08.57290000e+01   06.11105000e+01   04.83008000e+01   00.00000000e+00
  08.67200000e+01   06.10752000e+01   04.67586000e+01   00.00000000e+00
  08.50777000e+01   06.05011000e+01   04.67955000e+01   00.00000000e+00
  08.56740000e+01   05.78154000e+01   04.62469000e+01   00.00000000e+00
  08.75085000e+01   05.75822000e+01   04.66138000e+01   00.00000000e+00
  08.79156000e+01   05.94832000e+01   04.50886000e+01   00.00000000e+00
  08.60902000e+01   05.96729000e+01   04.49889000e+01   00.00000000e+00
  08.58842000e+01   05.74715000e+01   04.40688000e+01   00.00000000e+00
  08.76366000e+01   05.73511000e+01   04.40803000e+01   00.00000000e+00
  08.90853000e+01   05.89051000e+01   04.28113000e+01   00.00000000e+00
  08.85515000e+01   05.94793000e+01   04.12923000e+01   00.00000000e+00
  08.80814000e+01   06.03738000e+01   04.28012000e+01   00.00000000e+00
  08.61004000e+01   05.67857000e+01   04.17932000e+01   00.00000000e+00
  08.77754000e+01   05.68300000e+01   04.14833000e+01   00.00000000e+00
  08.72953000e+01   05.87142000e+01   03.96456000e+01   00.00000000e+00
  08.55538000e+01   05.81378000e+01   03.97864000e+01   00.00000000e+00
  08.60523000e+01   05.59666000e+01   03.94104000e+01   00.00000000e+00
  08.77812000e+01   05.63220000e+01   03.91510000e+01   00.00000000e+00
  07.29029000e+01   05.72439000e+01   04.03581000e+01   07.20400000e-04
  07.70150000e+01   06.12147000e+01   04.32310000e+01  -02.39543000e-02
  08.11371000e+01   06.03662000e+01   03.83277000e+01   04.89340000e-03
  07.62918000e+01   05.70319000e+01   03.42404000e+01  -02.28199000e-02
  07.86659000e+01   06.29353000e+01   04.34210000e+01  -01.51750000e-03
  08.71045000e+01   05.83459000e+01   03.59903000e+01   00.00000000e+00
  08.75572000e+01   05.90034000e+01   03.75157000e+01   00.00000000e+00
  08.84518000e+01   05.75546000e+01   03.67884000e+01   00.00000000e+00
  08.54659000e+01   05.73914000e+01   03.74922000e+01   00.00000000e+00
  08.54364000e+01   05.52157000e+01   03.70879000e+01   00.00000000e+00
  08.71628000e+01   05.51232000e+01   03.68374000e+01   00.00000000e+00
  08.71378000e+01   05.61736000e+01   03.47871000e+01   00.00000000e+00
  08.56342000e+01   05.68794000e+01   03.50442000e+01   00.00000000e+00
  08.63876000e+01   05.39734000e+01   03.43589000e+01   00.00000000e+00
  08.55690000e+01   05.49504000e+01   03.34178000e+01   00.00000000e+00
  08.52066000e+01   05.22497000e+01   03.52658000e+01   00.00000000e+00
  08.35827000e+01   05.22385000e+01   03.57956000e+01   00.00000000e+00
  08.37977000e+01   05.21116000e+01   03.40280000e+01   00.00000000e+00
  08.06810000e+01   05.94824000e+01   03.56867000e+01   05.57290000e-03
  07.98716000e+01   05.69432000e+01   03.56602000e+01  -01.28866000e-02
  08.29213000e+01   05.52798000e+01   03.59107000e+01   00.00000000e+00
  08.76035000e+01   05.91780000e+01   04.80746000e+01   00.00000000e+00
  08.60834000e+01   05.92963000e+01   04.24002000e+01   00.00000000e+00
  08.11489000e+01   05.44006000e+01   03.40168000e+01  -01.99830000e-03
  08.26001000e+01   05.47048000e+01   03.29828000e+01  -01.85290000e-03
