  07.66450000e+01   05.80480000e+01   03.28747000e+01  -06.11779000e-02
  07.74401000e+01   06.16640000e+01   04.17560000e+01   01.75852000e-02
  07.05024000e+01   05.76725000e+01   04.19454000e+01   01.01800000e-02
  07.26029000e+01   05.55691000e+01   03.40532000e+01  -01.32723000e-02
  07.60080000e+01   05.82164000e+01   03.63198000e+01  -04.57645000e-02
  07.77911000e+01   05.79917000e+01   03.18329000e+01   02.46758000e-02
  07.72693000e+01   06.09674000e+01   04.29511000e+01  -01.71993000e-02
  07.02761000e+01   05.62627000e+01   04.17142000e+01  -09.39340000e-03
  07.40119000e+01   05.61065000e+01   03.37079000e+01   07.66074000e-02
  07.59529000e+01   05.99092000e+01   03.88508000e+01   09.44338000e-02
  07.19063000e+01   05.48527000e+01   03.32953000e+01   01.54319000e-02
  07.82359000e+01   05.66038000e+01   03.14275000e+01  -01.56515000e-02
  07.49073000e+01   05.49020000e+01   03.32653000e+01  -02.00050000e-02
  07.31997000e+01   05.75313000e+01   03.69440000e+01  -08.09918000e-02
  07.56294000e+01   05.26498000e+01   03.38379000e+01   04.03650000e-03
  07.45073000e+01   05.69238000e+01   03.48551000e+01  -01.43447000e-01
  07.77631000e+01   05.97921000e+01   03.71495000e+01   01.23287000e-02
  07.47924000e+01   06.01157000e+01   04.10356000e+01   02.21683000e-01
  07.14619000e+01   05.73540000e+01   03.87525000e+01  -05.42921000e-02
  07.92948000e+01   05.77392000e+01   03.55082000e+01   02.66866000e-02
  07.92724000e+01   06.16838000e+01   03.90533000e+01   04.35609000e-02
  07.26982000e+01   05.95953000e+01   04.32268000e+01   02.36507000e-02
  07.00102000e+01   05.57132000e+01   03.65162000e+01  -06.09964000e-02
  07.96855000e+01   05.48223000e+01   03.21383000e+01   08.71130000e-03
  07.57869000e+01   05.74829000e+01   03.51709000e+01   01.26858000e-01
  07.72135000e+01   06.02024000e+01   03.83855000e+01  -03.45042000e-02
  07.36128000e+01   05.94483000e+01   04.07875000e+01  -02.04376000e-01
  07.19967000e+01   05.70156000e+01   03.74453000e+01   07.60142000e-02
  07.80794000e+01   05.61556000e+01   03.03115000e+01   05.08730000e-03
  07.58151000e+01   05.49571000e+01   03.24264000e+01   06.92200000e-04
  08.01680000e+01   05.43983000e+01   03.35399000e+01   00.00000000e+00
  07.70340000e+01   05.75178000e+01   03.42318000e+01   07.64245000e-02
  07.78894000e+01   06.10993000e+01   03.92743000e+01  -04.66821000e-02
  07.25386000e+01   05.92301000e+01   04.17669000e+01   01.65461000e-02
  07.13672000e+01   05.62896000e+01   03.63431000e+01   05.49912000e-02
  07.90372000e+01   05.60872000e+01   03.24544000e+01   03.30200000e-04
  07.47404000e+01   05.38404000e+01   03.40580000e+01   04.02810000e-03
  08.08445000e+01   05.32648000e+01   03.38363000e+01   00.00000000e+00
  07.80559000e+01   05.85045000e+01   03.49840000e+01  -04.69336000e-02
  07.71337000e+01   06.11359000e+01   04.04501000e+01  -07.68710000e-03
  07.16790000e+01   05.83789000e+01   04.11861000e+01  -03.37389000e-02
  07.22746000e+01   05.62200000e+01   03.53395000e+01   03.64969000e-02
  08.01722000e+01   05.19876000e+01   03.42109000e+01   00.00000000e+00
  07.72357000e+01   05.88150000e+01   03.62741000e+01  -09.58259000e-02
  07.58638000e+01   06.04101000e+01   04.01703000e+01  -01.77941000e-01
  07.21013000e+01   05.81043000e+01   03.97765000e+01   06.74294000e-02
  07.34069000e+01   05.70203000e+01   03.57564000e+01   01.44326000e-01
  08.23159000e+01   05.32321000e+01   03.38685000e+01   00.00000000e+00
  08.30835000e+01   05.44053000e+01   03.44373000e+01   00.00000000e+00
  08.30044000e+01   05.44203000e+01   03.59780000e+01   00.00000000e+00
  08.35389000e+01   05.57501000e+01   03.66902000e+01   00.00000000e+00
  08.50729000e+01   05.59878000e+01   03.64962000e+01   00.00000000e+00
  08.32555000e+01   05.59030000e+01   03.81700000e+01   00.00000000e+00
  08.17482000e+01   05.58889000e+01   03.85155000e+01   00.00000000e+00
  08.13694000e+01   05.64518000e+01   03.98894000e+01   00.00000000e+00
  07.98512000e+01   05.67263000e+01   04.02857000e+01   00.00000000e+00
  07.90974000e+01   05.76524000e+01   03.92393000e+01   00.00000000e+00
  07.97106000e+01   05.72752000e+01   04.16712000e+01   00.00000000e+00
  08.02344000e+01   05.87426000e+01   04.19325000e+01   00.00000000e+00
  08.07461000e+01   05.90329000e+01   04.33051000e+01   00.00000000e+00
  08.15233000e+01   06.03852000e+01   04.35119000e+01   00.00000000e+00
  08.30182000e+01   06.03589000e+01   04.31010000e+01   00.00000000e+00
  08.09150000e+01   06.17053000e+01   04.30479000e+01   00.00000000e+00
  07.33169000e+01   05.88139000e+01   03.95404000e+01   03.65717000e-02
  07.45939000e+01   05.87281000e+01   03.78371000e+01  -06.37550000e-03
  07.00642000e+01   05.53500000e+01   03.75196000e+01   01.79582000e-02
  06.92634000e+01   05.64451000e+01   03.63379000e+01   01.23366000e-02
  06.97505000e+01   05.48216000e+01   03.59304000e+01   01.80857000e-02
  07.34881000e+01   05.89731000e+01   04.35669000e+01  -03.55350000e-03
  07.30705000e+01   06.06504000e+01   04.32994000e+01  -05.48890000e-03
  07.17855000e+01   05.94063000e+01   04.37091000e+01  -05.73590000e-03
  07.94121000e+01   06.24513000e+01   03.97542000e+01  -01.16015000e-02
  08.01487000e+01   06.09763000e+01   03.91272000e+01  -01.03548000e-02
  07.93159000e+01   06.21913000e+01   03.80883000e+01  -01.10806000e-02
  07.98875000e+01   05.75063000e+01   03.46222000e+01  -06.50300000e-03
  08.00078000e+01   05.82900000e+01   03.61255000e+01  -03.84930000e-03
  07.89842000e+01   05.68033000e+01   03.59058000e+01  -06.75510000e-03
  07.55322000e+01   05.20914000e+01   03.29245000e+01   06.96000000e-05
  07.67476000e+01   05.28697000e+01   03.39169000e+01  -02.56130000e-03
  07.52686000e+01   05.19786000e+01   03.46134000e+01  -08.86000000e-04
  07.00078000e+01   05.60607000e+01   04.07281000e+01   02.66600000e-04
  07.11967000e+01   05.58104000e+01   04.19319000e+01   02.07780000e-03
  06.95021000e+01   05.58194000e+01   04.23837000e+01   03.44650000e-03
  07.75112000e+01   06.14315000e+01   04.39228000e+01   02.98050000e-03
  07.70776000e+01   05.98429000e+01   04.28307000e+01  -05.01900000e-04
  07.76079000e+01   05.86386000e+01   03.09653000e+01  -05.40000000e-06
  07.87468000e+01   05.84630000e+01   03.21618000e+01  -02.73660000e-03
  07.06626000e+01   05.77624000e+01   04.30521000e+01   06.65000000e-04
  06.95634000e+01   05.81701000e+01   04.16823000e+01  -04.07950000e-03
  07.58190000e+01   05.74278000e+01   03.25050000e+01   01.58140000e-02
  07.62413000e+01   05.90554000e+01   03.29988000e+01   09.11190000e-03
  08.15727000e+01   06.24950000e+01   04.29773000e+01   00.00000000e+00
  08.04780000e+01   06.15765000e+01   04.20369000e+01   00.00000000e+00
  08.00038000e+01   06.18678000e+01   04.36617000e+01   00.00000000e+00
  08.35033000e+01   06.13872000e+01   04.30685000e+01   00.00000000e+00
  08.34864000e+01   05.96858000e+01   04.38609000e+01   00.00000000e+00
  08.30577000e+01   05.98254000e+01   04.21845000e+01   00.00000000e+00
  07.98531000e+01   05.90786000e+01   04.39573000e+01   00.00000000e+00
  08.13305000e+01   05.81502000e+01   04.35283000e+01   00.00000000e+00
  08.10785000e+01   05.89636000e+01   04.12851000e+01   00.00000000e+00
  07.94738000e+01   05.94918000e+01   04.17210000e+01   00.00000000e+00
  07.86774000e+01   05.72678000e+01   04.19764000e+01   00.00000000e+00
  08.02220000e+01   05.66259000e+01   04.22821000e+01   00.00000000e+00
  07.80830000e+01   05.78137000e+01   03.94950000e+01   00.00000000e+00
  07.95697000e+01   05.86676000e+01   03.91570000e+01   00.00000000e+00
  07.91395000e+01   05.71741000e+01   03.82594000e+01   00.00000000e+00
  08.17427000e+01   05.57222000e+01   04.06607000e+01   00.00000000e+00
  08.19399000e+01   05.73507000e+01   04.00165000e+01   00.00000000e+00
  08.13063000e+01   05.65332000e+01   03.77500000e+01   00.00000000e+00
  08.13464000e+01   05.48991000e+01   03.83887000e+01   00.00000000e+00
  08.38405000e+01   05.51000000e+01   03.87052000e+01   00.00000000e+00
  08.36610000e+01   05.68832000e+01   03.86379000e+01   00.00000000e+00
  07.04765000e+01   05.68636000e+01   03.89699000e+01   07.20400000e-04
  07.48837000e+01   06.06314000e+01   04.19600000e+01  -02.39543000e-02
  07.87679000e+01   06.02416000e+01   03.69553000e+01   04.89340000e-03
  07.37710000e+01   05.67262000e+01   03.29115000e+01  -02.28199000e-02
  07.79372000e+01   06.26030000e+01   04.18365000e+01  -01.51750000e-03
  08.54119000e+01   05.55761000e+01   03.55421000e+01   00.00000000e+00
  08.51734000e+01   05.70928000e+01   03.64763000e+01   00.00000000e+00
  08.56925000e+01   05.55965000e+01   03.73520000e+01   00.00000000e+00
  08.29947000e+01   05.66291000e+01   03.62332000e+01   00.00000000e+00
  08.19673000e+01   05.43617000e+01   03.62636000e+01   00.00000000e+00
  08.33877000e+01   05.35246000e+01   03.64271000e+01   00.00000000e+00
  08.41751000e+01   05.43496000e+01   03.42362000e+01   00.00000000e+00
  08.26312000e+01   05.53590000e+01   03.40560000e+01   00.00000000e+00
  08.26658000e+01   05.23368000e+01   03.44066000e+01   00.00000000e+00
  08.26222000e+01   05.31817000e+01   03.27887000e+01   00.00000000e+00
  07.90031000e+01   05.19558000e+01   03.40585000e+01   00.00000000e+00
  08.06414000e+01   05.11566000e+01   03.36317000e+01   00.00000000e+00
  08.04219000e+01   05.17363000e+01   03.52328000e+01   00.00000000e+00
  07.84065000e+01   05.94053000e+01   03.45293000e+01   05.57290000e-03
  07.73107000e+01   05.65216000e+01   03.42110000e+01  -01.28866000e-02
  07.99403000e+01   05.50487000e+01   03.43946000e+01   00.00000000e+00
  08.15836000e+01   06.06105000e+01   04.45951000e+01   00.00000000e+00
  07.92602000e+01   05.57962000e+01   04.02593000e+01   00.00000000e+00
  07.88921000e+01   05.42264000e+01   03.18261000e+01  -01.99830000e-03
  08.03804000e+01   05.48758000e+01   03.12820000e+01  -01.85290000e-03
