  07.77854000e+01   05.80456000e+01   03.46914000e+01  -06.11779000e-02
  07.86490000e+01   06.22886000e+01   04.34171000e+01   01.75852000e-02
  07.12170000e+01   05.86484000e+01   04.33714000e+01   01.01800000e-02
  07.37215000e+01   05.55289000e+01   03.62714000e+01  -01.32723000e-02
  07.70979000e+01   05.86192000e+01   03.81106000e+01  -04.57645000e-02
  07.89122000e+01   05.79607000e+01   03.36288000e+01   02.46758000e-02
  07.88104000e+01   06.15953000e+01   04.46211000e+01  -01.71993000e-02
  07.10551000e+01   05.71552000e+01   04.36286000e+01  -09.39340000e-03
  07.52469000e+01   05.59182000e+01   03.59405000e+01   07.66074000e-02
  07.71291000e+01   06.03083000e+01   04.05536000e+01   09.44338000e-02
  07.29369000e+01   05.48003000e+01   03.56478000e+01   01.54319000e-02
  07.94529000e+01   05.65107000e+01   03.34258000e+01  -01.56515000e-02
  07.60841000e+01   05.46214000e+01   03.60214000e+01  -02.00050000e-02
  07.43383000e+01   05.77754000e+01   03.89122000e+01  -08.09918000e-02
  07.65674000e+01   05.27123000e+01   03.74612000e+01   04.03650000e-03
  07.56673000e+01   05.70266000e+01   03.69777000e+01  -01.43447000e-01
  07.87778000e+01   06.02762000e+01   03.88076000e+01   01.23287000e-02
  07.59804000e+01   06.04596000e+01   04.28049000e+01   02.21683000e-01
  07.25077000e+01   05.80468000e+01   04.05339000e+01  -05.42921000e-02
  08.04193000e+01   05.81783000e+01   03.73035000e+01   02.66866000e-02
  08.02705000e+01   06.23268000e+01   04.06713000e+01   04.35609000e-02
  07.36508000e+01   06.01841000e+01   04.49558000e+01   02.36507000e-02
  07.10854000e+01   05.60739000e+01   03.84594000e+01  -06.09964000e-02
  08.05563000e+01   05.45775000e+01   03.43787000e+01   08.71130000e-03
  07.69021000e+01   05.77772000e+01   03.70888000e+01   01.26858000e-01
  07.82847000e+01   06.08027000e+01   04.00656000e+01  -03.45042000e-02
  07.47965000e+01   05.97831000e+01   04.25555000e+01  -02.04376000e-01
  07.30607000e+01   05.74799000e+01   03.92943000e+01   07.60142000e-02
  07.91379000e+01   05.58239000e+01   03.24426000e+01   05.08730000e-03
  07.69973000e+01   05.43364000e+01   03.52525000e+01   06.92200000e-04
  08.09509000e+01   05.41416000e+01   03.57605000e+01   00.00000000e+00
  07.81278000e+01   05.77317000e+01   03.61835000e+01   07.64245000e-02
  07.89295000e+01   06.16830000e+01   04.09689000e+01  -04.66821000e-02
  07.37076000e+01   05.96745000e+01   04.35309000e+01   01.65461000e-02
  07.24292000e+01   05.65919000e+01   03.83566000e+01   05.49912000e-02
  08.02525000e+01   05.60077000e+01   03.44362000e+01   03.30200000e-04
  07.57412000e+01   05.38755000e+01   03.71051000e+01   04.02810000e-03
  08.22069000e+01   05.42959000e+01   03.62600000e+01   00.00000000e+00
  07.90375000e+01   05.87820000e+01   03.68400000e+01  -04.69336000e-02
  07.82248000e+01   06.15907000e+01   04.21989000e+01  -07.68710000e-03
  07.26261000e+01   05.90110000e+01   04.28137000e+01  -03.37389000e-02
  07.34345000e+01   05.62775000e+01   03.74501000e+01   03.64969000e-02
  08.33455000e+01   05.34312000e+01   03.56437000e+01   00.00000000e+00
  07.82520000e+01   05.92552000e+01   03.80154000e+01  -09.58259000e-02
  07.70200000e+01   06.07674000e+01   04.18905000e+01  -01.77941000e-01
  07.31570000e+01   05.87160000e+01   04.15166000e+01   06.74294000e-02
  07.45778000e+01   05.70718000e+01   03.77980000e+01   01.44326000e-01
  08.25769000e+01   05.52770000e+01   03.73804000e+01   00.00000000e+00
  08.38065000e+01   05.50113000e+01   03.83593000e+01   00.00000000e+00
  08.39701000e+01   05.60751000e+01   03.94411000e+01   00.00000000e+00
  08.42796000e+01   05.75615000e+01   03.90727000e+01   00.00000000e+00
  08.56449000e+01   05.78354000e+01   03.83267000e+01   00.00000000e+00
  08.42024000e+01   05.84491000e+01   04.03766000e+01   00.00000000e+00
  08.27939000e+01   05.85937000e+01   04.10607000e+01   00.00000000e+00
  08.26780000e+01   05.96844000e+01   04.20709000e+01   00.00000000e+00
  08.36070000e+01   05.95564000e+01   04.33555000e+01   00.00000000e+00
  08.32626000e+01   05.82601000e+01   04.41934000e+01   00.00000000e+00
  08.35974000e+01   06.07496000e+01   04.42411000e+01   00.00000000e+00
  08.22147000e+01   06.13393000e+01   04.47608000e+01   00.00000000e+00
  08.25413000e+01   06.27311000e+01   04.53837000e+01   00.00000000e+00
  08.32346000e+01   06.27285000e+01   04.67945000e+01   00.00000000e+00
  08.36363000e+01   06.41008000e+01   04.72548000e+01   00.00000000e+00
  08.24597000e+01   06.19291000e+01   04.77955000e+01   00.00000000e+00
  07.44587000e+01   05.91930000e+01   04.13655000e+01   03.65717000e-02
  07.57296000e+01   05.91682000e+01   03.96988000e+01  -06.37550000e-03
  07.04109000e+01   05.69484000e+01   03.86169000e+01   01.79582000e-02
  07.08127000e+01   05.54726000e+01   03.75971000e+01   01.23366000e-02
  07.09626000e+01   05.55567000e+01   03.94067000e+01   01.80857000e-02
  07.30795000e+01   05.94779000e+01   04.55468000e+01  -03.55350000e-03
  07.46808000e+01   06.03414000e+01   04.53503000e+01  -05.48890000e-03
  07.31967000e+01   06.11981000e+01   04.49915000e+01  -05.73590000e-03
  08.11326000e+01   06.16291000e+01   04.06201000e+01  -01.16015000e-02
  08.02690000e+01   06.28677000e+01   03.97063000e+01  -01.03548000e-02
  08.04777000e+01   06.30103000e+01   04.14860000e+01  -01.10806000e-02
  08.08502000e+01   05.75911000e+01   03.64731000e+01  -06.50300000e-03
  08.09895000e+01   05.91358000e+01   03.74817000e+01  -03.84930000e-03
  08.03549000e+01   05.76770000e+01   03.82495000e+01  -06.75510000e-03
  07.66201000e+01   05.20771000e+01   03.66074000e+01   06.96000000e-05
  07.75339000e+01   05.30231000e+01   03.76724000e+01  -02.56130000e-03
  07.59917000e+01   05.20965000e+01   03.81856000e+01  -08.86000000e-04
  07.16640000e+01   05.70037000e+01   04.45833000e+01   02.66600000e-04
  07.00629000e+01   05.68460000e+01   04.39543000e+01   02.07780000e-03
  07.14692000e+01   05.66241000e+01   04.27589000e+01   03.44650000e-03
  07.91380000e+01   06.21225000e+01   04.55784000e+01   02.98050000e-03
  07.86182000e+01   06.05367000e+01   04.47200000e+01  -05.01900000e-04
  07.83913000e+01   05.83387000e+01   03.27779000e+01  -05.40000000e-06
  07.97750000e+01   05.86097000e+01   03.37287000e+01  -02.73660000e-03
  07.09643000e+01   05.92878000e+01   04.42211000e+01   06.65000000e-04
  07.05593000e+01   05.88640000e+01   04.25670000e+01  -04.07950000e-03
  07.70449000e+01   05.73223000e+01   03.41852000e+01   01.58140000e-02
  07.74098000e+01   05.90893000e+01   03.46125000e+01   09.11190000e-03
  08.28410000e+01   06.09155000e+01   04.78068000e+01   00.00000000e+00
  08.25667000e+01   06.23918000e+01   04.88206000e+01   00.00000000e+00
  08.14316000e+01   06.18155000e+01   04.75852000e+01   00.00000000e+00
  08.42642000e+01   06.46451000e+01   04.65465000e+01   00.00000000e+00
  08.28414000e+01   06.47191000e+01   04.74911000e+01   00.00000000e+00
  08.41167000e+01   06.39547000e+01   04.82342000e+01   00.00000000e+00
  08.30712000e+01   06.33280000e+01   04.45738000e+01   00.00000000e+00
  08.15908000e+01   06.31523000e+01   04.55679000e+01   00.00000000e+00
  08.14403000e+01   06.14394000e+01   04.39661000e+01   00.00000000e+00
  08.18182000e+01   06.06516000e+01   04.55463000e+01   00.00000000e+00
  08.41679000e+01   06.04758000e+01   04.51969000e+01   00.00000000e+00
  08.41316000e+01   06.15590000e+01   04.38153000e+01   00.00000000e+00
  08.23393000e+01   05.81451000e+01   04.46086000e+01   00.00000000e+00
  08.34679000e+01   05.73946000e+01   04.36180000e+01   00.00000000e+00
  08.38922000e+01   05.81702000e+01   04.51101000e+01   00.00000000e+00
  08.29725000e+01   06.06244000e+01   04.15635000e+01   00.00000000e+00
  08.16162000e+01   05.98358000e+01   04.23487000e+01   00.00000000e+00
  08.20701000e+01   05.87972000e+01   04.02758000e+01   00.00000000e+00
  08.24793000e+01   05.77223000e+01   04.14244000e+01   00.00000000e+00
  08.49016000e+01   05.79934000e+01   04.11605000e+01   00.00000000e+00
  08.44586000e+01   05.94286000e+01   04.00921000e+01   00.00000000e+00
  07.14844000e+01   05.78408000e+01   04.07979000e+01   07.20400000e-04
  07.62699000e+01   06.08291000e+01   04.38079000e+01  -02.39543000e-02
  07.96865000e+01   06.06885000e+01   03.83698000e+01   04.89340000e-03
  07.52091000e+01   05.64317000e+01   03.49906000e+01  -02.28199000e-02
  07.89996000e+01   06.33607000e+01   04.33740000e+01  -01.51750000e-03
  08.64108000e+01   05.74833000e+01   03.89860000e+01   00.00000000e+00
  08.58381000e+01   05.72755000e+01   03.74059000e+01   00.00000000e+00
  08.57409000e+01   05.89737000e+01   03.82584000e+01   00.00000000e+00
  08.34692000e+01   05.79210000e+01   03.84974000e+01   00.00000000e+00
  08.30205000e+01   05.59842000e+01   03.99924000e+01   00.00000000e+00
  08.47858000e+01   05.57739000e+01   04.01257000e+01   00.00000000e+00
  08.35303000e+01   05.40754000e+01   03.88608000e+01   00.00000000e+00
  08.47204000e+01   05.47590000e+01   03.77902000e+01   00.00000000e+00
  08.27939000e+01   05.61397000e+01   03.67726000e+01   00.00000000e+00
  08.16673000e+01   05.55287000e+01   03.79768000e+01   00.00000000e+00
  08.36346000e+01   05.27559000e+01   03.64322000e+01   00.00000000e+00
  08.30829000e+01   05.27419000e+01   03.48502000e+01   00.00000000e+00
  08.41280000e+01   05.40721000e+01   03.53284000e+01   00.00000000e+00
  07.93476000e+01   05.95800000e+01   03.62088000e+01   05.57290000e-03
  07.86091000e+01   05.68208000e+01   03.62914000e+01  -01.28866000e-02
  08.02176000e+01   05.33930000e+01   03.61216000e+01   00.00000000e+00
  08.41660000e+01   06.22770000e+01   04.67372000e+01   00.00000000e+00
  08.46229000e+01   05.94068000e+01   04.29858000e+01   00.00000000e+00
  07.95520000e+01   05.41652000e+01   03.42598000e+01  -01.99830000e-03
  08.11994000e+01   05.42636000e+01   03.35247000e+01  -01.85290000e-03
