  07.93387000e+01   05.92264000e+01   03.43583000e+01  -06.11779000e-02
  07.87659000e+01   06.16996000e+01   04.37884000e+01   01.75852000e-02
  07.20992000e+01   05.74539000e+01   04.25654000e+01   01.01800000e-02
  07.48059000e+01   05.68690000e+01   03.47178000e+01  -01.32723000e-02
  07.81044000e+01   05.88990000e+01   03.77759000e+01  -04.57645000e-02
  08.06804000e+01   05.91883000e+01   03.35762000e+01   02.46758000e-02
  07.97428000e+01   06.16969000e+01   04.47328000e+01  -01.71993000e-02
  07.21216000e+01   05.59242000e+01   04.22598000e+01  -09.39340000e-03
  07.64215000e+01   05.70622000e+01   03.46083000e+01   07.66074000e-02
  07.78559000e+01   05.99762000e+01   04.05292000e+01   09.44338000e-02
  07.41169000e+01   05.65844000e+01   03.37568000e+01   01.54319000e-02
  08.09750000e+01   05.79167000e+01   03.28354000e+01  -01.56515000e-02
  07.71707000e+01   05.58242000e+01   03.41985000e+01  -02.00050000e-02
  07.52935000e+01   05.79612000e+01   03.81021000e+01  -08.09918000e-02
  07.72033000e+01   05.34256000e+01   03.39445000e+01   04.03650000e-03
  07.68044000e+01   05.76981000e+01   03.60107000e+01  -01.43447000e-01
  07.97789000e+01   06.01212000e+01   03.90020000e+01   01.23287000e-02
  07.65503000e+01   05.99083000e+01   04.25479000e+01   02.21683000e-01
  07.32867000e+01   05.76544000e+01   03.95188000e+01  -05.42921000e-02
  08.13733000e+01   05.81125000e+01   03.73759000e+01   02.66866000e-02
  08.10189000e+01   06.18270000e+01   04.13789000e+01   04.35609000e-02
  07.42339000e+01   05.87521000e+01   04.44912000e+01   02.36507000e-02
  07.21394000e+01   05.65961000e+01   03.67996000e+01  -06.09964000e-02
  08.14651000e+01   05.56191000e+01   03.34458000e+01   08.71130000e-03
  07.79690000e+01   05.83102000e+01   03.64921000e+01   01.26858000e-01
  07.91523000e+01   06.04536000e+01   04.02374000e+01  -03.45042000e-02
  07.54144000e+01   05.91683000e+01   04.20810000e+01  -02.04376000e-01
  07.39337000e+01   05.75937000e+01   03.82239000e+01   07.60142000e-02
  08.06373000e+01   05.75422000e+01   03.16843000e+01   05.08730000e-03
  07.81817000e+01   05.60312000e+01   03.35649000e+01   06.92200000e-04
  08.22237000e+01   05.49298000e+01   03.45836000e+01   00.00000000e+00
  07.93581000e+01   05.84467000e+01   03.57194000e+01   07.64245000e-02
  07.97179000e+01   06.10923000e+01   04.14104000e+01  -04.66821000e-02
  07.42995000e+01   05.87175000e+01   04.29499000e+01   01.65461000e-02
  07.34970000e+01   05.70893000e+01   03.70103000e+01   05.49912000e-02
  08.14916000e+01   05.70599000e+01   03.38008000e+01   03.30200000e-04
  07.67022000e+01   05.46628000e+01   03.46019000e+01   04.02810000e-03
  08.31383000e+01   05.38787000e+01   03.46858000e+01   00.00000000e+00
  08.02787000e+01   05.90073000e+01   03.68451000e+01  -04.69336000e-02
  07.87983000e+01   06.09802000e+01   04.24393000e+01  -07.68710000e-03
  07.33768000e+01   05.81056000e+01   04.20973000e+01  -03.37389000e-02
  07.45016000e+01   05.71823000e+01   03.61278000e+01   03.64969000e-02
  08.26445000e+01   05.24387000e+01   03.50332000e+01   00.00000000e+00
  07.93520000e+01   05.94602000e+01   03.79013000e+01  -09.58259000e-02
  07.76565000e+01   06.02402000e+01   04.18382000e+01  -01.77941000e-01
  07.39383000e+01   05.81274000e+01   04.06672000e+01   06.74294000e-02
  07.56801000e+01   05.76098000e+01   03.68415000e+01   01.44326000e-01
  08.45668000e+01   05.41942000e+01   03.45005000e+01   00.00000000e+00
  08.52399000e+01   05.52556000e+01   03.54524000e+01   00.00000000e+00
  08.50137000e+01   05.49365000e+01   03.69830000e+01   00.00000000e+00
  08.58117000e+01   05.58846000e+01   03.79171000e+01   00.00000000e+00
  08.73290000e+01   05.57653000e+01   03.77483000e+01   00.00000000e+00
  08.54292000e+01   05.57487000e+01   03.93839000e+01   00.00000000e+00
  08.39871000e+01   05.60839000e+01   03.97038000e+01   00.00000000e+00
  08.37248000e+01   05.60894000e+01   04.12341000e+01   00.00000000e+00
  08.22355000e+01   05.65411000e+01   04.16261000e+01   00.00000000e+00
  08.20023000e+01   05.80220000e+01   04.14203000e+01   00.00000000e+00
  08.17900000e+01   05.61790000e+01   04.30753000e+01   00.00000000e+00
  08.25913000e+01   05.68648000e+01   04.41952000e+01   00.00000000e+00
  08.22234000e+01   05.62020000e+01   04.55705000e+01   00.00000000e+00
  08.28217000e+01   05.70645000e+01   04.67560000e+01   00.00000000e+00
  08.25364000e+01   05.62225000e+01   04.79601000e+01   00.00000000e+00
  08.42990000e+01   05.73454000e+01   04.66057000e+01   00.00000000e+00
  07.51479000e+01   05.87399000e+01   04.07423000e+01   03.65717000e-02
  07.65660000e+01   05.90784000e+01   03.92306000e+01  -06.37550000e-03
  07.19847000e+01   05.63158000e+01   03.57410000e+01   01.79582000e-02
  07.19869000e+01   05.56841000e+01   03.73924000e+01   01.23366000e-02
  07.14942000e+01   05.74261000e+01   03.70780000e+01   01.80857000e-02
  07.37607000e+01   05.78637000e+01   04.48458000e+01  -03.55350000e-03
  07.51486000e+01   05.88913000e+01   04.51082000e+01  -05.48890000e-03
  07.36537000e+01   05.96737000e+01   04.46450000e+01  -05.73590000e-03
  08.18536000e+01   06.11409000e+01   04.16552000e+01  -01.16015000e-02
  08.13078000e+01   06.20819000e+01   04.03715000e+01  -01.03548000e-02
  08.10732000e+01   06.25882000e+01   04.21270000e+01  -01.10806000e-02
  08.20247000e+01   05.76295000e+01   03.66723000e+01  -06.50300000e-03
  08.21572000e+01   05.86770000e+01   03.79507000e+01  -03.84930000e-03
  08.09034000e+01   05.73719000e+01   03.80299000e+01  -06.75510000e-03
  07.82261000e+01   05.31820000e+01   03.41178000e+01   06.96000000e-05
  07.66064000e+01   05.25954000e+01   03.43730000e+01  -02.56130000e-03
  07.71060000e+01   05.36044000e+01   03.28540000e+01  -08.86000000e-04
  07.22294000e+01   05.55458000e+01   04.12042000e+01   02.66600000e-04
  07.29609000e+01   05.54368000e+01   04.27533000e+01   02.07780000e-03
  07.12834000e+01   05.54811000e+01   04.27852000e+01   03.44650000e-03
  07.96884000e+01   06.22944000e+01   04.56784000e+01   02.98050000e-03
  08.06311000e+01   06.10414000e+01   04.46045000e+01  -05.01900000e-04
  08.05254000e+01   05.98789000e+01   03.28189000e+01  -05.40000000e-06
  08.15751000e+01   05.93250000e+01   03.41594000e+01  -02.73660000e-03
  07.19370000e+01   05.77096000e+01   04.36291000e+01   06.65000000e-04
  07.12881000e+01   05.79009000e+01   04.19907000e+01  -04.07950000e-03
  07.86051000e+01   05.88805000e+01   03.36057000e+01   01.58140000e-02
  07.91079000e+01   06.03103000e+01   03.45753000e+01   09.11190000e-03
  08.44702000e+01   05.79388000e+01   04.56766000e+01   00.00000000e+00
  08.45426000e+01   05.78711000e+01   04.75261000e+01   00.00000000e+00
  08.48584000e+01   05.64707000e+01   04.66078000e+01   00.00000000e+00
  08.28969000e+01   05.67654000e+01   04.87565000e+01   00.00000000e+00
  08.14919000e+01   05.58839000e+01   04.79217000e+01   00.00000000e+00
  08.31812000e+01   05.53318000e+01   04.79612000e+01   00.00000000e+00
  08.11489000e+01   05.60858000e+01   04.57407000e+01   00.00000000e+00
  08.26778000e+01   05.52359000e+01   04.55845000e+01   00.00000000e+00
  08.36272000e+01   05.67212000e+01   04.39743000e+01   00.00000000e+00
  08.22988000e+01   05.79271000e+01   04.42238000e+01   00.00000000e+00
  08.06997000e+01   05.62118000e+01   04.31436000e+01   00.00000000e+00
  08.21221000e+01   05.51187000e+01   04.31575000e+01   00.00000000e+00
  08.10359000e+01   05.83830000e+01   04.16768000e+01   00.00000000e+00
  08.26750000e+01   05.85344000e+01   04.20881000e+01   00.00000000e+00
  08.22247000e+01   05.83642000e+01   04.04119000e+01   00.00000000e+00
  08.38189000e+01   05.50668000e+01   04.15077000e+01   00.00000000e+00
  08.45176000e+01   05.67317000e+01   04.16329000e+01   00.00000000e+00
  08.36421000e+01   05.70174000e+01   03.93928000e+01   00.00000000e+00
  08.32569000e+01   05.53439000e+01   03.92655000e+01   00.00000000e+00
  08.55736000e+01   05.47381000e+01   03.97627000e+01   00.00000000e+00
  08.60274000e+01   05.64484000e+01   03.99974000e+01   00.00000000e+00
  07.22507000e+01   05.73781000e+01   03.95262000e+01   07.20400000e-04
  07.64556000e+01   06.02432000e+01   04.35714000e+01  -02.39543000e-02
  08.07890000e+01   06.03686000e+01   03.88769000e+01   04.89340000e-03
  07.66313000e+01   05.77777000e+01   03.38435000e+01  -02.28199000e-02
  07.79301000e+01   06.22987000e+01   04.40762000e+01  -01.51750000e-03
  08.75271000e+01   05.46950000e+01   03.76215000e+01   00.00000000e+00
  08.77400000e+01   05.62891000e+01   03.68459000e+01   00.00000000e+00
  08.77893000e+01   05.61128000e+01   03.86591000e+01   00.00000000e+00
  08.55993000e+01   05.69021000e+01   03.76676000e+01   00.00000000e+00
  08.40022000e+01   05.52000000e+01   03.71660000e+01   00.00000000e+00
  08.52185000e+01   05.38680000e+01   03.71262000e+01   00.00000000e+00
  08.63094000e+01   05.53004000e+01   03.52668000e+01   00.00000000e+00
  08.47310000e+01   05.61806000e+01   03.52366000e+01   00.00000000e+00
  08.51642000e+01   05.33731000e+01   03.46298000e+01   00.00000000e+00
  08.45437000e+01   05.45500000e+01   03.35011000e+01   00.00000000e+00
  08.15332000e+01   05.25163000e+01   03.51473000e+01   00.00000000e+00
  08.28719000e+01   05.17857000e+01   03.42468000e+01   00.00000000e+00
  08.29613000e+01   05.20006000e+01   03.60555000e+01   00.00000000e+00
  08.07549000e+01   05.99190000e+01   03.65432000e+01   05.57290000e-03
  07.97236000e+01   05.74630000e+01   03.53819000e+01  -01.28866000e-02
  08.20728000e+01   05.54295000e+01   03.55719000e+01   00.00000000e+00
  08.23374000e+01   05.80307000e+01   04.67952000e+01   00.00000000e+00
  08.15079000e+01   05.60328000e+01   04.09796000e+01   00.00000000e+00
  08.04258000e+01   05.52874000e+01   03.33289000e+01  -01.99830000e-03
  08.19978000e+01   05.53741000e+01   03.25128000e+01  -01.85290000e-03
