  07.78271000e+01   05.86427000e+01   03.45406000e+01  -06.11779000e-02
  07.77857000e+01   06.27133000e+01   04.33779000e+01   01.75852000e-02
  07.09186000e+01   05.79894000e+01   04.30277000e+01   01.01800000e-02
  07.36144000e+01   05.59638000e+01   03.56367000e+01  -01.32723000e-02
  07.66486000e+01   05.90761000e+01   03.78607000e+01  -04.57645000e-02
  07.91814000e+01   05.85795000e+01   03.38493000e+01   02.46758000e-02
  07.69446000e+01   06.29546000e+01   04.43944000e+01  -01.71993000e-02
  07.12307000e+01   05.65233000e+01   04.32140000e+01  -09.39340000e-03
  07.51111000e+01   05.64996000e+01   03.53892000e+01   07.66074000e-02
  07.64251000e+01   06.05875000e+01   04.03682000e+01   09.44338000e-02
  07.29885000e+01   05.51309000e+01   03.49608000e+01   01.54319000e-02
  07.97111000e+01   05.71327000e+01   03.34869000e+01  -01.56515000e-02
  07.60034000e+01   05.53060000e+01   03.52801000e+01  -02.00050000e-02
  07.39703000e+01   05.80023000e+01   03.85234000e+01  -08.09918000e-02
  07.70540000e+01   05.34797000e+01   03.63004000e+01   04.03650000e-03
  07.54637000e+01   05.74838000e+01   03.65020000e+01  -01.43447000e-01
  07.83803000e+01   06.03282000e+01   03.90128000e+01   01.23287000e-02
  07.52876000e+01   06.05682000e+01   04.24484000e+01   02.21683000e-01
  07.20420000e+01   05.77859000e+01   04.01118000e+01  -05.42921000e-02
  07.99014000e+01   05.80070000e+01   03.75815000e+01   02.66866000e-02
  07.98717000e+01   06.22639000e+01   04.09352000e+01   04.35609000e-02
  07.30574000e+01   06.01920000e+01   04.44768000e+01   02.36507000e-02
  07.10108000e+01   05.57612000e+01   03.79520000e+01  -06.09964000e-02
  08.12761000e+01   05.54523000e+01   03.42024000e+01   08.71130000e-03
  07.66001000e+01   05.82493000e+01   03.67830000e+01   01.26858000e-01
  07.77566000e+01   06.08759000e+01   04.01101000e+01  -03.45042000e-02
  07.41120000e+01   05.98633000e+01   04.21159000e+01  -02.04376000e-01
  07.26908000e+01   05.74934000e+01   03.88875000e+01   07.60142000e-02
  07.91316000e+01   05.63065000e+01   03.28424000e+01   05.08730000e-03
  07.63332000e+01   05.47962000e+01   03.42131000e+01   06.92200000e-04
  08.20603000e+01   05.54491000e+01   03.54893000e+01   00.00000000e+00
  07.79318000e+01   05.81787000e+01   03.60197000e+01   07.64245000e-02
  07.83479000e+01   06.18624000e+01   04.10311000e+01  -04.66821000e-02
  07.30112000e+01   05.95990000e+01   04.30586000e+01   01.65461000e-02
  07.22660000e+01   05.65634000e+01   03.78687000e+01   05.49912000e-02
  08.09170000e+01   05.69018000e+01   03.41207000e+01   03.30200000e-04
  07.64599000e+01   05.48305000e+01   03.64790000e+01   04.02810000e-03
  08.24737000e+01   05.44608000e+01   03.63059000e+01   00.00000000e+00
  07.88852000e+01   05.89383000e+01   03.69708000e+01  -04.69336000e-02
  07.74621000e+01   06.19571000e+01   04.20777000e+01  -07.68710000e-03
  07.21050000e+01   05.87292000e+01   04.24454000e+01  -03.37389000e-02
  07.32255000e+01   05.65212000e+01   03.68959000e+01   03.64969000e-02
  08.15494000e+01   05.37466000e+01   03.72866000e+01   00.00000000e+00
  07.79223000e+01   05.95529000e+01   03.79687000e+01  -09.58259000e-02
  07.63206000e+01   06.10308000e+01   04.17187000e+01  -01.77941000e-01
  07.26459000e+01   05.85487000e+01   04.10986000e+01   06.74294000e-02
  07.43014000e+01   05.74031000e+01   03.73560000e+01   01.44326000e-01
  08.39110000e+01   05.39637000e+01   03.62372000e+01   00.00000000e+00
  08.49544000e+01   05.50703000e+01   03.63986000e+01   00.00000000e+00
  08.49410000e+01   05.55561000e+01   03.78539000e+01   00.00000000e+00
  08.59786000e+01   05.67236000e+01   03.81057000e+01   00.00000000e+00
  08.74172000e+01   05.62965000e+01   03.77108000e+01   00.00000000e+00
  08.59374000e+01   05.72101000e+01   03.95901000e+01   00.00000000e+00
  08.45635000e+01   05.73342000e+01   04.03293000e+01   00.00000000e+00
  08.45891000e+01   05.83033000e+01   04.15098000e+01   00.00000000e+00
  08.53168000e+01   05.78249000e+01   04.28738000e+01   00.00000000e+00
  08.47337000e+01   05.65145000e+01   04.33643000e+01   00.00000000e+00
  08.54797000e+01   05.88566000e+01   04.40338000e+01   00.00000000e+00
  08.41609000e+01   05.95584000e+01   04.44903000e+01   00.00000000e+00
  08.42700000e+01   06.04165000e+01   04.57831000e+01   00.00000000e+00
  08.30540000e+01   06.11198000e+01   04.63490000e+01   00.00000000e+00
  08.36333000e+01   06.18412000e+01   04.76393000e+01   00.00000000e+00
  08.24320000e+01   06.21592000e+01   04.53842000e+01   00.00000000e+00
  07.37738000e+01   05.93390000e+01   04.08967000e+01   03.65717000e-02
  07.50680000e+01   05.93131000e+01   03.93972000e+01  -06.37550000e-03
  07.03032000e+01   05.63697000e+01   03.75176000e+01   01.79582000e-02
  07.09895000e+01   05.48876000e+01   03.73895000e+01   01.23366000e-02
  07.08169000e+01   05.55981000e+01   03.89991000e+01   01.80857000e-02
  07.21322000e+01   06.02754000e+01   04.50246000e+01  -03.55350000e-03
  07.37352000e+01   05.95380000e+01   04.50156000e+01  -05.48890000e-03
  07.35569000e+01   06.11326000e+01   04.46009000e+01  -05.73590000e-03
  08.04113000e+01   06.13758000e+01   04.12941000e+01  -01.16015000e-02
  08.01479000e+01   06.26001000e+01   03.99302000e+01  -01.03548000e-02
  08.00150000e+01   06.29142000e+01   04.17355000e+01  -01.10806000e-02
  07.93931000e+01   05.70950000e+01   03.80400000e+01  -06.50300000e-03
  08.06317000e+01   05.77117000e+01   03.67963000e+01  -03.84930000e-03
  08.05208000e+01   05.85388000e+01   03.83002000e+01  -06.75510000e-03
  07.80187000e+01   05.34680000e+01   03.57181000e+01   06.96000000e-05
  07.71949000e+01   05.30735000e+01   03.72532000e+01  -02.56130000e-03
  07.61917000e+01   05.28915000e+01   03.59417000e+01  -08.86000000e-04
  07.21197000e+01   05.64832000e+01   04.37035000e+01   02.66600000e-04
  07.03800000e+01   05.61076000e+01   04.37917000e+01   02.07780000e-03
  07.13698000e+01   05.60556000e+01   04.22536000e+01   03.44650000e-03
  07.73095000e+01   06.33475000e+01   04.53403000e+01   02.98050000e-03
  07.59056000e+01   06.25968000e+01   04.44237000e+01  -05.01900000e-04
  07.89525000e+01   05.90687000e+01   03.29049000e+01  -05.40000000e-06
  07.98870000e+01   05.91972000e+01   03.43473000e+01  -02.73660000e-03
  07.06297000e+01   05.84187000e+01   04.39891000e+01   06.65000000e-04
  07.01017000e+01   05.79895000e+01   04.23866000e+01  -04.07950000e-03
  07.71994000e+01   05.79260000e+01   03.40306000e+01   01.58140000e-02
  07.73551000e+01   05.95942000e+01   03.44663000e+01   09.11190000e-03
  08.31839000e+01   06.28937000e+01   04.51565000e+01   00.00000000e+00
  08.22186000e+01   06.15623000e+01   04.45175000e+01   00.00000000e+00
  08.15685000e+01   06.25905000e+01   04.57845000e+01   00.00000000e+00
  08.44692000e+01   06.25931000e+01   04.73878000e+01   00.00000000e+00
  08.27310000e+01   06.23263000e+01   04.80857000e+01   00.00000000e+00
  08.40110000e+01   06.11085000e+01   04.83424000e+01   00.00000000e+00
  08.46949000e+01   05.98109000e+01   04.66035000e+01   00.00000000e+00
  08.49660000e+01   06.12229000e+01   04.55313000e+01   00.00000000e+00
  08.37763000e+01   06.01922000e+01   04.36573000e+01   00.00000000e+00
  08.33895000e+01   05.87924000e+01   04.47268000e+01   00.00000000e+00
  08.60194000e+01   05.83572000e+01   04.48643000e+01   00.00000000e+00
  08.62534000e+01   05.96501000e+01   04.38091000e+01   00.00000000e+00
  08.36328000e+01   05.65875000e+01   04.35096000e+01   00.00000000e+00
  08.50796000e+01   05.57740000e+01   04.26397000e+01   00.00000000e+00
  08.50980000e+01   05.63584000e+01   04.44082000e+01   00.00000000e+00
  08.51873000e+01   05.91936000e+01   04.12516000e+01   00.00000000e+00
  08.35982000e+01   05.86696000e+01   04.17422000e+01   00.00000000e+00
  08.38477000e+01   05.77911000e+01   03.96098000e+01   00.00000000e+00
  08.41562000e+01   05.63176000e+01   04.06705000e+01   00.00000000e+00
  08.62415000e+01   05.63777000e+01   04.02167000e+01   00.00000000e+00
  08.65857000e+01   05.80368000e+01   03.97554000e+01   00.00000000e+00
  07.11288000e+01   05.72553000e+01   04.02875000e+01   07.20400000e-04
  07.53512000e+01   06.09301000e+01   04.34767000e+01  -02.39543000e-02
  07.94511000e+01   06.06478000e+01   03.88805000e+01   04.89340000e-03
  07.52338000e+01   05.70670000e+01   03.44842000e+01  -02.28199000e-02
  07.88480000e+01   06.29814000e+01   04.35325000e+01  -01.51750000e-03
  08.77286000e+01   05.54423000e+01   03.83108000e+01   00.00000000e+00
  08.75171000e+01   05.61845000e+01   03.67363000e+01   00.00000000e+00
  08.80868000e+01   05.70921000e+01   03.78919000e+01   00.00000000e+00
  08.55021000e+01   05.75741000e+01   03.75283000e+01   00.00000000e+00
  08.40343000e+01   05.60464000e+01   03.80231000e+01   00.00000000e+00
  08.50716000e+01   05.47290000e+01   03.85522000e+01   00.00000000e+00
  08.58276000e+01   05.45621000e+01   03.61821000e+01   00.00000000e+00
  08.47855000e+01   05.58871000e+01   03.56819000e+01   00.00000000e+00
  08.39947000e+01   05.31106000e+01   03.68997000e+01   00.00000000e+00
  08.39636000e+01   05.34266000e+01   03.53301000e+01   00.00000000e+00
  08.18296000e+01   05.27211000e+01   03.73749000e+01   00.00000000e+00
  08.16844000e+01   05.41701000e+01   03.82770000e+01   00.00000000e+00
  08.05730000e+01   05.37947000e+01   03.68707000e+01   00.00000000e+00
  07.93297000e+01   05.97660000e+01   03.64880000e+01   05.57290000e-03
  07.82740000e+01   05.71086000e+01   03.59734000e+01  -01.28866000e-02
  08.21758000e+01   05.64429000e+01   03.59813000e+01   00.00000000e+00
  08.23181000e+01   06.04110000e+01   04.66314000e+01   00.00000000e+00
  08.63370000e+01   05.76702000e+01   04.25840000e+01   00.00000000e+00
  08.04959000e+01   05.47538000e+01   03.43015000e+01  -01.99830000e-03
  08.19054000e+01   05.51982000e+01   03.33312000e+01  -01.85290000e-03
