  08.00173000e+01   05.84884000e+01   03.42640000e+01  -06.11779000e-02
  07.98260000e+01   06.18916000e+01   04.32571000e+01   01.75852000e-02
  07.27812000e+01   05.79884000e+01   04.23227000e+01   01.01800000e-02
  07.52881000e+01   05.65416000e+01   03.49003000e+01  -01.32723000e-02
  07.88272000e+01   05.86748000e+01   03.75952000e+01  -04.57645000e-02
  08.12395000e+01   05.81869000e+01   03.33563000e+01   02.46758000e-02
  08.08671000e+01   06.16967000e+01   04.40846000e+01  -01.71993000e-02
  07.30015000e+01   05.65256000e+01   04.23151000e+01  -09.39340000e-03
  07.68562000e+01   05.68711000e+01   03.47747000e+01   07.66074000e-02
  07.86344000e+01   06.00537000e+01   04.02209000e+01   09.44338000e-02
  07.47091000e+01   05.58106000e+01   03.41027000e+01   01.54319000e-02
  08.14282000e+01   05.67680000e+01   03.28446000e+01  -01.56515000e-02
  07.76674000e+01   05.57049000e+01   03.43573000e+01  -02.00050000e-02
  07.57473000e+01   05.82226000e+01   03.79576000e+01  -08.09918000e-02
  07.88870000e+01   05.37355000e+01   03.50328000e+01   04.03650000e-03
  07.73681000e+01   05.75707000e+01   03.60273000e+01  -01.43447000e-01
  08.06409000e+01   05.96067000e+01   03.88795000e+01   01.23287000e-02
  07.72406000e+01   06.03393000e+01   04.22174000e+01   02.21683000e-01
  07.39015000e+01   05.81329000e+01   03.94528000e+01  -05.42921000e-02
  08.19716000e+01   05.72179000e+01   03.72533000e+01   02.66866000e-02
  08.21155000e+01   06.12319000e+01   04.09921000e+01   04.35609000e-02
  07.49447000e+01   05.96159000e+01   04.40960000e+01   02.36507000e-02
  07.25639000e+01   05.66174000e+01   03.69866000e+01  -06.09964000e-02
  08.23610000e+01   05.45586000e+01   03.35703000e+01   08.71130000e-03
  07.86364000e+01   05.79690000e+01   03.63972000e+01   01.26858000e-01
  07.99748000e+01   06.01829000e+01   03.99190000e+01  -03.45042000e-02
  07.60865000e+01   05.96602000e+01   04.18903000e+01  -02.04376000e-01
  07.44545000e+01   05.78322000e+01   03.82197000e+01   07.60142000e-02
  08.10311000e+01   05.62591000e+01   03.18114000e+01   05.08730000e-03
  07.81874000e+01   05.57112000e+01   03.32466000e+01   06.92200000e-04
  08.30093000e+01   05.41768000e+01   03.47973000e+01   00.00000000e+00
  07.98914000e+01   05.77294000e+01   03.56821000e+01   07.64245000e-02
  08.05994000e+01   06.09815000e+01   04.10162000e+01  -04.66821000e-02
  07.49664000e+01   05.94542000e+01   04.27475000e+01   01.65461000e-02
  07.38459000e+01   05.71704000e+01   03.70833000e+01   05.49912000e-02
  08.20329000e+01   05.60272000e+01   03.37666000e+01   03.30200000e-04
  07.79094000e+01   05.48306000e+01   03.53603000e+01   04.02810000e-03
  08.43178000e+01   05.37448000e+01   03.49116000e+01   00.00000000e+00
  08.09907000e+01   05.82782000e+01   03.66957000e+01  -04.69336000e-02
  07.96391000e+01   06.11804000e+01   04.19773000e+01  -07.68710000e-03
  07.40530000e+01   05.86874000e+01   04.19423000e+01  -03.37389000e-02
  07.49127000e+01   05.70886000e+01   03.61706000e+01   03.64969000e-02
  08.46841000e+01   05.22272000e+01   03.52356000e+01   00.00000000e+00
  08.00892000e+01   05.88745000e+01   03.78179000e+01  -09.58259000e-02
  07.84547000e+01   06.05328000e+01   04.14913000e+01  -01.77941000e-01
  07.45299000e+01   05.87046000e+01   04.05945000e+01   06.74294000e-02
  07.61075000e+01   05.77276000e+01   03.67619000e+01   01.44326000e-01
  08.54478000e+01   05.47809000e+01   03.47952000e+01   00.00000000e+00
  08.56642000e+01   05.53039000e+01   03.62485000e+01   00.00000000e+00
  08.66954000e+01   05.63875000e+01   03.63713000e+01   00.00000000e+00
  08.69708000e+01   05.70770000e+01   03.77897000e+01   00.00000000e+00
  08.78973000e+01   05.83781000e+01   03.76128000e+01   00.00000000e+00
  08.75538000e+01   05.60662000e+01   03.88795000e+01   00.00000000e+00
  08.78589000e+01   05.66628000e+01   04.02977000e+01   00.00000000e+00
  08.82195000e+01   05.55317000e+01   04.11812000e+01   00.00000000e+00
  08.89142000e+01   05.59549000e+01   04.25035000e+01   00.00000000e+00
  08.97255000e+01   05.47584000e+01   04.30937000e+01   00.00000000e+00
  08.77849000e+01   05.64905000e+01   04.34757000e+01   00.00000000e+00
  08.81726000e+01   05.66401000e+01   04.49745000e+01   00.00000000e+00
  08.69884000e+01   05.70467000e+01   04.58927000e+01   00.00000000e+00
  08.71204000e+01   05.81316000e+01   04.70559000e+01   00.00000000e+00
  08.58213000e+01   05.82760000e+01   04.79011000e+01   00.00000000e+00
  08.82766000e+01   05.76679000e+01   04.79843000e+01   00.00000000e+00
  07.58121000e+01   05.92788000e+01   04.05943000e+01   03.65717000e-02
  07.72921000e+01   05.92398000e+01   03.90709000e+01  -06.37550000e-03
  07.18975000e+01   05.72887000e+01   03.64439000e+01   01.79582000e-02
  07.27378000e+01   05.56532000e+01   03.64618000e+01   01.23366000e-02
  07.22091000e+01   05.64126000e+01   03.79744000e+01   01.80857000e-02
  07.53228000e+01   05.87320000e+01   04.46336000e+01  -03.55350000e-03
  07.55513000e+01   06.04602000e+01   04.41938000e+01  -05.48890000e-03
  07.38862000e+01   05.97547000e+01   04.43426000e+01  -05.73590000e-03
  08.25423000e+01   06.02326000e+01   04.09686000e+01  -01.16015000e-02
  08.24702000e+01   06.18685000e+01   04.01601000e+01  -01.03548000e-02
  08.25399000e+01   06.15612000e+01   04.19267000e+01  -01.10806000e-02
  08.16166000e+01   05.61721000e+01   03.71658000e+01  -06.50300000e-03
  08.28651000e+01   05.72959000e+01   03.67079000e+01  -03.84930000e-03
  08.21674000e+01   05.74455000e+01   03.83171000e+01  -06.75510000e-03
  07.98514000e+01   05.42467000e+01   03.48225000e+01   06.96000000e-05
  07.90042000e+01   05.30291000e+01   03.58780000e+01  -02.56130000e-03
  07.86792000e+01   05.31785000e+01   03.41117000e+01  -08.86000000e-04
  07.39445000e+01   05.64226000e+01   04.28955000e+01   02.66600000e-04
  07.20904000e+01   05.60358000e+01   04.27071000e+01   02.07780000e-03
  07.31309000e+01   05.62492000e+01   04.12889000e+01   03.44650000e-03
  08.09124000e+01   06.22551000e+01   04.50585000e+01   02.98050000e-03
  08.17059000e+01   06.10227000e+01   04.37810000e+01  -05.01900000e-04
  08.12331000e+01   05.89179000e+01   03.25189000e+01  -05.40000000e-06
  08.21937000e+01   05.83463000e+01   03.39081000e+01  -02.73660000e-03
  07.24691000e+01   05.82829000e+01   04.33102000e+01   06.65000000e-04
  07.19342000e+01   05.81675000e+01   04.17008000e+01  -04.07950000e-03
  07.91924000e+01   05.81838000e+01   03.36301000e+01   01.58140000e-02
  07.99197000e+01   05.95034000e+01   03.45388000e+01   09.11190000e-03
  08.85982000e+01   05.85608000e+01   04.85276000e+01   00.00000000e+00
  08.80514000e+01   05.68088000e+01   04.86298000e+01   00.00000000e+00
  08.91587000e+01   05.74435000e+01   04.74092000e+01   00.00000000e+00
  08.51240000e+01   05.88837000e+01   04.73079000e+01   00.00000000e+00
  08.52970000e+01   05.73424000e+01   04.81432000e+01   00.00000000e+00
  08.61902000e+01   05.87994000e+01   04.88194000e+01   00.00000000e+00
  08.62337000e+01   05.74917000e+01   04.52664000e+01   00.00000000e+00
  08.66368000e+01   05.60784000e+01   04.62597000e+01   00.00000000e+00
  08.84860000e+01   05.56905000e+01   04.53052000e+01   00.00000000e+00
  08.89398000e+01   05.74123000e+01   04.50295000e+01   00.00000000e+00
  08.76120000e+01   05.74916000e+01   04.30101000e+01   00.00000000e+00
  08.69949000e+01   05.57728000e+01   04.34088000e+01   00.00000000e+00
  09.03839000e+01   05.43548000e+01   04.22924000e+01   00.00000000e+00
  09.00949000e+01   05.48576000e+01   04.40550000e+01   00.00000000e+00
  08.90775000e+01   05.38764000e+01   04.32163000e+01   00.00000000e+00
  08.72696000e+01   05.49671000e+01   04.14284000e+01   00.00000000e+00
  08.88597000e+01   05.48275000e+01   04.06299000e+01   00.00000000e+00
  08.86167000e+01   05.75339000e+01   04.02710000e+01   00.00000000e+00
  08.69591000e+01   05.70670000e+01   04.07535000e+01   00.00000000e+00
  08.68660000e+01   05.52147000e+01   03.89282000e+01   00.00000000e+00
  08.84854000e+01   05.58116000e+01   03.83850000e+01   00.00000000e+00
  07.29541000e+01   05.76198000e+01   03.95181000e+01   07.20400000e-04
  07.73269000e+01   06.06287000e+01   04.32944000e+01  -02.39543000e-02
  08.17316000e+01   05.98121000e+01   03.89120000e+01   04.89340000e-03
  07.68215000e+01   05.75877000e+01   03.40104000e+01  -02.28199000e-02
  07.89915000e+01   06.24502000e+01   04.36378000e+01  -01.51750000e-03
  08.77385000e+01   05.90967000e+01   03.83615000e+01   00.00000000e+00
  08.88983000e+01   05.79566000e+01   03.75637000e+01   00.00000000e+00
  08.77081000e+01   05.87837000e+01   03.66393000e+01   00.00000000e+00
  08.60038000e+01   05.75046000e+01   03.81508000e+01   00.00000000e+00
  08.76248000e+01   05.59901000e+01   03.59587000e+01   00.00000000e+00
  08.64075000e+01   05.71877000e+01   03.56207000e+01   00.00000000e+00
  08.47427000e+01   05.56312000e+01   03.66877000e+01   00.00000000e+00
  08.59856000e+01   05.45543000e+01   03.69375000e+01   00.00000000e+00
  08.64059000e+01   05.43307000e+01   03.45579000e+01   00.00000000e+00
  08.51985000e+01   05.56290000e+01   03.41778000e+01   00.00000000e+00
  08.51885000e+01   05.20606000e+01   03.61829000e+01   00.00000000e+00
  08.37907000e+01   05.15610000e+01   03.51543000e+01   00.00000000e+00
  08.53048000e+01   05.19037000e+01   03.43818000e+01   00.00000000e+00
  08.14765000e+01   05.91811000e+01   03.63318000e+01   05.57290000e-03
  08.01913000e+01   05.67179000e+01   03.55454000e+01  -01.28866000e-02
  08.26287000e+01   05.45486000e+01   03.57642000e+01   00.00000000e+00
  08.72923000e+01   05.90517000e+01   04.65273000e+01   00.00000000e+00
  08.96514000e+01   05.67104000e+01   04.24307000e+01   00.00000000e+00
  08.14923000e+01   05.39449000e+01   03.33089000e+01  -01.99830000e-03
  08.30644000e+01   05.43824000e+01   03.27576000e+01  -01.85290000e-03
