  07.79544000e+01   05.88290000e+01   03.37256000e+01  -06.11779000e-02
  07.83204000e+01   06.25064000e+01   04.27673000e+01   01.75852000e-02
  07.14943000e+01   05.81857000e+01   04.23684000e+01   01.01800000e-02
  07.41090000e+01   05.58900000e+01   03.50285000e+01  -01.32723000e-02
  07.72806000e+01   05.90217000e+01   03.71437000e+01  -04.57645000e-02
  07.91726000e+01   05.90363000e+01   03.27947000e+01   02.46758000e-02
  07.94051000e+01   06.23820000e+01   04.35172000e+01  -01.71993000e-02
  07.14938000e+01   05.66032000e+01   04.23800000e+01  -09.39340000e-03
  07.56009000e+01   05.65862000e+01   03.46208000e+01   07.66074000e-02
  07.71878000e+01   06.05329000e+01   03.96735000e+01   09.44338000e-02
  07.35608000e+01   05.50243000e+01   03.43046000e+01   01.54319000e-02
  07.98693000e+01   05.77533000e+01   03.22823000e+01  -01.56515000e-02
  07.66158000e+01   05.54900000e+01   03.42143000e+01  -02.00050000e-02
  07.45679000e+01   05.80391000e+01   03.78770000e+01  -08.09918000e-02
  07.76729000e+01   05.33591000e+01   03.47096000e+01   04.03650000e-03
  07.59106000e+01   05.75459000e+01   03.57818000e+01  -01.43447000e-01
  07.90891000e+01   06.04074000e+01   03.81345000e+01   01.23287000e-02
  07.58621000e+01   06.07694000e+01   04.16867000e+01   02.21683000e-01
  07.26963000e+01   05.79492000e+01   03.94236000e+01  -05.42921000e-02
  08.07007000e+01   05.83871000e+01   03.63649000e+01   02.66866000e-02
  08.04446000e+01   06.23300000e+01   04.03879000e+01   04.35609000e-02
  07.35168000e+01   06.02141000e+01   04.37960000e+01   02.36507000e-02
  07.14247000e+01   05.59657000e+01   03.73275000e+01  -06.09964000e-02
  08.07949000e+01   05.57186000e+01   03.31251000e+01   08.71130000e-03
  07.70887000e+01   05.82804000e+01   03.60461000e+01   01.26858000e-01
  07.84455000e+01   06.08810000e+01   03.93480000e+01  -03.45042000e-02
  07.47000000e+01   06.00302000e+01   04.14785000e+01  -02.04376000e-01
  07.32847000e+01   05.75506000e+01   03.82187000e+01   07.60142000e-02
  07.97432000e+01   05.72539000e+01   03.11925000e+01   05.08730000e-03
  07.71420000e+01   05.55680000e+01   03.31048000e+01   06.92200000e-04
  08.14218000e+01   05.52453000e+01   03.44211000e+01   00.00000000e+00
  07.83321000e+01   05.83233000e+01   03.51991000e+01   07.64245000e-02
  07.89885000e+01   06.17684000e+01   04.03973000e+01  -04.66821000e-02
  07.35677000e+01   05.96930000e+01   04.24165000e+01   01.65461000e-02
  07.27903000e+01   05.66575000e+01   03.72391000e+01   05.49912000e-02
  08.05669000e+01   05.71763000e+01   03.32918000e+01   03.30200000e-04
  07.69493000e+01   05.45512000e+01   03.52253000e+01   04.02810000e-03
  08.23711000e+01   05.42775000e+01   03.45642000e+01   00.00000000e+00
  07.93919000e+01   05.91426000e+01   03.59566000e+01  -04.69336000e-02
  07.80739000e+01   06.18365000e+01   04.14580000e+01  -07.68710000e-03
  07.27384000e+01   05.88092000e+01   04.17471000e+01  -03.37389000e-02
  07.37567000e+01   05.66017000e+01   03.62616000e+01   03.64969000e-02
  08.19386000e+01   05.28140000e+01   03.48459000e+01   00.00000000e+00
  07.85337000e+01   05.95213000e+01   03.71740000e+01  -09.58259000e-02
  07.69570000e+01   06.10164000e+01   04.09563000e+01  -01.77941000e-01
  07.32515000e+01   05.86635000e+01   04.04243000e+01   06.74294000e-02
  07.48202000e+01   05.74426000e+01   03.66677000e+01   01.44326000e-01
  08.38065000e+01   05.45949000e+01   03.44350000e+01   00.00000000e+00
  08.41063000e+01   05.59923000e+01   03.49762000e+01   00.00000000e+00
  08.41064000e+01   05.60754000e+01   03.65365000e+01   00.00000000e+00
  08.43283000e+01   05.74630000e+01   03.71445000e+01   00.00000000e+00
  08.56869000e+01   05.79952000e+01   03.67156000e+01   00.00000000e+00
  08.41422000e+01   05.74690000e+01   03.86764000e+01   00.00000000e+00
  08.27486000e+01   05.73279000e+01   03.92754000e+01   00.00000000e+00
  08.27825000e+01   05.73248000e+01   04.08147000e+01   00.00000000e+00
  08.14022000e+01   05.72898000e+01   04.15139000e+01   00.00000000e+00
  08.06920000e+01   05.86479000e+01   04.12870000e+01   00.00000000e+00
  08.16090000e+01   05.69526000e+01   04.29678000e+01   00.00000000e+00
  08.24974000e+01   05.80261000e+01   04.37803000e+01   00.00000000e+00
  08.28390000e+01   05.75771000e+01   04.52106000e+01   00.00000000e+00
  08.38620000e+01   05.85168000e+01   04.59417000e+01   00.00000000e+00
  08.34249000e+01   06.00120000e+01   04.57370000e+01   00.00000000e+00
  08.39909000e+01   05.81934000e+01   04.74847000e+01   00.00000000e+00
  07.45173000e+01   05.93142000e+01   04.03297000e+01   03.65717000e-02
  07.58573000e+01   05.93592000e+01   03.87240000e+01  -06.37550000e-03
  07.11660000e+01   05.53437000e+01   03.64464000e+01   01.79582000e-02
  07.13648000e+01   05.52916000e+01   03.81529000e+01   01.23366000e-02
  07.07436000e+01   05.67998000e+01   03.74639000e+01   01.80857000e-02
  07.25000000e+01   06.05903000e+01   04.38698000e+01  -03.55350000e-03
  07.36655000e+01   05.93096000e+01   04.43768000e+01  -05.48890000e-03
  07.42178000e+01   06.09927000e+01   04.40099000e+01  -05.73590000e-03
  08.08241000e+01   06.24002000e+01   04.14015000e+01  -01.16015000e-02
  08.11129000e+01   06.16412000e+01   03.97981000e+01  -01.03548000e-02
  08.04626000e+01   06.32962000e+01   03.99436000e+01  -01.10806000e-02
  08.12779000e+01   05.90248000e+01   03.70307000e+01  -06.50300000e-03
  08.03284000e+01   05.74809000e+01   03.68108000e+01  -03.84930000e-03
  08.13870000e+01   05.81406000e+01   03.55800000e+01  -06.75510000e-03
  07.86261000e+01   05.38405000e+01   03.43570000e+01   06.96000000e-05
  07.78056000e+01   05.26896000e+01   03.55785000e+01  -02.56130000e-03
  07.72682000e+01   05.27295000e+01   03.38917000e+01  -08.86000000e-04
  07.24227000e+01   05.62952000e+01   04.27651000e+01   02.66600000e-04
  07.06005000e+01   05.62587000e+01   04.29675000e+01   02.07780000e-03
  07.13892000e+01   05.62720000e+01   04.12917000e+01   03.44650000e-03
  07.95430000e+01   06.28684000e+01   04.44691000e+01   02.98050000e-03
  08.00706000e+01   06.15298000e+01   04.32858000e+01  -05.01900000e-04
  07.89278000e+01   05.95817000e+01   03.18208000e+01  -05.40000000e-06
  07.99105000e+01   05.96409000e+01   03.33162000e+01  -02.73660000e-03
  07.14419000e+01   05.85591000e+01   04.34496000e+01   06.65000000e-04
  07.06093000e+01   05.84812000e+01   04.18493000e+01  -04.07950000e-03
  07.73667000e+01   05.81253000e+01   03.32236000e+01   01.58140000e-02
  07.75043000e+01   05.98969000e+01   03.38272000e+01   09.11190000e-03
  08.47939000e+01   05.88215000e+01   04.79974000e+01   00.00000000e+00
  08.30286000e+01   05.83415000e+01   04.79639000e+01   00.00000000e+00
  08.44027000e+01   05.72152000e+01   04.75618000e+01   00.00000000e+00
  08.24012000e+01   06.01765000e+01   04.61153000e+01   00.00000000e+00
  08.41226000e+01   06.06191000e+01   04.63488000e+01   00.00000000e+00
  08.33067000e+01   06.03476000e+01   04.47259000e+01   00.00000000e+00
  08.19683000e+01   05.75757000e+01   04.58294000e+01   00.00000000e+00
  08.31769000e+01   05.65407000e+01   04.53074000e+01   00.00000000e+00
  08.34109000e+01   05.83955000e+01   04.32121000e+01   00.00000000e+00
  08.19003000e+01   05.89444000e+01   04.38106000e+01   00.00000000e+00
  08.06711000e+01   05.68459000e+01   04.35041000e+01   00.00000000e+00
  08.20917000e+01   05.59355000e+01   04.30246000e+01   00.00000000e+00
  07.98380000e+01   05.86896000e+01   04.19727000e+01   00.00000000e+00
  08.12445000e+01   05.95041000e+01   04.16329000e+01   00.00000000e+00
  08.04592000e+01   05.88185000e+01   04.02121000e+01   00.00000000e+00
  08.32405000e+01   05.63857000e+01   04.10511000e+01   00.00000000e+00
  08.33991000e+01   05.82875000e+01   04.10323000e+01   00.00000000e+00
  08.21245000e+01   05.81527000e+01   03.88419000e+01   00.00000000e+00
  08.21661000e+01   05.64867000e+01   03.89306000e+01   00.00000000e+00
  08.48342000e+01   05.67785000e+01   03.90750000e+01   00.00000000e+00
  08.44904000e+01   05.84809000e+01   03.89843000e+01   00.00000000e+00
  07.17234000e+01   05.75640000e+01   03.95992000e+01   07.20400000e-04
  07.59474000e+01   06.11416000e+01   04.26640000e+01  -02.39543000e-02
  08.00838000e+01   06.07583000e+01   03.79209000e+01   04.89340000e-03
  07.53847000e+01   05.71876000e+01   03.37308000e+01  -02.28199000e-02
  07.75769000e+01   06.32810000e+01   04.30704000e+01  -01.51750000e-03
  08.57434000e+01   05.83556000e+01   03.56536000e+01   00.00000000e+00
  08.59836000e+01   05.88784000e+01   03.73498000e+01   00.00000000e+00
  08.64499000e+01   05.72524000e+01   03.68059000e+01   00.00000000e+00
  08.35187000e+01   05.80740000e+01   03.68101000e+01   00.00000000e+00
  08.31879000e+01   05.56656000e+01   03.68401000e+01   00.00000000e+00
  08.48577000e+01   05.53836000e+01   03.69459000e+01   00.00000000e+00
  08.51355000e+01   05.61633000e+01   03.47307000e+01   00.00000000e+00
  08.34021000e+01   05.67022000e+01   03.44514000e+01   00.00000000e+00
  08.44554000e+01   05.38920000e+01   03.49594000e+01   00.00000000e+00
  08.41139000e+01   05.45351000e+01   03.33561000e+01   00.00000000e+00
  08.23386000e+01   05.26132000e+01   03.58343000e+01   00.00000000e+00
  08.08398000e+01   05.29165000e+01   03.48063000e+01   00.00000000e+00
  08.23790000e+01   05.21714000e+01   03.40818000e+01   00.00000000e+00
  07.95854000e+01   06.00469000e+01   03.54463000e+01   05.57290000e-03
  07.87284000e+01   05.73449000e+01   03.51005000e+01  -01.28866000e-02
  08.11291000e+01   05.58129000e+01   03.53182000e+01   00.00000000e+00
  08.47717000e+01   05.84095000e+01   04.55669000e+01   00.00000000e+00
  08.07732000e+01   05.65059000e+01   04.10210000e+01   00.00000000e+00
  07.98817000e+01   05.51249000e+01   03.28443000e+01  -01.99830000e-03
  08.15144000e+01   05.55256000e+01   03.23302000e+01  -01.85290000e-03
