  07.77531000e+01   05.84024000e+01   03.39038000e+01  -06.11779000e-02
  07.79968000e+01   06.19666000e+01   04.30911000e+01   01.75852000e-02
  07.10914000e+01   05.76100000e+01   04.27906000e+01   01.01800000e-02
  07.33548000e+01   05.60060000e+01   03.49515000e+01  -01.32723000e-02
  07.66760000e+01   05.86434000e+01   03.73331000e+01  -04.57645000e-02
  07.88812000e+01   05.81043000e+01   03.29596000e+01   02.46758000e-02
  07.92719000e+01   06.20202000e+01   04.35339000e+01  -01.71993000e-02
  07.09750000e+01   05.60978000e+01   04.26422000e+01  -09.39340000e-03
  07.47915000e+01   05.65491000e+01   03.45970000e+01   07.66074000e-02
  07.66332000e+01   06.01184000e+01   04.00237000e+01   09.44338000e-02
  07.26750000e+01   05.54368000e+01   03.41139000e+01   01.54319000e-02
  07.92221000e+01   05.66777000e+01   03.25726000e+01  -01.56515000e-02
  07.57117000e+01   05.53712000e+01   03.42503000e+01  -02.00050000e-02
  07.40006000e+01   05.76277000e+01   03.80575000e+01  -08.09918000e-02
  07.65812000e+01   05.32508000e+01   03.50453000e+01   04.03650000e-03
  07.52870000e+01   05.72645000e+01   03.58411000e+01  -01.43447000e-01
  07.85366000e+01   05.98577000e+01   03.83822000e+01   01.23287000e-02
  07.54398000e+01   06.02247000e+01   04.22083000e+01   02.21683000e-01
  07.22522000e+01   05.73923000e+01   03.97467000e+01  -05.42921000e-02
  08.00307000e+01   05.77631000e+01   03.67505000e+01   02.66866000e-02
  07.99761000e+01   06.18231000e+01   04.03854000e+01   04.35609000e-02
  07.30360000e+01   05.95939000e+01   04.42716000e+01   02.36507000e-02
  07.07116000e+01   05.58184000e+01   03.71839000e+01  -06.09964000e-02
  08.03747000e+01   05.47648000e+01   03.34514000e+01   08.71130000e-03
  07.65618000e+01   05.78957000e+01   03.61831000e+01   01.26858000e-01
  07.79088000e+01   06.04789000e+01   03.95576000e+01  -03.45042000e-02
  07.42143000e+01   05.95035000e+01   04.18876000e+01  -02.04376000e-01
  07.27514000e+01   05.71136000e+01   03.84357000e+01   07.60142000e-02
  07.87258000e+01   05.60175000e+01   03.16227000e+01   05.08730000e-03
  07.64203000e+01   05.53373000e+01   03.32782000e+01   06.92200000e-04
  08.11992000e+01   05.44935000e+01   03.47036000e+01   00.00000000e+00
  07.78487000e+01   05.77765000e+01   03.53678000e+01   07.64245000e-02
  07.85831000e+01   06.13181000e+01   04.05612000e+01  -04.66821000e-02
  07.31841000e+01   05.91295000e+01   04.27897000e+01   01.65461000e-02
  07.21194000e+01   05.63962000e+01   03.73384000e+01   05.49912000e-02
  08.01066000e+01   05.62111000e+01   03.34752000e+01   03.30200000e-04
  07.56708000e+01   05.44100000e+01   03.52264000e+01   04.02810000e-03
  08.16372000e+01   05.32535000e+01   03.49095000e+01   00.00000000e+00
  07.88465000e+01   05.86185000e+01   03.62365000e+01  -04.69336000e-02
  07.77156000e+01   06.13213000e+01   04.17625000e+01  -07.68710000e-03
  07.23800000e+01   05.81946000e+01   04.21512000e+01  -03.37389000e-02
  07.30795000e+01   05.63751000e+01   03.62910000e+01   03.64969000e-02
  08.07049000e+01   05.22454000e+01   03.55425000e+01   00.00000000e+00
  07.79126000e+01   05.91277000e+01   03.73738000e+01  -09.58259000e-02
  07.64997000e+01   06.05350000e+01   04.13724000e+01  -01.77941000e-01
  07.28941000e+01   05.81378000e+01   04.07672000e+01   06.74294000e-02
  07.42139000e+01   05.71261000e+01   03.67720000e+01   01.44326000e-01
  08.30601000e+01   05.29287000e+01   03.47186000e+01   00.00000000e+00
  08.41495000e+01   05.40039000e+01   03.49467000e+01   00.00000000e+00
  08.41771000e+01   05.42687000e+01   03.64904000e+01   00.00000000e+00
  08.48201000e+01   05.56165000e+01   03.68587000e+01   00.00000000e+00
  08.62472000e+01   05.57415000e+01   03.63645000e+01   00.00000000e+00
  08.46858000e+01   05.59044000e+01   03.84031000e+01   00.00000000e+00
  08.32926000e+01   05.56616000e+01   03.89890000e+01   00.00000000e+00
  08.33357000e+01   05.64869000e+01   04.02873000e+01   00.00000000e+00
  08.20498000e+01   05.67417000e+01   04.10724000e+01   00.00000000e+00
  08.10889000e+01   05.76713000e+01   04.03186000e+01   00.00000000e+00
  08.21862000e+01   05.72749000e+01   04.25244000e+01   00.00000000e+00
  08.27772000e+01   05.86375000e+01   04.28526000e+01   00.00000000e+00
  08.30156000e+01   05.86406000e+01   04.43961000e+01   00.00000000e+00
  08.35259000e+01   05.99641000e+01   04.51027000e+01   00.00000000e+00
  08.48452000e+01   06.05364000e+01   04.45316000e+01   00.00000000e+00
  08.23936000e+01   06.10421000e+01   04.50742000e+01   00.00000000e+00
  07.40087000e+01   05.89389000e+01   04.06722000e+01   03.65717000e-02
  07.52423000e+01   05.90508000e+01   03.90113000e+01  -06.37550000e-03
  06.99976000e+01   05.65281000e+01   03.68514000e+01   01.79582000e-02
  07.07684000e+01   05.48086000e+01   03.67792000e+01   01.23366000e-02
  07.04454000e+01   05.57004000e+01   03.82369000e+01   01.80857000e-02
  07.19659000e+01   05.99010000e+01   04.45886000e+01  -03.55350000e-03
  07.35170000e+01   05.88152000e+01   04.48318000e+01  -05.48890000e-03
  07.36800000e+01   06.04742000e+01   04.45160000e+01  -05.73590000e-03
  08.05868000e+01   06.10986000e+01   04.09272000e+01  -01.16015000e-02
  08.01507000e+01   06.19105000e+01   03.92814000e+01  -01.03548000e-02
  08.01001000e+01   06.27584000e+01   04.08860000e+01  -01.10806000e-02
  08.06988000e+01   05.83541000e+01   03.73665000e+01  -06.50300000e-03
  07.96760000e+01   05.70021000e+01   03.74201000e+01  -03.84930000e-03
  08.04376000e+01   05.73489000e+01   03.58219000e+01  -06.75510000e-03
  07.74678000e+01   05.33372000e+01   03.44285000e+01   06.96000000e-05
  07.67368000e+01   05.27888000e+01   03.60414000e+01  -02.56130000e-03
  07.61128000e+01   05.24027000e+01   03.46139000e+01  -08.86000000e-04
  07.03640000e+01   05.57627000e+01   04.34444000e+01   02.66600000e-04
  07.05684000e+01   05.57702000e+01   04.16980000e+01   02.07780000e-03
  07.19867000e+01   05.56477000e+01   04.27981000e+01   03.44650000e-03
  07.94905000e+01   06.24585000e+01   04.45361000e+01   02.98050000e-03
  07.99711000e+01   06.15586000e+01   04.29097000e+01  -05.01900000e-04
  07.85363000e+01   05.86695000e+01   03.21244000e+01  -05.40000000e-06
  07.97400000e+01   05.85768000e+01   03.34649000e+01  -02.73660000e-03
  07.10941000e+01   05.78256000e+01   04.38805000e+01   06.65000000e-04
  07.01838000e+01   05.81015000e+01   04.23367000e+01  -04.07950000e-03
  07.68447000e+01   05.79853000e+01   03.34712000e+01   01.58140000e-02
  07.74887000e+01   05.95266000e+01   03.39764000e+01   09.11190000e-03
  08.25490000e+01   06.17840000e+01   04.58886000e+01   00.00000000e+00
  08.23023000e+01   06.15586000e+01   04.41002000e+01   00.00000000e+00
  08.13949000e+01   06.06296000e+01   04.52607000e+01   00.00000000e+00
  08.49352000e+01   06.13954000e+01   04.51388000e+01   00.00000000e+00
  08.57090000e+01   05.98473000e+01   04.47310000e+01   00.00000000e+00
  08.47830000e+01   06.07923000e+01   04.34214000e+01   00.00000000e+00
  08.20993000e+01   05.84129000e+01   04.48211000e+01   00.00000000e+00
  08.38055000e+01   05.78974000e+01   04.44776000e+01   00.00000000e+00
  08.36842000e+01   05.88847000e+01   04.23459000e+01   00.00000000e+00
  08.19489000e+01   05.93384000e+01   04.26168000e+01   00.00000000e+00
  08.11938000e+01   05.72486000e+01   04.30111000e+01   00.00000000e+00
  08.27782000e+01   05.64543000e+01   04.29859000e+01   00.00000000e+00
  08.13566000e+01   05.87293000e+01   04.04844000e+01   00.00000000e+00
  08.09025000e+01   05.75076000e+01   03.92812000e+01   00.00000000e+00
  08.01102000e+01   05.76136000e+01   04.08049000e+01   00.00000000e+00
  08.41146000e+01   05.60554000e+01   04.09791000e+01   00.00000000e+00
  08.36553000e+01   05.75139000e+01   04.00819000e+01   00.00000000e+00
  08.24944000e+01   05.59035000e+01   03.82825000e+01   00.00000000e+00
  08.31465000e+01   05.46290000e+01   03.92944000e+01   00.00000000e+00
  08.54355000e+01   05.54408000e+01   03.90349000e+01   00.00000000e+00
  08.49265000e+01   05.69642000e+01   03.84365000e+01   00.00000000e+00
  07.12677000e+01   05.69729000e+01   04.00594000e+01   07.20400000e-04
  07.55515000e+01   06.06210000e+01   04.32215000e+01  -02.39543000e-02
  07.94933000e+01   06.02291000e+01   03.81034000e+01   04.89340000e-03
  07.46750000e+01   05.71815000e+01   03.37332000e+01  -02.28199000e-02
  07.72439000e+01   06.21477000e+01   04.39273000e+01  -01.51750000e-03
  08.66178000e+01   05.66798000e+01   03.67196000e+01   00.00000000e+00
  08.68210000e+01   05.49427000e+01   03.67601000e+01   00.00000000e+00
  08.63823000e+01   05.59172000e+01   03.52672000e+01   00.00000000e+00
  08.42928000e+01   05.63461000e+01   03.63027000e+01   00.00000000e+00
  08.32484000e+01   05.41395000e+01   03.70534000e+01   00.00000000e+00
  08.48707000e+01   05.35443000e+01   03.68303000e+01   00.00000000e+00
  08.51947000e+01   05.37225000e+01   03.46595000e+01   00.00000000e+00
  08.38707000e+01   05.48764000e+01   03.43548000e+01   00.00000000e+00
  08.33032000e+01   05.20534000e+01   03.52927000e+01   00.00000000e+00
  08.31717000e+01   05.27063000e+01   03.36990000e+01   00.00000000e+00
  07.96596000e+01   05.24320000e+01   03.53892000e+01   00.00000000e+00
  08.07788000e+01   05.12322000e+01   03.50730000e+01   00.00000000e+00
  08.10460000e+01   05.22710000e+01   03.66118000e+01   00.00000000e+00
  07.91852000e+01   05.95132000e+01   03.57213000e+01   05.57290000e-03
  07.81280000e+01   05.67158000e+01   03.52000000e+01  -01.28866000e-02
  08.14354000e+01   05.53532000e+01   03.53872000e+01   00.00000000e+00
  08.36737000e+01   05.97200000e+01   04.61458000e+01   00.00000000e+00
  08.16491000e+01   05.57671000e+01   04.11657000e+01   00.00000000e+00
  07.94619000e+01   05.42295000e+01   03.35453000e+01  -01.99830000e-03
  08.08224000e+01   05.43590000e+01   03.25669000e+01  -01.85290000e-03
