  07.68884000e+01   05.79751000e+01   03.29519000e+01  -06.11779000e-02
  07.68908000e+01   06.10902000e+01   04.23007000e+01   01.75852000e-02
  06.98580000e+01   05.74330000e+01   04.14598000e+01   01.01800000e-02
  07.26961000e+01   05.54734000e+01   03.40520000e+01  -01.32723000e-02
  07.58951000e+01   05.82468000e+01   03.65314000e+01  -04.57645000e-02
  07.80623000e+01   05.75767000e+01   03.20895000e+01   02.46758000e-02
  07.80585000e+01   06.13272000e+01   04.29406000e+01  -01.71993000e-02
  06.97916000e+01   05.58786000e+01   04.15339000e+01  -09.39340000e-03
  07.41313000e+01   05.60415000e+01   03.37392000e+01   07.66074000e-02
  07.57149000e+01   05.94608000e+01   03.90833000e+01   09.44338000e-02
  07.20874000e+01   05.46851000e+01   03.33066000e+01   01.54319000e-02
  07.84520000e+01   05.61217000e+01   03.17849000e+01  -01.56515000e-02
  07.50832000e+01   05.49110000e+01   03.35408000e+01  -02.00050000e-02
  07.30937000e+01   05.72724000e+01   03.69944000e+01  -08.09918000e-02
  07.58250000e+01   05.27704000e+01   03.45473000e+01   04.03650000e-03
  07.44864000e+01   05.69008000e+01   03.49934000e+01  -01.43447000e-01
  07.76826000e+01   05.94128000e+01   03.76601000e+01   01.23287000e-02
  07.43159000e+01   05.96787000e+01   04.11821000e+01   02.21683000e-01
  07.12874000e+01   05.69610000e+01   03.86492000e+01  -05.42921000e-02
  07.93363000e+01   05.76728000e+01   03.56387000e+01   02.66866000e-02
  07.91071000e+01   06.09517000e+01   03.98960000e+01   04.35609000e-02
  07.20412000e+01   05.91267000e+01   04.31980000e+01   02.36507000e-02
  06.99766000e+01   05.51437000e+01   03.62666000e+01  -06.09964000e-02
  07.96357000e+01   05.42044000e+01   03.27113000e+01   08.71130000e-03
  07.56996000e+01   05.75826000e+01   03.52952000e+01   01.26858000e-01
  07.70353000e+01   05.97912000e+01   03.88314000e+01  -03.45042000e-02
  07.32079000e+01   05.89580000e+01   04.08582000e+01  -02.04376000e-01
  07.18066000e+01   05.66916000e+01   03.73893000e+01   07.60142000e-02
  07.82149000e+01   05.55321000e+01   03.07451000e+01   05.08730000e-03
  07.58249000e+01   05.47250000e+01   03.25985000e+01   06.92200000e-04
  08.01307000e+01   05.39544000e+01   03.41415000e+01   00.00000000e+00
  07.70186000e+01   05.75187000e+01   03.44655000e+01   07.64245000e-02
  07.77004000e+01   06.05196000e+01   03.99320000e+01  -04.66821000e-02
  07.21011000e+01   05.86958000e+01   04.17717000e+01   01.65461000e-02
  07.13389000e+01   05.58856000e+01   03.63205000e+01   05.49912000e-02
  07.91668000e+01   05.56149000e+01   03.28086000e+01   03.30200000e-04
  07.49047000e+01   05.39257000e+01   03.44981000e+01   04.02810000e-03
  08.08390000e+01   05.27893000e+01   03.45029000e+01   00.00000000e+00
  07.80230000e+01   05.84352000e+01   03.53541000e+01  -04.69336000e-02
  07.67454000e+01   06.05235000e+01   04.09241000e+01  -07.68710000e-03
  07.11815000e+01   05.80154000e+01   04.09788000e+01  -03.37389000e-02
  07.23117000e+01   05.60170000e+01   03.53772000e+01   03.64969000e-02
  08.01946000e+01   05.14371000e+01   03.49446000e+01   00.00000000e+00
  07.71522000e+01   05.87087000e+01   03.66016000e+01  -09.58259000e-02
  07.55175000e+01   05.99258000e+01   04.04071000e+01  -01.77941000e-01
  07.17768000e+01   05.77413000e+01   03.96799000e+01   06.74294000e-02
  07.33675000e+01   05.68196000e+01   03.58172000e+01   01.44326000e-01
  08.23207000e+01   05.26885000e+01   03.42060000e+01   00.00000000e+00
  08.30842000e+01   05.39993000e+01   03.45521000e+01   00.00000000e+00
  08.30304000e+01   05.43032000e+01   03.60669000e+01   00.00000000e+00
  08.38849000e+01   05.54954000e+01   03.65450000e+01   00.00000000e+00
  08.53728000e+01   05.52356000e+01   03.63269000e+01   00.00000000e+00
  08.36816000e+01   05.59280000e+01   03.80017000e+01   00.00000000e+00
  08.22510000e+01   05.60601000e+01   03.84665000e+01   00.00000000e+00
  08.22834000e+01   05.64882000e+01   03.99817000e+01   00.00000000e+00
  08.09186000e+01   05.65473000e+01   04.07834000e+01   00.00000000e+00
  07.99178000e+01   05.74444000e+01   04.00661000e+01   00.00000000e+00
  08.11076000e+01   05.70061000e+01   04.22118000e+01   00.00000000e+00
  08.18422000e+01   05.83512000e+01   04.24332000e+01   00.00000000e+00
  08.18913000e+01   05.86722000e+01   04.39224000e+01   00.00000000e+00
  08.23785000e+01   06.00774000e+01   04.44619000e+01   00.00000000e+00
  08.39218000e+01   06.02547000e+01   04.41976000e+01   00.00000000e+00
  08.15716000e+01   06.13174000e+01   04.39815000e+01   00.00000000e+00
  07.30518000e+01   05.82975000e+01   03.96972000e+01   03.65717000e-02
  07.44267000e+01   05.84739000e+01   03.80520000e+01  -06.37550000e-03
  06.98761000e+01   05.47194000e+01   03.52852000e+01   01.79582000e-02
  07.00309000e+01   05.43911000e+01   03.70551000e+01   01.23366000e-02
  06.91722000e+01   05.58581000e+01   03.65149000e+01   01.80857000e-02
  07.26061000e+01   05.83816000e+01   04.37970000e+01  -03.55350000e-03
  07.25610000e+01   06.00801000e+01   04.33052000e+01  -05.48890000e-03
  07.09943000e+01   05.92489000e+01   04.34796000e+01  -05.73590000e-03
  07.97807000e+01   06.03517000e+01   04.04851000e+01  -01.16015000e-02
  07.95249000e+01   06.09492000e+01   03.88866000e+01  -01.03548000e-02
  07.91384000e+01   06.19547000e+01   04.02432000e+01  -01.10806000e-02
  07.99834000e+01   05.81189000e+01   03.63873000e+01  -06.50300000e-03
  07.90371000e+01   05.67167000e+01   03.60752000e+01  -03.84930000e-03
  07.98966000e+01   05.74895000e+01   03.47761000e+01  -06.75510000e-03
  07.59144000e+01   05.22839000e+01   03.35891000e+01   06.96000000e-05
  07.67231000e+01   05.30878000e+01   03.50928000e+01  -02.56130000e-03
  07.52808000e+01   05.20942000e+01   03.51095000e+01  -08.86000000e-04
  06.89930000e+01   05.54708000e+01   04.20772000e+01   02.66600000e-04
  06.98802000e+01   05.53231000e+01   04.05575000e+01   02.07780000e-03
  07.06858000e+01   05.55420000e+01   04.21471000e+01   03.44650000e-03
  07.80190000e+01   06.16814000e+01   04.39159000e+01   02.98050000e-03
  07.90367000e+01   06.14193000e+01   04.24245000e+01  -05.01900000e-04
  07.76375000e+01   05.80308000e+01   03.11396000e+01  -05.40000000e-06
  07.90085000e+01   05.80345000e+01   03.24308000e+01  -02.73660000e-03
  06.95814000e+01   05.77779000e+01   04.25186000e+01   06.65000000e-04
  06.89469000e+01   05.77259000e+01   04.08654000e+01  -04.07950000e-03
  07.60194000e+01   05.75698000e+01   03.25096000e+01   01.58140000e-02
  07.67245000e+01   05.90274000e+01   03.28019000e+01   09.11190000e-03
  08.20290000e+01   06.22283000e+01   04.44294000e+01   00.00000000e+00
  08.15602000e+01   06.13094000e+01   04.28974000e+01   00.00000000e+00
  08.05447000e+01   06.10243000e+01   04.43021000e+01   00.00000000e+00
  08.39482000e+01   06.01881000e+01   04.30556000e+01   00.00000000e+00
  08.42620000e+01   06.11756000e+01   04.46588000e+01   00.00000000e+00
  08.45535000e+01   05.94518000e+01   04.46230000e+01   00.00000000e+00
  08.09154000e+01   05.83263000e+01   04.42591000e+01   00.00000000e+00
  08.25745000e+01   05.79867000e+01   04.43574000e+01   00.00000000e+00
  08.28109000e+01   05.82945000e+01   04.20234000e+01   00.00000000e+00
  08.12537000e+01   05.91708000e+01   04.19596000e+01   00.00000000e+00
  08.00627000e+01   05.69952000e+01   04.26804000e+01   00.00000000e+00
  08.17677000e+01   05.63184000e+01   04.27618000e+01   00.00000000e+00
  07.90369000e+01   05.76075000e+01   04.06719000e+01   00.00000000e+00
  08.03699000e+01   05.84170000e+01   03.98893000e+01   00.00000000e+00
  07.96913000e+01   05.70107000e+01   03.91486000e+01   00.00000000e+00
  08.29446000e+01   05.58853000e+01   04.05569000e+01   00.00000000e+00
  08.27519000e+01   05.74123000e+01   03.99529000e+01   00.00000000e+00
  08.17148000e+01   05.67587000e+01   03.78430000e+01   00.00000000e+00
  08.16705000e+01   05.51559000e+01   03.83371000e+01   00.00000000e+00
  08.42126000e+01   05.52268000e+01   03.86577000e+01   00.00000000e+00
  08.42402000e+01   05.68680000e+01   03.81412000e+01   00.00000000e+00
  07.02541000e+01   05.66448000e+01   03.88674000e+01   07.20400000e-04
  07.44212000e+01   05.99282000e+01   04.22298000e+01  -02.39543000e-02
  07.86954000e+01   05.98687000e+01   03.74750000e+01   04.89340000e-03
  07.41105000e+01   05.67293000e+01   03.28885000e+01  -02.28199000e-02
  07.60065000e+01   06.11098000e+01   04.29687000e+01  -01.51750000e-03
  08.55678000e+01   05.48767000e+01   03.53334000e+01   00.00000000e+00
  08.60292000e+01   05.61204000e+01   03.65762000e+01   00.00000000e+00
  08.56259000e+01   05.44206000e+01   03.69845000e+01   00.00000000e+00
  08.37119000e+01   05.63121000e+01   03.57843000e+01   00.00000000e+00
  08.20336000e+01   05.46192000e+01   03.61978000e+01   00.00000000e+00
  08.32829000e+01   05.35311000e+01   03.67254000e+01   00.00000000e+00
  08.41176000e+01   05.38430000e+01   03.43213000e+01   00.00000000e+00
  08.27385000e+01   05.47507000e+01   03.39023000e+01   00.00000000e+00
  08.27049000e+01   05.18227000e+01   03.47455000e+01   00.00000000e+00
  08.23996000e+01   05.25786000e+01   03.31323000e+01   00.00000000e+00
  08.05421000e+01   05.11991000e+01   03.59703000e+01   00.00000000e+00
  07.91628000e+01   05.15953000e+01   03.50099000e+01   00.00000000e+00
  08.04917000e+01   05.06419000e+01   03.43129000e+01   00.00000000e+00
  07.82577000e+01   05.93959000e+01   03.49077000e+01   05.57290000e-03
  07.74594000e+01   05.64538000e+01   03.44273000e+01  -01.28866000e-02
  08.01204000e+01   05.47510000e+01   03.48064000e+01   00.00000000e+00
  08.22956000e+01   06.01199000e+01   04.55304000e+01   00.00000000e+00
  08.03801000e+01   05.56054000e+01   04.07383000e+01   00.00000000e+00
  07.88395000e+01   05.35468000e+01   03.24074000e+01  -01.99830000e-03
  08.04311000e+01   05.40855000e+01   03.19973000e+01  -01.85290000e-03
