  07.86158000e+01   05.72369000e+01   03.48460000e+01  -06.11779000e-02
  07.91565000e+01   06.17418000e+01   04.34511000e+01   01.75852000e-02
  07.21507000e+01   05.79734000e+01   04.38395000e+01   01.01800000e-02
  07.43662000e+01   05.49856000e+01   03.64782000e+01  -01.32723000e-02
  07.78099000e+01   05.78578000e+01   03.83380000e+01  -04.57645000e-02
  07.98384000e+01   05.69079000e+01   03.39349000e+01   02.46758000e-02
  08.02798000e+01   06.19719000e+01   04.41348000e+01  -01.71993000e-02
  07.19217000e+01   05.65086000e+01   04.42610000e+01  -09.39340000e-03
  07.57485000e+01   05.55687000e+01   03.59753000e+01   07.66074000e-02
  07.78889000e+01   05.94892000e+01   04.08468000e+01   09.44338000e-02
  07.37365000e+01   05.42584000e+01   03.57749000e+01   01.54319000e-02
  08.01134000e+01   05.54427000e+01   03.36168000e+01  -01.56515000e-02
  07.66466000e+01   05.43927000e+01   03.55784000e+01  -02.00050000e-02
  07.51027000e+01   05.69498000e+01   03.93738000e+01  -08.09918000e-02
  07.70550000e+01   05.20897000e+01   03.60416000e+01   04.03650000e-03
  07.62779000e+01   05.64396000e+01   03.71409000e+01  -01.43447000e-01
  07.95841000e+01   05.92125000e+01   03.91417000e+01   01.23287000e-02
  07.67594000e+01   05.98835000e+01   04.29763000e+01   02.21683000e-01
  07.33320000e+01   05.69723000e+01   04.10688000e+01  -05.42921000e-02
  08.11894000e+01   05.69696000e+01   03.75041000e+01   02.66866000e-02
  08.12143000e+01   06.12009000e+01   04.10477000e+01   04.35609000e-02
  07.45422000e+01   05.97556000e+01   04.50871000e+01   02.36507000e-02
  07.18241000e+01   05.52409000e+01   03.88247000e+01  -06.09964000e-02
  08.07416000e+01   05.33591000e+01   03.46789000e+01   08.71130000e-03
  07.75337000e+01   05.70648000e+01   03.72667000e+01   01.26858000e-01
  07.91499000e+01   05.97555000e+01   04.03851000e+01  -03.45042000e-02
  07.55856000e+01   05.91638000e+01   04.28115000e+01  -02.04376000e-01
  07.38058000e+01   05.65107000e+01   03.98451000e+01   07.60142000e-02
  07.99335000e+01   05.48791000e+01   03.25501000e+01   05.08730000e-03
  07.73870000e+01   05.43491000e+01   03.45890000e+01   06.92200000e-04
  08.08995000e+01   05.27021000e+01   03.60228000e+01   00.00000000e+00
  07.87779000e+01   05.69171000e+01   03.63319000e+01   07.64245000e-02
  07.98612000e+01   06.06196000e+01   04.12579000e+01  -04.66821000e-02
  07.44537000e+01   05.90730000e+01   04.37523000e+01   01.65461000e-02
  07.32349000e+01   05.57564000e+01   03.87672000e+01   05.49912000e-02
  08.05992000e+01   05.48010000e+01   03.47931000e+01   03.30200000e-04
  07.64157000e+01   05.33315000e+01   03.64349000e+01   04.02810000e-03
  08.18302000e+01   05.18075000e+01   03.62637000e+01   00.00000000e+00
  07.98640000e+01   05.77284000e+01   03.70745000e+01  -04.69336000e-02
  07.90366000e+01   06.08568000e+01   04.23024000e+01  -07.68710000e-03
  07.34440000e+01   05.83458000e+01   04.32014000e+01  -03.37389000e-02
  07.41628000e+01   05.56030000e+01   03.77399000e+01   03.64969000e-02
  08.16656000e+01   05.02980000e+01   03.62306000e+01   00.00000000e+00
  07.90574000e+01   05.83186000e+01   03.82585000e+01  -09.58259000e-02
  07.77889000e+01   06.00576000e+01   04.20644000e+01  -01.77941000e-01
  07.39287000e+01   05.78656000e+01   04.19365000e+01   06.74294000e-02
  07.52521000e+01   05.63865000e+01   03.80843000e+01   01.44326000e-01
  08.32052000e+01   05.22243000e+01   03.66162000e+01   00.00000000e+00
  08.33679000e+01   05.35808000e+01   03.72015000e+01   00.00000000e+00
  08.48997000e+01   05.37423000e+01   03.75549000e+01   00.00000000e+00
  08.54626000e+01   05.50387000e+01   03.81508000e+01   00.00000000e+00
  08.70537000e+01   05.51136000e+01   03.79321000e+01   00.00000000e+00
  08.52335000e+01   05.50217000e+01   03.97312000e+01   00.00000000e+00
  08.38399000e+01   05.53247000e+01   04.01236000e+01   00.00000000e+00
  08.38596000e+01   05.59871000e+01   04.15355000e+01   00.00000000e+00
  08.24828000e+01   05.62456000e+01   04.20595000e+01   00.00000000e+00
  08.17691000e+01   05.74178000e+01   04.13486000e+01   00.00000000e+00
  08.22754000e+01   05.64424000e+01   04.36683000e+01   00.00000000e+00
  08.30158000e+01   05.77036000e+01   04.42188000e+01   00.00000000e+00
  08.25914000e+01   05.80793000e+01   04.56487000e+01   00.00000000e+00
  08.34582000e+01   05.92287000e+01   04.62179000e+01   00.00000000e+00
  08.26419000e+01   06.03399000e+01   04.68854000e+01   00.00000000e+00
  08.45872000e+01   05.88482000e+01   04.72217000e+01   00.00000000e+00
  07.51962000e+01   05.84552000e+01   04.16948000e+01   03.65717000e-02
  07.64510000e+01   05.82648000e+01   03.99884000e+01  -06.37550000e-03
  07.10308000e+01   05.59781000e+01   03.85570000e+01   01.79582000e-02
  07.18262000e+01   05.44496000e+01   03.80085000e+01   01.23366000e-02
  07.16199000e+01   05.47641000e+01   03.98202000e+01   01.80857000e-02
  07.51182000e+01   06.06866000e+01   04.50947000e+01  -03.55350000e-03
  07.35863000e+01   06.01980000e+01   04.52852000e+01  -05.48890000e-03
  07.47301000e+01   05.90175000e+01   04.59066000e+01  -05.73590000e-03
  08.13610000e+01   06.21434000e+01   04.15761000e+01  -01.16015000e-02
  08.20538000e+01   06.05171000e+01   04.12709000e+01  -01.03548000e-02
  08.11541000e+01   06.15187000e+01   04.00281000e+01  -01.10806000e-02
  08.17750000e+01   05.77400000e+01   03.79505000e+01  -06.50300000e-03
  08.08589000e+01   05.62359000e+01   03.82737000e+01  -03.84930000e-03
  08.16743000e+01   05.65269000e+01   03.66584000e+01  -06.75510000e-03
  07.67174000e+01   05.19064000e+01   03.50280000e+01   06.96000000e-05
  07.81575000e+01   05.21665000e+01   03.60622000e+01  -02.56130000e-03
  07.67239000e+01   05.12624000e+01   03.67450000e+01  -08.86000000e-04
  07.25689000e+01   05.63181000e+01   04.51512000e+01   02.66600000e-04
  07.08075000e+01   05.63276000e+01   04.44575000e+01   02.07780000e-03
  07.21331000e+01   05.58532000e+01   04.34534000e+01   03.44650000e-03
  08.02162000e+01   06.26709000e+01   04.49816000e+01   02.98050000e-03
  08.12708000e+01   06.15394000e+01   04.38855000e+01  -05.01900000e-04
  07.95600000e+01   05.73820000e+01   03.30080000e+01  -05.40000000e-06
  08.07308000e+01   05.73429000e+01   03.43189000e+01  -02.73660000e-03
  07.20251000e+01   05.85204000e+01   04.48296000e+01   06.65000000e-04
  07.13571000e+01   05.83911000e+01   04.32041000e+01  -04.07950000e-03
  07.78135000e+01   05.68764000e+01   03.42803000e+01   01.58140000e-02
  07.84483000e+01   05.82706000e+01   03.48559000e+01   09.11190000e-03
  08.52094000e+01   05.80238000e+01   04.68679000e+01   00.00000000e+00
  08.51971000e+01   05.96512000e+01   04.74855000e+01   00.00000000e+00
  08.41987000e+01   05.83803000e+01   04.80864000e+01   00.00000000e+00
  08.32924000e+01   06.10162000e+01   04.74195000e+01   00.00000000e+00
  08.20692000e+01   06.08527000e+01   04.61143000e+01   00.00000000e+00
  08.19319000e+01   05.99132000e+01   04.76229000e+01   00.00000000e+00
  08.15727000e+01   05.83502000e+01   04.56337000e+01   00.00000000e+00
  08.26127000e+01   05.72117000e+01   04.62628000e+01   00.00000000e+00
  08.40949000e+01   05.76282000e+01   04.42390000e+01   00.00000000e+00
  08.27275000e+01   05.85514000e+01   04.36349000e+01   00.00000000e+00
  08.12157000e+01   05.65483000e+01   04.39192000e+01   00.00000000e+00
  08.27209000e+01   05.55828000e+01   04.42157000e+01   00.00000000e+00
  08.15825000e+01   05.71345000e+01   04.03235000e+01   00.00000000e+00
  08.08414000e+01   05.76196000e+01   04.19497000e+01   00.00000000e+00
  08.22751000e+01   05.83344000e+01   04.14109000e+01   00.00000000e+00
  08.44373000e+01   05.54021000e+01   04.22695000e+01   00.00000000e+00
  08.43293000e+01   05.68918000e+01   04.16563000e+01   00.00000000e+00
  08.35488000e+01   05.61052000e+01   03.94367000e+01   00.00000000e+00
  08.32338000e+01   05.43719000e+01   04.01022000e+01   00.00000000e+00
  08.55445000e+01   05.40309000e+01   03.99872000e+01   00.00000000e+00
  08.59169000e+01   05.57805000e+01   04.01993000e+01   00.00000000e+00
  07.23648000e+01   05.65632000e+01   04.13809000e+01   07.20400000e-04
  07.69457000e+01   06.04042000e+01   04.38914000e+01  -02.39543000e-02
  08.05570000e+01   05.94968000e+01   03.89839000e+01   04.89340000e-03
  07.55363000e+01   05.61858000e+01   03.50607000e+01  -02.28199000e-02
  07.83221000e+01   06.22422000e+01   04.38810000e+01  -01.51750000e-03
  08.73891000e+01   05.60024000e+01   03.83912000e+01   00.00000000e+00
  08.75528000e+01   05.41834000e+01   03.83532000e+01   00.00000000e+00
  08.73220000e+01   05.50266000e+01   03.68632000e+01   00.00000000e+00
  08.50986000e+01   05.59780000e+01   03.76768000e+01   00.00000000e+00
  08.52010000e+01   05.29551000e+01   03.81516000e+01   00.00000000e+00
  08.53506000e+01   05.36974000e+01   03.66014000e+01   00.00000000e+00
  08.32041000e+01   05.42955000e+01   03.64154000e+01   00.00000000e+00
  08.25903000e+01   05.37119000e+01   03.79914000e+01   00.00000000e+00
  08.35934000e+01   05.15219000e+01   03.73501000e+01   00.00000000e+00
  08.37985000e+01   05.23432000e+01   03.57323000e+01   00.00000000e+00
  08.24057000e+01   04.97727000e+01   03.55739000e+01   00.00000000e+00
  08.19279000e+01   04.98818000e+01   03.72101000e+01   00.00000000e+00
  08.06916000e+01   04.99406000e+01   03.59121000e+01   00.00000000e+00
  08.00957000e+01   05.86653000e+01   03.65101000e+01   05.57290000e-03
  07.90725000e+01   05.58784000e+01   03.64253000e+01  -01.28866000e-02
  08.03440000e+01   05.32340000e+01   03.68694000e+01   00.00000000e+00
  08.39447000e+01   05.98032000e+01   04.53978000e+01   00.00000000e+00
  08.18067000e+01   05.54083000e+01   04.18600000e+01   00.00000000e+00
  07.97824000e+01   05.30524000e+01   03.43009000e+01  -01.99830000e-03
  08.14671000e+01   05.31137000e+01   03.39117000e+01  -01.85290000e-03
