  07.93231000e+01   05.79072000e+01   03.45478000e+01  -06.11779000e-02
  08.00272000e+01   06.16003000e+01   04.36479000e+01   01.75852000e-02
  07.26661000e+01   05.81216000e+01   04.33145000e+01   01.01800000e-02
  07.50224000e+01   05.56727000e+01   03.57510000e+01  -01.32723000e-02
  07.84468000e+01   05.83793000e+01   03.79245000e+01  -04.57645000e-02
  08.04780000e+01   05.76391000e+01   03.35468000e+01   02.46758000e-02
  08.11165000e+01   06.22941000e+01   04.40357000e+01  -01.71993000e-02
  07.26566000e+01   05.65981000e+01   04.34496000e+01  -09.39340000e-03
  07.64617000e+01   05.59922000e+01   03.54394000e+01   07.66074000e-02
  07.84781000e+01   05.99663000e+01   04.06526000e+01   09.44338000e-02
  07.44208000e+01   05.48379000e+01   03.50645000e+01   01.54319000e-02
  08.07655000e+01   05.61707000e+01   03.33060000e+01  -01.56515000e-02
  07.72564000e+01   05.47109000e+01   03.53421000e+01  -02.00050000e-02
  07.55598000e+01   05.76906000e+01   03.86409000e+01  -08.09918000e-02
  07.75271000e+01   05.24720000e+01   03.61553000e+01   04.03650000e-03
  07.69532000e+01   05.69555000e+01   03.65976000e+01  -01.43447000e-01
  08.03234000e+01   05.94874000e+01   03.90575000e+01   01.23287000e-02
  07.73210000e+01   06.02812000e+01   04.26925000e+01   02.21683000e-01
  07.38223000e+01   05.77686000e+01   04.03124000e+01  -05.42921000e-02
  08.19067000e+01   05.73534000e+01   03.72514000e+01   02.66866000e-02
  08.19455000e+01   06.14526000e+01   04.09490000e+01   04.35609000e-02
  07.49015000e+01   05.98926000e+01   04.47890000e+01   02.36507000e-02
  07.23082000e+01   05.60523000e+01   03.79634000e+01  -06.09964000e-02
  08.18957000e+01   05.42404000e+01   03.41490000e+01   08.71130000e-03
  07.82122000e+01   05.75262000e+01   03.68527000e+01   01.26858000e-01
  07.97504000e+01   06.00486000e+01   04.01695000e+01  -03.45042000e-02
  07.60575000e+01   05.96052000e+01   04.23914000e+01  -02.04376000e-01
  07.42790000e+01   05.73891000e+01   03.89934000e+01   07.60142000e-02
  08.03759000e+01   05.55642000e+01   03.23494000e+01   05.08730000e-03
  07.80863000e+01   05.44036000e+01   03.45102000e+01   06.92200000e-04
  08.28021000e+01   05.38900000e+01   03.53168000e+01   00.00000000e+00
  07.94950000e+01   05.73364000e+01   03.59738000e+01   07.64245000e-02
  08.05179000e+01   06.08524000e+01   04.10908000e+01  -04.66821000e-02
  07.49905000e+01   05.93576000e+01   04.33791000e+01   01.65461000e-02
  07.36947000e+01   05.65994000e+01   03.79645000e+01   05.49912000e-02
  08.16432000e+01   05.57077000e+01   03.42588000e+01   03.30200000e-04
  07.69243000e+01   05.38141000e+01   03.64060000e+01   04.02810000e-03
  08.39803000e+01   05.31838000e+01   03.52454000e+01   00.00000000e+00
  08.05311000e+01   05.80618000e+01   03.68721000e+01  -04.69336000e-02
  07.97562000e+01   06.09335000e+01   04.23270000e+01  -07.68710000e-03
  07.40349000e+01   05.85424000e+01   04.27189000e+01  -03.37389000e-02
  07.46952000e+01   05.64061000e+01   03.70142000e+01   03.64969000e-02
  08.40491000e+01   05.17122000e+01   03.51488000e+01   00.00000000e+00
  07.97711000e+01   05.86347000e+01   03.80196000e+01  -09.58259000e-02
  07.84383000e+01   06.03999000e+01   04.19254000e+01  -01.77941000e-01
  07.44720000e+01   05.84004000e+01   04.13421000e+01   06.74294000e-02
  07.58228000e+01   05.71022000e+01   03.74678000e+01   01.44326000e-01
  08.52199000e+01   05.39782000e+01   03.49464000e+01   00.00000000e+00
  08.54594000e+01   05.52970000e+01   03.57119000e+01   00.00000000e+00
  08.53638000e+01   05.49449000e+01   03.72427000e+01   00.00000000e+00
  08.60279000e+01   05.59487000e+01   03.81754000e+01   00.00000000e+00
  08.76217000e+01   05.59893000e+01   03.79656000e+01   00.00000000e+00
  08.56274000e+01   05.57410000e+01   03.96561000e+01   00.00000000e+00
  08.58073000e+01   05.70614000e+01   04.04938000e+01   00.00000000e+00
  08.61220000e+01   05.67371000e+01   04.19639000e+01   00.00000000e+00
  08.63590000e+01   05.78360000e+01   04.30513000e+01   00.00000000e+00
  08.76689000e+01   05.86316000e+01   04.27730000e+01   00.00000000e+00
  08.62101000e+01   05.72271000e+01   04.44335000e+01   00.00000000e+00
  08.64232000e+01   05.82855000e+01   04.56032000e+01   00.00000000e+00
  08.60699000e+01   05.75890000e+01   04.69497000e+01   00.00000000e+00
  08.63368000e+01   05.84881000e+01   04.81720000e+01   00.00000000e+00
  08.52504000e+01   05.95469000e+01   04.83038000e+01   00.00000000e+00
  08.63528000e+01   05.75551000e+01   04.94563000e+01   00.00000000e+00
  07.56800000e+01   05.90007000e+01   04.11967000e+01   03.65717000e-02
  07.70193000e+01   05.89870000e+01   03.96178000e+01  -06.37550000e-03
  07.22113000e+01   05.54379000e+01   03.88589000e+01   01.79582000e-02
  07.15234000e+01   05.68257000e+01   03.79780000e+01   01.23366000e-02
  07.22800000e+01   05.54031000e+01   03.70615000e+01   01.80857000e-02
  07.52811000e+01   05.91466000e+01   04.54856000e+01  -03.55350000e-03
  07.54825000e+01   06.08013000e+01   04.48409000e+01  -05.48890000e-03
  07.38599000e+01   06.02606000e+01   04.49966000e+01  -05.73590000e-03
  08.23960000e+01   06.12608000e+01   03.99726000e+01  -01.16015000e-02
  08.19119000e+01   06.24820000e+01   04.10602000e+01  -01.03548000e-02
  08.25934000e+01   06.10562000e+01   04.17636000e+01  -01.10806000e-02
  08.23492000e+01   05.68587000e+01   03.63994000e+01  -06.50300000e-03
  08.25847000e+01   05.80961000e+01   03.76508000e+01  -03.84930000e-03
  08.16343000e+01   05.66949000e+01   03.80884000e+01  -06.75510000e-03
  07.71737000e+01   05.18547000e+01   03.69844000e+01   06.96000000e-05
  07.72617000e+01   05.19243000e+01   03.51809000e+01  -02.56130000e-03
  07.86183000e+01   05.24740000e+01   03.62438000e+01  -08.86000000e-04
  07.35383000e+01   05.63521000e+01   04.40132000e+01   02.66600000e-04
  07.17681000e+01   05.62661000e+01   04.39883000e+01   02.07780000e-03
  07.26276000e+01   05.61556000e+01   04.25140000e+01   03.44650000e-03
  08.13165000e+01   06.28152000e+01   04.49987000e+01   02.98050000e-03
  08.20140000e+01   06.25100000e+01   04.34379000e+01  -05.01900000e-04
  08.03434000e+01   05.79616000e+01   03.25543000e+01  -05.40000000e-06
  08.13324000e+01   05.82260000e+01   03.40307000e+01  -02.73660000e-03
  07.24419000e+01   05.84729000e+01   04.42786000e+01   06.65000000e-04
  07.18723000e+01   05.84577000e+01   04.26672000e+01  -04.07950000e-03
  07.83677000e+01   05.75734000e+01   03.41094000e+01   01.58140000e-02
  07.91251000e+01   05.89907000e+01   03.45499000e+01   09.11190000e-03
  08.71841000e+01   05.68914000e+01   04.92537000e+01   00.00000000e+00
  08.66331000e+01   05.82066000e+01   05.03028000e+01   00.00000000e+00
  08.54206000e+01   05.69651000e+01   04.94239000e+01   00.00000000e+00
  08.53041000e+01   06.00510000e+01   04.92858000e+01   00.00000000e+00
  08.54526000e+01   06.03726000e+01   04.75623000e+01   00.00000000e+00
  08.42825000e+01   05.90902000e+01   04.81964000e+01   00.00000000e+00
  08.50050000e+01   05.73161000e+01   04.69055000e+01   00.00000000e+00
  08.66064000e+01   05.65653000e+01   04.71028000e+01   00.00000000e+00
  08.74672000e+01   05.85684000e+01   04.56110000e+01   00.00000000e+00
  08.58044000e+01   05.92029000e+01   04.54514000e+01   00.00000000e+00
  08.52549000e+01   05.68304000e+01   04.46134000e+01   00.00000000e+00
  08.69077000e+01   05.64294000e+01   04.45136000e+01   00.00000000e+00
  08.76667000e+01   05.95298000e+01   04.34451000e+01   00.00000000e+00
  08.86009000e+01   05.81189000e+01   04.30157000e+01   00.00000000e+00
  08.77778000e+01   05.90051000e+01   04.17569000e+01   00.00000000e+00
  08.54260000e+01   05.59454000e+01   04.22562000e+01   00.00000000e+00
  08.71238000e+01   05.63172000e+01   04.19186000e+01   00.00000000e+00
  08.66526000e+01   05.76550000e+01   04.01049000e+01   00.00000000e+00
  08.49030000e+01   05.75581000e+01   04.07023000e+01   00.00000000e+00
  08.45943000e+01   05.55040000e+01   03.96834000e+01   00.00000000e+00
  08.62246000e+01   05.50008000e+01   04.00781000e+01   00.00000000e+00
  07.28388000e+01   05.74992000e+01   04.06264000e+01   07.20400000e-04
  07.74744000e+01   06.06874000e+01   04.37194000e+01  -02.39543000e-02
  08.13829000e+01   05.96914000e+01   03.88539000e+01   04.89340000e-03
  07.65106000e+01   05.64107000e+01   03.44509000e+01  -02.28199000e-02
  07.92339000e+01   06.17073000e+01   04.43344000e+01  -01.51750000e-03
  08.79482000e+01   05.63795000e+01   03.69832000e+01   00.00000000e+00
  08.81121000e+01   05.64495000e+01   03.88474000e+01   00.00000000e+00
  08.79888000e+01   05.49772000e+01   03.79843000e+01   00.00000000e+00
  08.56958000e+01   05.69584000e+01   03.78453000e+01   00.00000000e+00
  08.43041000e+01   05.48913000e+01   03.74294000e+01   00.00000000e+00
  08.58361000e+01   05.39498000e+01   03.74330000e+01   00.00000000e+00
  08.63931000e+01   05.57703000e+01   03.54454000e+01   00.00000000e+00
  08.47686000e+01   05.60673000e+01   03.54170000e+01   00.00000000e+00
  08.61221000e+01   05.33584000e+01   03.51198000e+01   00.00000000e+00
  08.51929000e+01   05.43312000e+01   03.39070000e+01   00.00000000e+00
  08.44414000e+01   05.15171000e+01   03.61072000e+01   00.00000000e+00
  08.29739000e+01   05.13730000e+01   03.51664000e+01   00.00000000e+00
  08.45904000e+01   05.14185000e+01   03.42916000e+01   00.00000000e+00
  08.07487000e+01   05.89973000e+01   03.63918000e+01   05.57290000e-03
  07.97346000e+01   05.62431000e+01   03.59779000e+01  -01.28866000e-02
  08.25584000e+01   05.42423000e+01   03.63030000e+01   00.00000000e+00
  08.73414000e+01   05.89023000e+01   04.80503000e+01   00.00000000e+00
  08.56189000e+01   05.86081000e+01   04.29320000e+01   00.00000000e+00
  08.09550000e+01   05.37618000e+01   03.41643000e+01  -01.99830000e-03
  08.26131000e+01   05.39398000e+01   03.32965000e+01  -01.85290000e-03
