  07.92046000e+01   05.93695000e+01   03.34508000e+01  -06.11779000e-02
  07.91382000e+01   06.28540000e+01   04.25037000e+01   01.75852000e-02
  07.23510000e+01   05.83189000e+01   04.20712000e+01   01.01800000e-02
  07.52732000e+01   05.65559000e+01   03.46600000e+01  -01.32723000e-02
  07.82871000e+01   05.93989000e+01   03.69422000e+01  -04.57645000e-02
  08.04024000e+01   05.93878000e+01   03.25286000e+01   02.46758000e-02
  08.01656000e+01   06.26168000e+01   04.33585000e+01  -01.71993000e-02
  07.26351000e+01   05.68749000e+01   04.22999000e+01  -09.39340000e-03
  07.66302000e+01   05.72542000e+01   03.41670000e+01   07.66074000e-02
  07.79845000e+01   06.09175000e+01   03.95580000e+01   09.44338000e-02
  07.45870000e+01   05.57876000e+01   03.40101000e+01   01.54319000e-02
  08.10658000e+01   05.80448000e+01   03.22078000e+01  -01.56515000e-02
  07.76364000e+01   05.61816000e+01   03.37201000e+01  -02.00050000e-02
  07.55627000e+01   05.83841000e+01   03.75167000e+01  -08.09918000e-02
  07.88182000e+01   05.42462000e+01   03.43094000e+01   04.03650000e-03
  07.70350000e+01   05.80680000e+01   03.54380000e+01  -01.43447000e-01
  07.99815000e+01   06.07379000e+01   03.80696000e+01   01.23287000e-02
  07.65794000e+01   06.11265000e+01   04.15334000e+01   02.21683000e-01
  07.36828000e+01   05.80820000e+01   03.91838000e+01  -05.42921000e-02
  08.16859000e+01   05.89856000e+01   03.62080000e+01   02.66866000e-02
  08.13752000e+01   06.25507000e+01   04.01560000e+01   04.35609000e-02
  07.44932000e+01   06.01144000e+01   04.36381000e+01   02.36507000e-02
  07.26590000e+01   05.61304000e+01   03.68022000e+01  -06.09964000e-02
  08.19786000e+01   05.60512000e+01   03.31138000e+01   08.71130000e-03
  07.81392000e+01   05.87749000e+01   03.57538000e+01   01.26858000e-01
  07.93100000e+01   06.11642000e+01   03.92398000e+01  -03.45042000e-02
  07.54921000e+01   06.02719000e+01   04.12909000e+01  -02.04376000e-01
  07.43187000e+01   05.78295000e+01   03.78876000e+01   07.60142000e-02
  08.10152000e+01   05.75410000e+01   03.10993000e+01   05.08730000e-03
  07.84306000e+01   05.62862000e+01   03.28273000e+01   06.92200000e-04
  08.25508000e+01   05.55679000e+01   03.44532000e+01   00.00000000e+00
  07.94836000e+01   05.88972000e+01   03.49327000e+01   07.64245000e-02
  07.99385000e+01   06.20531000e+01   04.02467000e+01  -04.66821000e-02
  07.44794000e+01   05.98085000e+01   04.22080000e+01   01.65461000e-02
  07.39305000e+01   05.69379000e+01   03.68656000e+01   05.49912000e-02
  08.16329000e+01   05.74487000e+01   03.33148000e+01   03.30200000e-04
  07.77213000e+01   05.51519000e+01   03.46320000e+01   04.02810000e-03
  08.34631000e+01   05.46073000e+01   03.46244000e+01   00.00000000e+00
  08.04301000e+01   05.97103000e+01   03.57650000e+01  -04.69336000e-02
  07.89470000e+01   06.22189000e+01   04.12212000e+01  -07.68710000e-03
  07.35604000e+01   05.90474000e+01   04.15055000e+01  -03.37389000e-02
  07.49069000e+01   05.70065000e+01   03.58721000e+01   03.64969000e-02
  08.30303000e+01   05.31324000e+01   03.47362000e+01   00.00000000e+00
  07.95274000e+01   05.99745000e+01   03.69736000e+01  -09.58259000e-02
  07.77240000e+01   06.14297000e+01   04.08016000e+01  -01.77941000e-01
  07.41496000e+01   05.88675000e+01   04.02129000e+01   06.74294000e-02
  07.59453000e+01   05.78919000e+01   03.63194000e+01   01.44326000e-01
  08.50038000e+01   05.48547000e+01   03.45368000e+01   00.00000000e+00
  08.54607000e+01   05.61532000e+01   03.52083000e+01   00.00000000e+00
  08.55476000e+01   05.61050000e+01   03.67982000e+01   00.00000000e+00
  08.54055000e+01   05.73680000e+01   03.75156000e+01   00.00000000e+00
  08.63971000e+01   05.83914000e+01   03.70474000e+01   00.00000000e+00
  08.55186000e+01   05.71394000e+01   03.90906000e+01   00.00000000e+00
  08.54388000e+01   05.84232000e+01   03.99382000e+01   00.00000000e+00
  08.50459000e+01   05.80366000e+01   04.14459000e+01   00.00000000e+00
  08.46668000e+01   05.92173000e+01   04.23794000e+01   00.00000000e+00
  08.58919000e+01   05.99557000e+01   04.29532000e+01   00.00000000e+00
  08.36453000e+01   05.87802000e+01   04.34316000e+01   00.00000000e+00
  08.21870000e+01   05.86243000e+01   04.29810000e+01   00.00000000e+00
  08.12718000e+01   05.81277000e+01   04.40832000e+01   00.00000000e+00
  07.98307000e+01   05.77887000e+01   04.36734000e+01   00.00000000e+00
  07.90016000e+01   05.73972000e+01   04.49298000e+01   00.00000000e+00
  07.91471000e+01   05.89483000e+01   04.29770000e+01   00.00000000e+00
  07.52909000e+01   05.96681000e+01   04.00879000e+01   03.65717000e-02
  07.67030000e+01   05.97137000e+01   03.84699000e+01  -06.37550000e-03
  07.26157000e+01   05.51564000e+01   03.74044000e+01   01.79582000e-02
  07.17419000e+01   05.65752000e+01   03.71034000e+01   01.23366000e-02
  07.25924000e+01   05.57337000e+01   03.57879000e+01   01.80857000e-02
  07.44491000e+01   06.11949000e+01   04.36691000e+01  -03.55350000e-03
  07.36979000e+01   05.96788000e+01   04.42258000e+01  -05.48890000e-03
  07.54103000e+01   05.97114000e+01   04.40905000e+01  -05.73590000e-03
  08.19523000e+01   06.25659000e+01   04.10469000e+01  -01.16015000e-02
  08.18536000e+01   06.19759000e+01   03.93449000e+01  -01.03548000e-02
  08.12634000e+01   06.35803000e+01   03.97565000e+01  -01.10806000e-02
  08.21221000e+01   05.86354000e+01   03.53030000e+01  -06.50300000e-03
  08.23618000e+01   05.96407000e+01   03.67531000e+01  -03.84930000e-03
  08.13654000e+01   05.81340000e+01   03.67572000e+01  -06.75510000e-03
  07.85071000e+01   05.34152000e+01   03.48985000e+01   06.96000000e-05
  07.88717000e+01   05.38527000e+01   03.32352000e+01  -02.56130000e-03
  07.97449000e+01   05.45170000e+01   03.47487000e+01  -08.86000000e-04
  07.33755000e+01   05.67397000e+01   04.30990000e+01   02.66600000e-04
  07.17565000e+01   05.63730000e+01   04.25759000e+01   02.07780000e-03
  07.30345000e+01   05.63766000e+01   04.13998000e+01   03.44650000e-03
  08.03857000e+01   06.33020000e+01   04.42145000e+01   02.98050000e-03
  08.09062000e+01   06.18112000e+01   04.30610000e+01  -05.01900000e-04
  08.00875000e+01   05.99404000e+01   03.16318000e+01  -05.40000000e-06
  08.12122000e+01   05.98635000e+01   03.30772000e+01  -02.73660000e-03
  07.19354000e+01   05.88333000e+01   04.29689000e+01   06.65000000e-04
  07.15612000e+01   05.85034000e+01   04.13823000e+01  -04.07950000e-03
  07.84022000e+01   05.87582000e+01   03.29665000e+01   01.58140000e-02
  07.89603000e+01   06.04052000e+01   03.34412000e+01   09.11190000e-03
  07.96298000e+01   05.91643000e+01   04.20345000e+01   00.00000000e+00
  07.81012000e+01   05.88358000e+01   04.28450000e+01   00.00000000e+00
  07.93250000e+01   05.97988000e+01   04.35978000e+01   00.00000000e+00
  07.79788000e+01   05.71580000e+01   04.47337000e+01   00.00000000e+00
  07.93863000e+01   05.65236000e+01   04.54212000e+01   00.00000000e+00
  07.90208000e+01   05.82045000e+01   04.57192000e+01   00.00000000e+00
  08.17255000e+01   05.71928000e+01   04.45035000e+01   00.00000000e+00
  08.12270000e+01   05.88843000e+01   04.49307000e+01   00.00000000e+00
  08.19121000e+01   05.95859000e+01   04.25449000e+01   00.00000000e+00
  08.21976000e+01   05.79911000e+01   04.20432000e+01   00.00000000e+00
  08.40419000e+01   05.78538000e+01   04.37290000e+01   00.00000000e+00
  08.36041000e+01   05.95439000e+01   04.42044000e+01   00.00000000e+00
  08.56782000e+01   06.08933000e+01   04.34469000e+01   00.00000000e+00
  08.63972000e+01   05.92673000e+01   04.35950000e+01   00.00000000e+00
  08.64295000e+01   06.02649000e+01   04.20564000e+01   00.00000000e+00
  08.40866000e+01   05.75199000e+01   04.14829000e+01   00.00000000e+00
  08.58587000e+01   05.75825000e+01   04.19520000e+01   00.00000000e+00
  08.64155000e+01   05.89127000e+01   03.99119000e+01   00.00000000e+00
  08.47163000e+01   05.91412000e+01   03.95764000e+01   00.00000000e+00
  08.47338000e+01   05.63746000e+01   03.93168000e+01   00.00000000e+00
  08.64295000e+01   05.66403000e+01   03.93732000e+01   00.00000000e+00
  07.27442000e+01   05.75286000e+01   03.93054000e+01   07.20400000e-04
  07.65835000e+01   06.14302000e+01   04.26076000e+01  -02.39543000e-02
  08.09377000e+01   06.11555000e+01   03.78244000e+01   04.89340000e-03
  07.63215000e+01   05.77160000e+01   03.32376000e+01  -02.28199000e-02
  07.84936000e+01   06.37352000e+01   04.27117000e+01  -01.51750000e-03
  08.62050000e+01   05.93463000e+01   03.75835000e+01   00.00000000e+00
  08.74246000e+01   05.81212000e+01   03.73437000e+01   00.00000000e+00
  08.63194000e+01   05.86856000e+01   03.59709000e+01   00.00000000e+00
  08.43813000e+01   05.77486000e+01   03.72482000e+01   00.00000000e+00
  08.48307000e+01   05.53635000e+01   03.71420000e+01   00.00000000e+00
  08.65132000e+01   05.57323000e+01   03.71218000e+01   00.00000000e+00
  08.64638000e+01   05.61746000e+01   03.48539000e+01   00.00000000e+00
  08.48223000e+01   05.70718000e+01   03.49304000e+01   00.00000000e+00
  08.56276000e+01   05.40780000e+01   03.50331000e+01   00.00000000e+00
  08.52813000e+01   05.50744000e+01   03.34619000e+01   00.00000000e+00
  08.36487000e+01   05.24516000e+01   03.41715000e+01   00.00000000e+00
  08.31084000e+01   05.29553000e+01   03.57833000e+01   00.00000000e+00
  08.19940000e+01   05.31023000e+01   03.44151000e+01   00.00000000e+00
  08.06471000e+01   06.05873000e+01   03.52462000e+01   05.57290000e-03
  07.98872000e+01   05.78967000e+01   03.49947000e+01  -01.28866000e-02
  08.21619000e+01   05.59750000e+01   03.53334000e+01   00.00000000e+00
  07.97379000e+01   05.69592000e+01   04.29464000e+01   00.00000000e+00
  08.41296000e+01   05.99041000e+01   04.16750000e+01   00.00000000e+00
  08.10079000e+01   05.55323000e+01   03.29532000e+01  -01.99830000e-03
  08.27548000e+01   05.59419000e+01   03.24003000e+01  -01.85290000e-03
