  07.83962000e+01   05.90169000e+01   03.35165000e+01  -06.11779000e-02
  07.90558000e+01   06.15193000e+01   04.29046000e+01   01.75852000e-02
  07.22804000e+01   05.76163000e+01   04.24705000e+01   01.01800000e-02
  07.41092000e+01   05.67820000e+01   03.44184000e+01  -01.32723000e-02
  07.75667000e+01   05.90250000e+01   03.69966000e+01  -04.57645000e-02
  07.95302000e+01   05.90249000e+01   03.24668000e+01   02.46758000e-02
  08.02361000e+01   06.16923000e+01   04.34959000e+01  -01.71993000e-02
  07.20743000e+01   05.60908000e+01   04.21854000e+01  -09.39340000e-03
  07.56431000e+01   05.70362000e+01   03.41830000e+01   07.66074000e-02
  07.76662000e+01   06.02532000e+01   03.96889000e+01   09.44338000e-02
  07.34265000e+01   05.63021000e+01   03.35870000e+01   01.54319000e-02
  07.98599000e+01   05.76172000e+01   03.19719000e+01  -01.56515000e-02
  07.64253000e+01   05.57796000e+01   03.39056000e+01  -02.00050000e-02
  07.48522000e+01   05.81627000e+01   03.75843000e+01  -08.09918000e-02
  07.66074000e+01   05.34082000e+01   03.39670000e+01   04.03650000e-03
  07.61655000e+01   05.77837000e+01   03.54903000e+01  -01.43447000e-01
  07.93072000e+01   06.05025000e+01   03.78651000e+01   01.23287000e-02
  07.65124000e+01   06.01777000e+01   04.18370000e+01   02.21683000e-01
  07.31238000e+01   05.77204000e+01   03.92869000e+01  -05.42921000e-02
  08.07911000e+01   05.83027000e+01   03.61939000e+01   02.66866000e-02
  08.09310000e+01   06.20447000e+01   04.01791000e+01   04.35609000e-02
  07.43968000e+01   05.94660000e+01   04.40632000e+01   02.36507000e-02
  07.15243000e+01   05.65630000e+01   03.67964000e+01  -06.09964000e-02
  08.06719000e+01   05.55708000e+01   03.26197000e+01   08.71130000e-03
  07.74165000e+01   05.83751000e+01   03.58197000e+01   01.26858000e-01
  07.88469000e+01   06.07178000e+01   03.91870000e+01  -03.45042000e-02
  07.53204000e+01   05.94765000e+01   04.15793000e+01  -02.04376000e-01
  07.35692000e+01   05.76767000e+01   03.79515000e+01   07.60142000e-02
  07.94275000e+01   05.71437000e+01   03.09608000e+01   05.08730000e-03
  07.74648000e+01   05.58177000e+01   03.32974000e+01   06.92200000e-04
  08.13680000e+01   05.49834000e+01   03.38447000e+01   00.00000000e+00
  07.86192000e+01   05.83170000e+01   03.49066000e+01   07.64245000e-02
  07.95791000e+01   06.13454000e+01   04.02853000e+01  -04.66821000e-02
  07.43674000e+01   05.91237000e+01   04.25633000e+01   01.65461000e-02
  07.28908000e+01   05.71060000e+01   03.68105000e+01   05.49912000e-02
  08.06813000e+01   05.70009000e+01   03.28631000e+01   03.30200000e-04
  07.58299000e+01   05.45980000e+01   03.43340000e+01   04.02810000e-03
  08.23207000e+01   05.40357000e+01   03.38823000e+01   00.00000000e+00
  07.95807000e+01   05.91057000e+01   03.57610000e+01  -04.69336000e-02
  07.88192000e+01   06.11521000e+01   04.14713000e+01  -07.68710000e-03
  07.35025000e+01   05.82551000e+01   04.18349000e+01  -03.37389000e-02
  07.38689000e+01   05.71685000e+01   03.57908000e+01   03.64969000e-02
  08.19027000e+01   05.25796000e+01   03.38465000e+01   00.00000000e+00
  07.87901000e+01   05.95928000e+01   03.69631000e+01  -09.58259000e-02
  07.75990000e+01   06.04812000e+01   04.10092000e+01  -01.77941000e-01
  07.38277000e+01   05.82567000e+01   04.03875000e+01   06.74294000e-02
  07.50525000e+01   05.77678000e+01   03.63470000e+01   01.44326000e-01
  08.38112000e+01   05.42907000e+01   03.37970000e+01   00.00000000e+00
  08.43561000e+01   05.53137000e+01   03.47408000e+01   00.00000000e+00
  08.42384000e+01   05.49585000e+01   03.62384000e+01   00.00000000e+00
  08.51105000e+01   05.59593000e+01   03.70482000e+01   00.00000000e+00
  08.66122000e+01   05.57380000e+01   03.69202000e+01   00.00000000e+00
  08.46413000e+01   05.58888000e+01   03.85722000e+01   00.00000000e+00
  08.32183000e+01   05.63945000e+01   03.89448000e+01   00.00000000e+00
  08.28657000e+01   05.63197000e+01   04.04687000e+01   00.00000000e+00
  08.14367000e+01   05.66460000e+01   04.09371000e+01   00.00000000e+00
  08.10019000e+01   05.81597000e+01   04.07094000e+01   00.00000000e+00
  08.13497000e+01   05.62782000e+01   04.24347000e+01   00.00000000e+00
  08.23399000e+01   05.70213000e+01   04.34200000e+01   00.00000000e+00
  08.23708000e+01   05.62599000e+01   04.47778000e+01   00.00000000e+00
  08.26071000e+01   05.73038000e+01   04.59812000e+01   00.00000000e+00
  08.23955000e+01   05.66640000e+01   04.73565000e+01   00.00000000e+00
  08.39514000e+01   05.79429000e+01   04.58420000e+01   00.00000000e+00
  07.50397000e+01   05.89389000e+01   04.03158000e+01   03.65717000e-02
  07.62192000e+01   05.92055000e+01   03.85807000e+01  -06.37550000e-03
  07.08607000e+01   05.73996000e+01   03.69544000e+01   01.79582000e-02
  07.13995000e+01   05.60900000e+01   03.58425000e+01   01.23366000e-02
  07.14131000e+01   05.57479000e+01   03.75635000e+01   01.80857000e-02
  07.44594000e+01   06.05560000e+01   04.41974000e+01  -03.55350000e-03
  07.34346000e+01   05.91490000e+01   04.45106000e+01  -05.48890000e-03
  07.53452000e+01   05.91617000e+01   04.45698000e+01  -05.73590000e-03
  08.16986000e+01   06.12984000e+01   04.03784000e+01  -01.16015000e-02
  08.10495000e+01   06.24552000e+01   03.92001000e+01  -01.03548000e-02
  08.11313000e+01   06.28974000e+01   04.08366000e+01  -01.10806000e-02
  08.14184000e+01   05.88588000e+01   03.68773000e+01  -06.50300000e-03
  08.04489000e+01   05.74750000e+01   03.67604000e+01  -03.84930000e-03
  08.14792000e+01   05.80195000e+01   03.53868000e+01  -06.75510000e-03
  07.62386000e+01   05.24696000e+01   03.43385000e+01   06.96000000e-05
  07.65924000e+01   05.32805000e+01   03.29031000e+01  -02.56130000e-03
  07.76411000e+01   05.34409000e+01   03.42677000e+01  -08.86000000e-04
  07.16053000e+01   05.61550000e+01   04.12231000e+01   02.66600000e-04
  07.30824000e+01   05.55918000e+01   04.21917000e+01   02.07780000e-03
  07.13105000e+01   05.56843000e+01   04.28279000e+01   03.44650000e-03
  08.02790000e+01   06.21536000e+01   04.44992000e+01   02.98050000e-03
  08.12120000e+01   06.13383000e+01   04.30593000e+01  -05.01900000e-04
  07.91095000e+01   05.95852000e+01   03.15880000e+01  -05.40000000e-06
  08.04457000e+01   05.94709000e+01   03.28698000e+01  -02.73660000e-03
  07.24439000e+01   05.76042000e+01   04.35528000e+01   06.65000000e-04
  07.13924000e+01   05.81360000e+01   04.21520000e+01  -04.07950000e-03
  07.76438000e+01   05.85008000e+01   03.29991000e+01   01.58140000e-02
  07.81239000e+01   06.00127000e+01   03.36476000e+01   09.11190000e-03
  08.40251000e+01   05.84142000e+01   04.48158000e+01   00.00000000e+00
  08.41181000e+01   05.87286000e+01   04.65635000e+01   00.00000000e+00
  08.47199000e+01   05.71567000e+01   04.59755000e+01   00.00000000e+00
  08.15720000e+01   05.59957000e+01   04.73312000e+01   00.00000000e+00
  08.33524000e+01   05.61692000e+01   04.75921000e+01   00.00000000e+00
  08.21298000e+01   05.75351000e+01   04.80400000e+01   00.00000000e+00
  08.14129000e+01   05.58267000e+01   04.49265000e+01   00.00000000e+00
  08.31980000e+01   05.55162000e+01   04.47905000e+01   00.00000000e+00
  08.32696000e+01   05.71314000e+01   04.29027000e+01   00.00000000e+00
  08.19723000e+01   05.79960000e+01   04.36028000e+01   00.00000000e+00
  08.03673000e+01   05.65175000e+01   04.27786000e+01   00.00000000e+00
  08.16516000e+01   05.52326000e+01   04.24716000e+01   00.00000000e+00
  07.99727000e+01   05.83736000e+01   04.08179000e+01   00.00000000e+00
  08.16489000e+01   05.87821000e+01   04.13982000e+01   00.00000000e+00
  08.12776000e+01   05.84033000e+01   03.96583000e+01   00.00000000e+00
  08.29968000e+01   05.52942000e+01   04.07385000e+01   00.00000000e+00
  08.35295000e+01   05.70219000e+01   04.10003000e+01   00.00000000e+00
  08.30431000e+01   05.74329000e+01   03.86366000e+01   00.00000000e+00
  08.24266000e+01   05.56868000e+01   03.85823000e+01   00.00000000e+00
  08.48794000e+01   05.48438000e+01   03.88600000e+01   00.00000000e+00
  08.52798000e+01   05.65355000e+01   03.91872000e+01   00.00000000e+00
  07.21650000e+01   05.72591000e+01   03.95514000e+01   07.20400000e-04
  07.65205000e+01   06.06123000e+01   04.28000000e+01  -02.39543000e-02
  08.03085000e+01   06.08265000e+01   03.76534000e+01   04.89340000e-03
  07.56277000e+01   05.76456000e+01   03.32465000e+01  -02.28199000e-02
  07.81600000e+01   06.16629000e+01   04.35507000e+01  -01.51750000e-03
  08.70099000e+01   05.58237000e+01   03.59360000e+01   00.00000000e+00
  08.71815000e+01   05.63438000e+01   03.76464000e+01   00.00000000e+00
  08.67852000e+01   05.46128000e+01   03.71170000e+01   00.00000000e+00
  08.47684000e+01   05.69608000e+01   03.68458000e+01   00.00000000e+00
  08.31457000e+01   05.51895000e+01   03.63979000e+01   00.00000000e+00
  08.43068000e+01   05.38860000e+01   03.63863000e+01   00.00000000e+00
  08.54321000e+01   05.54014000e+01   03.44082000e+01   00.00000000e+00
  08.38312000e+01   05.62795000e+01   03.46206000e+01   00.00000000e+00
  08.43994000e+01   05.34233000e+01   03.40480000e+01   00.00000000e+00
  08.40434000e+01   05.46723000e+01   03.27662000e+01   00.00000000e+00
  08.08275000e+01   05.24880000e+01   03.38865000e+01   00.00000000e+00
  08.22823000e+01   05.22559000e+01   03.28414000e+01   00.00000000e+00
  08.24664000e+01   05.20209000e+01   03.46013000e+01   00.00000000e+00
  07.98538000e+01   06.00495000e+01   03.53290000e+01   05.57290000e-03
  07.89142000e+01   05.72745000e+01   03.47115000e+01  -01.28866000e-02
  08.10018000e+01   05.53794000e+01   03.47390000e+01   00.00000000e+00
  08.18234000e+01   05.80412000e+01   04.58791000e+01   00.00000000e+00
  08.06429000e+01   05.61049000e+01   04.04290000e+01   00.00000000e+00
  07.96469000e+01   05.52884000e+01   03.25928000e+01  -01.99830000e-03
  08.11956000e+01   05.53062000e+01   03.17144000e+01  -01.85290000e-03
