  08.02376000e+01   05.83624000e+01   03.43111000e+01  -06.11779000e-02
  08.01539000e+01   06.27238000e+01   04.29415000e+01   01.75852000e-02
  07.34734000e+01   05.80745000e+01   04.27896000e+01   01.01800000e-02
  07.61593000e+01   05.59256000e+01   03.55119000e+01  -01.32723000e-02
  07.92058000e+01   05.89734000e+01   03.77238000e+01  -04.57645000e-02
  08.14680000e+01   05.85419000e+01   03.34087000e+01   02.46758000e-02
  07.96012000e+01   06.25748000e+01   04.41784000e+01  -01.71993000e-02
  07.36732000e+01   05.65628000e+01   04.30090000e+01  -09.39340000e-03
  07.75054000e+01   05.65609000e+01   03.52121000e+01   07.66074000e-02
  07.90429000e+01   06.04300000e+01   04.01984000e+01   09.44338000e-02
  07.56488000e+01   05.50085000e+01   03.48623000e+01   01.54319000e-02
  08.20830000e+01   05.72202000e+01   03.30055000e+01  -01.56515000e-02
  07.84661000e+01   05.54148000e+01   03.49707000e+01  -02.00050000e-02
  07.63930000e+01   05.80202000e+01   03.82741000e+01  -08.09918000e-02
  07.94619000e+01   05.33542000e+01   03.57111000e+01   04.03650000e-03
  07.78023000e+01   05.75324000e+01   03.63652000e+01  -01.43447000e-01
  08.09899000e+01   06.02855000e+01   03.87031000e+01   01.23287000e-02
  07.76844000e+01   06.08827000e+01   04.22098000e+01   02.21683000e-01
  07.46115000e+01   05.78438000e+01   03.99741000e+01  -05.42921000e-02
  08.24298000e+01   05.79007000e+01   03.71414000e+01   02.66866000e-02
  08.23456000e+01   06.24124000e+01   04.05678000e+01   04.35609000e-02
  07.50736000e+01   06.05875000e+01   04.41690000e+01   02.36507000e-02
  07.34596000e+01   05.57671000e+01   03.78312000e+01  -06.09964000e-02
  08.30589000e+01   05.52681000e+01   03.39206000e+01   08.71130000e-03
  07.90037000e+01   05.81777000e+01   03.66557000e+01   01.26858000e-01
  08.03502000e+01   06.07304000e+01   03.97925000e+01  -03.45042000e-02
  07.65597000e+01   06.01279000e+01   04.19529000e+01  -02.04376000e-01
  07.51674000e+01   05.74997000e+01   03.87113000e+01   07.60142000e-02
  08.21786000e+01   05.67239000e+01   03.19095000e+01   05.08730000e-03
  07.89578000e+01   05.52856000e+01   03.38741000e+01   06.92200000e-04
  08.34340000e+01   05.47622000e+01   03.52972000e+01   00.00000000e+00
  08.03020000e+01   05.79561000e+01   03.57532000e+01   07.64245000e-02
  08.09105000e+01   06.17861000e+01   04.06870000e+01  -04.66821000e-02
  07.54262000e+01   05.98700000e+01   04.28602000e+01   01.65461000e-02
  07.46945000e+01   05.65477000e+01   03.77212000e+01   05.49912000e-02
  08.25859000e+01   05.66314000e+01   03.41311000e+01   03.30200000e-04
  07.86910000e+01   05.45363000e+01   03.59849000e+01   04.02810000e-03
  08.45568000e+01   05.41644000e+01   03.56313000e+01   00.00000000e+00
  08.12829000e+01   05.88206000e+01   03.65350000e+01  -04.69336000e-02
  07.99687000e+01   06.18567000e+01   04.17815000e+01  -07.68710000e-03
  07.47095000e+01   05.87802000e+01   04.22647000e+01  -03.37389000e-02
  07.57165000e+01   05.65633000e+01   03.67396000e+01   03.64969000e-02
  08.47767000e+01   05.26771000e+01   03.56428000e+01   00.00000000e+00
  08.04518000e+01   05.94069000e+01   03.77272000e+01  -09.58259000e-02
  07.88376000e+01   06.10077000e+01   04.14474000e+01  -01.77941000e-01
  07.52153000e+01   05.86556000e+01   04.09953000e+01   06.74294000e-02
  07.66888000e+01   05.74062000e+01   03.71206000e+01   01.44326000e-01
  08.57496000e+01   05.51368000e+01   03.60032000e+01   00.00000000e+00
  08.63587000e+01   05.51448000e+01   03.74130000e+01   00.00000000e+00
  08.73400000e+01   05.62674000e+01   03.75024000e+01   00.00000000e+00
  08.81474000e+01   05.63964000e+01   03.88321000e+01   00.00000000e+00
  08.90121000e+01   05.51041000e+01   03.90137000e+01   00.00000000e+00
  08.72826000e+01   05.68270000e+01   03.99968000e+01   00.00000000e+00
  08.79938000e+01   05.73088000e+01   04.12658000e+01   00.00000000e+00
  08.73239000e+01   05.83657000e+01   04.20828000e+01   00.00000000e+00
  08.81542000e+01   05.90137000e+01   04.31648000e+01   00.00000000e+00
  08.89127000e+01   05.78993000e+01   04.40110000e+01   00.00000000e+00
  08.72986000e+01   05.99620000e+01   04.41141000e+01   00.00000000e+00
  08.80892000e+01   06.06920000e+01   04.51932000e+01   00.00000000e+00
  08.73227000e+01   06.17617000e+01   04.59407000e+01   00.00000000e+00
  08.61673000e+01   06.14491000e+01   04.69839000e+01   00.00000000e+00
  08.65320000e+01   06.03578000e+01   04.79939000e+01   00.00000000e+00
  08.58097000e+01   06.27582000e+01   04.77083000e+01   00.00000000e+00
  07.63143000e+01   05.94462000e+01   04.07933000e+01   03.65717000e-02
  07.76878000e+01   05.93442000e+01   03.91432000e+01  -06.37550000e-03
  07.32388000e+01   05.53934000e+01   03.88107000e+01   01.79582000e-02
  07.25757000e+01   05.63951000e+01   03.76357000e+01   01.23366000e-02
  07.34118000e+01   05.48778000e+01   03.71536000e+01   01.80857000e-02
  07.40419000e+01   06.09179000e+01   04.39354000e+01  -03.55350000e-03
  07.51067000e+01   05.98910000e+01   04.49944000e+01  -05.48890000e-03
  07.55479000e+01   06.14978000e+01   04.43776000e+01  -05.73590000e-03
  08.30378000e+01   06.16894000e+01   04.00869000e+01  -01.16015000e-02
  08.23467000e+01   06.32410000e+01   03.99209000e+01  -01.03548000e-02
  08.27968000e+01   06.27957000e+01   04.15084000e+01  -01.10806000e-02
  08.29497000e+01   05.85491000e+01   03.78306000e+01  -06.50300000e-03
  08.19498000e+01   05.70653000e+01   03.77739000e+01  -03.84930000e-03
  08.30268000e+01   05.75639000e+01   03.63498000e+01  -06.75510000e-03
  07.95321000e+01   05.26708000e+01   03.65568000e+01   06.96000000e-05
  07.91895000e+01   05.27721000e+01   03.48097000e+01  -02.56130000e-03
  08.04668000e+01   05.37103000e+01   03.55230000e+01  -08.86000000e-04
  07.43961000e+01   05.64399000e+01   04.37175000e+01   02.66600000e-04
  07.27340000e+01   05.60429000e+01   04.32593000e+01   02.07780000e-03
  07.40423000e+01   05.61492000e+01   04.20526000e+01   03.44650000e-03
  07.98172000e+01   06.34129000e+01   04.48824000e+01   02.98050000e-03
  07.90009000e+01   06.17788000e+01   04.46264000e+01  -05.01900000e-04
  08.11604000e+01   05.89783000e+01   03.24335000e+01  -05.40000000e-06
  08.21950000e+01   05.92586000e+01   03.37727000e+01  -02.73660000e-03
  07.32077000e+01   05.83771000e+01   04.38445000e+01   06.65000000e-04
  07.26033000e+01   05.83138000e+01   04.21572000e+01  -04.07950000e-03
  07.95188000e+01   05.77567000e+01   03.38521000e+01   01.58140000e-02
  07.97834000e+01   05.93394000e+01   03.42026000e+01   09.11190000e-03
  08.65183000e+01   06.29152000e+01   04.84714000e+01   00.00000000e+00
  08.57224000e+01   06.35815000e+01   04.70286000e+01   00.00000000e+00
  08.48774000e+01   06.25735000e+01   04.82943000e+01   00.00000000e+00
  08.74154000e+01   06.06013000e+01   04.85524000e+01   00.00000000e+00
  08.56798000e+01   06.03359000e+01   04.87111000e+01   00.00000000e+00
  08.67774000e+01   05.94124000e+01   04.74929000e+01   00.00000000e+00
  08.81050000e+01   06.23850000e+01   04.64251000e+01   00.00000000e+00
  08.68224000e+01   06.24165000e+01   04.52218000e+01   00.00000000e+00
  08.83135000e+01   05.98683000e+01   04.58998000e+01   00.00000000e+00
  08.90723000e+01   06.09809000e+01   04.47476000e+01   00.00000000e+00
  08.68653000e+01   06.06755000e+01   04.33689000e+01   00.00000000e+00
  08.64906000e+01   05.94689000e+01   04.45981000e+01   00.00000000e+00
  08.94752000e+01   05.82530000e+01   04.49410000e+01   00.00000000e+00
  08.80988000e+01   05.72250000e+01   04.42781000e+01   00.00000000e+00
  08.96431000e+01   05.73716000e+01   04.33362000e+01   00.00000000e+00
  08.70336000e+01   05.91515000e+01   04.14820000e+01   00.00000000e+00
  08.64472000e+01   05.79508000e+01   04.25591000e+01   00.00000000e+00
  08.84059000e+01   05.64867000e+01   04.17893000e+01   00.00000000e+00
  08.90003000e+01   05.77255000e+01   04.09179000e+01   00.00000000e+00
  08.68177000e+01   05.77080000e+01   03.95284000e+01   00.00000000e+00
  08.65209000e+01   05.61666000e+01   04.02176000e+01   00.00000000e+00
  07.36580000e+01   05.73564000e+01   04.03338000e+01   07.20400000e-04
  07.75487000e+01   06.15287000e+01   04.31161000e+01  -02.39543000e-02
  08.19620000e+01   06.07500000e+01   03.84162000e+01   04.89340000e-03
  07.74265000e+01   05.71241000e+01   03.42836000e+01  -02.28199000e-02
  08.06869000e+01   06.36275000e+01   04.26668000e+01  -01.51750000e-03
  08.97719000e+01   05.52485000e+01   03.98191000e+01   00.00000000e+00
  08.84398000e+01   05.42829000e+01   03.93040000e+01   00.00000000e+00
  08.95775000e+01   05.48116000e+01   03.81680000e+01   00.00000000e+00
  08.89119000e+01   05.71394000e+01   03.86526000e+01   00.00000000e+00
  08.80695000e+01   05.62216000e+01   03.66624000e+01   00.00000000e+00
  08.69081000e+01   05.72768000e+01   03.73098000e+01   00.00000000e+00
  08.55570000e+01   05.52742000e+01   03.81532000e+01   00.00000000e+00
  08.68721000e+01   05.41565000e+01   03.75838000e+01   00.00000000e+00
  08.65890000e+01   05.51297000e+01   03.51846000e+01   00.00000000e+00
  08.54235000e+01   05.62194000e+01   03.59750000e+01   00.00000000e+00
  08.39018000e+01   05.21386000e+01   03.54394000e+01   00.00000000e+00
  08.55710000e+01   05.23184000e+01   03.50646000e+01   00.00000000e+00
  08.48566000e+01   05.24619000e+01   03.67395000e+01   00.00000000e+00
  08.18091000e+01   05.95714000e+01   03.59300000e+01   05.57290000e-03
  08.05636000e+01   05.69120000e+01   03.57996000e+01  -01.28866000e-02
  08.27860000e+01   05.50977000e+01   03.61175000e+01   00.00000000e+00
  08.52695000e+01   06.11827000e+01   04.63874000e+01   00.00000000e+00
  08.88998000e+01   05.96395000e+01   04.26749000e+01   00.00000000e+00
  08.22038000e+01   05.45594000e+01   03.36217000e+01  -01.99830000e-03
  08.39434000e+01   05.52198000e+01   03.32708000e+01  -01.85290000e-03
