  07.98016000e+01   05.84057000e+01   03.39570000e+01  -06.11779000e-02
  08.03452000e+01   06.21752000e+01   04.29320000e+01   01.75852000e-02
  07.34425000e+01   05.81874000e+01   04.29017000e+01   01.01800000e-02
  07.58339000e+01   05.56816000e+01   03.54053000e+01  -01.32723000e-02
  07.90763000e+01   05.86450000e+01   03.74573000e+01  -04.57645000e-02
  08.09068000e+01   05.83441000e+01   03.29879000e+01   02.46758000e-02
  08.15241000e+01   06.23145000e+01   04.36157000e+01  -01.71993000e-02
  07.32335000e+01   05.67155000e+01   04.27829000e+01  -09.39340000e-03
  07.72148000e+01   05.62553000e+01   03.50283000e+01   07.66074000e-02
  07.91627000e+01   06.02477000e+01   03.99456000e+01   09.44338000e-02
  07.52093000e+01   05.49087000e+01   03.46700000e+01   01.54319000e-02
  08.14545000e+01   05.69597000e+01   03.25923000e+01  -01.56515000e-02
  07.81502000e+01   05.50683000e+01   03.49766000e+01  -02.00050000e-02
  07.62894000e+01   05.78157000e+01   03.81589000e+01  -08.09918000e-02
  07.89913000e+01   05.31678000e+01   03.59648000e+01   04.03650000e-03
  07.76202000e+01   05.72179000e+01   03.61372000e+01  -01.43447000e-01
  08.09077000e+01   06.00500000e+01   03.83042000e+01   01.23287000e-02
  07.79938000e+01   06.04450000e+01   04.21064000e+01   02.21683000e-01
  07.44857000e+01   05.77769000e+01   03.98221000e+01  -05.42921000e-02
  08.23701000e+01   05.78606000e+01   03.67091000e+01   02.66866000e-02
  08.24176000e+01   06.19764000e+01   04.02829000e+01   04.35609000e-02
  07.58691000e+01   06.00754000e+01   04.42968000e+01   02.36507000e-02
  07.31465000e+01   05.57939000e+01   03.75624000e+01  -06.09964000e-02
  08.32150000e+01   05.54118000e+01   03.31889000e+01   08.71130000e-03
  07.88254000e+01   05.79801000e+01   03.62817000e+01   01.26858000e-01
  08.03907000e+01   06.05779000e+01   03.95551000e+01  -03.45042000e-02
  07.67949000e+01   05.97199000e+01   04.18877000e+01  -02.04376000e-01
  07.49878000e+01   05.74711000e+01   03.84958000e+01   07.60142000e-02
  08.12577000e+01   05.63351000e+01   03.15388000e+01   05.08730000e-03
  07.88432000e+01   05.47252000e+01   03.39737000e+01   06.92200000e-04
  08.37124000e+01   05.47002000e+01   03.44080000e+01   00.00000000e+00
  08.00751000e+01   05.79201000e+01   03.54100000e+01   07.64245000e-02
  08.10540000e+01   06.13399000e+01   04.05936000e+01  -04.66821000e-02
  07.57108000e+01   05.95746000e+01   04.28597000e+01   01.65461000e-02
  07.44614000e+01   05.65097000e+01   03.75466000e+01   05.49912000e-02
  08.23661000e+01   05.65414000e+01   03.35150000e+01   03.30200000e-04
  07.81944000e+01   05.43650000e+01   03.61575000e+01   04.02810000e-03
  08.47978000e+01   05.39485000e+01   03.45984000e+01   00.00000000e+00
  08.11736000e+01   05.86810000e+01   03.62492000e+01  -04.69336000e-02
  08.01794000e+01   06.14806000e+01   04.16600000e+01  -07.68710000e-03
  07.46753000e+01   05.88124000e+01   04.22096000e+01  -03.37389000e-02
  07.55032000e+01   05.63736000e+01   03.66049000e+01   03.64969000e-02
  08.48238000e+01   05.24496000e+01   03.44584000e+01   00.00000000e+00
  08.03519000e+01   05.92466000e+01   03.73859000e+01  -09.58259000e-02
  07.90624000e+01   06.07156000e+01   04.12419000e+01  -01.77941000e-01
  07.51412000e+01   05.85093000e+01   04.08116000e+01   06.74294000e-02
  07.65490000e+01   05.72130000e+01   03.69992000e+01   01.44326000e-01
  08.60529000e+01   05.44207000e+01   03.52098000e+01   00.00000000e+00
  08.60109000e+01   05.51219000e+01   03.65469000e+01   00.00000000e+00
  08.73706000e+01   05.57333000e+01   03.70717000e+01   00.00000000e+00
  08.72731000e+01   05.66530000e+01   03.83027000e+01   00.00000000e+00
  08.61103000e+01   05.76269000e+01   03.81751000e+01   00.00000000e+00
  08.86839000e+01   05.73347000e+01   03.86759000e+01   00.00000000e+00
  08.88212000e+01   05.78678000e+01   04.00392000e+01   00.00000000e+00
  08.91568000e+01   05.68361000e+01   04.10706000e+01   00.00000000e+00
  08.97654000e+01   05.74126000e+01   04.23944000e+01   00.00000000e+00
  09.00089000e+01   05.62255000e+01   04.34312000e+01   00.00000000e+00
  08.92710000e+01   05.87001000e+01   04.29829000e+01   00.00000000e+00
  08.77923000e+01   05.86562000e+01   04.35030000e+01   00.00000000e+00
  08.75100000e+01   05.96782000e+01   04.45634000e+01   00.00000000e+00
  08.60510000e+01   05.97465000e+01   04.51147000e+01   00.00000000e+00
  08.60322000e+01   06.07545000e+01   04.63586000e+01   00.00000000e+00
  08.49103000e+01   05.99860000e+01   04.41097000e+01   00.00000000e+00
  07.63746000e+01   05.91586000e+01   04.06605000e+01   03.65717000e-02
  07.76716000e+01   05.90401000e+01   03.90073000e+01  -06.37550000e-03
  07.32085000e+01   05.47241000e+01   03.73371000e+01   01.79582000e-02
  07.27575000e+01   05.58972000e+01   03.86181000e+01   01.23366000e-02
  07.23557000e+01   05.62761000e+01   03.69356000e+01   01.80857000e-02
  07.68092000e+01   05.97680000e+01   04.47489000e+01  -03.55350000e-03
  07.59398000e+01   06.11404000e+01   04.41513000e+01  -05.48890000e-03
  07.49997000e+01   05.97459000e+01   04.48776000e+01  -05.73590000e-03
  08.31621000e+01   06.12754000e+01   04.02757000e+01  -01.16015000e-02
  08.25334000e+01   06.25667000e+01   03.92846000e+01  -01.03548000e-02
  08.26705000e+01   06.26841000e+01   04.10527000e+01  -01.10806000e-02
  08.20958000e+01   05.70682000e+01   03.73933000e+01  -06.50300000e-03
  08.27664000e+01   05.73833000e+01   03.57888000e+01  -03.84930000e-03
  08.31619000e+01   05.84511000e+01   03.71203000e+01  -06.75510000e-03
  07.85551000e+01   05.26834000e+01   03.50805000e+01   06.96000000e-05
  08.00373000e+01   05.33890000e+01   03.57750000e+01  -02.56130000e-03
  07.88839000e+01   05.25277000e+01   03.68294000e+01  -08.86000000e-04
  07.25166000e+01   05.62454000e+01   04.34117000e+01   02.66600000e-04
  07.28339000e+01   05.64316000e+01   04.17961000e+01   02.07780000e-03
  07.41627000e+01   05.62076000e+01   04.29211000e+01   03.44650000e-03
  08.15726000e+01   06.27280000e+01   04.46366000e+01   02.98050000e-03
  08.24875000e+01   06.18877000e+01   04.32275000e+01  -05.01900000e-04
  08.05521000e+01   05.87751000e+01   03.20292000e+01  -05.40000000e-06
  08.17737000e+01   05.88549000e+01   03.32495000e+01  -02.73660000e-03
  07.35291000e+01   05.83852000e+01   04.39548000e+01   06.65000000e-04
  07.25630000e+01   05.86490000e+01   04.24367000e+01  -04.07950000e-03
  07.89649000e+01   05.77591000e+01   03.36416000e+01   01.58140000e-02
  07.92654000e+01   05.93672000e+01   03.40750000e+01   09.11190000e-03
  08.50760000e+01   06.08510000e+01   04.34644000e+01   00.00000000e+00
  08.49374000e+01   05.90572000e+01   04.34781000e+01   00.00000000e+00
  08.39631000e+01   06.02211000e+01   04.46148000e+01   00.00000000e+00
  08.62695000e+01   06.18155000e+01   04.60768000e+01   00.00000000e+00
  08.50569000e+01   06.07940000e+01   04.68065000e+01   00.00000000e+00
  08.68002000e+01   06.04703000e+01   04.70844000e+01   00.00000000e+00
  08.82093000e+01   05.95149000e+01   04.53831000e+01   00.00000000e+00
  08.76425000e+01   06.06944000e+01   04.41975000e+01   00.00000000e+00
  08.72422000e+01   05.87845000e+01   04.25866000e+01   00.00000000e+00
  08.75961000e+01   05.76370000e+01   04.39099000e+01   00.00000000e+00
  09.00476000e+01   05.90384000e+01   04.37445000e+01   00.00000000e+00
  08.93068000e+01   05.95165000e+01   04.22394000e+01   00.00000000e+00
  09.00004000e+01   05.52506000e+01   04.29160000e+01   00.00000000e+00
  09.09058000e+01   05.62067000e+01   04.39735000e+01   00.00000000e+00
  08.92415000e+01   05.62733000e+01   04.42355000e+01   00.00000000e+00
  08.83082000e+01   05.63004000e+01   04.14070000e+01   00.00000000e+00
  08.98482000e+01   05.61170000e+01   04.06433000e+01   00.00000000e+00
  08.96312000e+01   05.85446000e+01   04.00482000e+01   00.00000000e+00
  08.79846000e+01   05.84198000e+01   04.02759000e+01   00.00000000e+00
  08.94981000e+01   05.67360000e+01   03.84110000e+01   00.00000000e+00
  08.87965000e+01   05.82183000e+01   03.81135000e+01   00.00000000e+00
  07.35368000e+01   05.74378000e+01   04.02008000e+01   07.20400000e-04
  07.79874000e+01   06.10224000e+01   04.30139000e+01  -02.39543000e-02
  08.18970000e+01   06.05171000e+01   03.80889000e+01   04.89340000e-03
  07.72078000e+01   05.67683000e+01   03.40368000e+01  -02.28199000e-02
  07.93787000e+01   06.25262000e+01   04.35092000e+01  -01.51750000e-03
  08.60327000e+01   05.80543000e+01   03.91396000e+01   00.00000000e+00
  08.63499000e+01   05.84322000e+01   03.74806000e+01   00.00000000e+00
  08.51469000e+01   05.71952000e+01   03.79172000e+01   00.00000000e+00
  08.71036000e+01   05.59424000e+01   03.90764000e+01   00.00000000e+00
  08.81254000e+01   05.49866000e+01   03.72577000e+01   00.00000000e+00
  08.77661000e+01   05.62961000e+01   03.61883000e+01   00.00000000e+00
  08.52307000e+01   05.59158000e+01   03.64888000e+01   00.00000000e+00
  08.56392000e+01   05.43852000e+01   03.72113000e+01   00.00000000e+00
  08.67730000e+01   05.36373000e+01   03.53066000e+01   00.00000000e+00
  08.64267000e+01   05.52354000e+01   03.46534000e+01   00.00000000e+00
  08.40239000e+01   05.21684000e+01   03.37617000e+01   00.00000000e+00
  08.57480000e+01   05.21563000e+01   03.41317000e+01   00.00000000e+00
  08.46673000e+01   05.17837000e+01   03.52912000e+01   00.00000000e+00
  08.15312000e+01   05.94592000e+01   03.56614000e+01   05.57290000e-03
  08.03631000e+01   05.68553000e+01   03.53511000e+01  -01.28866000e-02
  08.32403000e+01   05.49636000e+01   03.53491000e+01   00.00000000e+00
  08.57962000e+01   05.87235000e+01   04.55209000e+01   00.00000000e+00
  09.08169000e+01   05.76170000e+01   04.20564000e+01   00.00000000e+00
  08.26702000e+01   05.46906000e+01   03.25987000e+01  -01.99830000e-03
  08.41312000e+01   05.58080000e+01   03.26921000e+01  -01.85290000e-03
