  07.99751000e+01   05.93796000e+01   03.45238000e+01  -06.11779000e-02
  07.97023000e+01   06.25737000e+01   04.38707000e+01   01.75852000e-02
  07.27076000e+01   05.89396000e+01   04.28628000e+01   01.01800000e-02
  07.55440000e+01   05.69577000e+01   03.53858000e+01  -01.32723000e-02
  07.88057000e+01   05.95832000e+01   03.79570000e+01  -04.57645000e-02
  08.12038000e+01   05.90995000e+01   03.36587000e+01   02.46758000e-02
  08.08398000e+01   06.26928000e+01   04.45694000e+01  -01.71993000e-02
  07.26337000e+01   05.74492000e+01   04.30599000e+01  -09.39340000e-03
  07.70529000e+01   05.74730000e+01   03.52139000e+01   07.66074000e-02
  07.86274000e+01   06.10220000e+01   04.06305000e+01   09.44338000e-02
  07.49757000e+01   05.62748000e+01   03.45338000e+01   01.54319000e-02
  08.15907000e+01   05.76135000e+01   03.33583000e+01  -01.56515000e-02
  07.80117000e+01   05.62603000e+01   03.49551000e+01  -02.00050000e-02
  07.59817000e+01   05.87501000e+01   03.84874000e+01  -08.09918000e-02
  07.84006000e+01   05.39184000e+01   03.56300000e+01   04.03650000e-03
  07.74157000e+01   05.83436000e+01   03.64478000e+01  -01.43447000e-01
  08.05354000e+01   06.07338000e+01   03.92083000e+01   01.23287000e-02
  07.71746000e+01   06.12564000e+01   04.25724000e+01   02.21683000e-01
  07.40698000e+01   05.85103000e+01   04.00229000e+01  -05.42921000e-02
  08.20299000e+01   05.86815000e+01   03.74393000e+01   02.66866000e-02
  08.19895000e+01   06.25364000e+01   04.13847000e+01   04.35609000e-02
  07.47203000e+01   06.09548000e+01   04.45902000e+01   02.36507000e-02
  07.29627000e+01   05.66755000e+01   03.76646000e+01  -06.09964000e-02
  08.23295000e+01   05.55769000e+01   03.41723000e+01   08.71130000e-03
  07.86215000e+01   05.89839000e+01   03.66998000e+01   01.26858000e-01
  07.98380000e+01   06.13352000e+01   04.02616000e+01  -03.45042000e-02
  07.60125000e+01   06.06453000e+01   04.22279000e+01  -02.04376000e-01
  07.47475000e+01   05.82328000e+01   03.88354000e+01   07.60142000e-02
  08.15405000e+01   05.70705000e+01   03.22306000e+01   05.08730000e-03
  07.89279000e+01   05.61950000e+01   03.41385000e+01   06.92200000e-04
  08.29176000e+01   05.49558000e+01   03.54174000e+01   00.00000000e+00
  07.99541000e+01   05.89287000e+01   03.59476000e+01   07.64245000e-02
  08.05137000e+01   06.20478000e+01   04.13835000e+01  -04.66821000e-02
  07.48560000e+01   06.03721000e+01   04.31438000e+01   01.65461000e-02
  07.42678000e+01   05.73992000e+01   03.77652000e+01   05.49912000e-02
  08.20415000e+01   05.69785000e+01   03.44713000e+01   03.30200000e-04
  07.76889000e+01   05.52343000e+01   03.57878000e+01   04.02810000e-03
  08.36674000e+01   05.37946000e+01   03.53396000e+01   00.00000000e+00
  08.09172000e+01   05.95867000e+01   03.68947000e+01  -04.69336000e-02
  07.95862000e+01   06.20786000e+01   04.24516000e+01  -07.68710000e-03
  07.40405000e+01   05.94956000e+01   04.24002000e+01  -03.37389000e-02
  07.52492000e+01   05.74098000e+01   03.68036000e+01   03.64969000e-02
  08.31043000e+01   05.23623000e+01   03.53837000e+01   00.00000000e+00
  08.00337000e+01   05.99866000e+01   03.81265000e+01  -09.58259000e-02
  07.83796000e+01   06.14679000e+01   04.19254000e+01  -01.77941000e-01
  07.46027000e+01   05.93106000e+01   04.10579000e+01   06.74294000e-02
  07.62924000e+01   05.82466000e+01   03.72773000e+01   01.44326000e-01
  08.51427000e+01   05.37565000e+01   03.49269000e+01   00.00000000e+00
  08.59141000e+01   05.50531000e+01   03.53867000e+01   00.00000000e+00
  08.60526000e+01   05.51016000e+01   03.68958000e+01   00.00000000e+00
  08.65046000e+01   05.64252000e+01   03.74842000e+01   00.00000000e+00
  08.76528000e+01   05.71782000e+01   03.66368000e+01   00.00000000e+00
  08.68210000e+01   05.62021000e+01   03.90634000e+01   00.00000000e+00
  08.71262000e+01   05.75345000e+01   03.98035000e+01   00.00000000e+00
  08.66235000e+01   05.74783000e+01   04.12425000e+01   00.00000000e+00
  08.64033000e+01   05.87576000e+01   04.20172000e+01   00.00000000e+00
  08.78163000e+01   05.95064000e+01   04.21247000e+01   00.00000000e+00
  08.59443000e+01   05.83387000e+01   04.34248000e+01   00.00000000e+00
  08.55545000e+01   05.95196000e+01   04.42965000e+01   00.00000000e+00
  08.51112000e+01   05.90980000e+01   04.56948000e+01   00.00000000e+00
  08.48554000e+01   06.02666000e+01   04.66716000e+01   00.00000000e+00
  08.35486000e+01   06.10072000e+01   04.64302000e+01   00.00000000e+00
  08.49662000e+01   05.97983000e+01   04.81401000e+01   00.00000000e+00
  07.57962000e+01   06.00718000e+01   04.09952000e+01   03.65717000e-02
  07.72344000e+01   06.00104000e+01   03.94206000e+01  -06.37550000e-03
  07.22167000e+01   05.73605000e+01   03.74063000e+01   01.79582000e-02
  07.29936000e+01   05.59452000e+01   03.68238000e+01   01.23366000e-02
  07.27881000e+01   05.61005000e+01   03.85575000e+01   01.80857000e-02
  07.57459000e+01   06.09674000e+01   04.49392000e+01  -03.55350000e-03
  07.42499000e+01   06.19180000e+01   04.47025000e+01  -05.48890000e-03
  07.41424000e+01   06.03514000e+01   04.52915000e+01  -05.73590000e-03
  08.20644000e+01   06.29441000e+01   04.03695000e+01  -01.16015000e-02
  08.22605000e+01   06.33159000e+01   04.20760000e+01  -01.03548000e-02
  08.26545000e+01   06.17211000e+01   04.15265000e+01  -01.10806000e-02
  08.28955000e+01   05.85795000e+01   03.68079000e+01  -06.50300000e-03
  08.24566000e+01   05.90618000e+01   03.83245000e+01  -03.84930000e-03
  08.15473000e+01   05.77453000e+01   03.75890000e+01  -06.75510000e-03
  07.83057000e+01   05.35315000e+01   03.45904000e+01   06.96000000e-05
  07.94214000e+01   05.42179000e+01   03.58136000e+01  -02.56130000e-03
  07.81132000e+01   05.31714000e+01   03.63323000e+01  -08.86000000e-04
  07.15386000e+01   05.72416000e+01   04.30809000e+01   02.66600000e-04
  07.30350000e+01   05.69585000e+01   04.21824000e+01   02.07780000e-03
  07.30780000e+01   05.71716000e+01   04.40385000e+01   03.44650000e-03
  08.08557000e+01   06.29296000e+01   04.56547000e+01   02.98050000e-03
  08.19270000e+01   06.24377000e+01   04.42723000e+01  -05.01900000e-04
  08.10484000e+01   05.96025000e+01   03.27013000e+01  -05.40000000e-06
  08.21298000e+01   05.95550000e+01   03.40799000e+01  -02.73660000e-03
  07.24467000e+01   05.93883000e+01   04.38167000e+01   06.65000000e-04
  07.20347000e+01   05.92731000e+01   04.21171000e+01  -04.07950000e-03
  07.90896000e+01   05.87558000e+01   03.41248000e+01   01.58140000e-02
  07.97728000e+01   06.04181000e+01   03.45476000e+01   09.11190000e-03
  08.58603000e+01   05.91417000e+01   04.82201000e+01   00.00000000e+00
  08.52191000e+01   06.05692000e+01   04.88874000e+01   00.00000000e+00
  08.40746000e+01   05.93274000e+01   04.85279000e+01   00.00000000e+00
  08.26367000e+01   06.03796000e+01   04.63590000e+01   00.00000000e+00
  08.35434000e+01   06.19467000e+01   04.69653000e+01   00.00000000e+00
  08.35626000e+01   06.13149000e+01   04.53534000e+01   00.00000000e+00
  08.42862000e+01   05.83155000e+01   04.56973000e+01   00.00000000e+00
  08.59890000e+01   05.86219000e+01   04.61365000e+01   00.00000000e+00
  08.63985000e+01   06.01463000e+01   04.44623000e+01   00.00000000e+00
  08.47707000e+01   06.00964000e+01   04.38008000e+01   00.00000000e+00
  08.51927000e+01   05.76032000e+01   04.33719000e+01   00.00000000e+00
  08.68077000e+01   05.78678000e+01   04.38517000e+01   00.00000000e+00
  08.77091000e+01   06.05168000e+01   04.25889000e+01   00.00000000e+00
  08.83635000e+01   05.88762000e+01   04.28479000e+01   00.00000000e+00
  08.82654000e+01   05.96061000e+01   04.11698000e+01   00.00000000e+00
  08.57180000e+01   05.68802000e+01   04.13405000e+01   00.00000000e+00
  08.74125000e+01   05.69606000e+01   04.17589000e+01   00.00000000e+00
  08.81401000e+01   05.78950000e+01   03.97329000e+01   00.00000000e+00
  08.64434000e+01   05.81836000e+01   03.93199000e+01   00.00000000e+00
  08.59488000e+01   05.56698000e+01   03.93944000e+01   00.00000000e+00
  08.77367000e+01   05.55219000e+01   03.92389000e+01   00.00000000e+00
  07.30825000e+01   05.79644000e+01   04.00435000e+01   07.20400000e-04
  07.71728000e+01   06.15765000e+01   04.36719000e+01  -02.39543000e-02
  08.15561000e+01   06.09461000e+01   03.91716000e+01   04.89340000e-03
  07.70272000e+01   05.80877000e+01   03.43175000e+01  -02.28199000e-02
  07.87728000e+01   06.27905000e+01   04.44198000e+01  -01.51750000e-03
  08.78722000e+01   05.81663000e+01   03.70270000e+01   00.00000000e+00
  08.85313000e+01   05.66563000e+01   03.67793000e+01   00.00000000e+00
  08.75222000e+01   05.72743000e+01   03.55691000e+01   00.00000000e+00
  08.56492000e+01   05.71212000e+01   03.74905000e+01   00.00000000e+00
  08.51418000e+01   05.48146000e+01   03.73611000e+01   00.00000000e+00
  08.67439000e+01   05.43038000e+01   03.71783000e+01   00.00000000e+00
  08.67894000e+01   05.49847000e+01   03.48900000e+01   00.00000000e+00
  08.54096000e+01   05.59809000e+01   03.50903000e+01   00.00000000e+00
  08.56611000e+01   05.29278000e+01   03.54087000e+01   00.00000000e+00
  08.50842000e+01   05.37065000e+01   03.38507000e+01   00.00000000e+00
  08.20870000e+01   05.25020000e+01   03.56848000e+01   00.00000000e+00
  08.31336000e+01   05.20226000e+01   03.43483000e+01   00.00000000e+00
  08.37242000e+01   05.17467000e+01   03.59773000e+01   00.00000000e+00
  08.13583000e+01   06.04547000e+01   03.64851000e+01   05.57290000e-03
  08.01761000e+01   05.78186000e+01   03.59340000e+01  -01.28866000e-02
  08.28181000e+01   05.55435000e+01   03.64063000e+01   00.00000000e+00
  08.57874000e+01   06.09315000e+01   04.63912000e+01   00.00000000e+00
  08.56396000e+01   05.94009000e+01   04.16301000e+01   00.00000000e+00
  08.14682000e+01   05.48796000e+01   03.40000000e+01  -01.99830000e-03
  08.29700000e+01   05.54902000e+01   03.32893000e+01  -01.85290000e-03
