  07.80600000e+01   05.92304000e+01   03.38946000e+01  -06.11779000e-02
  07.74766000e+01   06.26004000e+01   04.29230000e+01   01.75852000e-02
  07.10664000e+01   05.78592000e+01   04.21930000e+01   01.01800000e-02
  07.40474000e+01   05.63150000e+01   03.46649000e+01  -01.32723000e-02
  07.69953000e+01   05.91788000e+01   03.73120000e+01  -04.57645000e-02
  07.92887000e+01   05.90515000e+01   03.30264000e+01   02.46758000e-02
  07.86399000e+01   06.27531000e+01   04.36036000e+01  -01.71993000e-02
  07.09900000e+01   05.63631000e+01   04.18074000e+01  -09.39340000e-03
  07.54598000e+01   05.69268000e+01   03.44530000e+01   07.66074000e-02
  07.66179000e+01   06.05060000e+01   03.99742000e+01   09.44338000e-02
  07.34286000e+01   05.55552000e+01   03.39226000e+01   01.54319000e-02
  07.97288000e+01   05.75551000e+01   03.26562000e+01  -01.56515000e-02
  07.64624000e+01   05.58873000e+01   03.40687000e+01  -02.00050000e-02
  07.43161000e+01   05.80835000e+01   03.77755000e+01  -08.09918000e-02
  07.72245000e+01   05.36346000e+01   03.46182000e+01   04.03650000e-03
  07.57189000e+01   05.77551000e+01   03.57411000e+01  -01.43447000e-01
  07.86163000e+01   06.03935000e+01   03.85465000e+01   01.23287000e-02
  07.51275000e+01   06.09673000e+01   04.18255000e+01   02.21683000e-01
  07.23702000e+01   05.78412000e+01   03.91977000e+01  -05.42921000e-02
  08.04582000e+01   05.87615000e+01   03.64801000e+01   02.66866000e-02
  07.98780000e+01   06.21544000e+01   04.07565000e+01   04.35609000e-02
  07.26892000e+01   06.01575000e+01   04.36503000e+01   02.36507000e-02
  07.13314000e+01   05.60657000e+01   03.68261000e+01  -06.09964000e-02
  08.06907000e+01   05.54717000e+01   03.33175000e+01   08.71130000e-03
  07.68711000e+01   05.85638000e+01   03.60907000e+01   01.26858000e-01
  07.79368000e+01   06.08102000e+01   03.97127000e+01  -03.45042000e-02
  07.40333000e+01   06.00659000e+01   04.14522000e+01  -02.04376000e-01
  07.30379000e+01   05.75997000e+01   03.80324000e+01   07.60142000e-02
  07.95720000e+01   05.70620000e+01   03.15485000e+01   05.08730000e-03
  07.70948000e+01   05.59638000e+01   03.30040000e+01   06.92200000e-04
  08.11367000e+01   05.50261000e+01   03.46922000e+01   00.00000000e+00
  07.81423000e+01   05.85921000e+01   03.52964000e+01   07.64245000e-02
  07.84866000e+01   06.16959000e+01   04.07335000e+01  -04.66821000e-02
  07.29243000e+01   05.96316000e+01   04.23080000e+01   01.65461000e-02
  07.25953000e+01   05.67272000e+01   03.69638000e+01   05.49912000e-02
  08.04096000e+01   05.69077000e+01   03.37012000e+01   03.30200000e-04
  07.66719000e+01   05.49257000e+01   03.50392000e+01   04.02810000e-03
  08.20883000e+01   05.41339000e+01   03.48723000e+01   00.00000000e+00
  07.90657000e+01   05.94127000e+01   03.62285000e+01  -04.69336000e-02
  07.75012000e+01   06.18275000e+01   04.16969000e+01  -07.68710000e-03
  07.22082000e+01   05.86737000e+01   04.16731000e+01  -03.37389000e-02
  07.36236000e+01   05.68121000e+01   03.59941000e+01   03.64969000e-02
  08.18016000e+01   05.26415000e+01   03.49047000e+01   00.00000000e+00
  07.81794000e+01   05.97139000e+01   03.74600000e+01  -09.58259000e-02
  07.63106000e+01   06.11330000e+01   04.11736000e+01  -01.77941000e-01
  07.27118000e+01   05.86569000e+01   04.02933000e+01   06.74294000e-02
  07.46064000e+01   05.76075000e+01   03.65711000e+01   01.44326000e-01
  08.35759000e+01   05.45003000e+01   03.47938000e+01   00.00000000e+00
  08.40472000e+01   05.58713000e+01   03.51907000e+01   00.00000000e+00
  08.39167000e+01   05.60631000e+01   03.66634000e+01   00.00000000e+00
  08.39346000e+01   05.75415000e+01   03.71708000e+01   00.00000000e+00
  08.51667000e+01   05.83636000e+01   03.66861000e+01   00.00000000e+00
  08.37951000e+01   05.75827000e+01   03.87336000e+01   00.00000000e+00
  08.23818000e+01   05.70865000e+01   03.94027000e+01   00.00000000e+00
  08.24870000e+01   05.71400000e+01   04.09454000e+01   00.00000000e+00
  08.12924000e+01   05.67690000e+01   04.19210000e+01   00.00000000e+00
  08.01350000e+01   05.77531000e+01   04.15118000e+01   00.00000000e+00
  08.16517000e+01   05.68488000e+01   04.34275000e+01   00.00000000e+00
  08.22816000e+01   05.81719000e+01   04.39969000e+01   00.00000000e+00
  08.26308000e+01   05.80758000e+01   04.55261000e+01   00.00000000e+00
  08.33225000e+01   05.93889000e+01   04.60998000e+01   00.00000000e+00
  08.23519000e+01   06.06426000e+01   04.62138000e+01   00.00000000e+00
  08.40924000e+01   05.92624000e+01   04.74272000e+01   00.00000000e+00
  07.39114000e+01   05.93953000e+01   04.02377000e+01   03.65717000e-02
  07.54528000e+01   05.93399000e+01   03.88343000e+01  -06.37550000e-03
  07.05200000e+01   05.67729000e+01   03.69192000e+01   01.79582000e-02
  07.13891000e+01   05.55451000e+01   03.58798000e+01   01.23366000e-02
  07.11499000e+01   05.52420000e+01   03.75397000e+01   01.80857000e-02
  07.23737000e+01   06.12053000e+01   04.34865000e+01  -03.55350000e-03
  07.17892000e+01   05.97501000e+01   04.41355000e+01  -05.48890000e-03
  07.35231000e+01   06.00949000e+01   04.43496000e+01  -05.73590000e-03
  07.99915000e+01   06.30599000e+01   04.13114000e+01  -01.16015000e-02
  08.06507000e+01   06.14115000e+01   04.10130000e+01  -01.03548000e-02
  08.00954000e+01   06.24707000e+01   03.97559000e+01  -01.10806000e-02
  08.09451000e+01   05.95817000e+01   03.70174000e+01  -06.50300000e-03
  08.03363000e+01   05.78194000e+01   03.70528000e+01  -03.84930000e-03
  08.10345000e+01   05.86342000e+01   03.55685000e+01  -06.75510000e-03
  07.65097000e+01   05.28361000e+01   03.43550000e+01   06.96000000e-05
  07.79078000e+01   05.37410000e+01   03.38438000e+01  -02.56130000e-03
  07.79141000e+01   05.32937000e+01   03.53298000e+01  -08.86000000e-04
  07.06576000e+01   05.61905000e+01   04.07623000e+01   02.66600000e-04
  07.19864000e+01   05.58414000e+01   04.20099000e+01   02.07780000e-03
  07.02355000e+01   05.59810000e+01   04.24578000e+01   03.44650000e-03
  07.87953000e+01   06.34603000e+01   04.44175000e+01   02.98050000e-03
  07.95746000e+01   06.22457000e+01   04.32572000e+01  -05.01900000e-04
  07.92002000e+01   05.95724000e+01   03.20907000e+01  -05.40000000e-06
  08.01441000e+01   05.95811000e+01   03.34133000e+01  -02.73660000e-03
  07.11446000e+01   05.78709000e+01   04.32806000e+01   06.65000000e-04
  07.01386000e+01   05.82700000e+01   04.17724000e+01  -04.07950000e-03
  07.71346000e+01   05.89125000e+01   03.34546000e+01   01.58140000e-02
  07.77166000e+01   06.02702000e+01   03.39870000e+01   09.11190000e-03
  08.46450000e+01   06.01269000e+01   04.76634000e+01   00.00000000e+00
  08.32677000e+01   05.90821000e+01   04.81039000e+01   00.00000000e+00
  08.46141000e+01   05.83300000e+01   04.73297000e+01   00.00000000e+00
  08.19397000e+01   06.10028000e+01   04.53088000e+01   00.00000000e+00
  08.14228000e+01   06.03261000e+01   04.67188000e+01   00.00000000e+00
  08.28969000e+01   06.13998000e+01   04.68168000e+01   00.00000000e+00
  08.16938000e+01   05.79189000e+01   04.61624000e+01   00.00000000e+00
  08.33899000e+01   05.72415000e+01   04.54806000e+01   00.00000000e+00
  08.31436000e+01   05.82966000e+01   04.33971000e+01   00.00000000e+00
  08.15782000e+01   05.89534000e+01   04.37711000e+01   00.00000000e+00
  08.07448000e+01   05.67164000e+01   04.40523000e+01   00.00000000e+00
  08.22302000e+01   05.59515000e+01   04.37695000e+01   00.00000000e+00
  07.99101000e+01   05.77017000e+01   04.04831000e+01   00.00000000e+00
  07.92889000e+01   05.77609000e+01   04.21514000e+01   00.00000000e+00
  08.05800000e+01   05.87617000e+01   04.16673000e+01   00.00000000e+00
  08.33079000e+01   05.64752000e+01   04.12024000e+01   00.00000000e+00
  08.28127000e+01   05.81094000e+01   04.12140000e+01   00.00000000e+00
  08.15251000e+01   05.76895000e+01   03.91526000e+01   00.00000000e+00
  08.22194000e+01   05.60326000e+01   03.91350000e+01   00.00000000e+00
  08.46308000e+01   05.71288000e+01   03.92744000e+01   00.00000000e+00
  08.37693000e+01   05.86269000e+01   03.90673000e+01   00.00000000e+00
  07.13781000e+01   05.73796000e+01   03.93774000e+01   07.20400000e-04
  07.50112000e+01   06.15058000e+01   04.27718000e+01  -02.39543000e-02
  07.96659000e+01   06.07113000e+01   03.85508000e+01   04.89340000e-03
  07.54763000e+01   05.76012000e+01   03.35989000e+01  -02.28199000e-02
  07.64813000e+01   06.30939000e+01   04.32762000e+01  -01.51750000e-03
  08.48638000e+01   05.90019000e+01   03.58820000e+01   00.00000000e+00
  08.55734000e+01   05.89627000e+01   03.74897000e+01   00.00000000e+00
  08.59415000e+01   05.77078000e+01   03.62879000e+01   00.00000000e+00
  08.30386000e+01   05.80173000e+01   03.68356000e+01   00.00000000e+00
  08.29192000e+01   05.56725000e+01   03.68636000e+01   00.00000000e+00
  08.46176000e+01   05.54246000e+01   03.72810000e+01   00.00000000e+00
  08.50849000e+01   05.60611000e+01   03.49352000e+01   00.00000000e+00
  08.33683000e+01   05.65320000e+01   03.47516000e+01   00.00000000e+00
  08.41707000e+01   05.37329000e+01   03.52582000e+01   00.00000000e+00
  08.35318000e+01   05.43394000e+01   03.37766000e+01   00.00000000e+00
  08.07515000e+01   05.24754000e+01   03.51275000e+01   00.00000000e+00
  08.22171000e+01   05.20912000e+01   03.41028000e+01   00.00000000e+00
  08.24425000e+01   05.21850000e+01   03.56466000e+01   00.00000000e+00
  07.92915000e+01   06.03491000e+01   03.57602000e+01   05.57290000e-03
  07.85777000e+01   05.75470000e+01   03.51452000e+01  -01.28866000e-02
  08.08613000e+01   05.54851000e+01   03.56130000e+01   00.00000000e+00
  08.40421000e+01   05.96626000e+01   04.53082000e+01   00.00000000e+00
  08.10621000e+01   05.57489000e+01   04.16651000e+01   00.00000000e+00
  07.97940000e+01   05.49043000e+01   03.29667000e+01  -01.99830000e-03
  08.14583000e+01   05.55966000e+01   03.25723000e+01  -01.85290000e-03
