  07.97289000e+01   05.91134000e+01   03.42796000e+01  -06.11779000e-02
  07.91880000e+01   06.27238000e+01   04.34156000e+01   01.75852000e-02
  07.23242000e+01   05.85114000e+01   04.26463000e+01   01.01800000e-02
  07.53614000e+01   05.66383000e+01   03.51629000e+01  -01.32723000e-02
  07.83856000e+01   05.94107000e+01   03.77021000e+01  -04.57645000e-02
  08.11173000e+01   05.90772000e+01   03.35733000e+01   02.46758000e-02
  08.03048000e+01   06.26289000e+01   04.42252000e+01  -01.71993000e-02
  07.25659000e+01   05.70434000e+01   04.27043000e+01  -09.39340000e-03
  07.67977000e+01   05.72331000e+01   03.48914000e+01   07.66074000e-02
  07.80894000e+01   06.09345000e+01   04.02052000e+01   09.44338000e-02
  07.47977000e+01   05.58708000e+01   03.43367000e+01   01.54319000e-02
  08.15975000e+01   05.76589000e+01   03.31346000e+01  -01.56515000e-02
  07.77491000e+01   05.60960000e+01   03.44663000e+01  -02.00050000e-02
  07.55774000e+01   05.85383000e+01   03.81809000e+01  -08.09918000e-02
  07.86544000e+01   05.39904000e+01   03.53912000e+01   04.03650000e-03
  07.71284000e+01   05.80472000e+01   03.61632000e+01  -01.43447000e-01
  08.01522000e+01   06.08504000e+01   03.87692000e+01   01.23287000e-02
  07.67757000e+01   06.11176000e+01   04.22420000e+01   02.21683000e-01
  07.35659000e+01   05.84550000e+01   03.96527000e+01  -05.42921000e-02
  08.18818000e+01   05.87281000e+01   03.72672000e+01   02.66866000e-02
  08.13953000e+01   06.24849000e+01   04.08808000e+01   04.35609000e-02
  07.43707000e+01   06.04662000e+01   04.43306000e+01   02.36507000e-02
  07.24529000e+01   05.65539000e+01   03.71350000e+01  -06.09964000e-02
  08.23443000e+01   05.56583000e+01   03.39295000e+01   08.71130000e-03
  07.83185000e+01   05.87098000e+01   03.65460000e+01   01.26858000e-01
  07.94147000e+01   06.11964000e+01   03.99296000e+01  -03.45042000e-02
  07.55986000e+01   06.04312000e+01   04.19553000e+01  -02.04376000e-01
  07.42161000e+01   05.80987000e+01   03.84610000e+01   07.60142000e-02
  08.13454000e+01   05.70794000e+01   03.20650000e+01   05.08730000e-03
  07.85921000e+01   05.60485000e+01   03.36101000e+01   06.92200000e-04
  08.33073000e+01   05.49329000e+01   03.49578000e+01   00.00000000e+00
  07.96390000e+01   05.86953000e+01   03.58143000e+01   07.64245000e-02
  08.00054000e+01   06.19199000e+01   04.10456000e+01  -04.66821000e-02
  07.44888000e+01   06.00567000e+01   04.28796000e+01   01.65461000e-02
  07.37685000e+01   05.72686000e+01   03.72997000e+01   05.49912000e-02
  08.23401000e+01   05.70664000e+01   03.41309000e+01   03.30200000e-04
  07.76958000e+01   05.50801000e+01   03.53423000e+01   04.02810000e-03
  08.40199000e+01   05.38270000e+01   03.47860000e+01   00.00000000e+00
  08.06605000e+01   05.94786000e+01   03.67160000e+01  -04.69336000e-02
  07.90617000e+01   06.20184000e+01   04.20998000e+01  -07.68710000e-03
  07.35828000e+01   05.92852000e+01   04.21201000e+01  -03.37389000e-02
  07.49570000e+01   05.71666000e+01   03.64724000e+01   03.64969000e-02
  08.36136000e+01   05.24193000e+01   03.51119000e+01   00.00000000e+00
  07.96892000e+01   05.99041000e+01   03.78478000e+01  -09.58259000e-02
  07.79055000e+01   06.13900000e+01   04.15121000e+01  -01.77941000e-01
  07.41650000e+01   05.91316000e+01   04.07770000e+01   06.74294000e-02
  07.59711000e+01   05.80472000e+01   03.69939000e+01   01.44326000e-01
  08.54364000e+01   05.40359000e+01   03.41282000e+01   00.00000000e+00
  08.62701000e+01   05.51761000e+01   03.46823000e+01   00.00000000e+00
  08.66915000e+01   05.50684000e+01   03.61794000e+01   00.00000000e+00
  08.72907000e+01   05.63910000e+01   03.67856000e+01   00.00000000e+00
  08.87372000e+01   05.66213000e+01   03.63066000e+01   00.00000000e+00
  08.71501000e+01   05.62501000e+01   03.84392000e+01   00.00000000e+00
  08.73138000e+01   05.75614000e+01   03.91784000e+01   00.00000000e+00
  08.71478000e+01   05.73857000e+01   04.06727000e+01   00.00000000e+00
  08.68247000e+01   05.86697000e+01   04.15160000e+01   00.00000000e+00
  08.79487000e+01   05.96743000e+01   04.15979000e+01   00.00000000e+00
  08.62318000e+01   05.82713000e+01   04.29103000e+01   00.00000000e+00
  08.57586000e+01   05.93841000e+01   04.39166000e+01   00.00000000e+00
  08.48831000e+01   05.88072000e+01   04.50577000e+01   00.00000000e+00
  08.45082000e+01   05.98622000e+01   04.61683000e+01   00.00000000e+00
  08.33467000e+01   06.07119000e+01   04.57694000e+01   00.00000000e+00
  08.43102000e+01   05.91768000e+01   04.75680000e+01   00.00000000e+00
  07.53773000e+01   05.98368000e+01   04.06770000e+01   03.65717000e-02
  07.68105000e+01   05.98917000e+01   03.91363000e+01  -06.37550000e-03
  07.22416000e+01   05.61299000e+01   03.80643000e+01   01.79582000e-02
  07.17524000e+01   05.73191000e+01   03.67508000e+01   01.23366000e-02
  07.27061000e+01   05.58469000e+01   03.63449000e+01   01.80857000e-02
  07.37555000e+01   06.13742000e+01   04.42566000e+01  -03.55350000e-03
  07.38696000e+01   05.97700000e+01   04.49452000e+01  -05.48890000e-03
  07.52747000e+01   06.07241000e+01   04.48132000e+01  -05.73590000e-03
  08.15249000e+01   06.27953000e+01   03.98956000e+01  -01.16015000e-02
  08.15057000e+01   06.33578000e+01   04.15755000e+01  -01.03548000e-02
  08.20814000e+01   06.17243000e+01   04.10694000e+01  -01.10806000e-02
  08.26587000e+01   05.94672000e+01   03.76046000e+01  -06.50300000e-03
  08.15104000e+01   05.81849000e+01   03.81438000e+01  -03.84930000e-03
  08.23046000e+01   05.79681000e+01   03.66228000e+01  -06.75510000e-03
  07.85197000e+01   05.33049000e+01   03.45477000e+01   06.96000000e-05
  07.96604000e+01   05.43667000e+01   03.56281000e+01  -02.56130000e-03
  07.84002000e+01   05.34248000e+01   03.62184000e+01  -08.86000000e-04
  07.26008000e+01   05.64824000e+01   04.17048000e+01   02.66600000e-04
  07.34561000e+01   05.68699000e+01   04.32306000e+01   02.07780000e-03
  07.16720000e+01   05.66009000e+01   04.32079000e+01   03.44650000e-03
  08.03228000e+01   06.30563000e+01   04.52248000e+01   02.98050000e-03
  08.10800000e+01   06.19307000e+01   04.39121000e+01  -05.01900000e-04
  08.11928000e+01   05.94907000e+01   03.25501000e+01  -05.40000000e-06
  08.18108000e+01   05.96728000e+01   03.41986000e+01  -02.73660000e-03
  07.21527000e+01   05.88483000e+01   04.36651000e+01   06.65000000e-04
  07.14867000e+01   05.86479000e+01   04.19708000e+01  -04.07950000e-03
  07.90301000e+01   05.85886000e+01   03.36453000e+01   01.58140000e-02
  07.94154000e+01   06.01686000e+01   03.41957000e+01   09.11190000e-03
  08.52070000e+01   05.86132000e+01   04.77293000e+01   00.00000000e+00
  08.43424000e+01   06.00191000e+01   04.82744000e+01   00.00000000e+00
  08.33774000e+01   05.86030000e+01   04.76322000e+01   00.00000000e+00
  08.34075000e+01   06.08798000e+01   04.46881000e+01   00.00000000e+00
  08.25235000e+01   06.00961000e+01   04.59089000e+01   00.00000000e+00
  08.33775000e+01   06.16134000e+01   04.64168000e+01   00.00000000e+00
  08.40051000e+01   05.84296000e+01   04.46091000e+01   00.00000000e+00
  08.53481000e+01   05.79902000e+01   04.55326000e+01   00.00000000e+00
  08.65820000e+01   05.98777000e+01   04.42681000e+01   00.00000000e+00
  08.51301000e+01   06.00500000e+01   04.33047000e+01   00.00000000e+00
  08.53930000e+01   05.75941000e+01   04.27085000e+01   00.00000000e+00
  08.69572000e+01   05.75188000e+01   04.33132000e+01   00.00000000e+00
  08.76887000e+01   06.06099000e+01   04.20812000e+01   00.00000000e+00
  08.86858000e+01   05.91226000e+01   04.21562000e+01   00.00000000e+00
  08.83046000e+01   06.00962000e+01   04.06862000e+01   00.00000000e+00
  08.63128000e+01   05.67180000e+01   04.09164000e+01   00.00000000e+00
  08.80416000e+01   05.69330000e+01   04.10790000e+01   00.00000000e+00
  08.83308000e+01   05.78991000e+01   03.89611000e+01   00.00000000e+00
  08.65779000e+01   05.82607000e+01   03.88721000e+01   00.00000000e+00
  08.61638000e+01   05.58998000e+01   03.87147000e+01   00.00000000e+00
  08.78631000e+01   05.55299000e+01   03.88411000e+01   00.00000000e+00
  07.26200000e+01   05.79897000e+01   03.98694000e+01   07.20400000e-04
  07.68714000e+01   06.14275000e+01   04.32487000e+01  -02.39543000e-02
  08.11500000e+01   06.12910000e+01   03.86031000e+01   04.89340000e-03
  07.67297000e+01   05.78629000e+01   03.39533000e+01  -02.28199000e-02
  07.83418000e+01   06.33074000e+01   04.37317000e+01  -01.51750000e-03
  08.92131000e+01   05.75194000e+01   03.67421000e+01   00.00000000e+00
  08.93959000e+01   05.58964000e+01   03.68037000e+01   00.00000000e+00
  08.87180000e+01   05.65995000e+01   03.51880000e+01   00.00000000e+00
  08.68134000e+01   05.73103000e+01   03.65145000e+01   00.00000000e+00
  08.57870000e+01   05.48040000e+01   03.67286000e+01   00.00000000e+00
  08.74407000e+01   05.43150000e+01   03.61981000e+01   00.00000000e+00
  08.71335000e+01   05.52811000e+01   03.40388000e+01   00.00000000e+00
  08.58554000e+01   05.61920000e+01   03.46153000e+01   00.00000000e+00
  08.61252000e+01   05.31994000e+01   03.42497000e+01   00.00000000e+00
  08.52285000e+01   05.41276000e+01   03.30671000e+01   00.00000000e+00
  08.44802000e+01   05.19134000e+01   03.55052000e+01   00.00000000e+00
  08.27078000e+01   05.24096000e+01   03.58299000e+01   00.00000000e+00
  08.33718000e+01   05.18003000e+01   03.42407000e+01   00.00000000e+00
  08.10169000e+01   06.03696000e+01   03.62756000e+01   05.57290000e-03
  07.99404000e+01   05.76735000e+01   03.57880000e+01  -01.28866000e-02
  08.34809000e+01   05.53885000e+01   03.58709000e+01   00.00000000e+00
  08.53052000e+01   06.05530000e+01   04.62537000e+01   00.00000000e+00
  08.60068000e+01   05.92475000e+01   04.10480000e+01   00.00000000e+00
  08.13491000e+01   05.51679000e+01   03.40564000e+01  -01.99830000e-03
  08.26069000e+01   05.54268000e+01   03.29038000e+01  -01.85290000e-03
