  07.81060000e+01   05.85608000e+01   03.45464000e+01  -06.11779000e-02
  07.82241000e+01   06.29455000e+01   04.31452000e+01   01.75852000e-02
  07.12502000e+01   05.86642000e+01   04.31583000e+01   01.01800000e-02
  07.39910000e+01   05.59293000e+01   03.59713000e+01  -01.32723000e-02
  07.71589000e+01   05.91362000e+01   03.79785000e+01  -04.57645000e-02
  07.92939000e+01   05.84774000e+01   03.36823000e+01   02.46758000e-02
  07.93162000e+01   06.28967000e+01   04.38822000e+01  -01.71993000e-02
  07.13326000e+01   05.71219000e+01   04.32753000e+01  -09.39340000e-03
  07.54827000e+01   05.63770000e+01   03.56902000e+01   07.66074000e-02
  07.69647000e+01   06.07962000e+01   04.02875000e+01   09.44338000e-02
  07.33326000e+01   05.51319000e+01   03.53705000e+01   01.54319000e-02
  07.98620000e+01   05.69896000e+01   03.34398000e+01  -01.56515000e-02
  07.63994000e+01   05.52093000e+01   03.58328000e+01  -02.00050000e-02
  07.44100000e+01   05.82040000e+01   03.86778000e+01  -08.09918000e-02
  07.69198000e+01   05.31918000e+01   03.70745000e+01   04.03650000e-03
  07.58282000e+01   05.74835000e+01   03.67536000e+01  -01.43447000e-01
  07.88753000e+01   06.06086000e+01   03.87479000e+01   01.23287000e-02
  07.57547000e+01   06.12079000e+01   04.23443000e+01   02.21683000e-01
  07.25001000e+01   05.82923000e+01   04.01375000e+01  -05.42921000e-02
  08.04628000e+01   05.84125000e+01   03.74662000e+01   02.66866000e-02
  08.03619000e+01   06.27208000e+01   04.05512000e+01   04.35609000e-02
  07.35184000e+01   06.06004000e+01   04.46341000e+01   02.36507000e-02
  07.13445000e+01   05.62011000e+01   03.79301000e+01  -06.09964000e-02
  08.14050000e+01   05.53163000e+01   03.42478000e+01   08.71130000e-03
  07.70209000e+01   05.82294000e+01   03.69213000e+01   01.26858000e-01
  07.82564000e+01   06.10812000e+01   03.98593000e+01  -03.45042000e-02
  07.45857000e+01   06.04206000e+01   04.22435000e+01  -02.04376000e-01
  07.31064000e+01   05.78458000e+01   03.89426000e+01   07.60142000e-02
  07.97531000e+01   05.63724000e+01   03.23751000e+01   05.08730000e-03
  07.74452000e+01   05.49859000e+01   03.52320000e+01   06.92200000e-04
  08.12434000e+01   05.45847000e+01   03.55719000e+01   00.00000000e+00
  07.83003000e+01   05.81665000e+01   03.60478000e+01   07.64245000e-02
  07.89450000e+01   06.20437000e+01   04.08022000e+01  -04.66821000e-02
  07.34667000e+01   06.01884000e+01   04.31328000e+01   01.65461000e-02
  07.26200000e+01   05.68691000e+01   03.80062000e+01   05.49912000e-02
  08.06625000e+01   05.66030000e+01   03.44759000e+01   03.30200000e-04
  07.60545000e+01   05.43866000e+01   03.68449000e+01   04.02810000e-03
  08.21845000e+01   05.40948000e+01   03.63637000e+01   00.00000000e+00
  07.92772000e+01   05.90774000e+01   03.67667000e+01  -04.69336000e-02
  07.80331000e+01   06.21720000e+01   04.18724000e+01  -07.68710000e-03
  07.25116000e+01   05.93298000e+01   04.25160000e+01  -03.37389000e-02
  07.36465000e+01   05.66917000e+01   03.71697000e+01   03.64969000e-02
  08.26672000e+01   05.25900000e+01   03.64089000e+01   00.00000000e+00
  07.84026000e+01   05.96449000e+01   03.79219000e+01  -09.58259000e-02
  07.68466000e+01   06.13825000e+01   04.15534000e+01  -01.77941000e-01
  07.30593000e+01   05.90821000e+01   04.11667000e+01   06.74294000e-02
  07.47150000e+01   05.75053000e+01   03.75914000e+01   01.44326000e-01
  08.26648000e+01   05.49795000e+01   03.75404000e+01   00.00000000e+00
  08.36471000e+01   05.61146000e+01   03.72240000e+01   00.00000000e+00
  08.37627000e+01   05.70617000e+01   03.85300000e+01   00.00000000e+00
  08.46958000e+01   05.83659000e+01   03.84053000e+01   00.00000000e+00
  08.61854000e+01   05.78783000e+01   03.81129000e+01   00.00000000e+00
  08.46234000e+01   05.93643000e+01   03.95716000e+01   00.00000000e+00
  08.33230000e+01   05.95858000e+01   04.03037000e+01   00.00000000e+00
  08.34976000e+01   06.04093000e+01   04.15975000e+01   00.00000000e+00
  08.42786000e+01   05.97053000e+01   04.28057000e+01   00.00000000e+00
  08.35388000e+01   05.83595000e+01   04.33187000e+01   00.00000000e+00
  08.44425000e+01   06.07336000e+01   04.39428000e+01   00.00000000e+00
  08.31585000e+01   06.13252000e+01   04.45523000e+01   00.00000000e+00
  08.34501000e+01   06.22107000e+01   04.57798000e+01   00.00000000e+00
  08.23846000e+01   06.31728000e+01   04.63603000e+01   00.00000000e+00
  08.12359000e+01   06.25144000e+01   04.71162000e+01   00.00000000e+00
  08.30435000e+01   06.42532000e+01   04.72174000e+01   00.00000000e+00
  07.42761000e+01   05.97299000e+01   04.10921000e+01   03.65717000e-02
  07.56599000e+01   05.95924000e+01   03.94426000e+01  -06.37550000e-03
  07.12129000e+01   05.57018000e+01   03.89381000e+01   01.79582000e-02
  07.05915000e+01   05.69250000e+01   03.77229000e+01   01.23366000e-02
  07.12079000e+01   05.53403000e+01   03.72987000e+01   01.80857000e-02
  07.41628000e+01   05.98747000e+01   04.51279000e+01  -03.55350000e-03
  07.39372000e+01   06.15961000e+01   04.47570000e+01  -05.48890000e-03
  07.25176000e+01   06.05815000e+01   04.50681000e+01  -05.73590000e-03
  08.04228000e+01   06.35074000e+01   04.11971000e+01  -01.16015000e-02
  08.12138000e+01   06.19602000e+01   04.06983000e+01  -01.03548000e-02
  08.03557000e+01   06.31628000e+01   03.95770000e+01  -01.10806000e-02
  08.10932000e+01   05.91160000e+01   03.79513000e+01  -06.50300000e-03
  08.01916000e+01   05.75759000e+01   03.81315000e+01  -03.84930000e-03
  08.10758000e+01   05.79420000e+01   03.66734000e+01  -06.75510000e-03
  07.71725000e+01   05.26458000e+01   03.61435000e+01   06.96000000e-05
  07.78290000e+01   05.33341000e+01   03.76835000e+01  -02.56130000e-03
  07.63998000e+01   05.23725000e+01   03.76368000e+01  -08.86000000e-04
  07.16895000e+01   05.67197000e+01   04.23631000e+01   02.66600000e-04
  07.21039000e+01   05.68544000e+01   04.40269000e+01   02.07780000e-03
  07.04197000e+01   05.65984000e+01   04.35913000e+01   03.44650000e-03
  07.93723000e+01   06.34296000e+01   04.48422000e+01   02.98050000e-03
  08.01789000e+01   06.23112000e+01   04.35144000e+01  -05.01900000e-04
  07.90558000e+01   05.89380000e+01   03.26743000e+01  -05.40000000e-06
  08.01056000e+01   05.91123000e+01   03.40828000e+01  -02.73660000e-03
  07.11048000e+01   05.89688000e+01   04.42575000e+01   06.65000000e-04
  07.03623000e+01   05.87825000e+01   04.25704000e+01  -04.07950000e-03
  07.73919000e+01   05.78958000e+01   03.41291000e+01   01.58140000e-02
  07.76436000e+01   05.95397000e+01   03.45012000e+01   09.11190000e-03
  08.36299000e+01   06.36395000e+01   04.79018000e+01   00.00000000e+00
  08.37402000e+01   06.48117000e+01   04.66334000e+01   00.00000000e+00
  08.22812000e+01   06.48301000e+01   04.77198000e+01   00.00000000e+00
  08.15709000e+01   06.18547000e+01   04.79104000e+01   00.00000000e+00
  08.04875000e+01   06.32101000e+01   04.74381000e+01   00.00000000e+00
  08.07503000e+01   06.18821000e+01   04.63412000e+01   00.00000000e+00
  08.39933000e+01   06.16064000e+01   04.64924000e+01   00.00000000e+00
  08.41635000e+01   06.29173000e+01   04.53817000e+01   00.00000000e+00
  08.25901000e+01   06.19505000e+01   04.38284000e+01   00.00000000e+00
  08.24849000e+01   06.06268000e+01   04.50816000e+01   00.00000000e+00
  08.50169000e+01   06.02274000e+01   04.47053000e+01   00.00000000e+00
  08.50342000e+01   06.15463000e+01   04.35799000e+01   00.00000000e+00
  08.27008000e+01   05.86201000e+01   04.39174000e+01   00.00000000e+00
  08.32414000e+01   05.77569000e+01   04.25304000e+01   00.00000000e+00
  08.42425000e+01   05.80368000e+01   04.40430000e+01   00.00000000e+00
  08.39406000e+01   06.13680000e+01   04.13351000e+01   00.00000000e+00
  08.24962000e+01   06.05576000e+01   04.20706000e+01   00.00000000e+00
  08.26544000e+01   06.00938000e+01   03.96336000e+01   00.00000000e+00
  08.28119000e+01   05.86710000e+01   04.05737000e+01   00.00000000e+00
  08.51066000e+01   05.88818000e+01   04.04024000e+01   00.00000000e+00
  08.49880000e+01   06.03105000e+01   03.92767000e+01   00.00000000e+00
  07.14389000e+01   05.81583000e+01   04.02357000e+01   07.20400000e-04
  07.57755000e+01   06.16899000e+01   04.33178000e+01  -02.39543000e-02
  07.99512000e+01   06.09016000e+01   03.85330000e+01   04.89340000e-03
  07.55967000e+01   05.67440000e+01   03.46817000e+01  -02.28199000e-02
  07.73232000e+01   06.34157000e+01   04.35350000e+01  -01.51750000e-03
  08.62207000e+01   05.74361000e+01   03.71061000e+01   00.00000000e+00
  08.68604000e+01   05.87121000e+01   03.79629000e+01   00.00000000e+00
  08.66293000e+01   05.73303000e+01   03.88490000e+01   00.00000000e+00
  08.43405000e+01   05.89506000e+01   03.75825000e+01   00.00000000e+00
  08.26979000e+01   05.73146000e+01   03.87599000e+01   00.00000000e+00
  08.41049000e+01   05.65176000e+01   03.94252000e+01   00.00000000e+00
  08.47289000e+01   05.57637000e+01   03.70402000e+01   00.00000000e+00
  08.32590000e+01   05.67448000e+01   03.63656000e+01   00.00000000e+00
  08.17384000e+01   05.53878000e+01   03.79898000e+01   00.00000000e+00
  08.31102000e+01   05.42866000e+01   03.82894000e+01   00.00000000e+00
  08.20922000e+01   05.19521000e+01   03.57291000e+01   00.00000000e+00
  08.36818000e+01   05.25753000e+01   03.60010000e+01   00.00000000e+00
  08.24928000e+01   05.22017000e+01   03.74376000e+01   00.00000000e+00
  07.95091000e+01   05.99173000e+01   03.61093000e+01   05.57290000e-03
  07.86466000e+01   05.71258000e+01   03.60073000e+01  -01.28866000e-02
  08.02062000e+01   05.42797000e+01   03.58825000e+01   00.00000000e+00
  08.19198000e+01   06.37673000e+01   04.55897000e+01   00.00000000e+00
  08.52596000e+01   05.95448000e+01   04.23808000e+01   00.00000000e+00
  08.08280000e+01   05.46010000e+01   03.35716000e+01  -01.99830000e-03
  08.25228000e+01   05.54672000e+01   03.40238000e+01  -01.85290000e-03
