  07.96477000e+01   05.86900000e+01   03.46557000e+01  -06.11779000e-02
  07.98839000e+01   06.23434000e+01   04.35897000e+01   01.75852000e-02
  07.30755000e+01   05.80312000e+01   04.32477000e+01   01.01800000e-02
  07.52909000e+01   05.64108000e+01   03.54663000e+01  -01.32723000e-02
  07.87198000e+01   05.89636000e+01   03.78719000e+01  -04.57645000e-02
  08.08855000e+01   05.86100000e+01   03.37654000e+01   02.46758000e-02
  08.10447000e+01   06.24733000e+01   04.43628000e+01  -01.71993000e-02
  07.35721000e+01   05.66602000e+01   04.36783000e+01  -09.39340000e-03
  07.67881000e+01   05.69332000e+01   03.51572000e+01   07.66074000e-02
  07.86685000e+01   06.04436000e+01   04.05223000e+01   09.44338000e-02
  07.47346000e+01   05.55985000e+01   03.47291000e+01   01.54319000e-02
  08.14393000e+01   05.72129000e+01   03.34187000e+01  -01.56515000e-02
  07.76845000e+01   05.57232000e+01   03.48041000e+01  -02.00050000e-02
  07.58792000e+01   05.81184000e+01   03.84487000e+01  -08.09918000e-02
  07.80669000e+01   05.34055000e+01   03.54550000e+01   04.03650000e-03
  07.72851000e+01   05.75775000e+01   03.64361000e+01  -01.43447000e-01
  08.05120000e+01   06.03518000e+01   03.89124000e+01   01.23287000e-02
  07.73912000e+01   06.06246000e+01   04.25984000e+01   02.21683000e-01
  07.41014000e+01   05.79809000e+01   04.01077000e+01  -05.42921000e-02
  08.20418000e+01   05.80201000e+01   03.74944000e+01   02.66866000e-02
  08.17785000e+01   06.24615000e+01   04.10364000e+01   04.35609000e-02
  07.50771000e+01   06.01234000e+01   04.46037000e+01   02.36507000e-02
  07.26454000e+01   05.63210000e+01   03.77338000e+01  -06.09964000e-02
  08.26464000e+01   05.54005000e+01   03.44209000e+01   08.71130000e-03
  07.85421000e+01   05.81427000e+01   03.67854000e+01   01.26858000e-01
  07.99558000e+01   06.07858000e+01   04.00926000e+01  -03.45042000e-02
  07.62641000e+01   05.98731000e+01   04.23088000e+01  -02.04376000e-01
  07.46375000e+01   05.76490000e+01   03.88105000e+01   07.60142000e-02
  08.10767000e+01   05.64799000e+01   03.24925000e+01   05.08730000e-03
  07.84397000e+01   05.56015000e+01   03.38656000e+01   06.92200000e-04
  08.33080000e+01   05.50540000e+01   03.57244000e+01   00.00000000e+00
  07.98161000e+01   05.80355000e+01   03.59946000e+01   07.64245000e-02
  08.06129000e+01   06.16651000e+01   04.11550000e+01  -04.66821000e-02
  07.51492000e+01   05.96348000e+01   04.32072000e+01   01.65461000e-02
  07.40046000e+01   05.68868000e+01   03.77490000e+01   05.49912000e-02
  08.22221000e+01   05.68372000e+01   03.44499000e+01   03.30200000e-04
  07.75239000e+01   05.47312000e+01   03.57017000e+01   04.02810000e-03
  08.44385000e+01   05.43669000e+01   03.59563000e+01   00.00000000e+00
  08.08496000e+01   05.87975000e+01   03.68878000e+01  -04.69336000e-02
  07.97633000e+01   06.16731000e+01   04.22698000e+01  -07.68710000e-03
  07.42583000e+01   05.87743000e+01   04.25924000e+01  -03.37389000e-02
  07.49895000e+01   05.69069000e+01   03.68016000e+01   03.64969000e-02
  08.44229000e+01   05.28596000e+01   03.61765000e+01   00.00000000e+00
  07.99901000e+01   05.94457000e+01   03.79612000e+01  -09.58259000e-02
  07.85536000e+01   06.08949000e+01   04.18479000e+01  -01.77941000e-01
  07.47670000e+01   05.87026000e+01   04.12169000e+01   06.74294000e-02
  07.61716000e+01   05.75843000e+01   03.72963000e+01   01.44326000e-01
  08.56685000e+01   05.50375000e+01   03.63730000e+01   00.00000000e+00
  08.55645000e+01   05.56064000e+01   03.78605000e+01   00.00000000e+00
  08.69716000e+01   05.60747000e+01   03.83451000e+01   00.00000000e+00
  08.70771000e+01   05.66025000e+01   03.97523000e+01   00.00000000e+00
  08.64713000e+01   05.80145000e+01   03.98359000e+01   00.00000000e+00
  08.85891000e+01   05.65350000e+01   04.01830000e+01   00.00000000e+00
  08.88820000e+01   05.68452000e+01   04.16411000e+01   00.00000000e+00
  08.85099000e+01   05.55952000e+01   04.24762000e+01   00.00000000e+00
  08.86932000e+01   05.57895000e+01   04.40020000e+01   00.00000000e+00
  08.88666000e+01   05.44630000e+01   04.47066000e+01   00.00000000e+00
  08.75187000e+01   05.65578000e+01   04.45230000e+01   00.00000000e+00
  08.75899000e+01   05.70969000e+01   04.59606000e+01   00.00000000e+00
  08.64829000e+01   05.82595000e+01   04.60689000e+01   00.00000000e+00
  08.65564000e+01   05.89809000e+01   04.74750000e+01   00.00000000e+00
  08.54918000e+01   06.01400000e+01   04.75304000e+01   00.00000000e+00
  08.64707000e+01   05.80238000e+01   04.87336000e+01   00.00000000e+00
  07.59827000e+01   05.93431000e+01   04.10872000e+01   03.65717000e-02
  07.72467000e+01   05.93423000e+01   03.93914000e+01  -06.37550000e-03
  07.19691000e+01   05.70206000e+01   03.71876000e+01   01.79582000e-02
  07.27067000e+01   05.53675000e+01   03.72394000e+01   01.23366000e-02
  07.23280000e+01   05.61955000e+01   03.87353000e+01   01.80857000e-02
  07.55459000e+01   06.11473000e+01   04.46904000e+01  -03.55350000e-03
  07.41157000e+01   06.01093000e+01   04.51115000e+01  -05.48890000e-03
  07.56877000e+01   05.95045000e+01   04.51930000e+01  -05.73590000e-03
  08.26649000e+01   06.19475000e+01   04.16063000e+01  -01.16015000e-02
  08.19762000e+01   06.24213000e+01   03.99562000e+01  -01.03548000e-02
  08.15536000e+01   06.35123000e+01   04.12142000e+01  -01.10806000e-02
  08.26827000e+01   05.78787000e+01   03.66472000e+01  -06.50300000e-03
  08.26145000e+01   05.85749000e+01   03.82509000e+01  -03.84930000e-03
  08.17554000e+01   05.70989000e+01   03.79972000e+01  -06.75510000e-03
  07.79805000e+01   05.27011000e+01   03.62818000e+01   06.96000000e-05
  07.76314000e+01   05.29066000e+01   03.45796000e+01  -02.56130000e-03
  07.91103000e+01   05.36335000e+01   03.52291000e+01  -08.86000000e-04
  07.39674000e+01   05.67349000e+01   04.46464000e+01   02.66600000e-04
  07.27673000e+01   05.58325000e+01   04.34459000e+01   02.07780000e-03
  07.44392000e+01   05.64202000e+01   04.30702000e+01   03.44650000e-03
  08.11114000e+01   06.28360000e+01   04.53445000e+01   02.98050000e-03
  08.19486000e+01   06.21319000e+01   04.39704000e+01  -05.01900000e-04
  08.05805000e+01   05.90056000e+01   03.27720000e+01  -05.40000000e-06
  08.16503000e+01   05.91949000e+01   03.40963000e+01  -02.73660000e-03
  07.26900000e+01   05.85096000e+01   04.41216000e+01   06.65000000e-04
  07.22812000e+01   05.78755000e+01   04.24749000e+01  -04.07950000e-03
  07.87283000e+01   05.83027000e+01   03.41587000e+01   01.58140000e-02
  07.94193000e+01   05.97766000e+01   03.47941000e+01   09.11190000e-03
  08.65038000e+01   05.84886000e+01   04.96786000e+01   00.00000000e+00
  08.55898000e+01   05.73645000e+01   04.86339000e+01   00.00000000e+00
  08.73543000e+01   05.73535000e+01   04.87943000e+01   00.00000000e+00
  08.57693000e+01   06.08765000e+01   04.68126000e+01   00.00000000e+00
  08.44556000e+01   05.96866000e+01   04.74651000e+01   00.00000000e+00
  08.55348000e+01   06.06080000e+01   04.84884000e+01   00.00000000e+00
  08.66601000e+01   05.90885000e+01   04.53458000e+01   00.00000000e+00
  08.55052000e+01   05.79283000e+01   04.60273000e+01   00.00000000e+00
  08.73537000e+01   05.62922000e+01   04.66884000e+01   00.00000000e+00
  08.85230000e+01   05.75687000e+01   04.61964000e+01   00.00000000e+00
  08.74446000e+01   05.74059000e+01   04.39141000e+01   00.00000000e+00
  08.66126000e+01   05.60782000e+01   04.44116000e+01   00.00000000e+00
  08.98250000e+01   05.40150000e+01   04.44870000e+01   00.00000000e+00
  08.88317000e+01   05.46952000e+01   04.57705000e+01   00.00000000e+00
  08.82135000e+01   05.36771000e+01   04.43908000e+01   00.00000000e+00
  08.74323000e+01   05.55492000e+01   04.22773000e+01   00.00000000e+00
  08.89393000e+01   05.47117000e+01   04.20417000e+01   00.00000000e+00
  08.99617000e+01   05.68651000e+01   04.17245000e+01   00.00000000e+00
  08.83844000e+01   05.77224000e+01   04.20421000e+01   00.00000000e+00
  08.90192000e+01   05.55458000e+01   03.99391000e+01   00.00000000e+00
  08.91467000e+01   05.72470000e+01   03.95469000e+01   00.00000000e+00
  07.30915000e+01   05.77189000e+01   04.02352000e+01   07.20400000e-04
  07.73883000e+01   06.11014000e+01   04.35713000e+01  -02.39543000e-02
  08.16932000e+01   06.05152000e+01   03.88180000e+01   04.89340000e-03
  07.68045000e+01   05.76272000e+01   03.43228000e+01  -02.28199000e-02
  07.89991000e+01   06.28957000e+01   04.39672000e+01  -01.51750000e-03
  08.54578000e+01   05.81271000e+01   03.93958000e+01   00.00000000e+00
  08.63508000e+01   05.83632000e+01   04.08934000e+01   00.00000000e+00
  08.71561000e+01   05.86218000e+01   03.92391000e+01   00.00000000e+00
  08.64589000e+01   05.60204000e+01   04.04588000e+01   00.00000000e+00
  08.74822000e+01   05.51380000e+01   03.83789000e+01   00.00000000e+00
  08.74474000e+01   05.66616000e+01   03.75411000e+01   00.00000000e+00
  08.49371000e+01   05.65030000e+01   03.78794000e+01   00.00000000e+00
  08.50788000e+01   05.49397000e+01   03.86286000e+01   00.00000000e+00
  08.65240000e+01   05.43548000e+01   03.62262000e+01   00.00000000e+00
  08.57106000e+01   05.59284000e+01   03.57685000e+01   00.00000000e+00
  08.49852000e+01   05.23795000e+01   03.54405000e+01   00.00000000e+00
  08.50350000e+01   05.24995000e+01   03.70576000e+01   00.00000000e+00
  08.34028000e+01   05.24102000e+01   03.62327000e+01   00.00000000e+00
  08.10365000e+01   05.97766000e+01   03.64409000e+01   05.57290000e-03
  08.00528000e+01   05.69894000e+01   03.58470000e+01  -01.28866000e-02
  08.28890000e+01   05.54075000e+01   03.67474000e+01   00.00000000e+00
  08.75415000e+01   05.93929000e+01   04.75802000e+01   00.00000000e+00
  08.95968000e+01   05.62369000e+01   04.42078000e+01   00.00000000e+00
  08.17820000e+01   05.46804000e+01   03.42325000e+01  -01.99830000e-03
  08.33654000e+01   05.51417000e+01   03.35844000e+01  -01.85290000e-03
