  07.78570000e+01   05.63080000e+01   03.49653000e+01  -06.11779000e-02
  07.88747000e+01   06.16851000e+01   04.30204000e+01   01.75852000e-02
  07.17658000e+01   05.81288000e+01   04.38876000e+01   01.01800000e-02
  07.34609000e+01   05.48545000e+01   03.64413000e+01  -01.32723000e-02
  07.71208000e+01   05.74349000e+01   03.82370000e+01  -04.57645000e-02
  07.90744000e+01   05.58262000e+01   03.41339000e+01   02.46758000e-02
  08.00545000e+01   06.21574000e+01   04.34476000e+01  -01.71993000e-02
  07.14412000e+01   05.66950000e+01   04.39766000e+01  -09.39340000e-03
  07.50204000e+01   05.49482000e+01   03.61676000e+01   07.66074000e-02
  07.74435000e+01   05.92366000e+01   04.05994000e+01   09.44338000e-02
  07.26971000e+01   05.43013000e+01   03.56733000e+01   01.54319000e-02
  07.91899000e+01   05.43716000e+01   03.40669000e+01  -01.56515000e-02
  07.56878000e+01   05.35821000e+01   03.63494000e+01  -02.00050000e-02
  07.43749000e+01   05.69303000e+01   03.91334000e+01  -08.09918000e-02
  07.54669000e+01   05.13253000e+01   03.74469000e+01   04.03650000e-03
  07.55625000e+01   05.58856000e+01   03.72030000e+01  -01.43447000e-01
  07.91161000e+01   05.85361000e+01   03.90538000e+01   01.23287000e-02
  07.62590000e+01   06.01250000e+01   04.26057000e+01   02.21683000e-01
  07.25846000e+01   05.74126000e+01   04.07654000e+01  -05.42921000e-02
  08.03751000e+01   05.60037000e+01   03.76890000e+01   02.66866000e-02
  08.07286000e+01   06.08216000e+01   04.01809000e+01   04.35609000e-02
  07.39668000e+01   06.02158000e+01   04.47439000e+01   02.36507000e-02
  07.09009000e+01   05.60145000e+01   03.84769000e+01  -06.09964000e-02
  07.99442000e+01   05.24707000e+01   03.53185000e+01   08.71130000e-03
  07.68332000e+01   05.65088000e+01   03.72994000e+01   01.26858000e-01
  07.86919000e+01   05.93621000e+01   04.00755000e+01  -03.45042000e-02
  07.50371000e+01   05.94354000e+01   04.25435000e+01  -02.04376000e-01
  07.30680000e+01   05.67993000e+01   03.95511000e+01   07.60142000e-02
  07.86721000e+01   05.36037000e+01   03.32946000e+01   05.08730000e-03
  07.67299000e+01   05.32334000e+01   03.58103000e+01   06.92200000e-04
  08.05479000e+01   05.22579000e+01   03.67055000e+01   00.00000000e+00
  07.80139000e+01   05.60988000e+01   03.65136000e+01   07.64245000e-02
  07.93772000e+01   06.04079000e+01   04.07757000e+01  -04.66821000e-02
  07.39930000e+01   05.93949000e+01   04.34810000e+01   01.65461000e-02
  07.23019000e+01   05.60941000e+01   03.85391000e+01   05.49912000e-02
  08.01062000e+01   05.39315000e+01   03.50180000e+01   03.30200000e-04
  07.49106000e+01   05.27464000e+01   03.72474000e+01   04.02810000e-03
  08.14075000e+01   05.12736000e+01   03.69947000e+01   00.00000000e+00
  07.91867000e+01   05.68356000e+01   03.71079000e+01  -04.69336000e-02
  07.86074000e+01   06.07418000e+01   04.19262000e+01  -07.68710000e-03
  07.29717000e+01   05.84930000e+01   04.30579000e+01  -03.37389000e-02
  07.31904000e+01   05.55762000e+01   03.76558000e+01   03.64969000e-02
  08.09875000e+01   04.99265000e+01   03.74355000e+01   00.00000000e+00
  07.84500000e+01   05.76681000e+01   03.82205000e+01  -09.58259000e-02
  07.73645000e+01   06.00624000e+01   04.17320000e+01  -01.77941000e-01
  07.33618000e+01   05.81297000e+01   04.16810000e+01   06.74294000e-02
  07.44735000e+01   05.61642000e+01   03.80417000e+01   01.44326000e-01
  08.28361000e+01   05.16826000e+01   03.70284000e+01   00.00000000e+00
  08.31342000e+01   05.29338000e+01   03.78781000e+01   00.00000000e+00
  08.45514000e+01   05.28611000e+01   03.83897000e+01   00.00000000e+00
  08.52217000e+01   05.41190000e+01   03.91443000e+01   00.00000000e+00
  08.67670000e+01   05.41062000e+01   03.88877000e+01   00.00000000e+00
  08.49248000e+01   05.41210000e+01   04.06747000e+01   00.00000000e+00
  08.34644000e+01   05.44273000e+01   04.11209000e+01   00.00000000e+00
  08.32223000e+01   05.55402000e+01   04.21021000e+01   00.00000000e+00
  08.17657000e+01   05.58481000e+01   04.23593000e+01   00.00000000e+00
  08.11812000e+01   05.66421000e+01   04.12513000e+01   00.00000000e+00
  08.13804000e+01   05.64829000e+01   04.37250000e+01   00.00000000e+00
  08.19137000e+01   05.79747000e+01   04.38121000e+01   00.00000000e+00
  08.16447000e+01   05.85236000e+01   04.51736000e+01   00.00000000e+00
  08.24009000e+01   05.97906000e+01   04.55804000e+01   00.00000000e+00
  08.16838000e+01   06.05969000e+01   04.67549000e+01   00.00000000e+00
  08.38821000e+01   05.94826000e+01   04.60757000e+01   00.00000000e+00
  07.46239000e+01   05.86520000e+01   04.14855000e+01   03.65717000e-02
  07.58542000e+01   05.81528000e+01   03.97978000e+01  -06.37550000e-03
  07.05696000e+01   05.62846000e+01   03.75163000e+01   01.79582000e-02
  07.05325000e+01   05.50634000e+01   03.87813000e+01   01.23366000e-02
  07.05830000e+01   05.68143000e+01   03.91088000e+01   01.80857000e-02
  07.46014000e+01   06.11663000e+01   04.47409000e+01  -03.55350000e-03
  07.29163000e+01   06.05447000e+01   04.50046000e+01  -05.48890000e-03
  07.42009000e+01   05.95280000e+01   04.55991000e+01  -05.73590000e-03
  08.06424000e+01   06.13047000e+01   03.92346000e+01  -01.16015000e-02
  08.12145000e+01   06.15302000e+01   04.08907000e+01  -01.03548000e-02
  08.12971000e+01   05.99783000e+01   03.99690000e+01  -01.10806000e-02
  08.11518000e+01   05.67070000e+01   03.80412000e+01  -06.50300000e-03
  07.98762000e+01   05.56279000e+01   03.85558000e+01  -03.84930000e-03
  08.08832000e+01   05.52411000e+01   03.70399000e+01  -06.75510000e-03
  07.54201000e+01   05.12484000e+01   03.85247000e+01   06.96000000e-05
  07.49624000e+01   05.06061000e+01   03.69559000e+01  -02.56130000e-03
  07.64670000e+01   05.12920000e+01   03.71455000e+01  -08.86000000e-04
  07.06128000e+01   05.64899000e+01   04.47391000e+01   02.66600000e-04
  07.12622000e+01   05.62885000e+01   04.30287000e+01   02.07780000e-03
  07.23044000e+01   05.61650000e+01   04.43353000e+01   03.44650000e-03
  08.00259000e+01   06.26326000e+01   04.44466000e+01   02.98050000e-03
  08.09618000e+01   06.18061000e+01   04.30350000e+01  -05.01900000e-04
  07.89483000e+01   05.62298000e+01   03.31018000e+01  -05.40000000e-06
  08.00080000e+01   05.61805000e+01   03.45088000e+01  -02.73660000e-03
  07.18214000e+01   05.86190000e+01   04.48390000e+01   06.65000000e-04
  07.09435000e+01   05.84973000e+01   04.32988000e+01  -04.07950000e-03
  07.69612000e+01   05.58450000e+01   03.44849000e+01   01.58140000e-02
  07.77590000e+01   05.73511000e+01   03.47300000e+01   09.11190000e-03
  08.44963000e+01   05.90888000e+01   04.52694000e+01   00.00000000e+00
  08.43699000e+01   06.04169000e+01   04.62875000e+01   00.00000000e+00
  08.38860000e+01   05.88710000e+01   04.69785000e+01   00.00000000e+00
  08.21145000e+01   06.15244000e+01   04.68089000e+01   00.00000000e+00
  08.06085000e+01   06.05131000e+01   04.65127000e+01   00.00000000e+00
  08.19788000e+01   06.01704000e+01   04.77202000e+01   00.00000000e+00
  08.05646000e+01   05.88057000e+01   04.50157000e+01   00.00000000e+00
  08.15290000e+01   05.77913000e+01   04.60221000e+01   00.00000000e+00
  08.30145000e+01   05.80047000e+01   04.36495000e+01   00.00000000e+00
  08.13728000e+01   05.86345000e+01   04.31693000e+01   00.00000000e+00
  08.03085000e+01   05.64764000e+01   04.38485000e+01   00.00000000e+00
  08.19508000e+01   05.58913000e+01   04.44027000e+01   00.00000000e+00
  08.11297000e+01   05.60104000e+01   04.03100000e+01   00.00000000e+00
  08.01295000e+01   05.69381000e+01   04.14745000e+01   00.00000000e+00
  08.17878000e+01   05.75403000e+01   04.10486000e+01   00.00000000e+00
  08.37511000e+01   05.53885000e+01   04.30300000e+01   00.00000000e+00
  08.35933000e+01   05.64994000e+01   04.16704000e+01   00.00000000e+00
  08.27889000e+01   05.46697000e+01   04.02638000e+01   00.00000000e+00
  08.31196000e+01   05.34012000e+01   04.15292000e+01   00.00000000e+00
  08.52706000e+01   05.31662000e+01   04.10663000e+01   00.00000000e+00
  08.56622000e+01   05.48858000e+01   04.10736000e+01   00.00000000e+00
  07.15746000e+01   05.71281000e+01   04.11365000e+01   07.20400000e-04
  07.64307000e+01   06.07859000e+01   04.34679000e+01  -02.39543000e-02
  08.01618000e+01   05.86877000e+01   03.87126000e+01   04.89340000e-03
  07.50177000e+01   05.52624000e+01   03.51427000e+01  -02.28199000e-02
  07.80156000e+01   06.20523000e+01   04.36041000e+01  -01.51750000e-03
  08.73437000e+01   05.32107000e+01   03.91609000e+01   00.00000000e+00
  08.68043000e+01   05.41380000e+01   03.77984000e+01   00.00000000e+00
  08.71578000e+01   05.49916000e+01   03.94245000e+01   00.00000000e+00
  08.48905000e+01   05.50397000e+01   03.86394000e+01   00.00000000e+00
  08.47220000e+01   05.20454000e+01   03.91206000e+01   00.00000000e+00
  08.51314000e+01   05.27627000e+01   03.74990000e+01   00.00000000e+00
  08.29091000e+01   05.38429000e+01   03.73119000e+01   00.00000000e+00
  08.24887000e+01   05.28312000e+01   03.86953000e+01   00.00000000e+00
  08.35504000e+01   05.09216000e+01   03.74017000e+01   00.00000000e+00
  08.31513000e+01   05.18274000e+01   03.60132000e+01   00.00000000e+00
  07.98821000e+01   05.00261000e+01   03.74420000e+01   00.00000000e+00
  08.13661000e+01   04.92299000e+01   03.67505000e+01   00.00000000e+00
  08.13101000e+01   04.96800000e+01   03.84765000e+01   00.00000000e+00
  07.95661000e+01   05.75313000e+01   03.63329000e+01   05.57290000e-03
  07.80645000e+01   05.49952000e+01   03.65996000e+01  -01.28866000e-02
  08.00688000e+01   05.27974000e+01   03.75641000e+01   00.00000000e+00
  08.23483000e+01   06.04743000e+01   04.47844000e+01   00.00000000e+00
  08.12208000e+01   05.48623000e+01   04.25138000e+01   00.00000000e+00
  07.89104000e+01   05.21219000e+01   03.52468000e+01  -01.99830000e-03
  08.05486000e+01   05.18193000e+01   03.46471000e+01  -01.85290000e-03
