  08.07073000e+01   05.89485000e+01   03.38350000e+01  -06.11779000e-02
  08.08543000e+01   06.21334000e+01   04.31279000e+01   01.75852000e-02
  07.37188000e+01   05.83437000e+01   04.22397000e+01   01.01800000e-02
  07.64595000e+01   05.65227000e+01   03.49649000e+01  -01.32723000e-02
  07.96159000e+01   05.92298000e+01   03.73167000e+01  -04.57645000e-02
  08.19325000e+01   05.88508000e+01   03.28775000e+01   02.46758000e-02
  08.19888000e+01   06.20211000e+01   04.38348000e+01  -01.71993000e-02
  07.37976000e+01   05.67481000e+01   04.21141000e+01  -09.39340000e-03
  07.78833000e+01   05.70398000e+01   03.46841000e+01   07.66074000e-02
  07.96763000e+01   06.04832000e+01   04.00073000e+01   09.44338000e-02
  07.58697000e+01   05.57610000e+01   03.41860000e+01   01.54319000e-02
  08.22085000e+01   05.74157000e+01   03.24796000e+01  -01.56515000e-02
  07.87502000e+01   05.58974000e+01   03.43175000e+01  -02.00050000e-02
  07.69137000e+01   05.83289000e+01   03.79211000e+01  -08.09918000e-02
  07.94927000e+01   05.37531000e+01   03.51959000e+01   04.03650000e-03
  07.82779000e+01   05.78583000e+01   03.58450000e+01  -01.43447000e-01
  08.15905000e+01   06.03253000e+01   03.84693000e+01   01.23287000e-02
  07.83184000e+01   06.06838000e+01   04.20765000e+01   02.21683000e-01
  07.49338000e+01   05.83588000e+01   03.93698000e+01  -05.42921000e-02
  08.29446000e+01   05.80289000e+01   03.69042000e+01   02.66866000e-02
  08.29860000e+01   06.21025000e+01   04.06651000e+01   04.35609000e-02
  07.58621000e+01   06.03204000e+01   04.40269000e+01   02.36507000e-02
  07.36335000e+01   05.66036000e+01   03.71346000e+01  -06.09964000e-02
  08.29755000e+01   05.53925000e+01   03.35784000e+01   08.71130000e-03
  07.94805000e+01   05.84318000e+01   03.61617000e+01   01.26858000e-01
  08.10068000e+01   06.07177000e+01   03.96988000e+01  -03.45042000e-02
  07.71476000e+01   05.99668000e+01   04.17763000e+01  -02.04376000e-01
  07.56012000e+01   05.79164000e+01   03.81748000e+01   07.60142000e-02
  08.18587000e+01   05.67346000e+01   03.15211000e+01   05.08730000e-03
  07.96178000e+01   05.58480000e+01   03.34718000e+01   06.92200000e-04
  08.38599000e+01   05.49858000e+01   03.47807000e+01   00.00000000e+00
  08.07853000e+01   05.82992000e+01   03.52702000e+01   07.64245000e-02
  08.16001000e+01   06.14696000e+01   04.07863000e+01  -04.66821000e-02
  07.59825000e+01   05.97191000e+01   04.26125000e+01   01.65461000e-02
  07.50501000e+01   05.71153000e+01   03.71738000e+01   05.49912000e-02
  08.30872000e+01   05.68773000e+01   03.34715000e+01   03.30200000e-04
  07.85770000e+01   05.49309000e+01   03.52354000e+01   04.02810000e-03
  08.51074000e+01   05.45300000e+01   03.48114000e+01   00.00000000e+00
  08.18066000e+01   05.90014000e+01   03.63009000e+01  -04.69336000e-02
  08.06499000e+01   06.15414000e+01   04.18096000e+01  -07.68710000e-03
  07.50757000e+01   05.89255000e+01   04.18878000e+01  -03.37389000e-02
  07.60738000e+01   05.70535000e+01   03.62780000e+01   03.64969000e-02
  08.55503000e+01   05.30656000e+01   03.46363000e+01   00.00000000e+00
  08.09454000e+01   05.95165000e+01   03.74723000e+01  -09.58259000e-02
  07.94628000e+01   06.09104000e+01   04.13171000e+01  -01.77941000e-01
  07.56174000e+01   05.88802000e+01   04.05284000e+01   06.74294000e-02
  07.71509000e+01   05.78783000e+01   03.66851000e+01   01.44326000e-01
  08.62485000e+01   05.53756000e+01   03.52008000e+01   00.00000000e+00
  08.61606000e+01   05.58444000e+01   03.66581000e+01   00.00000000e+00
  08.74935000e+01   05.65264000e+01   03.71424000e+01   00.00000000e+00
  08.77362000e+01   05.67418000e+01   03.87261000e+01   00.00000000e+00
  08.65659000e+01   05.75915000e+01   03.91906000e+01   00.00000000e+00
  08.90935000e+01   05.75422000e+01   03.90239000e+01   00.00000000e+00
  08.93708000e+01   05.78412000e+01   04.05108000e+01   00.00000000e+00
  08.90623000e+01   05.65993000e+01   04.13770000e+01   00.00000000e+00
  08.96742000e+01   05.66750000e+01   04.28528000e+01   00.00000000e+00
  08.95842000e+01   05.53467000e+01   04.35431000e+01   00.00000000e+00
  08.90338000e+01   05.77891000e+01   04.36823000e+01   00.00000000e+00
  08.75386000e+01   05.76679000e+01   04.40593000e+01   00.00000000e+00
  08.71232000e+01   05.87199000e+01   04.51049000e+01   00.00000000e+00
  08.56232000e+01   05.87673000e+01   04.56132000e+01   00.00000000e+00
  08.53714000e+01   05.97952000e+01   04.67227000e+01   00.00000000e+00
  08.45574000e+01   05.89781000e+01   04.44594000e+01   00.00000000e+00
  07.69240000e+01   05.93399000e+01   04.05590000e+01   03.65717000e-02
  07.82388000e+01   05.93975000e+01   03.89236000e+01  -06.37550000e-03
  07.34516000e+01   05.57702000e+01   03.63967000e+01   01.79582000e-02
  07.33568000e+01   05.62895000e+01   03.81324000e+01   01.23366000e-02
  07.29290000e+01   05.73976000e+01   03.68475000e+01   01.80857000e-02
  07.57461000e+01   06.14075000e+01   04.40499000e+01  -03.55350000e-03
  07.50290000e+01   05.99931000e+01   04.46036000e+01  -05.48890000e-03
  07.67139000e+01   06.00419000e+01   04.46861000e+01  -05.73590000e-03
  08.31909000e+01   06.29041000e+01   04.14307000e+01  -01.16015000e-02
  08.36805000e+01   06.12737000e+01   04.06437000e+01  -01.03548000e-02
  08.29781000e+01   06.25953000e+01   03.97241000e+01  -01.10806000e-02
  08.34928000e+01   05.76009000e+01   03.61094000e+01  -06.50300000e-03
  08.36111000e+01   05.85188000e+01   03.74913000e+01  -03.84930000e-03
  08.25128000e+01   05.72431000e+01   03.74614000e+01  -06.75510000e-03
  07.94525000e+01   05.32949000e+01   03.42034000e+01   06.96000000e-05
  08.05076000e+01   05.40282000e+01   03.53588000e+01  -02.56130000e-03
  07.92274000e+01   05.29881000e+01   03.58497000e+01  -08.86000000e-04
  07.28857000e+01   05.62420000e+01   04.24787000e+01   02.66600000e-04
  07.41101000e+01   05.65006000e+01   04.10593000e+01   02.07780000e-03
  07.47410000e+01   05.63617000e+01   04.26710000e+01   03.44650000e-03
  08.21799000e+01   06.25215000e+01   04.48028000e+01   02.98050000e-03
  08.29545000e+01   06.16569000e+01   04.34412000e+01  -05.01900000e-04
  08.18119000e+01   05.94266000e+01   03.19517000e+01  -05.40000000e-06
  08.28751000e+01   05.91746000e+01   03.34465000e+01  -02.73660000e-03
  07.35788000e+01   05.83632000e+01   04.33638000e+01   06.65000000e-04
  07.29165000e+01   05.88808000e+01   04.18218000e+01  -04.07950000e-03
  07.98456000e+01   05.84765000e+01   03.34042000e+01   01.58140000e-02
  08.04821000e+01   05.99933000e+01   03.40142000e+01   09.11190000e-03
  08.45197000e+01   06.00075000e+01   04.40998000e+01   00.00000000e+00
  08.48168000e+01   05.82611000e+01   04.36068000e+01   00.00000000e+00
  08.36097000e+01   05.87119000e+01   04.48852000e+01   00.00000000e+00
  08.58908000e+01   05.95278000e+01   04.76192000e+01   00.00000000e+00
  08.56686000e+01   06.07880000e+01   04.63283000e+01   00.00000000e+00
  08.43404000e+01   05.97229000e+01   04.69298000e+01   00.00000000e+00
  08.77383000e+01   05.84575000e+01   04.59376000e+01   00.00000000e+00
  08.72427000e+01   05.98009000e+01   04.50004000e+01   00.00000000e+00
  08.69866000e+01   05.79254000e+01   04.31972000e+01   00.00000000e+00
  08.72702000e+01   05.67077000e+01   04.45116000e+01   00.00000000e+00
  08.96326000e+01   05.77411000e+01   04.46116000e+01   00.00000000e+00
  08.91231000e+01   05.88105000e+01   04.32315000e+01   00.00000000e+00
  09.01139000e+01   05.45674000e+01   04.29707000e+01   00.00000000e+00
  09.00703000e+01   05.54428000e+01   04.44876000e+01   00.00000000e+00
  08.85224000e+01   05.50340000e+01   04.37187000e+01   00.00000000e+00
  08.79872000e+01   05.64233000e+01   04.14933000e+01   00.00000000e+00
  08.95464000e+01   05.57617000e+01   04.09450000e+01   00.00000000e+00
  09.04054000e+01   05.80641000e+01   04.05595000e+01   00.00000000e+00
  08.89193000e+01   05.87701000e+01   04.09150000e+01   00.00000000e+00
  08.99232000e+01   05.69648000e+01   03.85423000e+01   00.00000000e+00
  08.90076000e+01   05.85476000e+01   03.85540000e+01   00.00000000e+00
  07.38243000e+01   05.81839000e+01   03.93935000e+01   07.20400000e-04
  07.83586000e+01   06.10617000e+01   04.30612000e+01  -02.39543000e-02
  08.26267000e+01   06.06367000e+01   03.83677000e+01   04.89340000e-03
  07.78461000e+01   05.77708000e+01   03.38273000e+01  -02.28199000e-02
  07.99661000e+01   06.25686000e+01   04.36640000e+01  -01.51750000e-03
  08.65855000e+01   05.77599000e+01   04.02541000e+01   00.00000000e+00
  08.65911000e+01   05.85843000e+01   03.87252000e+01   00.00000000e+00
  08.55421000e+01   05.72489000e+01   03.89614000e+01   00.00000000e+00
  08.76233000e+01   05.57330000e+01   03.93008000e+01   00.00000000e+00
  08.83236000e+01   05.59290000e+01   03.67894000e+01   00.00000000e+00
  08.76885000e+01   05.75589000e+01   03.65940000e+01   00.00000000e+00
  08.54419000e+01   05.66873000e+01   03.66649000e+01   00.00000000e+00
  08.59359000e+01   05.49917000e+01   03.72733000e+01   00.00000000e+00
  08.71666000e+01   05.48545000e+01   03.50977000e+01   00.00000000e+00
  08.62078000e+01   05.62186000e+01   03.45957000e+01   00.00000000e+00
  08.48074000e+01   05.23944000e+01   03.41985000e+01   00.00000000e+00
  08.63225000e+01   05.30084000e+01   03.38534000e+01   00.00000000e+00
  08.60711000e+01   05.28286000e+01   03.55409000e+01   00.00000000e+00
  08.24395000e+01   05.98058000e+01   03.58433000e+01   05.57290000e-03
  08.10378000e+01   05.71984000e+01   03.51617000e+01  -01.28866000e-02
  08.33358000e+01   05.50592000e+01   03.56380000e+01   00.00000000e+00
  08.55487000e+01   05.78170000e+01   04.61622000e+01   00.00000000e+00
  09.07218000e+01   05.69350000e+01   04.28186000e+01   00.00000000e+00
  08.19486000e+01   05.51248000e+01   03.38866000e+01  -01.99830000e-03
  08.32736000e+01   05.49021000e+01   03.26350000e+01  -01.85290000e-03
