  07.86982000e+01   05.71094000e+01   03.47599000e+01  -06.11779000e-02
  07.86773000e+01   06.15387000e+01   04.35465000e+01   01.75852000e-02
  07.16086000e+01   05.77022000e+01   04.31911000e+01   01.01800000e-02
  07.43922000e+01   05.50265000e+01   03.60271000e+01  -01.32723000e-02
  07.76363000e+01   05.79309000e+01   03.81527000e+01  -04.57645000e-02
  08.00516000e+01   05.70785000e+01   03.38839000e+01   02.46758000e-02
  07.99416000e+01   06.15888000e+01   04.40756000e+01  -01.71993000e-02
  07.16712000e+01   05.61869000e+01   04.34368000e+01  -09.39340000e-03
  07.59341000e+01   05.53387000e+01   03.57444000e+01   07.66074000e-02
  07.74046000e+01   05.97889000e+01   04.05833000e+01   09.44338000e-02
  07.37221000e+01   05.43063000e+01   03.53231000e+01   01.54319000e-02
  08.06533000e+01   05.57171000e+01   03.36586000e+01  -01.56515000e-02
  07.67415000e+01   05.40614000e+01   03.55680000e+01  -02.00050000e-02
  07.47634000e+01   05.72434000e+01   03.87370000e+01  -08.09918000e-02
  07.71304000e+01   05.18176000e+01   03.61904000e+01   04.03650000e-03
  07.62577000e+01   05.63599000e+01   03.69043000e+01  -01.43447000e-01
  07.93107000e+01   05.94581000e+01   03.90883000e+01   01.23287000e-02
  07.60593000e+01   06.00670000e+01   04.26878000e+01   02.21683000e-01
  07.28649000e+01   05.72423000e+01   04.02737000e+01  -05.42921000e-02
  08.11465000e+01   05.75879000e+01   03.73993000e+01   02.66866000e-02
  08.06878000e+01   06.14328000e+01   04.09269000e+01   04.35609000e-02
  07.35967000e+01   05.96843000e+01   04.46463000e+01   02.36507000e-02
  07.14705000e+01   05.54467000e+01   03.79530000e+01  -06.09964000e-02
  08.15631000e+01   05.38817000e+01   03.48604000e+01   08.71130000e-03
  07.74524000e+01   05.71279000e+01   03.70509000e+01   01.26858000e-01
  07.86528000e+01   06.00389000e+01   04.01664000e+01  -03.45042000e-02
  07.48907000e+01   05.93519000e+01   04.23673000e+01  -02.04376000e-01
  07.34058000e+01   05.68244000e+01   03.90856000e+01   07.60142000e-02
  08.04766000e+01   05.50900000e+01   03.26303000e+01   05.08730000e-03
  07.75161000e+01   05.38739000e+01   03.46266000e+01   06.92200000e-04
  08.11876000e+01   05.35012000e+01   03.61968000e+01   00.00000000e+00
  07.87783000e+01   05.69534000e+01   03.63012000e+01   07.64245000e-02
  07.92969000e+01   06.09160000e+01   04.11319000e+01  -04.66821000e-02
  07.37719000e+01   05.91700000e+01   04.32190000e+01   01.65461000e-02
  07.29127000e+01   05.59305000e+01   03.81032000e+01   05.49912000e-02
  08.12220000e+01   05.52463000e+01   03.48295000e+01   03.30200000e-04
  07.64280000e+01   05.30733000e+01   03.65510000e+01   04.02810000e-03
  08.17808000e+01   05.27946000e+01   03.71370000e+01   00.00000000e+00
  07.96687000e+01   05.80087000e+01   03.69668000e+01  -04.69336000e-02
  07.84503000e+01   06.09241000e+01   04.22290000e+01  -07.68710000e-03
  07.28717000e+01   05.82950000e+01   04.26457000e+01  -03.37389000e-02
  07.40192000e+01   05.57513000e+01   03.72571000e+01   03.64969000e-02
  08.14707000e+01   05.12566000e+01   03.73807000e+01   00.00000000e+00
  07.88603000e+01   05.84822000e+01   03.81880000e+01  -09.58259000e-02
  07.72481000e+01   06.02235000e+01   04.18868000e+01  -01.77941000e-01
  07.34356000e+01   05.79894000e+01   04.13213000e+01   06.74294000e-02
  07.51111000e+01   05.64834000e+01   03.76959000e+01   01.44326000e-01
  08.28588000e+01   05.32914000e+01   03.80841000e+01   00.00000000e+00
  08.35500000e+01   05.45861000e+01   03.76861000e+01   00.00000000e+00
  08.40319000e+01   05.52981000e+01   03.89565000e+01   00.00000000e+00
  08.47877000e+01   05.66389000e+01   03.88526000e+01   00.00000000e+00
  08.61828000e+01   05.64412000e+01   03.81724000e+01   00.00000000e+00
  08.48896000e+01   05.72727000e+01   04.03122000e+01   00.00000000e+00
  08.34931000e+01   05.76958000e+01   04.08916000e+01   00.00000000e+00
  08.37111000e+01   05.86045000e+01   04.21397000e+01   00.00000000e+00
  08.45903000e+01   05.81023000e+01   04.34062000e+01   00.00000000e+00
  08.39650000e+01   05.68942000e+01   04.40977000e+01   00.00000000e+00
  08.49594000e+01   05.92981000e+01   04.44199000e+01   00.00000000e+00
  08.38669000e+01   06.01708000e+01   04.50682000e+01   00.00000000e+00
  08.43270000e+01   06.10977000e+01   04.61324000e+01   00.00000000e+00
  08.32419000e+01   06.20079000e+01   04.66182000e+01   00.00000000e+00
  08.20999000e+01   06.13121000e+01   04.74230000e+01   00.00000000e+00
  08.38085000e+01   06.30591000e+01   04.75904000e+01   00.00000000e+00
  07.46215000e+01   05.87275000e+01   04.11662000e+01   03.65717000e-02
  07.60891000e+01   05.86422000e+01   03.96062000e+01  -06.37550000e-03
  07.07800000e+01   05.62668000e+01   03.78191000e+01   01.79582000e-02
  07.15727000e+01   05.46923000e+01   03.71922000e+01   01.23366000e-02
  07.12009000e+01   05.49733000e+01   03.88951000e+01   01.80857000e-02
  07.32418000e+01   06.07126000e+01   04.46750000e+01  -03.55350000e-03
  07.27678000e+01   05.92811000e+01   04.52360000e+01  -05.48890000e-03
  07.44721000e+01   05.95170000e+01   04.52632000e+01  -05.73590000e-03
  08.08409000e+01   06.23333000e+01   04.15933000e+01  -01.16015000e-02
  08.14244000e+01   06.07599000e+01   04.12541000e+01  -01.03548000e-02
  08.08017000e+01   06.19812000e+01   03.99316000e+01  -01.10806000e-02
  08.16350000e+01   05.83567000e+01   03.78804000e+01  -06.50300000e-03
  08.10532000e+01   05.66351000e+01   03.79131000e+01  -03.84930000e-03
  08.16667000e+01   05.73593000e+01   03.64981000e+01  -06.75510000e-03
  07.67679000e+01   05.10005000e+01   03.67542000e+01   06.96000000e-05
  07.69592000e+01   05.15579000e+01   03.51646000e+01  -02.56130000e-03
  07.82449000e+01   05.18620000e+01   03.63533000e+01  -08.86000000e-04
  07.06209000e+01   05.58531000e+01   04.36715000e+01   02.66600000e-04
  07.21041000e+01   05.56209000e+01   04.25863000e+01   02.07780000e-03
  07.23331000e+01   05.59364000e+01   04.42931000e+01   03.44650000e-03
  08.00151000e+01   06.18941000e+01   04.51463000e+01   02.98050000e-03
  08.08143000e+01   06.11888000e+01   04.35590000e+01  -05.01900000e-04
  07.96522000e+01   05.75244000e+01   03.29693000e+01  -05.40000000e-06
  08.08348000e+01   05.76592000e+01   03.43433000e+01  -02.73660000e-03
  07.13137000e+01   05.82204000e+01   04.40878000e+01   06.65000000e-04
  07.08259000e+01   05.78078000e+01   04.24732000e+01  -04.07950000e-03
  07.80407000e+01   05.63940000e+01   03.43300000e+01   01.58140000e-02
  07.83649000e+01   05.80846000e+01   03.45364000e+01   09.11190000e-03
  08.44031000e+01   06.36788000e+01   04.68879000e+01   00.00000000e+00
  08.29908000e+01   06.36403000e+01   04.79900000e+01   00.00000000e+00
  08.44483000e+01   06.27032000e+01   04.83694000e+01   00.00000000e+00
  08.16810000e+01   06.05320000e+01   04.67258000e+01   00.00000000e+00
  08.26883000e+01   06.07866000e+01   04.82159000e+01   00.00000000e+00
  08.13712000e+01   06.19628000e+01   04.77730000e+01   00.00000000e+00
  08.48002000e+01   06.05517000e+01   04.69845000e+01   00.00000000e+00
  08.51353000e+01   06.16819000e+01   04.56786000e+01   00.00000000e+00
  08.34496000e+01   06.06678000e+01   04.42374000e+01   00.00000000e+00
  08.31357000e+01   05.94544000e+01   04.54670000e+01   00.00000000e+00
  08.55979000e+01   05.87244000e+01   04.51544000e+01   00.00000000e+00
  08.55606000e+01   06.00920000e+01   04.39189000e+01   00.00000000e+00
  08.47077000e+01   05.63426000e+01   04.45964000e+01   00.00000000e+00
  08.32117000e+01   05.72381000e+01   04.48245000e+01   00.00000000e+00
  08.33900000e+01   05.62898000e+01   04.34159000e+01   00.00000000e+00
  08.43336000e+01   05.95041000e+01   04.18670000e+01   00.00000000e+00
  08.26939000e+01   05.89767000e+01   04.24622000e+01   00.00000000e+00
  08.28674000e+01   05.82458000e+01   04.02158000e+01   00.00000000e+00
  08.29729000e+01   05.68138000e+01   04.11965000e+01   00.00000000e+00
  08.54662000e+01   05.66216000e+01   04.09384000e+01   00.00000000e+00
  08.54486000e+01   05.81958000e+01   04.03185000e+01   00.00000000e+00
  07.18064000e+01   05.69324000e+01   04.03789000e+01   07.20400000e-04
  07.60203000e+01   06.06890000e+01   04.36016000e+01  -02.39543000e-02
  08.02459000e+01   05.99399000e+01   03.87841000e+01   04.89340000e-03
  07.60421000e+01   05.58660000e+01   03.48335000e+01  -02.28199000e-02
  07.78505000e+01   06.19036000e+01   04.41806000e+01  -01.51750000e-03
  08.67356000e+01   05.58499000e+01   03.88553000e+01   00.00000000e+00
  08.60763000e+01   05.59199000e+01   03.72084000e+01   00.00000000e+00
  08.67426000e+01   05.73719000e+01   03.80258000e+01   00.00000000e+00
  08.41738000e+01   05.72749000e+01   03.82145000e+01   00.00000000e+00
  08.32003000e+01   05.53820000e+01   03.96347000e+01   00.00000000e+00
  08.48627000e+01   05.46874000e+01   03.94414000e+01   00.00000000e+00
  08.43830000e+01   05.43937000e+01   03.69979000e+01   00.00000000e+00
  08.28173000e+01   05.52121000e+01   03.71918000e+01   00.00000000e+00
  08.23024000e+01   05.34826000e+01   03.89216000e+01   00.00000000e+00
  08.37376000e+01   05.26055000e+01   03.82442000e+01   00.00000000e+00
  08.12023000e+01   05.10458000e+01   03.84373000e+01   00.00000000e+00
  08.06747000e+01   05.09665000e+01   03.68021000e+01   00.00000000e+00
  08.23435000e+01   05.06261000e+01   03.70919000e+01   00.00000000e+00
  07.97004000e+01   05.88843000e+01   03.63035000e+01   05.57290000e-03
  07.90957000e+01   05.59098000e+01   03.64212000e+01  -01.28866000e-02
  08.02989000e+01   05.40029000e+01   03.66240000e+01   00.00000000e+00
  08.27968000e+01   06.26231000e+01   04.57489000e+01   00.00000000e+00
  08.54035000e+01   05.76219000e+01   04.28604000e+01   00.00000000e+00
  08.07992000e+01   05.32870000e+01   03.43124000e+01  -01.99830000e-03
  08.25813000e+01   05.37161000e+01   03.45294000e+01  -01.85290000e-03
