  07.99497000e+01   05.90246000e+01   03.40131000e+01  -06.11779000e-02
  07.96043000e+01   06.26605000e+01   04.31579000e+01   01.75852000e-02
  07.27545000e+01   05.84923000e+01   04.25234000e+01   01.01800000e-02
  07.57097000e+01   05.65773000e+01   03.50462000e+01  -01.32723000e-02
  07.88723000e+01   05.92822000e+01   03.74888000e+01  -04.57645000e-02
  08.12742000e+01   05.87745000e+01   03.32658000e+01   02.46758000e-02
  08.06905000e+01   06.30149000e+01   04.38516000e+01  -01.71993000e-02
  07.27762000e+01   05.76002000e+01   04.38058000e+01  -09.39340000e-03
  07.71615000e+01   05.70938000e+01   03.48230000e+01   07.66074000e-02
  07.86656000e+01   06.07263000e+01   04.01344000e+01   09.44338000e-02
  07.51629000e+01   05.58524000e+01   03.42357000e+01   01.54319000e-02
  08.15561000e+01   05.72825000e+01   03.29759000e+01  -01.56515000e-02
  07.81272000e+01   05.59355000e+01   03.46159000e+01  -02.00050000e-02
  07.60283000e+01   05.85296000e+01   03.79786000e+01  -08.09918000e-02
  07.93361000e+01   05.42089000e+01   03.59046000e+01   04.03650000e-03
  07.75098000e+01   05.79638000e+01   03.60554000e+01  -01.43447000e-01
  08.06214000e+01   06.06087000e+01   03.86075000e+01   01.23287000e-02
  07.72737000e+01   06.08992000e+01   04.21346000e+01   02.21683000e-01
  07.41222000e+01   05.81733000e+01   03.95637000e+01  -05.42921000e-02
  08.22827000e+01   05.86891000e+01   03.67595000e+01   02.66866000e-02
  08.17614000e+01   06.26764000e+01   04.04455000e+01   04.35609000e-02
  07.49340000e+01   06.03276000e+01   04.41739000e+01   02.36507000e-02
  07.29119000e+01   05.64689000e+01   03.70930000e+01  -06.09964000e-02
  08.24847000e+01   05.52503000e+01   03.40468000e+01   08.71130000e-03
  07.87514000e+01   05.86006000e+01   03.63281000e+01   01.26858000e-01
  07.99780000e+01   06.10879000e+01   03.97453000e+01  -03.45042000e-02
  07.61114000e+01   06.01767000e+01   04.18270000e+01  -02.04376000e-01
  07.47059000e+01   05.80121000e+01   03.83047000e+01   07.60142000e-02
  08.10039000e+01   05.66009000e+01   03.21561000e+01   05.08730000e-03
  07.88596000e+01   05.57455000e+01   03.36448000e+01   06.92200000e-04
  08.31230000e+01   05.51082000e+01   03.53929000e+01   00.00000000e+00
  08.00652000e+01   05.85846000e+01   03.55295000e+01   07.64245000e-02
  08.05035000e+01   06.19421000e+01   04.07706000e+01  -04.66821000e-02
  07.49918000e+01   05.98746000e+01   04.27025000e+01   01.65461000e-02
  07.41475000e+01   05.73234000e+01   03.71708000e+01   05.49912000e-02
  08.23223000e+01   05.67365000e+01   03.40100000e+01   03.30200000e-04
  07.81456000e+01   05.51186000e+01   03.57625000e+01   04.02810000e-03
  08.42700000e+01   05.44516000e+01   03.54432000e+01   00.00000000e+00
  08.10174000e+01   05.94424000e+01   03.63987000e+01  -04.69336000e-02
  07.95959000e+01   06.19424000e+01   04.18583000e+01  -07.68710000e-03
  07.40700000e+01   05.90774000e+01   04.19795000e+01  -03.37389000e-02
  07.52300000e+01   05.72270000e+01   03.62981000e+01   03.64969000e-02
  08.43238000e+01   05.29915000e+01   03.58117000e+01   00.00000000e+00
  08.01193000e+01   05.97788000e+01   03.76177000e+01  -09.58259000e-02
  07.84824000e+01   06.10948000e+01   04.14018000e+01  -01.77941000e-01
  07.46695000e+01   05.89502000e+01   04.06295000e+01   06.74294000e-02
  07.63096000e+01   05.80160000e+01   03.68129000e+01   01.44326000e-01
  08.55119000e+01   05.51292000e+01   03.52708000e+01   00.00000000e+00
  08.58808000e+01   05.60635000e+01   03.64031000e+01   00.00000000e+00
  08.73406000e+01   05.65649000e+01   03.62839000e+01   00.00000000e+00
  08.77725000e+01   05.73699000e+01   03.74799000e+01   00.00000000e+00
  08.89244000e+01   05.83845000e+01   03.71624000e+01   00.00000000e+00
  08.80230000e+01   05.65889000e+01   03.88122000e+01   00.00000000e+00
  08.77381000e+01   05.74109000e+01   04.01521000e+01   00.00000000e+00
  08.77902000e+01   05.65202000e+01   04.14548000e+01   00.00000000e+00
  08.77484000e+01   05.73480000e+01   04.28065000e+01   00.00000000e+00
  08.90104000e+01   05.82179000e+01   04.29580000e+01   00.00000000e+00
  08.73754000e+01   05.63535000e+01   04.39960000e+01   00.00000000e+00
  08.69375000e+01   05.69386000e+01   04.53742000e+01   00.00000000e+00
  08.81114000e+01   05.70528000e+01   04.63613000e+01   00.00000000e+00
  08.77698000e+01   05.77757000e+01   04.76675000e+01   00.00000000e+00
  08.66927000e+01   05.71785000e+01   04.85713000e+01   00.00000000e+00
  08.91154000e+01   05.78755000e+01   04.84337000e+01   00.00000000e+00
  07.59217000e+01   05.95948000e+01   04.05643000e+01   03.65717000e-02
  07.73651000e+01   05.96630000e+01   03.89153000e+01  -06.37550000e-03
  07.27001000e+01   05.59539000e+01   03.79727000e+01   01.79582000e-02
  07.20898000e+01   05.72065000e+01   03.70799000e+01   01.23366000e-02
  07.30475000e+01   05.56577000e+01   03.62927000e+01   01.80857000e-02
  07.50894000e+01   06.13730000e+01   04.42542000e+01  -03.55350000e-03
  07.39864000e+01   05.99606000e+01   04.46022000e+01  -05.48890000e-03
  07.58058000e+01   05.97978000e+01   04.46991000e+01  -05.73590000e-03
  08.16710000e+01   06.30879000e+01   03.94612000e+01  -01.16015000e-02
  08.18384000e+01   06.35569000e+01   04.10786000e+01  -01.03548000e-02
  08.26194000e+01   06.20221000e+01   04.06423000e+01  -01.10806000e-02
  08.21371000e+01   05.77761000e+01   03.73682000e+01  -06.50300000e-03
  08.28871000e+01   05.83334000e+01   03.59290000e+01  -03.84930000e-03
  08.28844000e+01   05.93811000e+01   03.73718000e+01  -06.75510000e-03
  07.95594000e+01   05.35319000e+01   03.51160000e+01   06.96000000e-05
  08.02242000e+01   05.47466000e+01   03.62543000e+01  -02.56130000e-03
  07.92178000e+01   05.36590000e+01   03.68236000e+01  -08.86000000e-04
  07.33870000e+01   05.80342000e+01   04.46376000e+01   02.66600000e-04
  07.17179000e+01   05.74135000e+01   04.40555000e+01   02.07780000e-03
  07.33216000e+01   05.66512000e+01   04.37891000e+01   03.44650000e-03
  08.04892000e+01   06.35404000e+01   04.47848000e+01   02.98050000e-03
  08.16961000e+01   06.27855000e+01   04.35691000e+01  -05.01900000e-04
  08.13562000e+01   05.92604000e+01   03.23225000e+01  -05.40000000e-06
  08.20925000e+01   05.92429000e+01   03.38064000e+01  -02.73660000e-03
  07.21817000e+01   05.93568000e+01   04.28321000e+01   06.65000000e-04
  07.21391000e+01   05.80105000e+01   04.16693000e+01  -04.07950000e-03
  07.90903000e+01   05.85615000e+01   03.36699000e+01   01.58140000e-02
  07.98188000e+01   06.01076000e+01   03.40073000e+01   09.11190000e-03
  08.90041000e+01   05.85171000e+01   04.93298000e+01   00.00000000e+00
  08.95996000e+01   05.69202000e+01   04.87670000e+01   00.00000000e+00
  08.99943000e+01   05.82288000e+01   04.78600000e+01   00.00000000e+00
  08.66872000e+01   05.75136000e+01   04.95808000e+01   00.00000000e+00
  08.55946000e+01   05.71590000e+01   04.81679000e+01   00.00000000e+00
  08.70818000e+01   05.61267000e+01   04.86365000e+01   00.00000000e+00
  08.84333000e+01   05.60540000e+01   04.67027000e+01   00.00000000e+00
  08.89810000e+01   05.75206000e+01   04.59607000e+01   00.00000000e+00
  08.66319000e+01   05.79823000e+01   04.52528000e+01   00.00000000e+00
  08.61415000e+01   05.63505000e+01   04.58843000e+01   00.00000000e+00
  08.66105000e+01   05.56171000e+01   04.37432000e+01   00.00000000e+00
  08.83097000e+01   05.58178000e+01   04.40837000e+01   00.00000000e+00
  08.88473000e+01   05.88413000e+01   04.38483000e+01   00.00000000e+00
  08.98626000e+01   05.75020000e+01   04.31284000e+01   00.00000000e+00
  08.91940000e+01   05.87682000e+01   04.20229000e+01   00.00000000e+00
  08.70987000e+01   05.56544000e+01   04.14202000e+01   00.00000000e+00
  08.87111000e+01   05.60520000e+01   04.13908000e+01   00.00000000e+00
  08.83002000e+01   05.83390000e+01   04.00736000e+01   00.00000000e+00
  08.67260000e+01   05.77487000e+01   04.00751000e+01   00.00000000e+00
  08.75384000e+01   05.55845000e+01   03.88004000e+01   00.00000000e+00
  08.91542000e+01   05.64833000e+01   03.88639000e+01   00.00000000e+00
  07.30772000e+01   05.79720000e+01   03.96413000e+01   07.20400000e-04
  07.72636000e+01   06.12697000e+01   04.32096000e+01  -02.39543000e-02
  08.16049000e+01   06.09140000e+01   03.84769000e+01   04.89340000e-03
  07.70422000e+01   05.77380000e+01   03.39250000e+01  -02.28199000e-02
  07.86302000e+01   06.29518000e+01   04.35819000e+01  -01.51750000e-03
  08.92538000e+01   05.89387000e+01   03.79996000e+01   00.00000000e+00
  08.97592000e+01   05.78099000e+01   03.67531000e+01   00.00000000e+00
  08.86247000e+01   05.90079000e+01   03.62883000e+01   00.00000000e+00
  08.69005000e+01   05.79952000e+01   03.77193000e+01   00.00000000e+00
  08.80035000e+01   05.57240000e+01   03.61556000e+01   00.00000000e+00
  08.73743000e+01   05.70485000e+01   03.53138000e+01   00.00000000e+00
  08.52575000e+01   05.69217000e+01   03.63764000e+01   00.00000000e+00
  08.57108000e+01   05.55531000e+01   03.73129000e+01   00.00000000e+00
  08.62931000e+01   05.44469000e+01   03.51838000e+01   00.00000000e+00
  08.55028000e+01   05.58117000e+01   03.43833000e+01   00.00000000e+00
  08.33350000e+01   05.25249000e+01   03.58475000e+01   00.00000000e+00
  08.46647000e+01   05.25333000e+01   03.49181000e+01   00.00000000e+00
  08.49832000e+01   05.27614000e+01   03.67030000e+01   00.00000000e+00
  08.12479000e+01   06.04276000e+01   03.58255000e+01   05.57290000e-03
  08.04719000e+01   05.75898000e+01   03.55374000e+01  -01.28866000e-02
  08.27817000e+01   05.55805000e+01   03.63194000e+01   00.00000000e+00
  08.74609000e+01   05.87641000e+01   04.74132000e+01   00.00000000e+00
  08.69185000e+01   05.79981000e+01   04.27186000e+01   00.00000000e+00
  08.14845000e+01   05.47170000e+01   03.40219000e+01  -01.99830000e-03
  08.31572000e+01   05.47860000e+01   03.33342000e+01  -01.85290000e-03
