  07.78002000e+01   05.70669000e+01   03.44084000e+01  -06.11779000e-02
  07.79651000e+01   06.14319000e+01   04.33204000e+01   01.75852000e-02
  07.07619000e+01   05.77946000e+01   04.31697000e+01   01.01800000e-02
  07.33203000e+01   05.48210000e+01   03.59044000e+01  -01.32723000e-02
  07.67458000e+01   05.78070000e+01   03.78501000e+01  -04.57645000e-02
  07.91279000e+01   05.67406000e+01   03.36203000e+01   02.46758000e-02
  07.91164000e+01   06.15007000e+01   04.40506000e+01  -01.71993000e-02
  07.04672000e+01   05.63005000e+01   04.31809000e+01  -09.39340000e-03
  07.48748000e+01   05.51588000e+01   03.56139000e+01   07.66074000e-02
  07.68777000e+01   05.93499000e+01   04.04249000e+01   09.44338000e-02
  07.25889000e+01   05.41474000e+01   03.52104000e+01   01.54319000e-02
  07.95007000e+01   05.52605000e+01   03.34291000e+01  -01.56515000e-02
  07.57849000e+01   05.39414000e+01   03.55342000e+01  -02.00050000e-02
  07.39384000e+01   05.70267000e+01   03.85538000e+01  -08.09918000e-02
  07.64268000e+01   05.17203000e+01   03.64212000e+01   04.03650000e-03
  07.52892000e+01   05.61601000e+01   03.66773000e+01  -01.43447000e-01
  07.86602000e+01   05.91908000e+01   03.87883000e+01   01.23287000e-02
  07.56167000e+01   05.96558000e+01   04.25098000e+01   02.21683000e-01
  07.20839000e+01   05.72735000e+01   04.01833000e+01  -05.42921000e-02
  08.01168000e+01   05.68214000e+01   03.71562000e+01   02.66866000e-02
  08.01510000e+01   06.12303000e+01   04.07592000e+01   04.35609000e-02
  07.32838000e+01   05.94558000e+01   04.47162000e+01   02.36507000e-02
  07.06030000e+01   05.53637000e+01   03.81181000e+01  -06.09964000e-02
  08.02770000e+01   05.32406000e+01   03.45509000e+01   08.71130000e-03
  07.65026000e+01   05.69221000e+01   03.68212000e+01   01.26858000e-01
  07.81269000e+01   05.97205000e+01   03.99286000e+01  -03.45042000e-02
  07.43663000e+01   05.89688000e+01   04.22921000e+01  -02.04376000e-01
  07.26371000e+01   05.67509000e+01   03.89833000e+01   07.60142000e-02
  07.93768000e+01   05.46005000e+01   03.23922000e+01   05.08730000e-03
  07.65381000e+01   05.37887000e+01   03.46060000e+01   06.92200000e-04
  08.05148000e+01   05.28032000e+01   03.59992000e+01   00.00000000e+00
  07.77999000e+01   05.67229000e+01   03.59959000e+01   07.64245000e-02
  07.87978000e+01   06.06165000e+01   04.09223000e+01  -04.66821000e-02
  07.32579000e+01   05.88543000e+01   04.33042000e+01   01.65461000e-02
  07.20008000e+01   05.58704000e+01   03.80105000e+01   05.49912000e-02
  08.01247000e+01   05.46515000e+01   03.45335000e+01   03.30200000e-04
  07.57417000e+01   05.30119000e+01   03.66130000e+01   04.02810000e-03
  08.14033000e+01   05.18742000e+01   03.63849000e+01   00.00000000e+00
  07.88183000e+01   05.76047000e+01   03.67663000e+01  -04.69336000e-02
  07.78840000e+01   06.07014000e+01   04.20229000e+01  -07.68710000e-03
  07.21802000e+01   05.82231000e+01   04.25904000e+01  -03.37389000e-02
  07.29814000e+01   05.55422000e+01   03.70867000e+01   03.64969000e-02
  08.09656000e+01   05.04561000e+01   03.64736000e+01   00.00000000e+00
  07.80287000e+01   05.83091000e+01   03.78315000e+01  -09.58259000e-02
  07.67454000e+01   05.98522000e+01   04.16449000e+01  -01.77941000e-01
  07.27642000e+01   05.79538000e+01   04.12392000e+01   06.74294000e-02
  07.41354000e+01   05.62692000e+01   03.74705000e+01   01.44326000e-01
  08.29215000e+01   05.21601000e+01   03.65750000e+01   00.00000000e+00
  08.32375000e+01   05.30693000e+01   03.78621000e+01   00.00000000e+00
  08.47104000e+01   05.33980000e+01   03.80436000e+01   00.00000000e+00
  08.51834000e+01   05.48171000e+01   03.86434000e+01   00.00000000e+00
  08.66664000e+01   05.50851000e+01   03.84280000e+01   00.00000000e+00
  08.48804000e+01   05.49387000e+01   04.02205000e+01   00.00000000e+00
  08.34585000e+01   05.50407000e+01   04.07379000e+01   00.00000000e+00
  08.32739000e+01   05.59035000e+01   04.20800000e+01   00.00000000e+00
  08.18516000e+01   05.64005000e+01   04.23542000e+01   00.00000000e+00
  08.11218000e+01   05.72061000e+01   04.11897000e+01   00.00000000e+00
  08.16228000e+01   05.71488000e+01   04.37150000e+01   00.00000000e+00
  08.22385000e+01   05.84858000e+01   04.39121000e+01   00.00000000e+00
  08.18170000e+01   05.90749000e+01   04.52835000e+01   00.00000000e+00
  08.25877000e+01   06.03072000e+01   04.58158000e+01   00.00000000e+00
  08.19245000e+01   06.07880000e+01   04.71402000e+01   00.00000000e+00
  08.40958000e+01   06.01460000e+01   04.60538000e+01   00.00000000e+00
  07.40683000e+01   05.83955000e+01   04.11625000e+01   03.65717000e-02
  07.54118000e+01   05.82399000e+01   03.94557000e+01  -06.37550000e-03
  07.03558000e+01   05.46029000e+01   03.73758000e+01   01.79582000e-02
  07.05942000e+01   05.50036000e+01   03.91161000e+01   01.23366000e-02
  07.01113000e+01   05.62397000e+01   03.79582000e+01   01.80857000e-02
  07.33795000e+01   06.05012000e+01   04.46484000e+01  -03.55350000e-03
  07.24062000e+01   05.93418000e+01   04.52786000e+01  -05.48890000e-03
  07.41637000e+01   05.90867000e+01   04.52370000e+01  -05.73590000e-03
  08.02837000e+01   06.14405000e+01   03.96407000e+01  -01.16015000e-02
  08.01668000e+01   06.21814000e+01   04.13137000e+01  -01.03548000e-02
  08.08156000e+01   06.05301000e+01   04.12002000e+01  -01.10806000e-02
  08.08027000e+01   05.75771000e+01   03.77264000e+01  -06.50300000e-03
  07.98844000e+01   05.59034000e+01   03.77319000e+01  -03.84930000e-03
  08.04867000e+01   05.65288000e+01   03.61794000e+01  -06.75510000e-03
  07.59134000e+01   05.13297000e+01   03.54985000e+01   06.96000000e-05
  07.74595000e+01   05.18998000e+01   03.61518000e+01  -02.56130000e-03
  07.62464000e+01   05.11583000e+01   03.73471000e+01  -08.86000000e-04
  07.11481000e+01   05.57117000e+01   04.38204000e+01   02.66600000e-04
  06.94178000e+01   05.61732000e+01   04.35085000e+01   02.07780000e-03
  07.05988000e+01   05.57762000e+01   04.22288000e+01   03.44650000e-03
  07.91329000e+01   06.19518000e+01   04.50817000e+01   02.98050000e-03
  08.00856000e+01   06.11435000e+01   04.36808000e+01  -05.01900000e-04
  07.90541000e+01   05.73143000e+01   03.26933000e+01  -05.40000000e-06
  08.00084000e+01   05.72744000e+01   03.40715000e+01  -02.73660000e-03
  07.06700000e+01   05.81993000e+01   04.41698000e+01   06.65000000e-04
  07.00205000e+01   05.82976000e+01   04.25174000e+01  -04.07950000e-03
  07.70266000e+01   05.64245000e+01   03.39377000e+01   01.58140000e-02
  07.74827000e+01   05.81226000e+01   03.42923000e+01   09.11190000e-03
  08.45488000e+01   06.09805000e+01   04.66055000e+01   00.00000000e+00
  08.43006000e+01   05.93101000e+01   04.67659000e+01   00.00000000e+00
  08.45967000e+01   05.98302000e+01   04.51461000e+01   00.00000000e+00
  08.25649000e+01   06.14952000e+01   04.77783000e+01   00.00000000e+00
  08.09391000e+01   06.12185000e+01   04.69961000e+01   00.00000000e+00
  08.16874000e+01   05.98535000e+01   04.77081000e+01   00.00000000e+00
  08.08007000e+01   05.92747000e+01   04.52520000e+01   00.00000000e+00
  08.19309000e+01   05.82643000e+01   04.59706000e+01   00.00000000e+00
  08.33075000e+01   05.82832000e+01   04.37189000e+01   00.00000000e+00
  08.18889000e+01   05.92250000e+01   04.31597000e+01   00.00000000e+00
  08.05621000e+01   05.71508000e+01   04.40185000e+01   00.00000000e+00
  08.22382000e+01   05.65642000e+01   04.43771000e+01   00.00000000e+00
  08.07354000e+01   05.66114000e+01   04.04341000e+01   00.00000000e+00
  08.02090000e+01   05.76411000e+01   04.15359000e+01   00.00000000e+00
  08.17453000e+01   05.79566000e+01   04.06833000e+01   00.00000000e+00
  08.37788000e+01   05.54141000e+01   04.29775000e+01   00.00000000e+00
  08.38144000e+01   05.69130000e+01   04.19340000e+01   00.00000000e+00
  08.29959000e+01   05.55791000e+01   03.99311000e+01   00.00000000e+00
  08.30749000e+01   05.40292000e+01   04.08645000e+01   00.00000000e+00
  08.53557000e+01   05.41337000e+01   04.07333000e+01   00.00000000e+00
  08.53210000e+01   05.59035000e+01   04.05293000e+01   00.00000000e+00
  07.10334000e+01   05.69682000e+01   04.04030000e+01   07.20400000e-04
  07.56479000e+01   06.00671000e+01   04.35650000e+01  -02.39543000e-02
  07.96485000e+01   05.95266000e+01   03.84891000e+01   04.89340000e-03
  07.49600000e+01   05.55699000e+01   03.45934000e+01  -02.28199000e-02
  07.70278000e+01   06.17014000e+01   04.38247000e+01  -01.51750000e-03
  08.69289000e+01   05.48851000e+01   03.73554000e+01   00.00000000e+00
  08.67303000e+01   05.61471000e+01   03.86951000e+01   00.00000000e+00
  08.71104000e+01   05.44350000e+01   03.91229000e+01   00.00000000e+00
  08.46932000e+01   05.54063000e+01   03.78701000e+01   00.00000000e+00
  08.49537000e+01   05.27204000e+01   03.87855000e+01   00.00000000e+00
  08.53616000e+01   05.31487000e+01   03.71642000e+01   00.00000000e+00
  08.26792000e+01   05.40308000e+01   03.78160000e+01   00.00000000e+00
  08.27204000e+01   05.26135000e+01   03.87155000e+01   00.00000000e+00
  08.34760000e+01   05.12146000e+01   03.66878000e+01   00.00000000e+00
  08.33406000e+01   05.26997000e+01   03.57237000e+01   00.00000000e+00
  08.15011000e+01   04.97952000e+01   03.57508000e+01   00.00000000e+00
  08.10438000e+01   05.01568000e+01   03.74486000e+01   00.00000000e+00
  07.98837000e+01   05.04748000e+01   03.63160000e+01   00.00000000e+00
  07.90793000e+01   05.83620000e+01   03.59721000e+01   05.57290000e-03
  07.79775000e+01   05.57344000e+01   03.61794000e+01  -01.28866000e-02
  08.00214000e+01   05.33973000e+01   03.67973000e+01   00.00000000e+00
  08.24320000e+01   06.09885000e+01   04.50655000e+01   00.00000000e+00
  08.13678000e+01   05.54662000e+01   04.24508000e+01   00.00000000e+00
  07.94302000e+01   05.26410000e+01   03.41867000e+01  -01.99830000e-03
  08.11787000e+01   05.28871000e+01   03.39203000e+01  -01.85290000e-03
