  07.89567000e+01   05.90991000e+01   03.40560000e+01  -06.11779000e-02
  07.85138000e+01   06.28929000e+01   04.30043000e+01   01.75852000e-02
  07.19702000e+01   05.83524000e+01   04.22675000e+01   01.01800000e-02
  07.49729000e+01   05.64138000e+01   03.48848000e+01  -01.32723000e-02
  07.80385000e+01   05.92635000e+01   03.73148000e+01  -04.57645000e-02
  08.02730000e+01   05.92041000e+01   03.32026000e+01   02.46758000e-02
  07.95466000e+01   06.32469000e+01   04.37768000e+01  -01.71993000e-02
  07.20159000e+01   05.68604000e+01   04.21685000e+01  -09.39340000e-03
  07.64077000e+01   05.70611000e+01   03.45934000e+01   07.66074000e-02
  07.77236000e+01   06.06838000e+01   04.00536000e+01   09.44338000e-02
  07.45323000e+01   05.55899000e+01   03.41259000e+01   01.54319000e-02
  08.08990000e+01   05.79062000e+01   03.26253000e+01  -01.56515000e-02
  07.75436000e+01   05.60201000e+01   03.43183000e+01  -02.00050000e-02
  07.51418000e+01   05.84459000e+01   03.76948000e+01  -08.09918000e-02
  07.87077000e+01   05.40225000e+01   03.51845000e+01   04.03650000e-03
  07.66533000e+01   05.79309000e+01   03.58237000e+01  -01.43447000e-01
  07.96393000e+01   06.07642000e+01   03.84783000e+01   01.23287000e-02
  07.62860000e+01   06.09170000e+01   04.20339000e+01   02.21683000e-01
  07.33634000e+01   05.80621000e+01   03.92891000e+01  -05.42921000e-02
  08.15679000e+01   05.88185000e+01   03.66611000e+01   02.66866000e-02
  08.09868000e+01   06.25540000e+01   04.07024000e+01   04.35609000e-02
  07.38059000e+01   06.03149000e+01   04.39031000e+01   02.36507000e-02
  07.20956000e+01   05.63876000e+01   03.68670000e+01  -06.09964000e-02
  08.18071000e+01   05.57821000e+01   03.33364000e+01   08.71130000e-03
  07.78875000e+01   05.85450000e+01   03.61763000e+01   01.26858000e-01
  07.89442000e+01   06.11330000e+01   03.96671000e+01  -03.45042000e-02
  07.51687000e+01   06.01523000e+01   04.15797000e+01  -02.04376000e-01
  07.38861000e+01   05.79451000e+01   03.79972000e+01   07.60142000e-02
  08.08877000e+01   05.74564000e+01   03.14958000e+01   05.08730000e-03
  07.83488000e+01   05.59971000e+01   03.33839000e+01   06.92200000e-04
  08.27834000e+01   05.54394000e+01   03.44120000e+01   00.00000000e+00
  07.92142000e+01   05.86057000e+01   03.54592000e+01   07.64245000e-02
  07.95202000e+01   06.19513000e+01   04.06922000e+01  -04.66821000e-02
  07.40114000e+01   05.98255000e+01   04.24415000e+01   01.65461000e-02
  07.33741000e+01   05.71725000e+01   03.68937000e+01   05.49912000e-02
  08.14907000e+01   05.71859000e+01   03.36216000e+01   03.30200000e-04
  07.76579000e+01   05.50362000e+01   03.52674000e+01   04.02810000e-03
  08.37996000e+01   05.45647000e+01   03.43961000e+01   00.00000000e+00
  08.02324000e+01   05.95273000e+01   03.62702000e+01  -04.69336000e-02
  07.85506000e+01   06.20624000e+01   04.17279000e+01  -07.68710000e-03
  07.32095000e+01   05.89957000e+01   04.16727000e+01  -03.37389000e-02
  07.44527000e+01   05.70369000e+01   03.60238000e+01   03.64969000e-02
  08.36299000e+01   05.31055000e+01   03.47918000e+01   00.00000000e+00
  07.92463000e+01   05.99154000e+01   03.74074000e+01  -09.58259000e-02
  07.74374000e+01   06.11922000e+01   04.12624000e+01  -01.77941000e-01
  07.38775000e+01   05.87542000e+01   04.04166000e+01   06.74294000e-02
  07.54959000e+01   05.78227000e+01   03.65684000e+01   01.44326000e-01
  08.51691000e+01   05.49646000e+01   03.39404000e+01   00.00000000e+00
  08.57278000e+01   05.61612000e+01   03.48024000e+01   00.00000000e+00
  08.59702000e+01   05.58307000e+01   03.62885000e+01   00.00000000e+00
  08.74235000e+01   05.55638000e+01   03.66669000e+01   00.00000000e+00
  08.78670000e+01   05.42048000e+01   03.60357000e+01   00.00000000e+00
  08.74619000e+01   05.55931000e+01   03.82733000e+01   00.00000000e+00
  08.71134000e+01   05.68163000e+01   03.90308000e+01   00.00000000e+00
  08.73716000e+01   05.66213000e+01   04.05688000e+01   00.00000000e+00
  08.70140000e+01   05.78622000e+01   04.14576000e+01   00.00000000e+00
  08.77313000e+01   05.91907000e+01   04.11160000e+01   00.00000000e+00
  08.71438000e+01   05.75365000e+01   04.29300000e+01   00.00000000e+00
  08.63131000e+01   05.83930000e+01   04.38658000e+01   00.00000000e+00
  08.64513000e+01   05.79244000e+01   04.53402000e+01   00.00000000e+00
  08.58601000e+01   05.90107000e+01   04.64077000e+01   00.00000000e+00
  08.42683000e+01   05.90495000e+01   04.63791000e+01   00.00000000e+00
  08.64782000e+01   05.88888000e+01   04.78254000e+01   00.00000000e+00
  07.50464000e+01   05.94768000e+01   04.03168000e+01   03.65717000e-02
  07.64559000e+01   05.95690000e+01   03.87388000e+01  -06.37550000e-03
  07.20217000e+01   05.56509000e+01   03.77103000e+01   01.79582000e-02
  07.13551000e+01   05.71485000e+01   03.70234000e+01   01.23366000e-02
  07.20689000e+01   05.57344000e+01   03.59989000e+01   01.80857000e-02
  07.28960000e+01   06.09868000e+01   04.40042000e+01  -03.55350000e-03
  07.35804000e+01   05.94955000e+01   04.45006000e+01  -05.48890000e-03
  07.46356000e+01   06.09260000e+01   04.42556000e+01  -05.73590000e-03
  08.09656000e+01   06.33968000e+01   04.13607000e+01  -01.16015000e-02
  08.16031000e+01   06.17530000e+01   04.10979000e+01  -01.03548000e-02
  08.11068000e+01   06.28755000e+01   03.97006000e+01  -01.10806000e-02
  08.21314000e+01   05.87470000e+01   03.57383000e+01  -06.50300000e-03
  08.20341000e+01   05.94763000e+01   03.73543000e+01  -03.84930000e-03
  08.12915000e+01   05.78425000e+01   03.70412000e+01  -06.75510000e-03
  07.83907000e+01   05.31352000e+01   03.57500000e+01   06.96000000e-05
  07.90861000e+01   05.36395000e+01   03.41365000e+01  -02.56130000e-03
  07.96348000e+01   05.44201000e+01   03.56510000e+01  -08.86000000e-04
  07.12716000e+01   05.65184000e+01   04.29518000e+01   02.66600000e-04
  07.15868000e+01   05.64577000e+01   04.12107000e+01   02.07780000e-03
  07.29907000e+01   05.65330000e+01   04.23424000e+01   03.44650000e-03
  07.94902000e+01   06.39060000e+01   04.46341000e+01   02.98050000e-03
  08.05435000e+01   06.28617000e+01   04.35151000e+01  -05.01900000e-04
  07.99556000e+01   05.96801000e+01   03.22655000e+01  -05.40000000e-06
  08.10015000e+01   05.98441000e+01   03.36152000e+01  -02.73660000e-03
  07.18440000e+01   05.86527000e+01   04.33003000e+01   06.65000000e-04
  07.11754000e+01   05.87181000e+01   04.16114000e+01  -04.07950000e-03
  07.82799000e+01   05.84762000e+01   03.34221000e+01   01.58140000e-02
  07.85168000e+01   06.00828000e+01   03.40938000e+01   09.11190000e-03
  08.75839000e+01   05.89438000e+01   04.78510000e+01   00.00000000e+00
  08.61440000e+01   05.97251000e+01   04.84439000e+01   00.00000000e+00
  08.60595000e+01   05.80112000e+01   04.82540000e+01   00.00000000e+00
  08.38527000e+01   05.80559000e+01   04.62778000e+01   00.00000000e+00
  08.37110000e+01   05.96183000e+01   04.71039000e+01   00.00000000e+00
  08.39838000e+01   05.95743000e+01   04.54916000e+01   00.00000000e+00
  08.59286000e+01   05.69760000e+01   04.55203000e+01   00.00000000e+00
  08.74755000e+01   05.77982000e+01   04.56288000e+01   00.00000000e+00
  08.66044000e+01   05.93858000e+01   04.38723000e+01   00.00000000e+00
  08.52533000e+01   05.83878000e+01   04.35971000e+01   00.00000000e+00
  08.67880000e+01   05.65429000e+01   04.31760000e+01   00.00000000e+00
  08.81403000e+01   05.75775000e+01   04.31839000e+01   00.00000000e+00
  08.74331000e+01   05.98477000e+01   04.18901000e+01   00.00000000e+00
  08.87702000e+01   05.88570000e+01   04.10544000e+01   00.00000000e+00
  08.74669000e+01   05.94671000e+01   04.00858000e+01   00.00000000e+00
  08.68047000e+01   05.57213000e+01   04.09009000e+01   00.00000000e+00
  08.83939000e+01   05.64261000e+01   04.07196000e+01   00.00000000e+00
  08.77862000e+01   05.76086000e+01   03.87704000e+01   00.00000000e+00
  08.60713000e+01   05.70845000e+01   03.88700000e+01   00.00000000e+00
  08.68862000e+01   05.47312000e+01   03.87093000e+01   00.00000000e+00
  08.85352000e+01   05.54314000e+01   03.85142000e+01   00.00000000e+00
  07.23540000e+01   05.75442000e+01   03.93669000e+01   07.20400000e-04
  07.62773000e+01   06.11713000e+01   04.30558000e+01  -02.39543000e-02
  08.05641000e+01   06.12041000e+01   03.82362000e+01   04.89340000e-03
  07.62965000e+01   05.77821000e+01   03.37588000e+01  -02.28199000e-02
  07.75400000e+01   06.31251000e+01   04.33355000e+01  -01.51750000e-03
  08.88563000e+01   05.38858000e+01   03.63772000e+01   00.00000000e+00
  08.70781000e+01   05.34099000e+01   03.62570000e+01   00.00000000e+00
  08.79184000e+01   05.42744000e+01   03.49260000e+01   00.00000000e+00
  08.81170000e+01   05.62921000e+01   03.63293000e+01   00.00000000e+00
  08.55680000e+01   05.65653000e+01   03.68870000e+01   00.00000000e+00
  08.53763000e+01   05.49345000e+01   03.65337000e+01   00.00000000e+00
  08.66427000e+01   05.63842000e+01   03.43764000e+01   00.00000000e+00
  08.51403000e+01   05.70712000e+01   03.45949000e+01   00.00000000e+00
  08.59190000e+01   05.41772000e+01   03.38626000e+01   00.00000000e+00
  08.50110000e+01   05.52844000e+01   03.28666000e+01   00.00000000e+00
  08.43562000e+01   05.28048000e+01   03.54702000e+01   00.00000000e+00
  08.26132000e+01   05.28929000e+01   03.51763000e+01   00.00000000e+00
  08.37132000e+01   05.24827000e+01   03.39280000e+01   00.00000000e+00
  08.04489000e+01   06.04505000e+01   03.56702000e+01   05.57290000e-03
  07.94947000e+01   05.74851000e+01   03.55427000e+01  -01.28866000e-02
  08.26397000e+01   05.60370000e+01   03.52637000e+01   00.00000000e+00
  08.62351000e+01   05.99442000e+01   04.60437000e+01   00.00000000e+00
  08.59933000e+01   05.80992000e+01   04.13190000e+01   00.00000000e+00
  08.09053000e+01   05.51616000e+01   03.32005000e+01  -01.99830000e-03
  08.22593000e+01   05.57843000e+01   03.23533000e+01  -01.85290000e-03
