  07.94939000e+01   05.93598000e+01   03.40399000e+01  -06.11779000e-02
  07.93830000e+01   06.31779000e+01   04.29514000e+01   01.75852000e-02
  07.28497000e+01   05.83443000e+01   04.24657000e+01   01.01800000e-02
  07.55269000e+01   05.63914000e+01   03.51070000e+01  -01.32723000e-02
  07.85782000e+01   05.94943000e+01   03.74377000e+01  -04.57645000e-02
  08.07285000e+01   05.94014000e+01   03.31662000e+01   02.46758000e-02
  08.05227000e+01   06.35097000e+01   04.35756000e+01  -01.71993000e-02
  07.30643000e+01   05.69558000e+01   04.30860000e+01  -09.39340000e-03
  07.69450000e+01   05.70706000e+01   03.48100000e+01   07.66074000e-02
  07.83341000e+01   06.10769000e+01   03.99972000e+01   09.44338000e-02
  07.49727000e+01   05.55278000e+01   03.43614000e+01   01.54319000e-02
  08.12143000e+01   05.81292000e+01   03.25473000e+01  -01.56515000e-02
  07.80243000e+01   05.60940000e+01   03.43948000e+01  -02.00050000e-02
  07.58430000e+01   05.84690000e+01   03.80200000e+01  -08.09918000e-02
  07.90933000e+01   05.40774000e+01   03.51191000e+01   04.03650000e-03
  07.73124000e+01   05.78728000e+01   03.60626000e+01  -01.43447000e-01
  08.03013000e+01   06.09027000e+01   03.84896000e+01   01.23287000e-02
  07.69732000e+01   06.12973000e+01   04.20857000e+01   02.21683000e-01
  07.40286000e+01   05.82123000e+01   03.95781000e+01  -05.42921000e-02
  08.20756000e+01   05.89132000e+01   03.68180000e+01   02.66866000e-02
  08.17101000e+01   06.26241000e+01   04.06195000e+01   04.35609000e-02
  07.47870000e+01   06.04159000e+01   04.42178000e+01   02.36507000e-02
  07.28613000e+01   05.61312000e+01   03.73172000e+01  -06.09964000e-02
  08.21359000e+01   05.60152000e+01   03.31485000e+01   08.71130000e-03
  07.84568000e+01   05.86706000e+01   03.63733000e+01   01.26858000e-01
  07.96640000e+01   06.12818000e+01   03.97020000e+01  -03.45042000e-02
  07.59640000e+01   06.03863000e+01   04.18391000e+01  -02.04376000e-01
  07.45941000e+01   05.79703000e+01   03.83122000e+01   07.60142000e-02
  08.11774000e+01   05.78127000e+01   03.14035000e+01   05.08730000e-03
  07.87703000e+01   05.62709000e+01   03.34433000e+01   06.92200000e-04
  08.29950000e+01   05.54910000e+01   03.43267000e+01   00.00000000e+00
  07.97484000e+01   05.87236000e+01   03.54737000e+01   07.64245000e-02
  08.02797000e+01   06.21922000e+01   04.06475000e+01  -04.66821000e-02
  07.49458000e+01   05.98856000e+01   04.27816000e+01   01.65461000e-02
  07.41197000e+01   05.70156000e+01   03.73362000e+01   05.49912000e-02
  08.17245000e+01   05.73055000e+01   03.35532000e+01   03.30200000e-04
  07.79343000e+01   05.49785000e+01   03.51823000e+01   04.02810000e-03
  08.35364000e+01   05.43237000e+01   03.44961000e+01   00.00000000e+00
  08.06801000e+01   05.95411000e+01   03.63452000e+01  -04.69336000e-02
  07.92520000e+01   06.24297000e+01   04.16448000e+01  -07.68710000e-03
  07.40819000e+01   05.90585000e+01   04.20524000e+01  -03.37389000e-02
  07.51543000e+01   05.70432000e+01   03.63915000e+01   03.64969000e-02
  08.28928000e+01   05.31208000e+01   03.51313000e+01   00.00000000e+00
  07.98843000e+01   05.99251000e+01   03.75668000e+01  -09.58259000e-02
  07.80733000e+01   06.16520000e+01   04.12775000e+01  -01.77941000e-01
  07.45879000e+01   05.89659000e+01   04.06857000e+01   06.74294000e-02
  07.61714000e+01   05.78966000e+01   03.68353000e+01   01.44326000e-01
  08.49990000e+01   05.41275000e+01   03.41000000e+01   00.00000000e+00
  08.58974000e+01   05.52940000e+01   03.46015000e+01   00.00000000e+00
  08.59371000e+01   05.54254000e+01   03.61459000e+01   00.00000000e+00
  08.69060000e+01   05.64901000e+01   03.67731000e+01   00.00000000e+00
  08.83642000e+01   05.62834000e+01   03.63897000e+01   00.00000000e+00
  08.68739000e+01   05.65696000e+01   03.84034000e+01   00.00000000e+00
  08.72256000e+01   05.79164000e+01   03.91743000e+01   00.00000000e+00
  08.69694000e+01   05.77524000e+01   04.06774000e+01   00.00000000e+00
  08.70718000e+01   05.89422000e+01   04.16956000e+01   00.00000000e+00
  08.85223000e+01   05.95600000e+01   04.15933000e+01   00.00000000e+00
  08.68379000e+01   05.84293000e+01   04.31347000e+01   00.00000000e+00
  08.53531000e+01   05.79495000e+01   04.33211000e+01   00.00000000e+00
  08.50922000e+01   05.74140000e+01   04.47828000e+01   00.00000000e+00
  08.54115000e+01   05.83890000e+01   04.59912000e+01   00.00000000e+00
  08.44911000e+01   05.96478000e+01   04.58327000e+01   00.00000000e+00
  08.50369000e+01   05.76287000e+01   04.73245000e+01   00.00000000e+00
  07.57481000e+01   05.97200000e+01   04.06050000e+01   03.65717000e-02
  07.70193000e+01   05.98534000e+01   03.89405000e+01  -06.37550000e-03
  07.28085000e+01   05.56690000e+01   03.83005000e+01   01.79582000e-02
  07.20229000e+01   05.68541000e+01   03.69928000e+01   01.23366000e-02
  07.31238000e+01   05.54788000e+01   03.65142000e+01   01.80857000e-02
  07.38583000e+01   06.11712000e+01   04.42912000e+01  -03.55350000e-03
  07.46861000e+01   05.95879000e+01   04.49773000e+01  -05.48890000e-03
  07.57033000e+01   06.09374000e+01   04.45131000e+01  -05.73590000e-03
  08.19037000e+01   06.28354000e+01   03.95623000e+01  -01.16015000e-02
  08.18485000e+01   06.36218000e+01   04.10695000e+01  -01.03548000e-02
  08.22593000e+01   06.18568000e+01   04.11563000e+01  -01.10806000e-02
  08.20766000e+01   05.83055000e+01   03.77427000e+01  -06.50300000e-03
  08.23976000e+01   05.83631000e+01   03.59209000e+01  -03.84930000e-03
  08.27567000e+01   05.97760000e+01   03.69288000e+01  -06.75510000e-03
  07.93167000e+01   05.37022000e+01   03.41459000e+01   06.96000000e-05
  07.98982000e+01   05.47269000e+01   03.54482000e+01  -02.56130000e-03
  07.89737000e+01   05.32425000e+01   03.58522000e+01  -08.86000000e-04
  07.35728000e+01   05.70713000e+01   04.40478000e+01   02.66600000e-04
  07.20874000e+01   05.65199000e+01   04.33380000e+01   02.07780000e-03
  07.36442000e+01   05.63059000e+01   04.24369000e+01   03.44650000e-03
  08.04451000e+01   06.40988000e+01   04.45143000e+01   02.98050000e-03
  08.14827000e+01   06.31759000e+01   04.32063000e+01  -05.01900000e-04
  08.04609000e+01   06.00225000e+01   03.22704000e+01  -05.40000000e-06
  08.15258000e+01   05.99150000e+01   03.37097000e+01  -02.73660000e-03
  07.22496000e+01   05.88791000e+01   04.31930000e+01   06.65000000e-04
  07.21782000e+01   05.83309000e+01   04.16218000e+01  -04.07950000e-03
  07.87872000e+01   05.87720000e+01   03.35715000e+01   01.58140000e-02
  07.89899000e+01   06.03332000e+01   03.41191000e+01   09.11190000e-03
  08.39924000e+01   05.73997000e+01   04.73456000e+01   00.00000000e+00
  08.54084000e+01   05.66517000e+01   04.74840000e+01   00.00000000e+00
  08.52659000e+01   05.84179000e+01   04.80146000e+01   00.00000000e+00
  08.49473000e+01   06.04790000e+01   04.52132000e+01   00.00000000e+00
  08.35583000e+01   05.92755000e+01   04.53442000e+01   00.00000000e+00
  08.42935000e+01   06.00037000e+01   04.67892000e+01   00.00000000e+00
  08.41569000e+01   05.70411000e+01   04.49957000e+01   00.00000000e+00
  08.57544000e+01   05.65578000e+01   04.48792000e+01   00.00000000e+00
  08.47333000e+01   05.88823000e+01   04.31688000e+01   00.00000000e+00
  08.50421000e+01   05.71693000e+01   04.25457000e+01   00.00000000e+00
  08.74862000e+01   05.75415000e+01   04.33281000e+01   00.00000000e+00
  08.70398000e+01   05.91830000e+01   04.38892000e+01   00.00000000e+00
  08.92894000e+01   05.88492000e+01   04.18847000e+01   00.00000000e+00
  08.86660000e+01   05.99523000e+01   04.05778000e+01   00.00000000e+00
  08.85159000e+01   06.04089000e+01   04.22941000e+01   00.00000000e+00
  08.59647000e+01   05.74273000e+01   04.06537000e+01   00.00000000e+00
  08.75749000e+01   05.68993000e+01   04.10253000e+01   00.00000000e+00
  08.83046000e+01   05.80229000e+01   03.91703000e+01   00.00000000e+00
  08.67906000e+01   05.87676000e+01   03.87595000e+01   00.00000000e+00
  08.58445000e+01   05.64708000e+01   03.86698000e+01   00.00000000e+00
  08.74323000e+01   05.57262000e+01   03.88053000e+01   00.00000000e+00
  07.31094000e+01   05.76605000e+01   03.97441000e+01   07.20400000e-04
  07.70586000e+01   06.15496000e+01   04.30990000e+01  -02.39543000e-02
  08.12801000e+01   06.14156000e+01   03.83862000e+01   04.89340000e-03
  07.67736000e+01   05.78791000e+01   03.40716000e+01  -02.28199000e-02
  07.84108000e+01   06.34755000e+01   04.33427000e+01  -01.51750000e-03
  08.91309000e+01   05.68138000e+01   03.70249000e+01   00.00000000e+00
  08.85447000e+01   05.52522000e+01   03.65537000e+01   00.00000000e+00
  08.84019000e+01   05.65095000e+01   03.52703000e+01   00.00000000e+00
  08.66445000e+01   05.74374000e+01   03.64159000e+01   00.00000000e+00
  08.49350000e+01   05.55688000e+01   03.65019000e+01   00.00000000e+00
  08.61553000e+01   05.43924000e+01   03.65894000e+01   00.00000000e+00
  08.69312000e+01   05.51003000e+01   03.41949000e+01   00.00000000e+00
  08.54634000e+01   05.62199000e+01   03.42420000e+01   00.00000000e+00
  08.53903000e+01   05.32063000e+01   03.45310000e+01   00.00000000e+00
  08.49953000e+01   05.40953000e+01   03.30008000e+01   00.00000000e+00
  08.32753000e+01   05.30354000e+01   03.61419000e+01   00.00000000e+00
  08.18023000e+01   05.32829000e+01   03.52219000e+01   00.00000000e+00
  08.30579000e+01   05.21980000e+01   03.45999000e+01   00.00000000e+00
  08.09033000e+01   06.05018000e+01   03.57912000e+01   05.57290000e-03
  08.01238000e+01   05.76923000e+01   03.53462000e+01  -01.28866000e-02
  08.31559000e+01   05.62004000e+01   03.51320000e+01   00.00000000e+00
  08.64974000e+01   05.86135000e+01   04.59988000e+01   00.00000000e+00
  08.64803000e+01   05.97442000e+01   04.14590000e+01   00.00000000e+00
  08.12077000e+01   05.54150000e+01   03.28345000e+01  -01.99830000e-03
  08.27041000e+01   05.59099000e+01   03.22548000e+01  -01.85290000e-03
