  07.96709000e+01   05.89584000e+01   03.43387000e+01  -06.11779000e-02
  07.92052000e+01   06.27537000e+01   04.32600000e+01   01.75852000e-02
  07.28249000e+01   05.80070000e+01   04.30020000e+01   01.01800000e-02
  07.55119000e+01   05.61626000e+01   03.54132000e+01  -01.32723000e-02
  07.85753000e+01   05.91924000e+01   03.76818000e+01  -04.57645000e-02
  08.10002000e+01   05.88680000e+01   03.34149000e+01   02.46758000e-02
  08.01541000e+01   06.27410000e+01   04.41682000e+01  -01.71993000e-02
  07.28786000e+01   05.64760000e+01   04.29803000e+01  -09.39340000e-03
  07.70744000e+01   05.66718000e+01   03.51936000e+01   07.66074000e-02
  07.84540000e+01   06.05281000e+01   04.04207000e+01   09.44338000e-02
  07.48613000e+01   05.54465000e+01   03.46868000e+01   01.54319000e-02
  08.14387000e+01   05.74280000e+01   03.30824000e+01  -01.56515000e-02
  07.79888000e+01   05.54908000e+01   03.49572000e+01  -02.00050000e-02
  07.57739000e+01   05.82353000e+01   03.82442000e+01  -08.09918000e-02
  07.90754000e+01   05.35906000e+01   03.60646000e+01   04.03650000e-03
  07.73301000e+01   05.76261000e+01   03.63500000e+01  -01.43447000e-01
  08.03235000e+01   06.05298000e+01   03.87777000e+01   01.23287000e-02
  07.70441000e+01   06.07143000e+01   04.23801000e+01   02.21683000e-01
  07.41180000e+01   05.77163000e+01   03.99961000e+01  -05.42921000e-02
  08.20007000e+01   05.83604000e+01   03.72821000e+01   02.66866000e-02
  08.15611000e+01   06.25916000e+01   04.09720000e+01   04.35609000e-02
  07.48289000e+01   05.98079000e+01   04.45267000e+01   02.36507000e-02
  07.29302000e+01   05.58507000e+01   03.75358000e+01  -06.09964000e-02
  08.26291000e+01   05.55519000e+01   03.39566000e+01   08.71130000e-03
  07.84981000e+01   05.83577000e+01   03.65683000e+01   01.26858000e-01
  07.97097000e+01   06.09332000e+01   04.00232000e+01  -03.45042000e-02
  07.60020000e+01   05.98354000e+01   04.21468000e+01  -02.04376000e-01
  07.46224000e+01   05.75782000e+01   03.86663000e+01   07.60142000e-02
  08.12983000e+01   05.67737000e+01   03.20572000e+01   05.08730000e-03
  07.87920000e+01   05.54495000e+01   03.40350000e+01   06.92200000e-04
  08.30083000e+01   05.47888000e+01   03.52285000e+01   00.00000000e+00
  07.97871000e+01   05.83261000e+01   03.57702000e+01   07.64245000e-02
  08.02640000e+01   06.17892000e+01   04.10545000e+01  -04.66821000e-02
  07.49784000e+01   05.94139000e+01   04.31166000e+01   01.65461000e-02
  07.40812000e+01   05.67844000e+01   03.75869000e+01   05.49912000e-02
  08.20194000e+01   05.68656000e+01   03.42103000e+01   03.30200000e-04
  07.79864000e+01   05.46047000e+01   03.59898000e+01   04.02810000e-03
  08.40348000e+01   05.39474000e+01   03.53322000e+01   00.00000000e+00
  08.07889000e+01   05.90836000e+01   03.67177000e+01  -04.69336000e-02
  07.92352000e+01   06.18929000e+01   04.20488000e+01  -07.68710000e-03
  07.40919000e+01   05.85747000e+01   04.23984000e+01  -03.37389000e-02
  07.51084000e+01   05.68179000e+01   03.66360000e+01   03.64969000e-02
  08.38582000e+01   05.24973000e+01   03.50686000e+01   00.00000000e+00
  07.98306000e+01   05.96690000e+01   03.77797000e+01  -09.58259000e-02
  07.81751000e+01   06.09986000e+01   04.16802000e+01  -01.77941000e-01
  07.46607000e+01   05.84311000e+01   04.10560000e+01   06.74294000e-02
  07.61600000e+01   05.76251000e+01   03.70921000e+01   01.44326000e-01
  08.54500000e+01   05.43795000e+01   03.56499000e+01   00.00000000e+00
  08.55730000e+01   05.51957000e+01   03.69915000e+01   00.00000000e+00
  08.69248000e+01   05.59006000e+01   03.72917000e+01   00.00000000e+00
  08.70763000e+01   05.70591000e+01   03.83111000e+01   00.00000000e+00
  08.81624000e+01   05.81207000e+01   03.79156000e+01   00.00000000e+00
  08.72048000e+01   05.65483000e+01   03.97714000e+01   00.00000000e+00
  08.74488000e+01   05.76774000e+01   04.08351000e+01   00.00000000e+00
  08.77148000e+01   05.70011000e+01   04.22126000e+01   00.00000000e+00
  08.81063000e+01   05.79910000e+01   04.34097000e+01   00.00000000e+00
  08.92607000e+01   05.89082000e+01   04.30218000e+01   00.00000000e+00
  08.84485000e+01   05.72150000e+01   04.47333000e+01   00.00000000e+00
  08.85885000e+01   05.79529000e+01   04.60468000e+01   00.00000000e+00
  08.72832000e+01   05.85904000e+01   04.65262000e+01   00.00000000e+00
  08.72924000e+01   05.93939000e+01   04.78318000e+01   00.00000000e+00
  08.58380000e+01   05.98730000e+01   04.80524000e+01   00.00000000e+00
  08.79296000e+01   05.86752000e+01   04.90924000e+01   00.00000000e+00
  07.57427000e+01   05.92176000e+01   04.09635000e+01   03.65717000e-02
  07.70864000e+01   05.94286000e+01   03.92514000e+01  -06.37550000e-03
  07.26714000e+01   05.53419000e+01   03.85308000e+01   01.79582000e-02
  07.20251000e+01   05.64166000e+01   03.73256000e+01   01.23366000e-02
  07.31648000e+01   05.51471000e+01   03.66806000e+01   01.80857000e-02
  07.41383000e+01   06.06420000e+01   04.45153000e+01  -03.55350000e-03
  07.44580000e+01   05.90047000e+01   04.51323000e+01  -05.48890000e-03
  07.58197000e+01   06.00801000e+01   04.49283000e+01  -05.73590000e-03
  08.22753000e+01   06.24571000e+01   04.17672000e+01  -01.16015000e-02
  08.20586000e+01   06.24081000e+01   03.99750000e+01  -01.03548000e-02
  08.13391000e+01   06.36843000e+01   04.10536000e+01  -01.10806000e-02
  08.16753000e+01   05.74166000e+01   03.76436000e+01  -06.50300000e-03
  08.26679000e+01   05.81217000e+01   03.64345000e+01  -03.84930000e-03
  08.24854000e+01   05.89705000e+01   03.80222000e+01  -06.75510000e-03
  07.92496000e+01   05.32031000e+01   03.50209000e+01   06.96000000e-05
  07.99329000e+01   05.40831000e+01   03.64211000e+01  -02.56130000e-03
  07.87807000e+01   05.28363000e+01   03.68238000e+01  -08.86000000e-04
  07.27167000e+01   05.61190000e+01   04.19472000e+01   02.66600000e-04
  07.37991000e+01   05.61309000e+01   04.34854000e+01   02.07780000e-03
  07.20562000e+01   05.60731000e+01   04.35233000e+01   03.44650000e-03
  08.01077000e+01   06.31343000e+01   04.51749000e+01   02.98050000e-03
  08.10136000e+01   06.20580000e+01   04.40254000e+01  -05.01900000e-04
  08.08045000e+01   05.94388000e+01   03.25064000e+01  -05.40000000e-06
  08.18906000e+01   05.92701000e+01   03.38745000e+01  -02.73660000e-03
  07.28942000e+01   05.81501000e+01   04.40662000e+01   06.65000000e-04
  07.19388000e+01   05.84902000e+01   04.25652000e+01  -04.07950000e-03
  07.88465000e+01   05.85150000e+01   03.38018000e+01   01.58140000e-02
  07.95401000e+01   06.00089000e+01   03.44965000e+01   09.11190000e-03
  08.75350000e+01   05.76645000e+01   04.92612000e+01   00.00000000e+00
  08.90485000e+01   05.86243000e+01   04.89814000e+01   00.00000000e+00
  08.77875000e+01   05.91963000e+01   05.00427000e+01   00.00000000e+00
  08.54986000e+01   06.06802000e+01   04.74122000e+01   00.00000000e+00
  08.51191000e+01   05.90230000e+01   04.79758000e+01   00.00000000e+00
  08.57931000e+01   06.02745000e+01   04.90706000e+01   00.00000000e+00
  08.69951000e+01   05.92941000e+01   04.57415000e+01   00.00000000e+00
  08.65789000e+01   05.78112000e+01   04.65730000e+01   00.00000000e+00
  08.89744000e+01   05.72197000e+01   04.67573000e+01   00.00000000e+00
  08.93005000e+01   05.87799000e+01   04.58962000e+01   00.00000000e+00
  08.77889000e+01   05.64247000e+01   04.49843000e+01   00.00000000e+00
  08.94580000e+01   05.67356000e+01   04.46317000e+01   00.00000000e+00
  08.89429000e+01   05.95305000e+01   04.22530000e+01   00.00000000e+00
  08.95006000e+01   05.95610000e+01   04.38769000e+01   00.00000000e+00
  09.01793000e+01   05.83266000e+01   04.27940000e+01   00.00000000e+00
  08.67514000e+01   05.66370000e+01   04.25063000e+01   00.00000000e+00
  08.84989000e+01   05.62578000e+01   04.20731000e+01   00.00000000e+00
  08.83380000e+01   05.82575000e+01   04.05585000e+01   00.00000000e+00
  08.66053000e+01   05.83441000e+01   04.08703000e+01   00.00000000e+00
  08.63578000e+01   05.59282000e+01   04.00464000e+01   00.00000000e+00
  08.81579000e+01   05.59610000e+01   03.97871000e+01   00.00000000e+00
  07.30986000e+01   05.72597000e+01   04.01522000e+01   07.20400000e-04
  07.71491000e+01   06.12019000e+01   04.34215000e+01  -02.39543000e-02
  08.13891000e+01   06.08426000e+01   03.85394000e+01   04.89340000e-03
  07.71069000e+01   05.72763000e+01   03.42558000e+01  -02.28199000e-02
  07.82648000e+01   06.33563000e+01   04.33585000e+01  -01.51750000e-03
  08.81738000e+01   05.89888000e+01   03.85555000e+01   00.00000000e+00
  08.91426000e+01   05.76777000e+01   03.78691000e+01   00.00000000e+00
  08.79134000e+01   05.84697000e+01   03.69244000e+01   00.00000000e+00
  08.60887000e+01   05.75324000e+01   03.81795000e+01   00.00000000e+00
  08.76783000e+01   05.51777000e+01   03.75634000e+01   00.00000000e+00
  08.72622000e+01   05.62965000e+01   03.63439000e+01   00.00000000e+00
  08.48607000e+01   05.59904000e+01   03.69553000e+01   00.00000000e+00
  08.52790000e+01   05.45605000e+01   03.78499000e+01   00.00000000e+00
  08.61354000e+01   05.35495000e+01   03.56978000e+01   00.00000000e+00
  08.57214000e+01   05.50792000e+01   03.47946000e+01   00.00000000e+00
  08.40104000e+01   05.20368000e+01   03.60478000e+01   00.00000000e+00
  08.29225000e+01   05.23107000e+01   03.45429000e+01   00.00000000e+00
  08.46401000e+01   05.21444000e+01   03.43959000e+01   00.00000000e+00
  08.10641000e+01   06.00084000e+01   03.62780000e+01   05.57290000e-03
  08.00586000e+01   05.73398000e+01   03.55966000e+01  -01.28866000e-02
  08.22382000e+01   05.50265000e+01   03.60181000e+01   00.00000000e+00
  08.79221000e+01   06.03008000e+01   04.76911000e+01   00.00000000e+00
  08.73069000e+01   05.87046000e+01   04.36304000e+01   00.00000000e+00
  08.19453000e+01   05.48625000e+01   03.34715000e+01  -01.99830000e-03
  08.35336000e+01   05.57380000e+01   03.33942000e+01  -01.85290000e-03
