  07.77657000e+01   05.77238000e+01   03.49235000e+01  -06.11779000e-02
  07.76330000e+01   06.21857000e+01   04.37349000e+01   01.75852000e-02
  07.08876000e+01   05.81829000e+01   04.34687000e+01   01.01800000e-02
  07.35242000e+01   05.53195000e+01   03.62574000e+01  -01.32723000e-02
  07.67783000e+01   05.83961000e+01   03.83359000e+01  -04.57645000e-02
  07.89899000e+01   05.75556000e+01   03.40701000e+01   02.46758000e-02
  07.87248000e+01   06.21877000e+01   04.45550000e+01  -01.71993000e-02
  07.12466000e+01   05.69515000e+01   04.43619000e+01  -09.39340000e-03
  07.51137000e+01   05.56358000e+01   03.61147000e+01   07.66074000e-02
  07.66092000e+01   06.01352000e+01   04.08952000e+01   09.44338000e-02
  07.27905000e+01   05.46022000e+01   03.55690000e+01   01.54319000e-02
  07.95478000e+01   05.61659000e+01   03.37549000e+01  -01.56515000e-02
  07.59381000e+01   05.43961000e+01   03.62849000e+01  -02.00050000e-02
  07.39373000e+01   05.77365000e+01   03.89978000e+01  -08.09918000e-02
  07.58187000e+01   05.22198000e+01   03.73059000e+01   04.03650000e-03
  07.54192000e+01   05.67756000e+01   03.71651000e+01  -01.43447000e-01
  07.85417000e+01   05.98683000e+01   03.93090000e+01   01.23287000e-02
  07.52524000e+01   06.05850000e+01   04.28411000e+01   02.21683000e-01
  07.19775000e+01   05.78563000e+01   04.04723000e+01  -05.42921000e-02
  08.03248000e+01   05.79022000e+01   03.75277000e+01   02.66866000e-02
  07.98936000e+01   06.17129000e+01   04.13651000e+01   04.35609000e-02
  07.29862000e+01   05.99614000e+01   04.50061000e+01   02.36507000e-02
  07.06789000e+01   05.57685000e+01   03.85011000e+01  -06.09964000e-02
  08.01248000e+01   05.41946000e+01   03.48632000e+01   08.71130000e-03
  07.66199000e+01   05.74912000e+01   03.72802000e+01   01.26858000e-01
  07.78823000e+01   06.03916000e+01   04.04695000e+01  -03.45042000e-02
  07.41495000e+01   05.97845000e+01   04.25944000e+01  -02.04376000e-01
  07.25851000e+01   05.73646000e+01   03.93051000e+01   07.60142000e-02
  07.94309000e+01   05.55545000e+01   03.26614000e+01   05.08730000e-03
  07.69643000e+01   05.40920000e+01   03.56768000e+01   06.92200000e-04
  08.03202000e+01   05.36067000e+01   03.61991000e+01   00.00000000e+00
  07.78987000e+01   05.73489000e+01   03.64477000e+01   07.64245000e-02
  07.84448000e+01   06.12523000e+01   04.14166000e+01  -04.66821000e-02
  07.30892000e+01   05.94756000e+01   04.35398000e+01   01.65461000e-02
  07.20399000e+01   05.63735000e+01   03.83784000e+01   05.49912000e-02
  08.01131000e+01   05.56326000e+01   03.48829000e+01   03.30200000e-04
  07.52171000e+01   05.35400000e+01   03.71503000e+01   04.02810000e-03
  08.14616000e+01   05.34232000e+01   03.68964000e+01   00.00000000e+00
  07.89146000e+01   05.83780000e+01   03.71853000e+01  -04.69336000e-02
  07.75650000e+01   06.15426000e+01   04.23863000e+01  -07.68710000e-03
  07.20925000e+01   05.87533000e+01   04.27881000e+01  -03.37389000e-02
  07.31034000e+01   05.60990000e+01   03.74787000e+01   03.64969000e-02
  08.21917000e+01   05.21317000e+01   03.67669000e+01   00.00000000e+00
  07.80552000e+01   05.88743000e+01   03.83716000e+01  -09.58259000e-02
  07.63792000e+01   06.08495000e+01   04.20339000e+01  -01.77941000e-01
  07.26444000e+01   05.85641000e+01   04.14814000e+01   06.74294000e-02
  07.42696000e+01   05.69284000e+01   03.79272000e+01   01.44326000e-01
  08.17119000e+01   05.42569000e+01   03.80838000e+01   00.00000000e+00
  08.28737000e+01   05.52691000e+01   03.80136000e+01   00.00000000e+00
  08.28815000e+01   05.60530000e+01   03.92857000e+01   00.00000000e+00
  08.40263000e+01   05.71662000e+01   03.95027000e+01   00.00000000e+00
  08.54960000e+01   05.65786000e+01   03.92167000e+01   00.00000000e+00
  08.38907000e+01   05.76243000e+01   04.09862000e+01   00.00000000e+00
  08.26534000e+01   05.82870000e+01   04.15848000e+01   00.00000000e+00
  08.28915000e+01   05.92532000e+01   04.27166000e+01   00.00000000e+00
  08.37145000e+01   05.86365000e+01   04.39265000e+01   00.00000000e+00
  08.28248000e+01   05.77004000e+01   04.48038000e+01   00.00000000e+00
  08.43517000e+01   05.97985000e+01   04.47034000e+01   00.00000000e+00
  08.34375000e+01   06.10617000e+01   04.50468000e+01   00.00000000e+00
  08.40338000e+01   06.18323000e+01   04.62308000e+01   00.00000000e+00
  08.30357000e+01   06.24980000e+01   04.72551000e+01   00.00000000e+00
  08.37953000e+01   06.30909000e+01   04.84754000e+01   00.00000000e+00
  08.22560000e+01   06.36041000e+01   04.64616000e+01   00.00000000e+00
  07.38835000e+01   05.91968000e+01   04.13964000e+01   03.65717000e-02
  07.52025000e+01   05.89951000e+01   03.98223000e+01  -06.37550000e-03
  07.06796000e+01   05.47281000e+01   03.86089000e+01   01.79582000e-02
  07.02792000e+01   05.60802000e+01   03.94640000e+01   01.23366000e-02
  07.01367000e+01   05.59598000e+01   03.75881000e+01   01.80857000e-02
  07.20197000e+01   06.04308000e+01   04.53381000e+01  -03.55350000e-03
  07.31685000e+01   05.90636000e+01   04.56345000e+01  -05.48890000e-03
  07.37014000e+01   06.06892000e+01   04.52949000e+01  -05.73590000e-03
  08.03759000e+01   06.19942000e+01   04.23238000e+01  -01.16015000e-02
  08.03789000e+01   06.07741000e+01   04.10307000e+01  -01.03548000e-02
  07.99862000e+01   06.26090000e+01   04.07102000e+01  -01.10806000e-02
  08.09039000e+01   05.87010000e+01   03.78949000e+01  -06.50300000e-03
  08.01878000e+01   05.71904000e+01   03.83115000e+01  -03.84930000e-03
  08.07623000e+01   05.73894000e+01   03.67206000e+01  -06.75510000e-03
  07.52570000e+01   05.16305000e+01   03.80464000e+01   06.96000000e-05
  07.59212000e+01   05.16606000e+01   03.63937000e+01  -02.56130000e-03
  07.68604000e+01   05.23141000e+01   03.76542000e+01  -08.86000000e-04
  07.04214000e+01   05.65232000e+01   04.48968000e+01   02.66600000e-04
  07.16853000e+01   05.61263000e+01   04.38868000e+01   02.07780000e-03
  07.19098000e+01   05.72565000e+01   04.51458000e+01   03.44650000e-03
  07.87534000e+01   06.25829000e+01   04.55913000e+01   02.98050000e-03
  07.95582000e+01   06.15510000e+01   04.42580000e+01  -05.01900000e-04
  07.88420000e+01   05.81028000e+01   03.31238000e+01  -05.40000000e-06
  07.98034000e+01   05.79995000e+01   03.46217000e+01  -02.73660000e-03
  07.04173000e+01   05.89274000e+01   04.41267000e+01   06.65000000e-04
  07.00890000e+01   05.79703000e+01   04.28285000e+01  -04.07950000e-03
  07.69130000e+01   05.72039000e+01   03.44436000e+01   01.58140000e-02
  07.75751000e+01   05.87725000e+01   03.49179000e+01   09.11190000e-03
  08.12952000e+01   06.39409000e+01   04.68939000e+01   00.00000000e+00
  08.28168000e+01   06.45169000e+01   04.62366000e+01   00.00000000e+00
  08.21098000e+01   06.30576000e+01   04.55556000e+01   00.00000000e+00
  08.46495000e+01   06.36114000e+01   04.80368000e+01   00.00000000e+00
  08.30321000e+01   06.37277000e+01   04.89423000e+01   00.00000000e+00
  08.41578000e+01   06.22792000e+01   04.90934000e+01   00.00000000e+00
  08.46432000e+01   06.11071000e+01   04.68138000e+01   00.00000000e+00
  08.46837000e+01   06.25618000e+01   04.58672000e+01   00.00000000e+00
  08.32548000e+01   06.17203000e+01   04.41622000e+01   00.00000000e+00
  08.25341000e+01   06.04813000e+01   04.53769000e+01   00.00000000e+00
  08.47993000e+01   05.93764000e+01   04.55691000e+01   00.00000000e+00
  08.52171000e+01   06.02603000e+01   04.41485000e+01   00.00000000e+00
  08.19209000e+01   05.80903000e+01   04.52548000e+01   00.00000000e+00
  08.24712000e+01   05.68818000e+01   04.41204000e+01   00.00000000e+00
  08.34763000e+01   05.71838000e+01   04.55066000e+01   00.00000000e+00
  08.34255000e+01   06.00592000e+01   04.23107000e+01   00.00000000e+00
  08.20817000e+01   05.97172000e+01   04.31110000e+01   00.00000000e+00
  08.22803000e+01   05.88265000e+01   04.07161000e+01   00.00000000e+00
  08.18850000e+01   05.75559000e+01   04.17779000e+01   00.00000000e+00
  08.39527000e+01   05.68046000e+01   04.16927000e+01   00.00000000e+00
  08.46997000e+01   05.83167000e+01   04.11649000e+01   00.00000000e+00
  07.09348000e+01   05.75674000e+01   04.06580000e+01   07.20400000e-04
  07.53659000e+01   06.10207000e+01   04.38397000e+01  -02.39543000e-02
  07.95623000e+01   06.02306000e+01   03.91407000e+01   04.89340000e-03
  07.52307000e+01   05.59911000e+01   03.50874000e+01  -02.28199000e-02
  07.67695000e+01   06.26586000e+01   04.40914000e+01  -01.51750000e-03
  08.55598000e+01   05.62937000e+01   03.81762000e+01   00.00000000e+00
  08.62546000e+01   05.73559000e+01   03.93774000e+01   00.00000000e+00
  08.57720000e+01   05.57365000e+01   03.98527000e+01   00.00000000e+00
  08.38801000e+01   05.79759000e+01   03.88832000e+01   00.00000000e+00
  08.19764000e+01   05.65248000e+01   03.94447000e+01   00.00000000e+00
  08.28155000e+01   05.53753000e+01   04.01705000e+01   00.00000000e+00
  08.38322000e+01   05.48030000e+01   03.77485000e+01   00.00000000e+00
  08.26031000e+01   05.58681000e+01   03.71830000e+01   00.00000000e+00
  08.08364000e+01   05.48258000e+01   03.84081000e+01   00.00000000e+00
  08.19653000e+01   05.35685000e+01   03.88720000e+01   00.00000000e+00
  08.15128000e+01   05.15519000e+01   03.61805000e+01   00.00000000e+00
  08.30555000e+01   05.24605000e+01   03.61844000e+01   00.00000000e+00
  08.25254000e+01   05.16301000e+01   03.77054000e+01   00.00000000e+00
  07.91224000e+01   05.93195000e+01   03.66218000e+01   05.57290000e-03
  07.81701000e+01   05.63508000e+01   03.65025000e+01  -01.28866000e-02
  07.95312000e+01   05.30412000e+01   03.66792000e+01   00.00000000e+00
  08.24051000e+01   06.16871000e+01   04.76142000e+01   00.00000000e+00
  08.45091000e+01   05.80384000e+01   04.35668000e+01   00.00000000e+00
  07.91361000e+01   05.38271000e+01   03.46997000e+01  -01.99830000e-03
  08.09070000e+01   05.38852000e+01   03.41278000e+01  -01.85290000e-03
