  07.85215000e+01   05.87705000e+01   03.36621000e+01  -06.11779000e-02
  07.87996000e+01   06.25354000e+01   04.25216000e+01   01.75852000e-02
  07.19435000e+01   05.84603000e+01   04.25564000e+01   01.01800000e-02
  07.45011000e+01   05.59372000e+01   03.52493000e+01  -01.32723000e-02
  07.75698000e+01   05.91116000e+01   03.70931000e+01  -04.57645000e-02
  07.97118000e+01   05.86960000e+01   03.27270000e+01   02.46758000e-02
  07.86771000e+01   06.19305000e+01   04.37625000e+01  -01.71993000e-02
  07.21563000e+01   05.69410000e+01   04.27147000e+01  -09.39340000e-03
  07.59916000e+01   05.63670000e+01   03.49889000e+01   07.66074000e-02
  07.75714000e+01   06.06737000e+01   03.95641000e+01   09.44338000e-02
  07.39072000e+01   05.51245000e+01   03.45105000e+01   01.54319000e-02
  08.03456000e+01   05.72720000e+01   03.23282000e+01  -01.56515000e-02
  07.68900000e+01   05.51657000e+01   03.52656000e+01  -02.00050000e-02
  07.48935000e+01   05.81803000e+01   03.79665000e+01  -08.09918000e-02
  07.74999000e+01   05.34378000e+01   03.67389000e+01   04.03650000e-03
  07.63417000e+01   05.74560000e+01   03.59543000e+01  -01.43447000e-01
  07.94677000e+01   06.03711000e+01   03.80719000e+01   01.23287000e-02
  07.63165000e+01   06.10982000e+01   04.16969000e+01   02.21683000e-01
  07.31616000e+01   05.79795000e+01   03.96987000e+01  -05.42921000e-02
  08.11193000e+01   05.82768000e+01   03.65033000e+01   02.66866000e-02
  08.08305000e+01   06.23570000e+01   04.01801000e+01   04.35609000e-02
  07.40589000e+01   06.08315000e+01   04.39119000e+01   02.36507000e-02
  07.17781000e+01   05.61314000e+01   03.75401000e+01  -06.09964000e-02
  08.12592000e+01   05.52039000e+01   03.32946000e+01   08.71130000e-03
  07.74744000e+01   05.82608000e+01   03.60808000e+01   01.26858000e-01
  07.88856000e+01   06.08860000e+01   03.92289000e+01  -03.45042000e-02
  07.51242000e+01   06.03814000e+01   04.15294000e+01  -02.04376000e-01
  07.36788000e+01   05.76614000e+01   03.84206000e+01   07.60142000e-02
  08.05236000e+01   05.67649000e+01   03.12071000e+01   05.08730000e-03
  07.78829000e+01   05.48902000e+01   03.45968000e+01   06.92200000e-04
  08.16385000e+01   05.49091000e+01   03.46977000e+01   00.00000000e+00
  07.87767000e+01   05.82044000e+01   03.51441000e+01   07.64245000e-02
  07.94609000e+01   06.17279000e+01   04.02384000e+01  -04.66821000e-02
  07.40674000e+01   06.01141000e+01   04.25260000e+01   01.65461000e-02
  07.31345000e+01   05.67657000e+01   03.74701000e+01   05.49912000e-02
  08.07981000e+01   05.66084000e+01   03.34704000e+01   03.30200000e-04
  07.65825000e+01   05.45119000e+01   03.64179000e+01   04.02810000e-03
  08.19454000e+01   05.37462000e+01   03.52872000e+01   00.00000000e+00
  07.97899000e+01   05.90690000e+01   03.60313000e+01  -04.69336000e-02
  07.85747000e+01   06.18692000e+01   04.12574000e+01  -07.68710000e-03
  07.31985000e+01   05.91411000e+01   04.19600000e+01  -03.37389000e-02
  07.41560000e+01   05.66702000e+01   03.64740000e+01   03.64969000e-02
  08.09037000e+01   05.27202000e+01   03.57950000e+01   00.00000000e+00
  07.88853000e+01   05.96009000e+01   03.70923000e+01  -09.58259000e-02
  07.74629000e+01   06.11924000e+01   04.08584000e+01  -01.77941000e-01
  07.37437000e+01   05.88669000e+01   04.06580000e+01   06.74294000e-02
  07.52427000e+01   05.74964000e+01   03.68772000e+01   01.44326000e-01
  08.33769000e+01   05.34636000e+01   03.56254000e+01   00.00000000e+00
  08.42994000e+01   05.44998000e+01   03.62566000e+01   00.00000000e+00
  08.38713000e+01   05.49760000e+01   03.76668000e+01   00.00000000e+00
  08.46690000e+01   05.61661000e+01   03.82608000e+01   00.00000000e+00
  08.61868000e+01   05.60882000e+01   03.79464000e+01   00.00000000e+00
  08.43374000e+01   05.62658000e+01   03.98269000e+01   00.00000000e+00
  08.28619000e+01   05.65673000e+01   04.02668000e+01   00.00000000e+00
  08.29982000e+01   05.74435000e+01   04.16115000e+01   00.00000000e+00
  08.17118000e+01   05.79954000e+01   04.22127000e+01   00.00000000e+00
  08.06922000e+01   05.86104000e+01   04.11945000e+01   00.00000000e+00
  08.20739000e+01   05.89335000e+01   04.34939000e+01   00.00000000e+00
  08.26452000e+01   06.03017000e+01   04.31811000e+01   00.00000000e+00
  08.30761000e+01   06.10382000e+01   04.44428000e+01   00.00000000e+00
  08.36813000e+01   06.25181000e+01   04.43903000e+01   00.00000000e+00
  08.29349000e+01   06.35297000e+01   04.35629000e+01   00.00000000e+00
  08.38917000e+01   06.30701000e+01   04.58544000e+01   00.00000000e+00
  07.48921000e+01   05.96245000e+01   04.04070000e+01   03.65717000e-02
  07.61483000e+01   05.94704000e+01   03.87101000e+01  -06.37550000e-03
  07.14800000e+01   05.61211000e+01   03.85913000e+01   01.79582000e-02
  07.10205000e+01   05.68367000e+01   03.70506000e+01   01.23366000e-02
  07.17097000e+01   05.50950000e+01   03.71398000e+01   01.80857000e-02
  07.33217000e+01   06.16754000e+01   04.38177000e+01  -03.55350000e-03
  07.36780000e+01   06.00510000e+01   04.46730000e+01  -05.48890000e-03
  07.50911000e+01   06.12538000e+01   04.42333000e+01  -05.73590000e-03
  08.08778000e+01   06.31453000e+01   04.09228000e+01  -01.16015000e-02
  08.15605000e+01   06.16420000e+01   04.03547000e+01  -01.03548000e-02
  08.10720000e+01   06.28500000e+01   03.92584000e+01  -01.10806000e-02
  08.09185000e+01   05.73469000e+01   03.70142000e+01  -06.50300000e-03
  08.17813000e+01   05.82409000e+01   03.55983000e+01  -03.84930000e-03
  08.16437000e+01   05.89184000e+01   03.72027000e+01  -06.75510000e-03
  07.70480000e+01   05.29726000e+01   03.76150000e+01   06.96000000e-05
  07.74175000e+01   05.27019000e+01   03.59146000e+01  -02.56130000e-03
  07.84962000e+01   05.38048000e+01   03.69633000e+01  -08.86000000e-04
  07.13221000e+01   05.65316000e+01   04.20993000e+01   02.66600000e-04
  07.31529000e+01   05.67943000e+01   04.23208000e+01   02.07780000e-03
  07.20154000e+01   05.65851000e+01   04.37037000e+01   03.44650000e-03
  07.88851000e+01   06.24951000e+01   04.47012000e+01   02.98050000e-03
  07.84345000e+01   06.08692000e+01   04.39094000e+01  -05.01900000e-04
  07.94203000e+01   05.91035000e+01   03.17578000e+01  -05.40000000e-06
  08.04914000e+01   05.92877000e+01   03.32020000e+01  -02.73660000e-03
  07.17875000e+01   05.87575000e+01   04.36292000e+01   06.65000000e-04
  07.09953000e+01   05.86609000e+01   04.19488000e+01  -04.07950000e-03
  07.75548000e+01   05.83275000e+01   03.32914000e+01   01.58140000e-02
  07.83158000e+01   05.98121000e+01   03.36967000e+01   09.11190000e-03
  08.44424000e+01   06.24584000e+01   04.65698000e+01   00.00000000e+00
  08.44280000e+01   06.40167000e+01   04.57714000e+01   00.00000000e+00
  08.29623000e+01   06.34411000e+01   04.63054000e+01   00.00000000e+00
  08.18332000e+01   06.35703000e+01   04.37900000e+01   00.00000000e+00
  08.34043000e+01   06.45228000e+01   04.37450000e+01   00.00000000e+00
  08.30725000e+01   06.33142000e+01   04.24994000e+01   00.00000000e+00
  08.23184000e+01   06.09127000e+01   04.52644000e+01   00.00000000e+00
  08.38697000e+01   06.04725000e+01   04.48749000e+01   00.00000000e+00
  08.34379000e+01   06.03052000e+01   04.24255000e+01   00.00000000e+00
  08.18524000e+01   06.08905000e+01   04.27167000e+01   00.00000000e+00
  08.10972000e+01   05.90699000e+01   04.39576000e+01   00.00000000e+00
  08.27734000e+01   05.84236000e+01   04.41377000e+01   00.00000000e+00
  08.11078000e+01   05.92972000e+01   04.05058000e+01   00.00000000e+00
  08.02471000e+01   05.78197000e+01   04.05939000e+01   00.00000000e+00
  07.98179000e+01   05.90442000e+01   04.17120000e+01   00.00000000e+00
  08.34989000e+01   05.68771000e+01   04.23693000e+01   00.00000000e+00
  08.36750000e+01   05.83252000e+01   04.14596000e+01   00.00000000e+00
  08.23401000e+01   05.71763000e+01   03.94832000e+01   00.00000000e+00
  08.22881000e+01   05.56882000e+01   04.03636000e+01   00.00000000e+00
  08.48554000e+01   05.54300000e+01   04.02712000e+01   00.00000000e+00
  08.48974000e+01   05.71375000e+01   04.01076000e+01   00.00000000e+00
  07.22774000e+01   05.73479000e+01   04.00039000e+01   07.20400000e-04
  07.64459000e+01   06.15256000e+01   04.27280000e+01  -02.39543000e-02
  08.05789000e+01   06.05644000e+01   03.80372000e+01   04.89340000e-03
  07.60275000e+01   05.66867000e+01   03.39614000e+01  -02.28199000e-02
  07.92640000e+01   06.35296000e+01   04.25270000e+01  -01.51750000e-03
  08.68325000e+01   05.68000000e+01   03.85290000e+01   00.00000000e+00
  08.65843000e+01   05.51873000e+01   03.82238000e+01   00.00000000e+00
  08.64386000e+01   05.62305000e+01   03.68789000e+01   00.00000000e+00
  08.42469000e+01   05.70256000e+01   03.77762000e+01   00.00000000e+00
  08.29084000e+01   05.53385000e+01   03.76881000e+01   00.00000000e+00
  08.40377000e+01   05.41589000e+01   03.83609000e+01   00.00000000e+00
  08.53166000e+01   05.41752000e+01   03.63382000e+01   00.00000000e+00
  08.43326000e+01   05.53898000e+01   03.56702000e+01   00.00000000e+00
  08.34215000e+01   05.24778000e+01   03.60532000e+01   00.00000000e+00
  08.38378000e+01   05.33022000e+01   03.46426000e+01   00.00000000e+00
  08.11787000e+01   05.17922000e+01   03.53421000e+01   00.00000000e+00
  08.10181000e+01   05.26743000e+01   03.68766000e+01   00.00000000e+00
  07.98385000e+01   05.28267000e+01   03.54739000e+01   00.00000000e+00
  08.00348000e+01   05.99620000e+01   03.54133000e+01   05.57290000e-03
  07.92772000e+01   05.72489000e+01   03.51660000e+01  -01.28866000e-02
  08.13719000e+01   05.57899000e+01   03.53799000e+01   00.00000000e+00
  08.46823000e+01   06.23439000e+01   04.40163000e+01   00.00000000e+00
  08.11103000e+01   05.72312000e+01   04.26730000e+01   00.00000000e+00
  08.04062000e+01   05.45779000e+01   03.29904000e+01  -01.99830000e-03
  08.21434000e+01   05.49960000e+01   03.26117000e+01  -01.85290000e-03
