  07.74465000e+01   05.77030000e+01   03.45286000e+01  -06.11779000e-02
  07.75322000e+01   06.17764000e+01   04.35917000e+01   01.75852000e-02
  07.05490000e+01   05.77521000e+01   04.30830000e+01   01.01800000e-02
  07.31799000e+01   05.51887000e+01   03.59454000e+01  -01.32723000e-02
  07.63547000e+01   05.83523000e+01   03.79393000e+01  -04.57645000e-02
  07.86632000e+01   05.73562000e+01   03.36430000e+01   02.46758000e-02
  07.72432000e+01   06.11399000e+01   04.47474000e+01  -01.71993000e-02
  07.07630000e+01   05.61992000e+01   04.33444000e+01  -09.39340000e-03
  07.46669000e+01   05.57683000e+01   03.55571000e+01   07.66074000e-02
  07.62127000e+01   05.98626000e+01   04.06174000e+01   09.44338000e-02
  07.24913000e+01   05.43202000e+01   03.53463000e+01   01.54319000e-02
  07.90897000e+01   05.58817000e+01   03.35798000e+01  -01.56515000e-02
  07.55481000e+01   05.45576000e+01   03.55827000e+01  -02.00050000e-02
  07.35861000e+01   05.73809000e+01   03.86348000e+01  -08.09918000e-02
  07.59859000e+01   05.25366000e+01   03.69147000e+01   04.03650000e-03
  07.50254000e+01   05.67736000e+01   03.66998000e+01  -01.43447000e-01
  07.80503000e+01   05.97484000e+01   03.89557000e+01   01.23287000e-02
  07.48546000e+01   06.04332000e+01   04.25609000e+01   02.21683000e-01
  07.17123000e+01   05.73341000e+01   04.02283000e+01  -05.42921000e-02
  07.98084000e+01   05.78119000e+01   03.72703000e+01   02.66866000e-02
  07.94814000e+01   06.15871000e+01   04.12305000e+01   04.35609000e-02
  07.23720000e+01   06.00610000e+01   04.45941000e+01   02.36507000e-02
  07.03832000e+01   05.52308000e+01   03.82289000e+01  -06.09964000e-02
  07.98991000e+01   05.41170000e+01   03.50275000e+01   08.71130000e-03
  07.61870000e+01   05.75718000e+01   03.68388000e+01   01.26858000e-01
  07.74831000e+01   06.01599000e+01   04.02132000e+01  -03.45042000e-02
  07.36179000e+01   05.97006000e+01   04.22963000e+01  -02.04376000e-01
  07.23571000e+01   05.68820000e+01   03.90539000e+01   07.60142000e-02
  07.88195000e+01   05.50913000e+01   03.27323000e+01   05.08730000e-03
  07.63773000e+01   05.43045000e+01   03.46918000e+01   06.92200000e-04
  08.04431000e+01   05.39950000e+01   03.64383000e+01   00.00000000e+00
  07.75617000e+01   05.74345000e+01   03.60637000e+01   07.64245000e-02
  07.81223000e+01   06.09856000e+01   04.11971000e+01  -04.66821000e-02
  07.24981000e+01   05.94164000e+01   04.32110000e+01   01.65461000e-02
  07.18157000e+01   05.59175000e+01   03.81808000e+01   05.49912000e-02
  07.96575000e+01   05.55478000e+01   03.47776000e+01   03.30200000e-04
  07.52954000e+01   05.38253000e+01   03.66742000e+01   04.02810000e-03
  08.14764000e+01   05.32338000e+01   03.68718000e+01   00.00000000e+00
  07.84984000e+01   05.84109000e+01   03.68052000e+01  -04.69336000e-02
  07.72709000e+01   06.11766000e+01   04.22523000e+01  -07.68710000e-03
  07.17508000e+01   05.84394000e+01   04.25453000e+01  -03.37389000e-02
  07.28378000e+01   05.58368000e+01   03.71842000e+01   03.64969000e-02
  08.12673000e+01   05.17786000e+01   03.72452000e+01   00.00000000e+00
  07.75972000e+01   05.88906000e+01   03.79381000e+01  -09.58259000e-02
  07.60151000e+01   06.05262000e+01   04.18001000e+01  -01.77941000e-01
  07.22618000e+01   05.82077000e+01   04.12133000e+01   06.74294000e-02
  07.38484000e+01   05.67265000e+01   03.74930000e+01   01.44326000e-01
  08.29386000e+01   05.36838000e+01   03.67758000e+01   00.00000000e+00
  08.32028000e+01   05.52492000e+01   03.68487000e+01   00.00000000e+00
  08.32101000e+01   05.56135000e+01   03.83546000e+01   00.00000000e+00
  08.35537000e+01   05.71028000e+01   03.87115000e+01   00.00000000e+00
  08.48192000e+01   05.75311000e+01   03.78845000e+01   00.00000000e+00
  08.39088000e+01   05.73065000e+01   04.02719000e+01   00.00000000e+00
  08.27038000e+01   05.75875000e+01   04.11802000e+01   00.00000000e+00
  08.31053000e+01   05.79511000e+01   04.25723000e+01   00.00000000e+00
  08.40543000e+01   05.69403000e+01   04.33438000e+01   00.00000000e+00
  08.34029000e+01   05.56031000e+01   04.38029000e+01   00.00000000e+00
  08.47573000e+01   05.76253000e+01   04.45408000e+01   00.00000000e+00
  08.38970000e+01   05.81933000e+01   04.57286000e+01   00.00000000e+00
  08.45944000e+01   05.91374000e+01   04.66811000e+01   00.00000000e+00
  08.39295000e+01   05.92736000e+01   04.80972000e+01   00.00000000e+00
  08.47178000e+01   06.02793000e+01   04.89302000e+01   00.00000000e+00
  08.23797000e+01   05.96180000e+01   04.81069000e+01   00.00000000e+00
  07.34219000e+01   05.89280000e+01   04.11207000e+01   03.65717000e-02
  07.48107000e+01   05.87516000e+01   03.95844000e+01  -06.37550000e-03
  07.04282000e+01   05.44087000e+01   03.75437000e+01   01.79582000e-02
  07.00823000e+01   05.50352000e+01   03.92699000e+01   01.23366000e-02
  06.96244000e+01   05.59659000e+01   03.78960000e+01   01.80857000e-02
  07.26947000e+01   06.10828000e+01   04.45145000e+01  -03.55350000e-03
  07.13185000e+01   05.99791000e+01   04.49678000e+01  -05.48890000e-03
  07.31192000e+01   05.95533000e+01   04.53341000e+01  -05.73590000e-03
  08.01136000e+01   06.09347000e+01   04.18258000e+01  -01.16015000e-02
  07.98485000e+01   06.15143000e+01   04.01468000e+01  -01.03548000e-02
  07.94265000e+01   06.26237000e+01   04.16174000e+01  -01.10806000e-02
  08.03000000e+01   05.72953000e+01   03.64419000e+01  -06.50300000e-03
  08.04329000e+01   05.86289000e+01   03.76716000e+01  -03.84930000e-03
  07.95840000e+01   05.70756000e+01   03.80174000e+01  -06.75510000e-03
  07.70296000e+01   05.25797000e+01   03.66593000e+01   06.96000000e-05
  07.58701000e+01   05.22918000e+01   03.79652000e+01  -02.56130000e-03
  07.56237000e+01   05.17459000e+01   03.63505000e+01  -08.86000000e-04
  07.11707000e+01   05.58520000e+01   04.24129000e+01   02.66600000e-04
  07.15893000e+01   05.59936000e+01   04.39991000e+01   02.07780000e-03
  06.98142000e+01   05.57611000e+01   04.36428000e+01   03.44650000e-03
  07.75118000e+01   06.15657000e+01   04.56910000e+01   02.98050000e-03
  07.67421000e+01   06.01255000e+01   04.47207000e+01  -05.01900000e-04
  07.83762000e+01   05.77313000e+01   03.27159000e+01  -05.40000000e-06
  07.95354000e+01   05.79443000e+01   03.39721000e+01  -02.73660000e-03
  07.02693000e+01   05.81805000e+01   04.40484000e+01   06.65000000e-04
  06.97141000e+01   05.77829000e+01   04.24646000e+01  -04.07950000e-03
  07.65531000e+01   05.72239000e+01   03.41890000e+01   01.58140000e-02
  07.71317000e+01   05.87805000e+01   03.43001000e+01   09.11190000e-03
  08.21061000e+01   05.96652000e+01   04.91142000e+01   00.00000000e+00
  08.21080000e+01   06.05806000e+01   04.76417000e+01   00.00000000e+00
  08.18542000e+01   05.87903000e+01   04.76709000e+01   00.00000000e+00
  08.40878000e+01   06.04004000e+01   04.98270000e+01   00.00000000e+00
  08.57424000e+01   05.99798000e+01   04.91445000e+01   00.00000000e+00
  08.48402000e+01   06.11994000e+01   04.83424000e+01   00.00000000e+00
  08.56124000e+01   05.88318000e+01   04.68494000e+01   00.00000000e+00
  08.46625000e+01   06.01174000e+01   04.62124000e+01   00.00000000e+00
  08.29298000e+01   05.85331000e+01   04.54315000e+01   00.00000000e+00
  08.36376000e+01   05.73288000e+01   04.63168000e+01   00.00000000e+00
  08.56148000e+01   05.70910000e+01   04.48823000e+01   00.00000000e+00
  08.51419000e+01   05.85751000e+01   04.41142000e+01   00.00000000e+00
  08.40360000e+01   05.47801000e+01   04.41876000e+01   00.00000000e+00
  08.26329000e+01   05.58008000e+01   04.45320000e+01   00.00000000e+00
  08.28194000e+01   05.52257000e+01   04.30250000e+01   00.00000000e+00
  08.35670000e+01   05.88853000e+01   04.24993000e+01   00.00000000e+00
  08.22941000e+01   05.82452000e+01   04.32062000e+01   00.00000000e+00
  08.21731000e+01   05.84068000e+01   04.07342000e+01   00.00000000e+00
  08.20315000e+01   05.67094000e+01   04.11024000e+01   00.00000000e+00
  08.44784000e+01   05.64052000e+01   04.05823000e+01   00.00000000e+00
  08.45374000e+01   05.81334000e+01   04.04363000e+01   00.00000000e+00
  07.06726000e+01   05.69822000e+01   04.04557000e+01   07.20400000e-04
  07.47649000e+01   06.10419000e+01   04.34604000e+01  -02.39543000e-02
  07.90218000e+01   06.02355000e+01   03.88001000e+01   04.89340000e-03
  07.45895000e+01   05.60430000e+01   03.44517000e+01  -02.28199000e-02
  07.80831000e+01   06.27198000e+01   04.36413000e+01  -01.51750000e-03
  08.56317000e+01   05.68496000e+01   03.81362000e+01   00.00000000e+00
  08.46084000e+01   05.74969000e+01   03.68001000e+01   00.00000000e+00
  08.50896000e+01   05.86412000e+01   03.81318000e+01   00.00000000e+00
  08.28134000e+01   05.78219000e+01   03.83595000e+01   00.00000000e+00
  08.22538000e+01   05.55453000e+01   03.87958000e+01   00.00000000e+00
  08.39087000e+01   05.49799000e+01   03.89340000e+01   00.00000000e+00
  08.41855000e+01   05.53889000e+01   03.65349000e+01   00.00000000e+00
  08.24247000e+01   05.58290000e+01   03.63246000e+01   00.00000000e+00
  08.35351000e+01   05.32215000e+01   03.75305000e+01   00.00000000e+00
  08.33378000e+01   05.31776000e+01   03.58981000e+01   00.00000000e+00
  08.02891000e+01   05.13921000e+01   03.69262000e+01   00.00000000e+00
  08.21666000e+01   05.12923000e+01   03.67297000e+01   00.00000000e+00
  08.13378000e+01   05.17448000e+01   03.83263000e+01   00.00000000e+00
  07.86642000e+01   05.93153000e+01   03.61972000e+01   05.57290000e-03
  07.79070000e+01   05.64696000e+01   03.61955000e+01  -01.28866000e-02
  07.99463000e+01   05.45242000e+01   03.72330000e+01   00.00000000e+00
  08.38684000e+01   05.83114000e+01   04.85625000e+01   00.00000000e+00
  08.47897000e+01   05.67306000e+01   04.26061000e+01   00.00000000e+00
  07.90103000e+01   05.35216000e+01   03.48100000e+01  -01.99830000e-03
  08.06306000e+01   05.36678000e+01   03.43073000e+01  -01.85290000e-03
