  07.78367000e+01   05.75124000e+01   03.49764000e+01  -06.11779000e-02
  07.85254000e+01   06.19336000e+01   04.35305000e+01   01.75852000e-02
  07.14160000e+01   05.81992000e+01   04.37879000e+01   01.01800000e-02
  07.37705000e+01   05.51168000e+01   03.66724000e+01  -01.32723000e-02
  07.71665000e+01   05.82478000e+01   03.83567000e+01  -04.57645000e-02
  07.90702000e+01   05.72886000e+01   03.41713000e+01   02.46758000e-02
  07.96292000e+01   06.19804000e+01   04.42520000e+01  -01.71993000e-02
  07.13474000e+01   05.66294000e+01   04.38487000e+01  -09.39340000e-03
  07.52801000e+01   05.55175000e+01   03.63749000e+01   07.66074000e-02
  07.71767000e+01   05.97393000e+01   04.08804000e+01   09.44338000e-02
  07.31409000e+01   05.42581000e+01   03.60662000e+01   01.54319000e-02
  07.94568000e+01   05.57875000e+01   03.38636000e+01  -01.56515000e-02
  07.62677000e+01   05.43292000e+01   03.64831000e+01  -02.00050000e-02
  07.42760000e+01   05.76253000e+01   03.91402000e+01  -08.09918000e-02
  07.69075000e+01   05.22080000e+01   03.75495000e+01   04.03650000e-03
  07.56788000e+01   05.66923000e+01   03.72412000e+01  -01.43447000e-01
  07.90427000e+01   05.92926000e+01   03.93464000e+01   01.23287000e-02
  07.60064000e+01   06.02363000e+01   04.30074000e+01   02.21683000e-01
  07.24286000e+01   05.78016000e+01   04.07420000e+01  -05.42921000e-02
  08.03665000e+01   05.69235000e+01   03.76527000e+01   02.66866000e-02
  08.06616000e+01   06.12136000e+01   04.12926000e+01   04.35609000e-02
  07.38360000e+01   06.00171000e+01   04.51680000e+01   02.36507000e-02
  07.10673000e+01   05.58213000e+01   03.86309000e+01  -06.09964000e-02
  08.06144000e+01   05.38325000e+01   03.45728000e+01   08.71130000e-03
  07.68652000e+01   05.73933000e+01   03.73381000e+01   01.26858000e-01
  07.84909000e+01   05.98410000e+01   04.05202000e+01  -03.45042000e-02
  07.47539000e+01   05.95812000e+01   04.27940000e+01  -02.04376000e-01
  07.29833000e+01   05.73400000e+01   03.95036000e+01   07.60142000e-02
  07.88439000e+01   05.51472000e+01   03.29942000e+01   05.08730000e-03
  07.71416000e+01   05.40196000e+01   03.56412000e+01   06.92200000e-04
  08.11179000e+01   05.33388000e+01   03.58587000e+01   00.00000000e+00
  07.80279000e+01   05.71847000e+01   03.64671000e+01   07.64245000e-02
  07.92377000e+01   06.06490000e+01   04.14157000e+01  -04.66821000e-02
  07.37295000e+01   05.94282000e+01   04.38022000e+01   01.65461000e-02
  07.24101000e+01   05.64314000e+01   03.86093000e+01   05.49912000e-02
  08.03612000e+01   05.52956000e+01   03.47499000e+01   03.30200000e-04
  07.61340000e+01   05.34811000e+01   03.76165000e+01   04.02810000e-03
  08.23807000e+01   05.31745000e+01   03.63065000e+01   00.00000000e+00
  07.92198000e+01   05.78494000e+01   03.72516000e+01  -04.69336000e-02
  07.82885000e+01   06.09984000e+01   04.24530000e+01  -07.68710000e-03
  07.26423000e+01   05.87757000e+01   04.31634000e+01  -03.37389000e-02
  07.34427000e+01   05.59890000e+01   03.77715000e+01   03.64969000e-02
  08.31252000e+01   05.18715000e+01   03.60959000e+01   00.00000000e+00
  07.84271000e+01   05.85420000e+01   03.83785000e+01  -09.58259000e-02
  07.70972000e+01   06.02620000e+01   04.21691000e+01  -01.77941000e-01
  07.31022000e+01   05.84634000e+01   04.18130000e+01   06.74294000e-02
  07.45503000e+01   05.68321000e+01   03.80906000e+01   01.44326000e-01
  08.28752000e+01   05.43709000e+01   03.71969000e+01   00.00000000e+00
  08.43632000e+01   05.42806000e+01   03.75409000e+01   00.00000000e+00
  08.48880000e+01   05.53211000e+01   03.86692000e+01   00.00000000e+00
  08.45727000e+01   05.68163000e+01   03.86054000e+01   00.00000000e+00
  08.55626000e+01   05.75973000e+01   03.77275000e+01   00.00000000e+00
  08.46592000e+01   05.74170000e+01   04.00145000e+01   00.00000000e+00
  08.34714000e+01   05.73417000e+01   04.10343000e+01   00.00000000e+00
  08.37037000e+01   05.83298000e+01   04.21942000e+01   00.00000000e+00
  08.50214000e+01   05.82949000e+01   04.30428000e+01   00.00000000e+00
  08.51922000e+01   05.70300000e+01   04.39188000e+01   00.00000000e+00
  08.53275000e+01   05.96999000e+01   04.38440000e+01   00.00000000e+00
  08.43072000e+01   06.00514000e+01   04.49630000e+01   00.00000000e+00
  08.43368000e+01   06.15062000e+01   04.52531000e+01   00.00000000e+00
  08.37679000e+01   06.19633000e+01   04.66220000e+01   00.00000000e+00
  08.38740000e+01   06.34657000e+01   04.69196000e+01   00.00000000e+00
  08.23598000e+01   06.13549000e+01   04.69638000e+01   00.00000000e+00
  07.44531000e+01   05.88477000e+01   04.16822000e+01   03.65717000e-02
  07.57205000e+01   05.87291000e+01   03.99135000e+01  -06.37550000e-03
  07.09620000e+01   05.49239000e+01   03.79891000e+01   01.79582000e-02
  07.08831000e+01   05.55396000e+01   03.96437000e+01   01.23366000e-02
  07.03319000e+01   05.65942000e+01   03.83263000e+01   01.80857000e-02
  07.47736000e+01   05.97247000e+01   04.56199000e+01  -03.55350000e-03
  07.39326000e+01   06.10148000e+01   04.50167000e+01  -05.48890000e-03
  07.30136000e+01   05.98098000e+01   04.59247000e+01  -05.73590000e-03
  08.13524000e+01   06.05118000e+01   04.18278000e+01  -01.16015000e-02
  08.09549000e+01   06.14054000e+01   04.02028000e+01  -01.03548000e-02
  08.07123000e+01   06.22364000e+01   04.18238000e+01  -01.10806000e-02
  08.10410000e+01   05.73713000e+01   03.83383000e+01  -06.50300000e-03
  07.98668000e+01   05.61277000e+01   03.81958000e+01  -03.84930000e-03
  08.08390000e+01   05.65948000e+01   03.67639000e+01  -06.75510000e-03
  07.69632000e+01   05.17296000e+01   03.85405000e+01   06.96000000e-05
  07.63222000e+01   05.15868000e+01   03.69239000e+01  -02.56130000e-03
  07.78953000e+01   05.23372000e+01   03.71385000e+01  -08.86000000e-04
  07.13624000e+01   05.61837000e+01   04.28471000e+01   02.66600000e-04
  07.20893000e+01   05.62188000e+01   04.45744000e+01   02.07780000e-03
  07.03543000e+01   05.64033000e+01   04.41881000e+01   03.44650000e-03
  07.96809000e+01   06.26577000e+01   04.51427000e+01   02.98050000e-03
  08.04747000e+01   06.13759000e+01   04.41175000e+01  -05.01900000e-04
  07.88007000e+01   05.77479000e+01   03.32121000e+01  -05.40000000e-06
  08.00308000e+01   05.76201000e+01   03.46245000e+01  -02.73660000e-03
  07.13493000e+01   05.85812000e+01   04.48050000e+01   06.65000000e-04
  07.06479000e+01   05.84495000e+01   04.31448000e+01  -04.07950000e-03
  07.69679000e+01   05.69896000e+01   03.45501000e+01   01.58140000e-02
  07.76674000e+01   05.86094000e+01   03.49017000e+01   09.11190000e-03
  08.20229000e+01   06.17733000e+01   04.78972000e+01   00.00000000e+00
  08.16197000e+01   06.15212000e+01   04.62489000e+01   00.00000000e+00
  08.23758000e+01   06.02705000e+01   04.72086000e+01   00.00000000e+00
  08.48429000e+01   06.38623000e+01   04.66765000e+01   00.00000000e+00
  08.31785000e+01   06.39531000e+01   04.62469000e+01   00.00000000e+00
  08.36198000e+01   06.36527000e+01   04.79346000e+01   00.00000000e+00
  08.53387000e+01   06.17557000e+01   04.53170000e+01   00.00000000e+00
  08.38742000e+01   06.20785000e+01   04.45266000e+01   00.00000000e+00
  08.33610000e+01   05.97502000e+01   04.45885000e+01   00.00000000e+00
  08.45574000e+01   05.93673000e+01   04.57946000e+01   00.00000000e+00
  08.62949000e+01   05.95888000e+01   04.43264000e+01   00.00000000e+00
  08.53517000e+01   06.05007000e+01   04.31284000e+01   00.00000000e+00
  08.51402000e+01   05.62002000e+01   04.32003000e+01   00.00000000e+00
  08.60918000e+01   05.69278000e+01   04.44665000e+01   00.00000000e+00
  08.43998000e+01   05.69706000e+01   04.46577000e+01   00.00000000e+00
  08.37880000e+01   05.92493000e+01   04.16579000e+01   00.00000000e+00
  08.27954000e+01   05.83878000e+01   04.27332000e+01   00.00000000e+00
  08.25425000e+01   05.77181000e+01   04.04928000e+01   00.00000000e+00
  08.32763000e+01   05.63141000e+01   04.13870000e+01   00.00000000e+00
  08.56111000e+01   05.71546000e+01   04.04850000e+01   00.00000000e+00
  08.47045000e+01   05.84477000e+01   03.97577000e+01   00.00000000e+00
  07.14269000e+01   05.74943000e+01   04.10154000e+01   07.20400000e-04
  07.60561000e+01   06.08262000e+01   04.39707000e+01  -02.39543000e-02
  08.01250000e+01   05.94017000e+01   03.92955000e+01   04.89340000e-03
  07.52970000e+01   05.58323000e+01   03.53706000e+01  -02.28199000e-02
  07.77290000e+01   06.25654000e+01   04.38536000e+01  -01.51750000e-03
  08.64007000e+01   05.80758000e+01   03.82197000e+01   00.00000000e+00
  08.58959000e+01   05.70827000e+01   03.68755000e+01   00.00000000e+00
  08.49810000e+01   05.84862000e+01   03.74745000e+01   00.00000000e+00
  08.36109000e+01   05.69355000e+01   03.81091000e+01   00.00000000e+00
  08.43336000e+01   05.48716000e+01   03.95691000e+01   00.00000000e+00
  08.59953000e+01   05.51467000e+01   03.86969000e+01   00.00000000e+00
  08.46032000e+01   05.32946000e+01   03.78233000e+01   00.00000000e+00
  08.49244000e+01   05.44391000e+01   03.66184000e+01   00.00000000e+00
  08.26514000e+01   05.53812000e+01   03.67521000e+01   00.00000000e+00
  08.24027000e+01   05.42934000e+01   03.81601000e+01   00.00000000e+00
  08.35707000e+01   05.14755000e+01   03.70144000e+01   00.00000000e+00
  08.23909000e+01   05.11755000e+01   03.56531000e+01   00.00000000e+00
  08.38683000e+01   05.21348000e+01   03.53332000e+01   00.00000000e+00
  07.96658000e+01   05.86657000e+01   03.65642000e+01   05.57290000e-03
  07.82752000e+01   05.61668000e+01   03.64805000e+01  -01.28866000e-02
  08.03718000e+01   05.26993000e+01   03.64165000e+01   00.00000000e+00
  08.44895000e+01   06.14684000e+01   04.73497000e+01   00.00000000e+00
  08.58195000e+01   05.81741000e+01   04.23456000e+01   00.00000000e+00
  07.96807000e+01   05.33419000e+01   03.44117000e+01  -01.99830000e-03
  08.12816000e+01   05.36406000e+01   03.37305000e+01  -01.85290000e-03
