  08.05401000e+01   05.93631000e+01   03.37116000e+01  -06.11779000e-02
  07.86313000e+01   06.27301000e+01   04.27825000e+01   01.75852000e-02
  07.25778000e+01   05.77686000e+01   04.13710000e+01   01.01800000e-02
  07.65874000e+01   05.61024000e+01   03.43895000e+01  -01.32723000e-02
  07.90361000e+01   05.93179000e+01   03.70344000e+01  -04.57645000e-02
  08.18827000e+01   05.92496000e+01   03.29261000e+01   02.46758000e-02
  07.95942000e+01   06.31641000e+01   04.36731000e+01  -01.71993000e-02
  07.26906000e+01   05.62179000e+01   04.14912000e+01  -09.39340000e-03
  07.79418000e+01   05.68632000e+01   03.42269000e+01   07.66074000e-02
  07.83394000e+01   06.07339000e+01   03.96718000e+01   09.44338000e-02
  07.60906000e+01   05.52374000e+01   03.36398000e+01   01.54319000e-02
  08.24726000e+01   05.78920000e+01   03.26385000e+01  -01.56515000e-02
  07.90788000e+01   05.59641000e+01   03.39788000e+01  -02.00050000e-02
  07.63954000e+01   05.80427000e+01   03.73539000e+01  -08.09918000e-02
  08.00374000e+01   05.36686000e+01   03.44752000e+01   04.03650000e-03
  07.81070000e+01   05.77330000e+01   03.54752000e+01  -01.43447000e-01
  08.04562000e+01   06.07808000e+01   03.84155000e+01   01.23287000e-02
  07.66232000e+01   06.08093000e+01   04.14615000e+01   02.21683000e-01
  07.43911000e+01   05.74901000e+01   03.87984000e+01  -05.42921000e-02
  08.24990000e+01   05.88334000e+01   03.69021000e+01   02.66866000e-02
  08.13451000e+01   06.27050000e+01   04.07539000e+01   04.35609000e-02
  07.41074000e+01   05.99912000e+01   04.31504000e+01   02.36507000e-02
  07.39350000e+01   05.54537000e+01   03.63932000e+01  -06.09964000e-02
  08.36244000e+01   05.60314000e+01   03.35762000e+01   08.71130000e-03
  07.91509000e+01   05.85866000e+01   03.58766000e+01   01.26858000e-01
  07.96488000e+01   06.11037000e+01   03.95581000e+01  -03.45042000e-02
  07.56280000e+01   05.99096000e+01   04.10769000e+01  -02.04376000e-01
  07.52333000e+01   05.72237000e+01   03.76889000e+01   07.60142000e-02
  08.23352000e+01   05.72580000e+01   03.16052000e+01   05.08730000e-03
  07.99294000e+01   05.61377000e+01   03.31268000e+01   06.92200000e-04
  08.39259000e+01   05.55130000e+01   03.50106000e+01   00.00000000e+00
  08.04611000e+01   05.88106000e+01   03.51887000e+01   07.64245000e-02
  08.00022000e+01   06.19322000e+01   04.07083000e+01  -04.66821000e-02
  07.44298000e+01   05.95314000e+01   04.17681000e+01   01.65461000e-02
  07.50069000e+01   05.63445000e+01   03.65827000e+01   05.49912000e-02
  08.31877000e+01   05.75190000e+01   03.36928000e+01   03.30200000e-04
  07.90701000e+01   05.47911000e+01   03.47738000e+01   04.02810000e-03
  08.50114000e+01   05.46822000e+01   03.53032000e+01   00.00000000e+00
  08.12506000e+01   05.95739000e+01   03.62919000e+01  -04.69336000e-02
  07.88711000e+01   06.20551000e+01   04.15305000e+01  -07.68710000e-03
  07.38424000e+01   05.85214000e+01   04.10357000e+01  -03.37389000e-02
  07.60796000e+01   05.65068000e+01   03.56798000e+01   03.64969000e-02
  08.48490000e+01   05.31501000e+01   03.53383000e+01   00.00000000e+00
  08.01864000e+01   05.99424000e+01   03.73522000e+01  -09.58259000e-02
  07.78447000e+01   06.12297000e+01   04.08502000e+01  -01.77941000e-01
  07.46024000e+01   05.84056000e+01   03.98366000e+01   06.74294000e-02
  07.68923000e+01   05.75981000e+01   03.61823000e+01   01.44326000e-01
  08.64486000e+01   05.51940000e+01   03.54834000e+01   00.00000000e+00
  08.67439000e+01   05.64209000e+01   03.63230000e+01   00.00000000e+00
  08.66144000e+01   05.61294000e+01   03.77947000e+01   00.00000000e+00
  08.67929000e+01   05.73965000e+01   03.86845000e+01   00.00000000e+00
  08.80741000e+01   05.81981000e+01   03.83423000e+01   00.00000000e+00
  08.68945000e+01   05.68643000e+01   04.01863000e+01   00.00000000e+00
  08.67975000e+01   05.79880000e+01   04.12541000e+01   00.00000000e+00
  08.67012000e+01   05.73843000e+01   04.26928000e+01   00.00000000e+00
  08.71232000e+01   05.83178000e+01   04.38253000e+01   00.00000000e+00
  08.86890000e+01   05.83079000e+01   04.39724000e+01   00.00000000e+00
  08.65629000e+01   05.78369000e+01   04.51998000e+01   00.00000000e+00
  08.50404000e+01   05.77519000e+01   04.54042000e+01   00.00000000e+00
  08.43926000e+01   05.91770000e+01   04.55344000e+01   00.00000000e+00
  08.28394000e+01   05.92612000e+01   04.58190000e+01   00.00000000e+00
  08.24469000e+01   05.84106000e+01   04.69882000e+01   00.00000000e+00
  08.23556000e+01   06.06910000e+01   04.58067000e+01   00.00000000e+00
  07.57122000e+01   05.92448000e+01   03.99107000e+01   03.65717000e-02
  07.73027000e+01   05.94322000e+01   03.84428000e+01  -06.37550000e-03
  07.34397000e+01   05.51418000e+01   03.73195000e+01   01.79582000e-02
  07.31592000e+01   05.57597000e+01   03.56694000e+01   01.23366000e-02
  07.45476000e+01   05.46052000e+01   03.60270000e+01   01.80857000e-02
  07.44164000e+01   05.92565000e+01   04.39237000e+01  -03.55350000e-03
  07.47041000e+01   06.09055000e+01   04.34067000e+01  -05.48890000e-03
  07.29959000e+01   06.00380000e+01   04.31977000e+01  -05.73590000e-03
  08.21012000e+01   06.19633000e+01   04.06903000e+01  -01.16015000e-02
  08.14049000e+01   06.32433000e+01   03.97749000e+01  -01.03548000e-02
  08.13546000e+01   06.33350000e+01   04.16370000e+01  -01.10806000e-02
  08.20922000e+01   05.80236000e+01   03.74823000e+01  -06.50300000e-03
  08.31463000e+01   05.86551000e+01   03.60147000e+01  -03.84930000e-03
  08.30673000e+01   05.95013000e+01   03.74662000e+01  -06.75510000e-03
  08.10251000e+01   05.41683000e+01   03.43400000e+01   06.96000000e-05
  08.02357000e+01   05.29386000e+01   03.53228000e+01  -02.56130000e-03
  07.97087000e+01   05.31327000e+01   03.35787000e+01  -08.86000000e-04
  07.30483000e+01   05.56810000e+01   04.06112000e+01   02.66600000e-04
  07.33875000e+01   05.60980000e+01   04.22655000e+01   02.07780000e-03
  07.17585000e+01   05.57419000e+01   04.19121000e+01   03.44650000e-03
  07.93095000e+01   06.35511000e+01   04.46513000e+01   02.98050000e-03
  08.06967000e+01   06.30201000e+01   04.36473000e+01  -05.01900000e-04
  08.17407000e+01   05.98081000e+01   03.19552000e+01  -05.40000000e-06
  08.25624000e+01   05.99292000e+01   03.34770000e+01  -02.73660000e-03
  07.21283000e+01   05.81424000e+01   04.23113000e+01   06.65000000e-04
  07.19316000e+01   05.79348000e+01   04.05676000e+01  -04.07950000e-03
  07.99109000e+01   05.87782000e+01   03.30725000e+01   01.58140000e-02
  08.01646000e+01   06.03491000e+01   03.36743000e+01   09.11190000e-03
  08.13071000e+01   06.07830000e+01   04.60899000e+01   00.00000000e+00
  08.29239000e+01   06.11897000e+01   04.65527000e+01   00.00000000e+00
  08.25102000e+01   06.10834000e+01   04.47986000e+01   00.00000000e+00
  08.27999000e+01   05.87847000e+01   04.79549000e+01   00.00000000e+00
  08.14169000e+01   05.86657000e+01   04.72631000e+01   00.00000000e+00
  08.25244000e+01   05.74290000e+01   04.67821000e+01   00.00000000e+00
  08.48599000e+01   05.96008000e+01   04.64323000e+01   00.00000000e+00
  08.46079000e+01   05.97110000e+01   04.45735000e+01   00.00000000e+00
  08.44964000e+01   05.71036000e+01   04.47158000e+01   00.00000000e+00
  08.49485000e+01   05.73699000e+01   04.64084000e+01   00.00000000e+00
  08.69152000e+01   05.67766000e+01   04.52985000e+01   00.00000000e+00
  08.68376000e+01   05.84810000e+01   04.60474000e+01   00.00000000e+00
  08.89683000e+01   05.87448000e+01   04.49028000e+01   00.00000000e+00
  08.89468000e+01   05.72104000e+01   04.38059000e+01   00.00000000e+00
  08.91464000e+01   05.88604000e+01   04.31465000e+01   00.00000000e+00
  08.57316000e+01   05.69191000e+01   04.29032000e+01   00.00000000e+00
  08.73325000e+01   05.64903000e+01   04.26488000e+01   00.00000000e+00
  08.76402000e+01   05.86499000e+01   04.12550000e+01   00.00000000e+00
  08.58851000e+01   05.86196000e+01   04.10749000e+01   00.00000000e+00
  08.61172000e+01   05.61341000e+01   04.04181000e+01   00.00000000e+00
  08.78888000e+01   05.63504000e+01   04.03063000e+01   00.00000000e+00
  07.35004000e+01   05.69025000e+01   03.89048000e+01   07.20400000e-04
  07.63779000e+01   06.12609000e+01   04.24189000e+01  -02.39543000e-02
  08.15438000e+01   06.11272000e+01   03.84072000e+01   04.89340000e-03
  07.78211000e+01   05.75215000e+01   03.33708000e+01  -02.28199000e-02
  07.76106000e+01   06.28512000e+01   04.30594000e+01  -01.51750000e-03
  08.82674000e+01   05.91203000e+01   03.89346000e+01   00.00000000e+00
  08.86950000e+01   05.73389000e+01   03.85909000e+01   00.00000000e+00
  08.82082000e+01   05.84094000e+01   03.73134000e+01   00.00000000e+00
  08.59117000e+01   05.80509000e+01   03.88006000e+01   00.00000000e+00
  08.57412000e+01   05.55870000e+01   03.81083000e+01   00.00000000e+00
  08.75303000e+01   05.54941000e+01   03.80450000e+01   00.00000000e+00
  08.77926000e+01   05.66602000e+01   03.60820000e+01   00.00000000e+00
  08.60953000e+01   05.72651000e+01   03.61202000e+01   00.00000000e+00
  08.71260000e+01   05.44210000e+01   03.59260000e+01   00.00000000e+00
  08.68374000e+01   05.54478000e+01   03.44848000e+01   00.00000000e+00
  08.50412000e+01   05.29326000e+01   03.63084000e+01   00.00000000e+00
  08.37805000e+01   05.29523000e+01   03.50808000e+01   00.00000000e+00
  08.55648000e+01   05.27128000e+01   03.46666000e+01   00.00000000e+00
  08.16653000e+01   06.03970000e+01   03.57785000e+01   05.57290000e-03
  08.09151000e+01   05.78447000e+01   03.51378000e+01  -01.28866000e-02
  08.34930000e+01   05.59912000e+01   03.59228000e+01   00.00000000e+00
  08.24735000e+01   05.86920000e+01   04.49412000e+01   00.00000000e+00
  08.67214000e+01   05.93600000e+01   04.37007000e+01   00.00000000e+00
  08.28846000e+01   05.53578000e+01   03.32146000e+01  -01.99830000e-03
  08.45950000e+01   05.59744000e+01   03.30928000e+01  -01.85290000e-03
