  07.95071000e+01   05.93012000e+01   03.35932000e+01  -06.11779000e-02
  07.94306000e+01   06.24238000e+01   04.28448000e+01   01.75852000e-02
  07.24591000e+01   05.84190000e+01   04.19642000e+01   01.01800000e-02
  07.51361000e+01   05.69381000e+01   03.43161000e+01  -01.32723000e-02
  07.85664000e+01   05.90947000e+01   03.70330000e+01  -04.57645000e-02
  08.07681000e+01   05.91569000e+01   03.26966000e+01   02.46758000e-02
  08.04106000e+01   06.20389000e+01   04.37128000e+01  -01.71993000e-02
  07.22201000e+01   05.68713000e+01   04.19262000e+01  -09.39340000e-03
  07.66634000e+01   05.72822000e+01   03.41686000e+01   07.66074000e-02
  07.84310000e+01   06.03856000e+01   03.97848000e+01   09.44338000e-02
  07.44786000e+01   05.65192000e+01   03.33582000e+01   01.54319000e-02
  08.11465000e+01   05.77241000e+01   03.23116000e+01  -01.56515000e-02
  07.75421000e+01   05.60844000e+01   03.38909000e+01  -02.00050000e-02
  07.56932000e+01   05.83380000e+01   03.75307000e+01  -08.09918000e-02
  07.78509000e+01   05.37252000e+01   03.39121000e+01   04.03650000e-03
  07.71286000e+01   05.79988000e+01   03.54473000e+01  -01.43447000e-01
  08.03512000e+01   06.02894000e+01   03.82683000e+01   01.23287000e-02
  07.69912000e+01   06.07362000e+01   04.17429000e+01   02.21683000e-01
  07.38136000e+01   05.81298000e+01   03.91058000e+01  -05.42921000e-02
  08.18972000e+01   05.84756000e+01   03.65049000e+01   02.66866000e-02
  08.18518000e+01   06.18153000e+01   04.05952000e+01   04.35609000e-02
  07.46656000e+01   06.01504000e+01   04.35956000e+01   02.36507000e-02
  07.24399000e+01   05.66786000e+01   03.65385000e+01  -06.09964000e-02
  08.19133000e+01   05.56194000e+01   03.31614000e+01   08.71130000e-03
  07.83647000e+01   05.85674000e+01   03.57619000e+01   01.26858000e-01
  07.97451000e+01   06.06440000e+01   03.94723000e+01  -03.45042000e-02
  07.58326000e+01   06.00278000e+01   04.13386000e+01  -02.04376000e-01
  07.43834000e+01   05.79506000e+01   03.78300000e+01   07.60142000e-02
  08.09399000e+01   05.71755000e+01   03.12281000e+01   05.08730000e-03
  07.86169000e+01   05.61543000e+01   03.32792000e+01   06.92200000e-04
  08.22857000e+01   05.49312000e+01   03.45626000e+01   00.00000000e+00
  07.96390000e+01   05.85371000e+01   03.49905000e+01   07.64245000e-02
  08.03639000e+01   06.14378000e+01   04.05949000e+01  -04.66821000e-02
  07.47029000e+01   05.97585000e+01   04.21798000e+01   01.65461000e-02
  07.38418000e+01   05.73081000e+01   03.66266000e+01   05.49912000e-02
  08.17597000e+01   05.70632000e+01   03.34240000e+01   03.30200000e-04
  07.70455000e+01   05.48991000e+01   03.43601000e+01   04.02810000e-03
  08.32443000e+01   05.39360000e+01   03.45630000e+01   00.00000000e+00
  08.06197000e+01   05.92206000e+01   03.59468000e+01  -04.69336000e-02
  07.93170000e+01   06.16609000e+01   04.15441000e+01  -07.68710000e-03
  07.38086000e+01   05.88923000e+01   04.14710000e+01  -03.37389000e-02
  07.48521000e+01   05.73569000e+01   03.56742000e+01   03.64969000e-02
  08.29717000e+01   05.24898000e+01   03.42116000e+01   00.00000000e+00
  07.98360000e+01   05.95777000e+01   03.71547000e+01  -09.58259000e-02
  07.81885000e+01   06.08814000e+01   04.10083000e+01  -01.77941000e-01
  07.43886000e+01   05.87976000e+01   04.01859000e+01   06.74294000e-02
  07.59775000e+01   05.80071000e+01   03.62232000e+01   01.44326000e-01
  08.46451000e+01   05.42669000e+01   03.44819000e+01   00.00000000e+00
  08.51988000e+01   05.56231000e+01   03.51045000e+01   00.00000000e+00
  08.50082000e+01   05.54719000e+01   03.66494000e+01   00.00000000e+00
  08.50536000e+01   05.68407000e+01   03.73719000e+01   00.00000000e+00
  08.62330000e+01   05.78307000e+01   03.69299000e+01   00.00000000e+00
  08.49752000e+01   05.66516000e+01   03.89048000e+01   00.00000000e+00
  08.49794000e+01   05.78980000e+01   03.98048000e+01   00.00000000e+00
  08.47851000e+01   05.75425000e+01   04.12367000e+01   00.00000000e+00
  08.46542000e+01   05.88180000e+01   04.21692000e+01   00.00000000e+00
  08.58058000e+01   05.98684000e+01   04.19355000e+01   00.00000000e+00
  08.44608000e+01   05.84906000e+01   04.36086000e+01   00.00000000e+00
  08.33073000e+01   05.74829000e+01   04.40199000e+01   00.00000000e+00
  08.33100000e+01   05.71520000e+01   04.55323000e+01   00.00000000e+00
  08.44266000e+01   05.62897000e+01   04.61334000e+01   00.00000000e+00
  08.45313000e+01   05.65267000e+01   04.77059000e+01   00.00000000e+00
  08.44009000e+01   05.47007000e+01   04.58483000e+01   00.00000000e+00
  07.56262000e+01   05.93627000e+01   04.01165000e+01   03.65717000e-02
  07.70582000e+01   05.93484000e+01   03.85954000e+01  -06.37550000e-03
  07.20510000e+01   05.64557000e+01   03.74840000e+01   01.79582000e-02
  07.18281000e+01   05.74379000e+01   03.60430000e+01   01.23366000e-02
  07.25536000e+01   05.57789000e+01   03.59840000e+01   01.80857000e-02
  07.37458000e+01   05.98228000e+01   04.39953000e+01  -03.55350000e-03
  07.53825000e+01   05.96944000e+01   04.42078000e+01  -05.48890000e-03
  07.48348000e+01   06.12356000e+01   04.37037000e+01  -05.73590000e-03
  08.24305000e+01   06.13962000e+01   03.96979000e+01  -01.16015000e-02
  08.20461000e+01   06.28664000e+01   04.05923000e+01  -01.03548000e-02
  08.23457000e+01   06.15234000e+01   04.15592000e+01  -01.10806000e-02
  08.25358000e+01   05.80759000e+01   03.57195000e+01  -06.50300000e-03
  08.25574000e+01   05.92167000e+01   03.69912000e+01  -03.84930000e-03
  08.17587000e+01   05.76282000e+01   03.71628000e+01  -06.75510000e-03
  07.74496000e+01   05.28909000e+01   03.45523000e+01   06.96000000e-05
  07.76623000e+01   05.35542000e+01   03.28340000e+01  -02.56130000e-03
  07.88633000e+01   05.38951000e+01   03.42628000e+01  -08.86000000e-04
  07.28990000e+01   05.62622000e+01   04.25430000e+01   02.66600000e-04
  07.12076000e+01   05.66676000e+01   04.22692000e+01   02.07780000e-03
  07.23631000e+01   05.65858000e+01   04.08601000e+01   03.44650000e-03
  08.05449000e+01   06.26723000e+01   04.45839000e+01   02.98050000e-03
  08.10886000e+01   06.11212000e+01   04.37734000e+01  -05.01900000e-04
  08.05422000e+01   05.97332000e+01   03.18128000e+01  -05.40000000e-06
  08.16619000e+01   05.96848000e+01   03.31490000e+01  -02.73660000e-03
  07.24238000e+01   05.85673000e+01   04.30244000e+01   06.65000000e-04
  07.16077000e+01   05.88970000e+01   04.14740000e+01  -04.07950000e-03
  07.87069000e+01   05.88872000e+01   03.30600000e+01   01.58140000e-02
  07.93358000e+01   06.03044000e+01   03.37686000e+01   09.11190000e-03
  08.52373000e+01   05.41828000e+01   04.63359000e+01   00.00000000e+00
  08.35237000e+01   05.42711000e+01   04.61610000e+01   00.00000000e+00
  08.45438000e+01   05.45102000e+01   04.47880000e+01   00.00000000e+00
  08.52479000e+01   05.58917000e+01   04.82259000e+01   00.00000000e+00
  08.50373000e+01   05.75154000e+01   04.79823000e+01   00.00000000e+00
  08.35147000e+01   05.64019000e+01   04.81498000e+01   00.00000000e+00
  08.34084000e+01   05.80484000e+01   04.60742000e+01   00.00000000e+00
  08.23526000e+01   05.67183000e+01   04.58440000e+01   00.00000000e+00
  08.23483000e+01   05.79004000e+01   04.37204000e+01   00.00000000e+00
  08.34900000e+01   05.64251000e+01   04.35743000e+01   00.00000000e+00
  08.53537000e+01   05.79127000e+01   04.38966000e+01   00.00000000e+00
  08.43942000e+01   05.94863000e+01   04.40487000e+01   00.00000000e+00
  08.60914000e+01   06.00307000e+01   04.09083000e+01   00.00000000e+00
  08.55950000e+01   06.08390000e+01   04.24277000e+01   00.00000000e+00
  08.66579000e+01   05.94675000e+01   04.23191000e+01   00.00000000e+00
  08.39750000e+01   05.67897000e+01   04.13846000e+01   00.00000000e+00
  08.56809000e+01   05.70023000e+01   04.15415000e+01   00.00000000e+00
  08.60339000e+01   05.81732000e+01   03.97050000e+01   00.00000000e+00
  08.42813000e+01   05.86444000e+01   03.94414000e+01   00.00000000e+00
  08.39858000e+01   05.62371000e+01   03.91592000e+01   00.00000000e+00
  08.57623000e+01   05.59659000e+01   03.92586000e+01   00.00000000e+00
  07.27758000e+01   05.76920000e+01   03.91265000e+01   07.20400000e-04
  07.68467000e+01   06.12846000e+01   04.26458000e+01  -02.39543000e-02
  08.14289000e+01   06.04668000e+01   03.80536000e+01   04.89340000e-03
  07.68125000e+01   05.79555000e+01   03.32611000e+01  -02.28199000e-02
  07.88908000e+01   06.33959000e+01   04.29396000e+01  -01.51750000e-03
  08.59625000e+01   05.87773000e+01   03.74362000e+01   00.00000000e+00
  08.72397000e+01   05.75306000e+01   03.73180000e+01   00.00000000e+00
  08.62899000e+01   05.82011000e+01   03.59114000e+01   00.00000000e+00
  08.41048000e+01   05.73338000e+01   03.71021000e+01   00.00000000e+00
  08.39609000e+01   05.52076000e+01   03.68765000e+01   00.00000000e+00
  08.56689000e+01   05.46792000e+01   03.70907000e+01   00.00000000e+00
  08.62629000e+01   05.57459000e+01   03.48884000e+01   00.00000000e+00
  08.46821000e+01   05.64948000e+01   03.46680000e+01   00.00000000e+00
  08.51753000e+01   05.34584000e+01   03.48944000e+01   00.00000000e+00
  08.50007000e+01   05.43262000e+01   03.34488000e+01   00.00000000e+00
  08.34078000e+01   05.18507000e+01   03.49019000e+01   00.00000000e+00
  08.18951000e+01   05.22634000e+01   03.42795000e+01   00.00000000e+00
  08.32693000e+01   05.23344000e+01   03.31768000e+01   00.00000000e+00
  08.09425000e+01   06.01633000e+01   03.54705000e+01   05.57290000e-03
  07.98504000e+01   05.74785000e+01   03.49870000e+01  -01.28866000e-02
  08.17399000e+01   05.51936000e+01   03.54799000e+01   00.00000000e+00
  08.53516000e+01   05.66932000e+01   04.57923000e+01   00.00000000e+00
  08.37063000e+01   05.93488000e+01   04.18270000e+01   00.00000000e+00
  08.09666000e+01   05.51909000e+01   03.28540000e+01  -01.99830000e-03
  08.27594000e+01   05.54568000e+01   03.24531000e+01  -01.85290000e-03
