  07.95437000e+01   05.74171000e+01   03.48042000e+01  -06.11779000e-02
  07.94323000e+01   06.16055000e+01   04.33853000e+01   01.75852000e-02
  07.25994000e+01   05.74198000e+01   04.29789000e+01   01.01800000e-02
  07.52218000e+01   05.48906000e+01   03.59032000e+01  -01.32723000e-02
  07.86233000e+01   05.78272000e+01   03.79994000e+01  -04.57645000e-02
  08.07837000e+01   05.71926000e+01   03.39073000e+01   02.46758000e-02
  08.06034000e+01   06.17073000e+01   04.40610000e+01  -01.71993000e-02
  07.28339000e+01   05.58996000e+01   04.30451000e+01  -09.39340000e-03
  07.67748000e+01   05.52222000e+01   03.56801000e+01   07.66074000e-02
  07.84044000e+01   05.94857000e+01   04.04663000e+01   09.44338000e-02
  07.45490000e+01   05.41775000e+01   03.51633000e+01   01.54319000e-02
  08.11043000e+01   05.57238000e+01   03.34607000e+01  -01.56515000e-02
  07.76924000e+01   05.40812000e+01   03.58393000e+01  -02.00050000e-02
  07.56318000e+01   05.71903000e+01   03.85576000e+01  -08.09918000e-02
  07.85002000e+01   05.23603000e+01   03.72229000e+01   04.03650000e-03
  07.71314000e+01   05.63350000e+01   03.67844000e+01  -01.43447000e-01
  08.03200000e+01   05.91884000e+01   03.90086000e+01   01.23287000e-02
  07.69702000e+01   05.99812000e+01   04.24412000e+01   02.21683000e-01
  07.36875000e+01   05.73007000e+01   04.00257000e+01  -05.42921000e-02
  08.17720000e+01   05.66392000e+01   03.77521000e+01   02.66866000e-02
  08.16780000e+01   06.10816000e+01   04.09989000e+01   04.35609000e-02
  07.46197000e+01   05.94914000e+01   04.46198000e+01   02.36507000e-02
  07.23601000e+01   05.54376000e+01   03.78424000e+01  -06.09964000e-02
  08.19140000e+01   05.36420000e+01   03.41917000e+01   08.71130000e-03
  07.84122000e+01   05.69330000e+01   03.70049000e+01   01.26858000e-01
  07.97073000e+01   05.97242000e+01   04.01851000e+01  -03.45042000e-02
  07.58158000e+01   05.92178000e+01   04.22373000e+01  -02.04376000e-01
  07.43067000e+01   05.68181000e+01   03.89080000e+01   07.60142000e-02
  08.08949000e+01   05.52037000e+01   03.23530000e+01   05.08730000e-03
  07.85151000e+01   05.36865000e+01   03.49673000e+01   06.92200000e-04
  08.24362000e+01   05.31495000e+01   03.55065000e+01   00.00000000e+00
  07.96918000e+01   05.67860000e+01   03.61747000e+01   07.64245000e-02
  08.02731000e+01   06.06488000e+01   04.11453000e+01  -04.66821000e-02
  07.47178000e+01   05.89170000e+01   04.32354000e+01   01.65461000e-02
  07.36951000e+01   05.59818000e+01   03.78971000e+01   05.49912000e-02
  08.17164000e+01   05.50802000e+01   03.44519000e+01   03.30200000e-04
  07.75213000e+01   05.34178000e+01   03.70176000e+01   04.02810000e-03
  08.37257000e+01   05.27828000e+01   03.57934000e+01   00.00000000e+00
  08.06734000e+01   05.75609000e+01   03.70691000e+01  -04.69336000e-02
  07.93640000e+01   06.08922000e+01   04.21230000e+01  -07.68710000e-03
  07.37925000e+01   05.81541000e+01   04.24412000e+01  -03.37389000e-02
  07.48262000e+01   05.57241000e+01   03.70595000e+01   03.64969000e-02
  08.42118000e+01   05.14452000e+01   03.55648000e+01   00.00000000e+00
  07.98153000e+01   05.83354000e+01   03.80394000e+01  -09.58259000e-02
  07.81733000e+01   06.01324000e+01   04.16702000e+01  -01.77941000e-01
  07.43114000e+01   05.80762000e+01   04.11038000e+01   06.74294000e-02
  07.59372000e+01   05.64372000e+01   03.74950000e+01   01.44326000e-01
  08.47421000e+01   05.38590000e+01   03.61429000e+01   00.00000000e+00
  08.50388000e+01   05.39526000e+01   03.76399000e+01   00.00000000e+00
  08.63114000e+01   05.48317000e+01   03.79775000e+01   00.00000000e+00
  08.63596000e+01   05.52556000e+01   03.94964000e+01   00.00000000e+00
  08.52813000e+01   05.62722000e+01   03.99089000e+01   00.00000000e+00
  08.78506000e+01   05.56271000e+01   03.98628000e+01   00.00000000e+00
  08.82114000e+01   05.62066000e+01   04.12722000e+01   00.00000000e+00
  08.78255000e+01   05.53051000e+01   04.24303000e+01   00.00000000e+00
  08.84299000e+01   05.56147000e+01   04.37606000e+01   00.00000000e+00
  08.84586000e+01   05.45645000e+01   04.48638000e+01   00.00000000e+00
  08.78425000e+01   05.69353000e+01   04.43345000e+01   00.00000000e+00
  08.62880000e+01   05.70045000e+01   04.46186000e+01   00.00000000e+00
  08.58264000e+01   05.83418000e+01   04.53142000e+01   00.00000000e+00
  08.43105000e+01   05.85965000e+01   04.55021000e+01   00.00000000e+00
  08.38792000e+01   05.93960000e+01   04.66944000e+01   00.00000000e+00
  08.37835000e+01   05.92027000e+01   04.41831000e+01   00.00000000e+00
  07.55384000e+01   05.86019000e+01   04.10225000e+01   03.65717000e-02
  07.70224000e+01   05.84728000e+01   03.93994000e+01  -06.37550000e-03
  07.16511000e+01   05.62226000e+01   03.76096000e+01   01.79582000e-02
  07.24632000e+01   05.47065000e+01   03.70647000e+01   01.23366000e-02
  07.22573000e+01   05.49825000e+01   03.88406000e+01   01.80857000e-02
  07.44868000e+01   05.87117000e+01   04.53103000e+01  -03.55350000e-03
  07.55195000e+01   06.00973000e+01   04.49529000e+01  -05.48890000e-03
  07.38029000e+01   06.02220000e+01   04.46763000e+01  -05.73590000e-03
  08.22834000e+01   06.02325000e+01   04.13404000e+01  -01.16015000e-02
  08.18802000e+01   06.13235000e+01   03.99586000e+01  -01.03548000e-02
  08.18425000e+01   06.19862000e+01   04.15608000e+01  -01.10806000e-02
  08.13509000e+01   05.57052000e+01   03.81559000e+01  -06.50300000e-03
  08.24995000e+01   05.64586000e+01   03.69518000e+01  -03.84930000e-03
  08.22091000e+01   05.71377000e+01   03.86385000e+01  -06.75510000e-03
  07.83983000e+01   05.19516000e+01   03.83036000e+01   06.96000000e-05
  07.82672000e+01   05.14378000e+01   03.66197000e+01  -02.56130000e-03
  07.96145000e+01   05.27095000e+01   03.70897000e+01  -08.86000000e-04
  07.32098000e+01   05.55092000e+01   04.21596000e+01   02.66600000e-04
  07.35935000e+01   05.56364000e+01   04.37591000e+01   02.07780000e-03
  07.19413000e+01   05.53848000e+01   04.32356000e+01   03.44650000e-03
  08.06529000e+01   06.23273000e+01   04.49507000e+01   02.98050000e-03
  08.15537000e+01   06.11950000e+01   04.37882000e+01  -05.01900000e-04
  08.05040000e+01   05.77151000e+01   03.30128000e+01  -05.40000000e-06
  08.16012000e+01   05.76726000e+01   03.43555000e+01  -02.73660000e-03
  07.25042000e+01   05.76606000e+01   04.40657000e+01   06.65000000e-04
  07.17487000e+01   05.76676000e+01   04.23845000e+01  -04.07950000e-03
  07.87092000e+01   05.70956000e+01   03.42455000e+01   01.58140000e-02
  07.94761000e+01   05.84685000e+01   03.49558000e+01   09.11190000e-03
  08.42339000e+01   06.01601000e+01   04.38197000e+01   00.00000000e+00
  08.39929000e+01   05.84553000e+01   04.34315000e+01   00.00000000e+00
  08.27034000e+01   05.92604000e+01   04.41905000e+01   00.00000000e+00
  08.44520000e+01   06.03153000e+01   04.69032000e+01   00.00000000e+00
  08.28408000e+01   05.96224000e+01   04.65001000e+01   00.00000000e+00
  08.41166000e+01   05.89156000e+01   04.76575000e+01   00.00000000e+00
  08.61366000e+01   05.83526000e+01   04.63503000e+01   00.00000000e+00
  08.63877000e+01   05.91938000e+01   04.47813000e+01   00.00000000e+00
  08.58085000e+01   05.70779000e+01   04.36874000e+01   00.00000000e+00
  08.59208000e+01   05.61581000e+01   04.52099000e+01   00.00000000e+00
  08.84111000e+01   05.72239000e+01   04.52275000e+01   00.00000000e+00
  08.80770000e+01   05.78136000e+01   04.37228000e+01   00.00000000e+00
  08.90817000e+01   05.36879000e+01   04.47446000e+01   00.00000000e+00
  08.89443000e+01   05.50391000e+01   04.56905000e+01   00.00000000e+00
  08.74277000e+01   05.42682000e+01   04.51536000e+01   00.00000000e+00
  08.67464000e+01   05.53809000e+01   04.24792000e+01   00.00000000e+00
  08.80244000e+01   05.42371000e+01   04.21769000e+01   00.00000000e+00
  08.92911000e+01   05.64521000e+01   04.12857000e+01   00.00000000e+00
  08.76268000e+01   05.70976000e+01   04.14599000e+01   00.00000000e+00
  08.83883000e+01   05.46791000e+01   03.97123000e+01   00.00000000e+00
  08.83251000e+01   05.63541000e+01   03.91860000e+01   00.00000000e+00
  07.26987000e+01   05.69598000e+01   04.01950000e+01   07.20400000e-04
  07.69393000e+01   06.05170000e+01   04.33819000e+01  -02.39543000e-02
  08.13878000e+01   05.93701000e+01   03.87975000e+01   04.89340000e-03
  07.68707000e+01   05.55894000e+01   03.46124000e+01  -02.28199000e-02
  07.85434000e+01   06.20462000e+01   04.39170000e+01  -01.51750000e-03
  08.43180000e+01   05.56983000e+01   03.98110000e+01   00.00000000e+00
  08.53928000e+01   05.67207000e+01   04.09424000e+01   00.00000000e+00
  08.53106000e+01   05.71430000e+01   03.92675000e+01   00.00000000e+00
  08.62427000e+01   05.44115000e+01   04.01343000e+01   00.00000000e+00
  08.72118000e+01   05.44105000e+01   03.76102000e+01   00.00000000e+00
  08.60977000e+01   05.57794000e+01   03.74320000e+01   00.00000000e+00
  08.40675000e+01   05.43568000e+01   03.79887000e+01   00.00000000e+00
  08.52003000e+01   05.29770000e+01   03.81116000e+01   00.00000000e+00
  08.56484000e+01   05.36516000e+01   03.55366000e+01   00.00000000e+00
  08.43340000e+01   05.48509000e+01   03.59114000e+01   00.00000000e+00
  08.33612000e+01   05.08109000e+01   03.53857000e+01   00.00000000e+00
  08.46478000e+01   05.14043000e+01   03.45060000e+01   00.00000000e+00
  08.47379000e+01   05.10589000e+01   03.64046000e+01   00.00000000e+00
  08.13056000e+01   05.82747000e+01   03.65194000e+01   05.57290000e-03
  07.98741000e+01   05.56939000e+01   03.61098000e+01  -01.28866000e-02
  08.18245000e+01   05.32628000e+01   03.63909000e+01   00.00000000e+00
  08.38187000e+01   05.76778000e+01   04.56009000e+01   00.00000000e+00
  08.95314000e+01   05.57474000e+01   04.35913000e+01   00.00000000e+00
  08.09168000e+01   05.31652000e+01   03.39804000e+01  -01.99830000e-03
  08.25397000e+01   05.35687000e+01   03.33439000e+01  -01.85290000e-03
