  07.97568000e+01   05.76973000e+01   03.42395000e+01  -06.11779000e-02
  07.97858000e+01   06.18895000e+01   04.28562000e+01   01.75852000e-02
  07.27837000e+01   05.80681000e+01   04.27579000e+01   01.01800000e-02
  07.54276000e+01   05.54076000e+01   03.54453000e+01  -01.32723000e-02
  07.86889000e+01   05.80590000e+01   03.76104000e+01  -04.57645000e-02
  08.11108000e+01   05.76565000e+01   03.33817000e+01   02.46758000e-02
  08.09683000e+01   06.19833000e+01   04.34622000e+01  -01.71993000e-02
  07.27867000e+01   05.65378000e+01   04.29226000e+01  -09.39340000e-03
  07.69336000e+01   05.58356000e+01   03.51366000e+01   07.66074000e-02
  07.86332000e+01   05.98169000e+01   04.01814000e+01   09.44338000e-02
  07.46754000e+01   05.47317000e+01   03.47009000e+01   01.54319000e-02
  08.15525000e+01   05.62290000e+01   03.31670000e+01  -01.56515000e-02
  07.77958000e+01   05.45925000e+01   03.50675000e+01  -02.00050000e-02
  07.58985000e+01   05.74560000e+01   03.82208000e+01  -08.09918000e-02
  07.85338000e+01   05.26663000e+01   03.63518000e+01   04.03650000e-03
  07.72738000e+01   05.67089000e+01   03.62770000e+01  -01.43447000e-01
  08.05122000e+01   05.93755000e+01   03.86179000e+01   01.23287000e-02
  07.73150000e+01   06.01989000e+01   04.22080000e+01   02.21683000e-01
  07.40643000e+01   05.75245000e+01   03.99018000e+01  -05.42921000e-02
  08.18404000e+01   05.67561000e+01   03.74165000e+01   02.66866000e-02
  08.20078000e+01   06.12350000e+01   04.04907000e+01   04.35609000e-02
  07.49426000e+01   05.98618000e+01   04.43225000e+01   02.36507000e-02
  07.26237000e+01   05.56082000e+01   03.76107000e+01  -06.09964000e-02
  08.26708000e+01   05.44167000e+01   03.40391000e+01   08.71130000e-03
  07.85216000e+01   05.72573000e+01   03.65451000e+01   01.26858000e-01
  07.99245000e+01   05.99442000e+01   03.97864000e+01  -03.45042000e-02
  07.61077000e+01   05.95724000e+01   04.20134000e+01  -02.04376000e-01
  07.46428000e+01   05.70665000e+01   03.86382000e+01   07.60142000e-02
  08.14207000e+01   05.56137000e+01   03.21143000e+01   05.08730000e-03
  07.84327000e+01   05.42393000e+01   03.40454000e+01   06.92200000e-04
  08.32262000e+01   05.38171000e+01   03.53268000e+01   00.00000000e+00
  07.98195000e+01   05.70794000e+01   03.56838000e+01   07.64245000e-02
  08.05959000e+01   06.08086000e+01   04.07052000e+01  -04.66821000e-02
  07.50431000e+01   05.93405000e+01   04.29146000e+01   01.65461000e-02
  07.40558000e+01   05.61781000e+01   03.76462000e+01   05.49912000e-02
  08.21519000e+01   05.57737000e+01   03.42577000e+01   03.30200000e-04
  07.76507000e+01   05.38706000e+01   03.62480000e+01   04.02810000e-03
  08.43424000e+01   05.31640000e+01   03.55283000e+01   00.00000000e+00
  08.08837000e+01   05.77887000e+01   03.66143000e+01  -04.69336000e-02
  07.96370000e+01   06.10977000e+01   04.16831000e+01  -07.68710000e-03
  07.40980000e+01   05.86416000e+01   04.22470000e+01  -03.37389000e-02
  07.50662000e+01   05.60555000e+01   03.67060000e+01   03.64969000e-02
  08.45105000e+01   05.16603000e+01   03.54365000e+01   00.00000000e+00
  08.00121000e+01   05.85045000e+01   03.76526000e+01  -09.58259000e-02
  07.84488000e+01   06.03567000e+01   04.13839000e+01  -01.77941000e-01
  07.47117000e+01   05.83243000e+01   04.09286000e+01   06.74294000e-02
  07.61226000e+01   05.68433000e+01   03.70756000e+01   01.44326000e-01
  08.56635000e+01   05.39787000e+01   03.56734000e+01   00.00000000e+00
  08.60787000e+01   05.43426000e+01   03.71496000e+01   00.00000000e+00
  08.74252000e+01   05.49988000e+01   03.73522000e+01   00.00000000e+00
  08.79524000e+01   05.52423000e+01   03.87969000e+01   00.00000000e+00
  08.72941000e+01   05.65275000e+01   03.93142000e+01   00.00000000e+00
  08.95296000e+01   05.51445000e+01   03.89385000e+01   00.00000000e+00
  09.01567000e+01   05.55049000e+01   04.02946000e+01   00.00000000e+00
  08.97069000e+01   05.45879000e+01   04.14307000e+01   00.00000000e+00
  09.02252000e+01   05.48475000e+01   04.28489000e+01   00.00000000e+00
  08.96423000e+01   05.38271000e+01   04.38979000e+01   00.00000000e+00
  09.00491000e+01   05.63667000e+01   04.33690000e+01   00.00000000e+00
  08.86518000e+01   05.67922000e+01   04.37645000e+01   00.00000000e+00
  08.84546000e+01   05.83300000e+01   04.39151000e+01   00.00000000e+00
  08.69865000e+01   05.88295000e+01   04.41989000e+01   00.00000000e+00
  08.59265000e+01   05.84235000e+01   04.30674000e+01   00.00000000e+00
  08.64538000e+01   05.83728000e+01   04.56161000e+01   00.00000000e+00
  07.58913000e+01   05.89188000e+01   04.08313000e+01   03.65717000e-02
  07.72096000e+01   05.86111000e+01   03.91971000e+01  -06.37550000e-03
  07.20018000e+01   05.63674000e+01   03.71744000e+01   01.79582000e-02
  07.24854000e+01   05.46001000e+01   03.72242000e+01   01.23366000e-02
  07.22921000e+01   05.54530000e+01   03.86530000e+01   01.80857000e-02
  07.39323000e+01   05.98718000e+01   04.47104000e+01  -03.55350000e-03
  07.55207000e+01   05.92655000e+01   04.49989000e+01  -05.48890000e-03
  07.53957000e+01   06.08316000e+01   04.43587000e+01  -05.73590000e-03
  08.21410000e+01   06.14329000e+01   03.94416000e+01  -01.16015000e-02
  08.22309000e+01   06.21447000e+01   04.10101000e+01  -01.03548000e-02
  08.26224000e+01   06.03535000e+01   04.06574000e+01  -01.10806000e-02
  08.12161000e+01   05.60037000e+01   03.78759000e+01  -06.50300000e-03
  08.25998000e+01   05.62454000e+01   03.67445000e+01  -03.84930000e-03
  08.23691000e+01   05.73434000e+01   03.81737000e+01  -06.75510000e-03
  07.94441000e+01   05.28353000e+01   03.58476000e+01   06.96000000e-05
  07.87431000e+01   05.25041000e+01   03.73869000e+01  -02.56130000e-03
  07.80663000e+01   05.17950000e+01   03.58772000e+01  -08.86000000e-04
  07.17652000e+01   05.63036000e+01   04.32178000e+01   02.66600000e-04
  07.30368000e+01   05.59961000e+01   04.20492000e+01   02.07780000e-03
  07.35063000e+01   05.62872000e+01   04.36687000e+01   03.44650000e-03
  08.11857000e+01   06.24880000e+01   04.44151000e+01   02.98050000e-03
  08.18483000e+01   06.13233000e+01   04.31714000e+01  -05.01900000e-04
  08.09253000e+01   05.81666000e+01   03.24278000e+01  -05.40000000e-06
  08.19699000e+01   05.80755000e+01   03.38168000e+01  -02.73660000e-03
  07.24774000e+01   05.85677000e+01   04.36151000e+01   06.65000000e-04
  07.19941000e+01   05.84014000e+01   04.20191000e+01  -04.07950000e-03
  07.90465000e+01   05.71493000e+01   03.35968000e+01   01.58140000e-02
  07.93787000e+01   05.87099000e+01   03.43035000e+01   09.11190000e-03
  08.60415000e+01   05.73456000e+01   04.56169000e+01   00.00000000e+00
  08.71581000e+01   05.85564000e+01   04.63875000e+01   00.00000000e+00
  08.56736000e+01   05.90249000e+01   04.59297000e+01   00.00000000e+00
  08.50932000e+01   05.90713000e+01   04.31922000e+01   00.00000000e+00
  08.62803000e+01   05.85326000e+01   04.20356000e+01   00.00000000e+00
  08.55797000e+01   05.74119000e+01   04.32240000e+01   00.00000000e+00
  08.91045000e+01   05.84464000e+01   04.48068000e+01   00.00000000e+00
  08.88957000e+01   05.90003000e+01   04.31774000e+01   00.00000000e+00
  08.80566000e+01   05.66055000e+01   04.29122000e+01   00.00000000e+00
  08.83267000e+01   05.63383000e+01   04.46168000e+01   00.00000000e+00
  09.07103000e+01   05.65820000e+01   04.41573000e+01   00.00000000e+00
  09.04474000e+01   05.70870000e+01   04.25929000e+01   00.00000000e+00
  09.01204000e+01   05.28200000e+01   04.38728000e+01   00.00000000e+00
  08.98175000e+01   05.41930000e+01   04.48766000e+01   00.00000000e+00
  08.85726000e+01   05.36416000e+01   04.37019000e+01   00.00000000e+00
  08.87297000e+01   05.44124000e+01   04.15705000e+01   00.00000000e+00
  09.00249000e+01   05.36395000e+01   04.10137000e+01   00.00000000e+00
  09.12082000e+01   05.53814000e+01   04.00467000e+01   00.00000000e+00
  08.99507000e+01   05.65528000e+01   04.05863000e+01   00.00000000e+00
  08.96892000e+01   05.40548000e+01   03.87708000e+01   00.00000000e+00
  08.99921000e+01   05.56923000e+01   03.81495000e+01   00.00000000e+00
  07.30716000e+01   05.72115000e+01   04.01301000e+01   07.20400000e-04
  07.74901000e+01   06.06767000e+01   04.31961000e+01  -02.39543000e-02
  08.15424000e+01   05.96598000e+01   03.84938000e+01   04.89340000e-03
  07.68775000e+01   05.63414000e+01   03.42338000e+01  -02.28199000e-02
  07.90323000e+01   06.24491000e+01   04.33954000e+01  -01.51750000e-03
  08.61531000e+01   05.63703000e+01   03.93025000e+01   00.00000000e+00
  08.74771000e+01   05.65735000e+01   04.03957000e+01   00.00000000e+00
  08.76280000e+01   05.75155000e+01   03.89449000e+01   00.00000000e+00
  08.74656000e+01   05.44205000e+01   03.93704000e+01   00.00000000e+00
  08.81937000e+01   05.44358000e+01   03.68190000e+01   00.00000000e+00
  08.73379000e+01   05.59662000e+01   03.67898000e+01   00.00000000e+00
  08.54130000e+01   05.51032000e+01   03.75020000e+01   00.00000000e+00
  08.60543000e+01   05.34844000e+01   03.76843000e+01   00.00000000e+00
  08.64118000e+01   05.35760000e+01   03.50514000e+01   00.00000000e+00
  08.54191000e+01   05.49575000e+01   03.52704000e+01   00.00000000e+00
  08.47980000e+01   05.14718000e+01   03.64747000e+01   00.00000000e+00
  08.35415000e+01   05.12155000e+01   03.52095000e+01   00.00000000e+00
  08.52601000e+01   05.13789000e+01   03.47160000e+01   00.00000000e+00
  08.13144000e+01   05.85693000e+01   03.60101000e+01   05.57290000e-03
  08.00321000e+01   05.60055000e+01   03.56161000e+01  -01.28866000e-02
  08.25417000e+01   05.38078000e+01   03.61849000e+01   00.00000000e+00
  08.69861000e+01   05.99343000e+01   04.42209000e+01   00.00000000e+00
  09.13287000e+01   05.47284000e+01   04.28154000e+01   00.00000000e+00
  08.19404000e+01   05.37179000e+01   03.37557000e+01  -01.99830000e-03
  08.34987000e+01   05.45398000e+01   03.33377000e+01  -01.85290000e-03
