  08.01251000e+01   05.85078000e+01   03.48555000e+01  -06.11779000e-02
  07.97718000e+01   06.25397000e+01   04.37767000e+01   01.75852000e-02
  07.30059000e+01   05.84416000e+01   04.30918000e+01   01.01800000e-02
  07.59892000e+01   05.59548000e+01   03.61140000e+01  -01.32723000e-02
  07.90257000e+01   05.90877000e+01   03.81319000e+01  -04.57645000e-02
  08.13955000e+01   05.80688000e+01   03.40644000e+01   02.46758000e-02
  08.07032000e+01   06.22434000e+01   04.46666000e+01  -01.71993000e-02
  07.32498000e+01   05.69256000e+01   04.33645000e+01  -09.39340000e-03
  07.74486000e+01   05.64891000e+01   03.57837000e+01   07.66074000e-02
  07.87877000e+01   06.06173000e+01   04.07031000e+01   09.44338000e-02
  07.53720000e+01   05.51021000e+01   03.54953000e+01   01.54319000e-02
  08.17542000e+01   05.66254000e+01   03.37958000e+01  -01.56515000e-02
  07.84169000e+01   05.53636000e+01   03.57223000e+01  -02.00050000e-02
  07.61874000e+01   05.81632000e+01   03.87797000e+01  -08.09918000e-02
  07.97903000e+01   05.38986000e+01   03.69934000e+01   04.03650000e-03
  07.77635000e+01   05.74572000e+01   03.68951000e+01  -01.43447000e-01
  08.07504000e+01   06.04889000e+01   03.91573000e+01   01.23287000e-02
  07.73197000e+01   06.09940000e+01   04.25873000e+01   02.21683000e-01
  07.42451000e+01   05.80785000e+01   04.02018000e+01  -05.42921000e-02
  08.22926000e+01   05.82021000e+01   03.77816000e+01   02.66866000e-02
  08.21313000e+01   06.22477000e+01   04.14338000e+01   04.35609000e-02
  07.51094000e+01   06.04527000e+01   04.46729000e+01   02.36507000e-02
  07.30225000e+01   05.60528000e+01   03.82430000e+01  -06.09964000e-02
  08.28393000e+01   05.47511000e+01   03.48153000e+01   08.71130000e-03
  07.88979000e+01   05.81601000e+01   03.71292000e+01   01.26858000e-01
  08.01472000e+01   06.09167000e+01   04.03713000e+01  -03.45042000e-02
  07.61878000e+01   06.02991000e+01   04.22527000e+01  -02.04376000e-01
  07.48946000e+01   05.77689000e+01   03.90498000e+01   07.60142000e-02
  08.14750000e+01   05.59670000e+01   03.27615000e+01   05.08730000e-03
  07.87186000e+01   05.47640000e+01   03.46621000e+01   06.92200000e-04
  08.37233000e+01   05.44461000e+01   03.59847000e+01   00.00000000e+00
  08.01790000e+01   05.81064000e+01   03.63391000e+01   07.64245000e-02
  08.07300000e+01   06.17190000e+01   04.14325000e+01  -04.66821000e-02
  07.51165000e+01   06.00260000e+01   04.31991000e+01   01.65461000e-02
  07.44137000e+01   05.67675000e+01   03.81298000e+01   05.49912000e-02
  08.24748000e+01   05.61423000e+01   03.48390000e+01   03.30200000e-04
  07.88064000e+01   05.49944000e+01   03.69109000e+01   04.02810000e-03
  08.50353000e+01   05.43919000e+01   03.58581000e+01   00.00000000e+00
  08.11603000e+01   05.90276000e+01   03.70917000e+01  -04.69336000e-02
  07.97267000e+01   06.18909000e+01   04.24486000e+01  -07.68710000e-03
  07.42718000e+01   05.91114000e+01   04.24865000e+01  -03.37389000e-02
  07.55226000e+01   05.66780000e+01   03.72621000e+01   03.64969000e-02
  08.56605000e+01   05.31163000e+01   03.53712000e+01   00.00000000e+00
  08.02620000e+01   05.96092000e+01   03.81997000e+01  -09.58259000e-02
  07.85839000e+01   06.11141000e+01   04.19590000e+01  -01.77941000e-01
  07.47411000e+01   05.89512000e+01   04.11647000e+01   06.74294000e-02
  07.65914000e+01   05.75064000e+01   03.77175000e+01   01.44326000e-01
  08.59332000e+01   05.55503000e+01   03.60137000e+01   00.00000000e+00
  08.63768000e+01   05.56792000e+01   03.74719000e+01   00.00000000e+00
  08.69409000e+01   05.70824000e+01   03.77140000e+01   00.00000000e+00
  08.78217000e+01   05.73543000e+01   03.89327000e+01   00.00000000e+00
  08.91342000e+01   05.63743000e+01   03.88709000e+01   00.00000000e+00
  08.70881000e+01   05.73082000e+01   04.03623000e+01   00.00000000e+00
  08.78879000e+01   05.80469000e+01   04.14494000e+01   00.00000000e+00
  08.74551000e+01   05.75026000e+01   04.27704000e+01   00.00000000e+00
  08.80030000e+01   05.83541000e+01   04.39196000e+01   00.00000000e+00
  08.95153000e+01   05.84355000e+01   04.39615000e+01   00.00000000e+00
  08.75205000e+01   05.80614000e+01   04.53698000e+01   00.00000000e+00
  08.72801000e+01   05.93394000e+01   04.62631000e+01   00.00000000e+00
  08.58817000e+01   06.00471000e+01   04.61638000e+01   00.00000000e+00
  08.46989000e+01   05.94158000e+01   04.69904000e+01   00.00000000e+00
  08.50236000e+01   05.95576000e+01   04.85323000e+01   00.00000000e+00
  08.34203000e+01   06.01926000e+01   04.65948000e+01   00.00000000e+00
  07.59415000e+01   05.96863000e+01   04.10575000e+01   03.65717000e-02
  07.74439000e+01   05.95317000e+01   03.96708000e+01  -06.37550000e-03
  07.22272000e+01   05.68583000e+01   03.82959000e+01   01.79582000e-02
  07.28900000e+01   05.54642000e+01   03.73335000e+01   01.23366000e-02
  07.28983000e+01   05.53232000e+01   03.90028000e+01   01.80857000e-02
  07.42533000e+01   06.01547000e+01   04.52612000e+01  -03.55350000e-03
  07.59266000e+01   06.00268000e+01   04.52862000e+01  -05.48890000e-03
  07.52048000e+01   06.15461000e+01   04.47083000e+01  -05.73590000e-03
  08.24126000e+01   06.24635000e+01   04.04358000e+01  -01.16015000e-02
  08.21480000e+01   06.31854000e+01   04.19572000e+01  -01.03548000e-02
  08.29187000e+01   06.15443000e+01   04.18689000e+01  -01.10806000e-02
  08.17877000e+01   05.74695000e+01   03.84552000e+01  -06.50300000e-03
  08.29373000e+01   05.78374000e+01   03.69837000e+01  -03.84930000e-03
  08.28396000e+01   05.88744000e+01   03.83866000e+01  -06.75510000e-03
  08.07796000e+01   05.43096000e+01   03.72255000e+01   06.96000000e-05
  07.94771000e+01   05.32294000e+01   03.77688000e+01  -02.56130000e-03
  08.00111000e+01   05.33648000e+01   03.60953000e+01  -08.86000000e-04
  07.36629000e+01   05.65847000e+01   04.23484000e+01   02.66600000e-04
  07.40501000e+01   05.68329000e+01   04.41463000e+01   02.07780000e-03
  07.22683000e+01   05.65115000e+01   04.36472000e+01   03.44650000e-03
  08.07886000e+01   06.27171000e+01   04.56286000e+01   02.98050000e-03
  08.15173000e+01   06.16218000e+01   04.43423000e+01  -05.01900000e-04
  08.14121000e+01   05.85642000e+01   03.30512000e+01  -05.40000000e-06
  08.22896000e+01   05.84214000e+01   03.45274000e+01  -02.73660000e-03
  07.26823000e+01   05.89809000e+01   04.39515000e+01   06.65000000e-04
  07.21205000e+01   05.86016000e+01   04.24556000e+01  -04.07950000e-03
  07.93875000e+01   05.78682000e+01   03.46539000e+01   01.58140000e-02
  07.98827000e+01   05.95013000e+01   03.46055000e+01   09.11190000e-03
  08.35504000e+01   06.12670000e+01   04.67613000e+01   00.00000000e+00
  08.31261000e+01   06.01474000e+01   04.55358000e+01   00.00000000e+00
  08.26104000e+01   05.97644000e+01   04.71129000e+01   00.00000000e+00
  08.59064000e+01   05.89004000e+01   04.87621000e+01   00.00000000e+00
  08.52120000e+01   06.05843000e+01   04.87940000e+01   00.00000000e+00
  08.41405000e+01   05.91973000e+01   04.90838000e+01   00.00000000e+00
  08.60461000e+01   06.11044000e+01   04.64750000e+01   00.00000000e+00
  08.57057000e+01   06.00581000e+01   04.50786000e+01   00.00000000e+00
  08.74225000e+01   05.90752000e+01   04.73217000e+01   00.00000000e+00
  08.81116000e+01   05.99450000e+01   04.60004000e+01   00.00000000e+00
  08.65974000e+01   05.74578000e+01   04.54391000e+01   00.00000000e+00
  08.81772000e+01   05.73389000e+01   04.58848000e+01   00.00000000e+00
  08.98507000e+01   05.87777000e+01   04.48998000e+01   00.00000000e+00
  08.99792000e+01   05.74604000e+01   04.36825000e+01   00.00000000e+00
  08.98015000e+01   05.92290000e+01   04.32174000e+01   00.00000000e+00
  08.63525000e+01   05.73396000e+01   04.28566000e+01   00.00000000e+00
  08.78584000e+01   05.64628000e+01   04.28998000e+01   00.00000000e+00
  08.89295000e+01   05.79149000e+01   04.12514000e+01   00.00000000e+00
  08.77529000e+01   05.90965000e+01   04.14260000e+01   00.00000000e+00
  08.60410000e+01   05.76389000e+01   04.03527000e+01   00.00000000e+00
  08.71037000e+01   05.62358000e+01   04.06554000e+01   00.00000000e+00
  07.33561000e+01   05.74723000e+01   04.04525000e+01   07.20400000e-04
  07.73987000e+01   06.15493000e+01   04.34295000e+01  -02.39543000e-02
  08.17269000e+01   06.08249000e+01   03.88842000e+01   04.89340000e-03
  07.74742000e+01   05.69772000e+01   03.47897000e+01  -02.28199000e-02
  07.90476000e+01   06.32471000e+01   04.41159000e+01  -01.51750000e-03
  08.98874000e+01   05.68706000e+01   03.93541000e+01   00.00000000e+00
  08.89568000e+01   05.54368000e+01   03.94382000e+01   00.00000000e+00
  08.93378000e+01   05.61489000e+01   03.78067000e+01   00.00000000e+00
  08.81740000e+01   05.83483000e+01   03.87895000e+01   00.00000000e+00
  08.75413000e+01   05.71916000e+01   03.67946000e+01   00.00000000e+00
  08.60709000e+01   05.77556000e+01   03.76077000e+01   00.00000000e+00
  08.56801000e+01   05.54522000e+01   03.82447000e+01   00.00000000e+00
  08.72052000e+01   05.49901000e+01   03.76347000e+01   00.00000000e+00
  08.68110000e+01   05.54862000e+01   03.53344000e+01   00.00000000e+00
  08.52643000e+01   05.63166000e+01   03.58415000e+01   00.00000000e+00
  08.56847000e+01   05.30176000e+01   03.43183000e+01   00.00000000e+00
  08.66630000e+01   05.30590000e+01   03.57821000e+01   00.00000000e+00
  08.50812000e+01   05.22627000e+01   03.56028000e+01   00.00000000e+00
  08.16412000e+01   05.97582000e+01   03.64433000e+01   05.57290000e-03
  08.05523000e+01   05.71314000e+01   03.64472000e+01  -01.28866000e-02
  08.31890000e+01   05.40264000e+01   03.68873000e+01   00.00000000e+00
  08.46899000e+01   05.83873000e+01   04.66305000e+01   00.00000000e+00
  08.77021000e+01   05.93493000e+01   04.36871000e+01   00.00000000e+00
  08.19583000e+01   05.41469000e+01   03.48818000e+01  -01.99830000e-03
  08.33287000e+01   05.45519000e+01   03.38616000e+01  -01.85290000e-03
