  08.04287000e+01   05.96147000e+01   03.41478000e+01  -06.11779000e-02
  08.00960000e+01   06.28659000e+01   04.30556000e+01   01.75852000e-02
  07.32162000e+01   05.88297000e+01   04.23051000e+01   01.01800000e-02
  07.61030000e+01   05.68566000e+01   03.49820000e+01  -01.32723000e-02
  07.92190000e+01   05.96668000e+01   03.74488000e+01  -04.57645000e-02
  08.17289000e+01   05.95171000e+01   03.32516000e+01   02.46758000e-02
  08.13075000e+01   06.28631000e+01   04.36743000e+01  -01.71993000e-02
  07.32986000e+01   05.73735000e+01   04.25147000e+01  -09.39340000e-03
  07.75649000e+01   05.74553000e+01   03.47489000e+01   07.66074000e-02
  07.89659000e+01   06.11508000e+01   03.99272000e+01   09.44338000e-02
  07.55215000e+01   05.60657000e+01   03.42080000e+01   01.54319000e-02
  08.22219000e+01   05.81601000e+01   03.28593000e+01  -01.56515000e-02
  07.85323000e+01   05.64133000e+01   03.43713000e+01  -02.00050000e-02
  07.64591000e+01   05.88194000e+01   03.78857000e+01  -08.09918000e-02
  07.93067000e+01   05.42032000e+01   03.48051000e+01   04.03650000e-03
  07.78444000e+01   05.84106000e+01   03.58893000e+01  -01.43447000e-01
  08.09371000e+01   06.10600000e+01   03.84211000e+01   01.23287000e-02
  07.76548000e+01   06.11932000e+01   04.20034000e+01   02.21683000e-01
  07.44943000e+01   05.86661000e+01   03.93007000e+01  -05.42921000e-02
  08.27221000e+01   05.87738000e+01   03.69915000e+01   02.66866000e-02
  08.22196000e+01   06.29588000e+01   04.04962000e+01   04.35609000e-02
  07.54474000e+01   06.04032000e+01   04.40534000e+01   02.36507000e-02
  07.32466000e+01   05.70132000e+01   03.69120000e+01  -06.09964000e-02
  08.34413000e+01   05.62967000e+01   03.35604000e+01   08.71130000e-03
  07.90882000e+01   05.89533000e+01   03.62327000e+01   01.26858000e-01
  08.02966000e+01   06.14356000e+01   03.96134000e+01  -03.45042000e-02
  07.64976000e+01   06.05161000e+01   04.16214000e+01  -02.04376000e-01
  07.50747000e+01   05.84191000e+01   03.80891000e+01   07.60142000e-02
  08.18352000e+01   05.75424000e+01   03.18884000e+01   05.08730000e-03
  07.93930000e+01   05.65584000e+01   03.35006000e+01   06.92200000e-04
  08.43062000e+01   05.60298000e+01   03.47649000e+01   00.00000000e+00
  08.04792000e+01   05.88905000e+01   03.55312000e+01   07.64245000e-02
  08.08749000e+01   06.22139000e+01   04.06265000e+01  -04.66821000e-02
  07.53833000e+01   06.02079000e+01   04.25364000e+01   01.65461000e-02
  07.45788000e+01   05.76653000e+01   03.70068000e+01   05.49912000e-02
  08.30836000e+01   05.76280000e+01   03.37682000e+01   03.30200000e-04
  07.82429000e+01   05.51926000e+01   03.50592000e+01   04.02810000e-03
  08.49647000e+01   05.49348000e+01   03.51212000e+01   00.00000000e+00
  08.14769000e+01   05.96466000e+01   03.64856000e+01  -04.69336000e-02
  07.99592000e+01   06.22316000e+01   04.16960000e+01  -07.68710000e-03
  07.44865000e+01   05.94434000e+01   04.17712000e+01  -03.37389000e-02
  07.56621000e+01   05.75021000e+01   03.61984000e+01   03.64969000e-02
  08.42699000e+01   05.39126000e+01   03.58689000e+01   00.00000000e+00
  08.04743000e+01   06.01852000e+01   03.74770000e+01  -09.58259000e-02
  07.88014000e+01   06.14883000e+01   04.12410000e+01  -01.77941000e-01
  07.50358000e+01   05.93575000e+01   04.03980000e+01   06.74294000e-02
  07.67633000e+01   05.83315000e+01   03.66722000e+01   01.44326000e-01
  08.63930000e+01   05.46797000e+01   03.47758000e+01   00.00000000e+00
  08.73509000e+01   05.56863000e+01   03.54523000e+01   00.00000000e+00
  08.75861000e+01   05.53973000e+01   03.69318000e+01   00.00000000e+00
  08.85771000e+01   05.63923000e+01   03.76147000e+01   00.00000000e+00
  09.00258000e+01   05.60755000e+01   03.72345000e+01   00.00000000e+00
  08.83859000e+01   05.65512000e+01   03.91352000e+01   00.00000000e+00
  08.73756000e+01   05.75520000e+01   03.95804000e+01   00.00000000e+00
  08.73438000e+01   05.76557000e+01   04.10830000e+01   00.00000000e+00
  08.71014000e+01   05.89974000e+01   04.18342000e+01   00.00000000e+00
  08.83026000e+01   05.99563000e+01   04.14679000e+01   00.00000000e+00
  08.70273000e+01   05.87419000e+01   04.33891000e+01   00.00000000e+00
  08.58463000e+01   05.78947000e+01   04.39657000e+01   00.00000000e+00
  08.56635000e+01   05.78613000e+01   04.54915000e+01   00.00000000e+00
  08.54677000e+01   05.92483000e+01   04.61747000e+01   00.00000000e+00
  08.42981000e+01   06.01515000e+01   04.55250000e+01   00.00000000e+00
  08.52473000e+01   05.89671000e+01   04.76549000e+01   00.00000000e+00
  07.62940000e+01   05.99879000e+01   04.03836000e+01   03.65717000e-02
  07.76367000e+01   06.00444000e+01   03.88241000e+01  -06.37550000e-03
  07.24925000e+01   05.77224000e+01   03.70875000e+01   01.79582000e-02
  07.31124000e+01   05.65642000e+01   03.58806000e+01   01.23366000e-02
  07.31283000e+01   05.61907000e+01   03.76459000e+01   01.80857000e-02
  07.52501000e+01   06.14540000e+01   04.43029000e+01  -03.55350000e-03
  07.46392000e+01   05.98154000e+01   04.44894000e+01  -05.48890000e-03
  07.64578000e+01   06.01020000e+01   04.44849000e+01  -05.73590000e-03
  08.24137000e+01   06.33532000e+01   03.95049000e+01  -01.16015000e-02
  08.22525000e+01   06.37374000e+01   04.12879000e+01  -01.03548000e-02
  08.29637000e+01   06.22754000e+01   04.09254000e+01  -01.10806000e-02
  08.24010000e+01   05.77540000e+01   03.72987000e+01  -06.50300000e-03
  08.33838000e+01   05.86527000e+01   03.61773000e+01  -03.84930000e-03
  08.32192000e+01   05.92337000e+01   03.78751000e+01  -06.75510000e-03
  07.92484000e+01   05.40171000e+01   03.37484000e+01   06.96000000e-05
  08.02821000e+01   05.45899000e+01   03.50028000e+01  -02.56130000e-03
  07.90668000e+01   05.32427000e+01   03.52274000e+01  -08.86000000e-04
  07.37495000e+01   05.67695000e+01   04.17021000e+01   02.66600000e-04
  07.38722000e+01   05.71096000e+01   04.33911000e+01   02.07780000e-03
  07.22993000e+01   05.70269000e+01   04.27249000e+01   03.44650000e-03
  08.15305000e+01   06.33596000e+01   04.46596000e+01   02.98050000e-03
  08.21761000e+01   06.24398000e+01   04.32200000e+01  -05.01900000e-04
  08.14319000e+01   05.99428000e+01   03.22766000e+01  -05.40000000e-06
  08.24514000e+01   06.00833000e+01   03.38728000e+01  -02.73660000e-03
  07.30129000e+01   05.93462000e+01   04.32383000e+01   06.65000000e-04
  07.23676000e+01   05.89436000e+01   04.16063000e+01  -04.07950000e-03
  07.95450000e+01   05.92497000e+01   03.36240000e+01   01.58140000e-02
  08.02318000e+01   06.06923000e+01   03.44183000e+01   09.11190000e-03
  08.43577000e+01   05.83797000e+01   04.77413000e+01   00.00000000e+00
  08.61056000e+01   05.84405000e+01   04.80616000e+01   00.00000000e+00
  08.51962000e+01   05.98658000e+01   04.82652000e+01   00.00000000e+00
  08.34877000e+01   05.95608000e+01   04.56364000e+01   00.00000000e+00
  08.41082000e+01   06.11188000e+01   04.60322000e+01   00.00000000e+00
  08.45158000e+01   06.03924000e+01   04.44736000e+01   00.00000000e+00
  08.48447000e+01   05.72769000e+01   04.57320000e+01   00.00000000e+00
  08.66659000e+01   05.74467000e+01   04.58919000e+01   00.00000000e+00
  08.48809000e+01   05.81415000e+01   04.35045000e+01   00.00000000e+00
  08.60173000e+01   05.68941000e+01   04.36399000e+01   00.00000000e+00
  08.79853000e+01   05.81805000e+01   04.36987000e+01   00.00000000e+00
  08.69787000e+01   05.97253000e+01   04.38298000e+01   00.00000000e+00
  08.85067000e+01   06.01061000e+01   04.03746000e+01   00.00000000e+00
  08.82335000e+01   06.09395000e+01   04.19103000e+01   00.00000000e+00
  08.91792000e+01   05.95203000e+01   04.19671000e+01   00.00000000e+00
  08.65130000e+01   05.70729000e+01   04.13755000e+01   00.00000000e+00
  08.82875000e+01   05.72622000e+01   04.15386000e+01   00.00000000e+00
  08.75697000e+01   05.84198000e+01   03.90519000e+01   00.00000000e+00
  08.63659000e+01   05.71803000e+01   03.93051000e+01   00.00000000e+00
  08.80671000e+01   05.55628000e+01   03.95401000e+01   00.00000000e+00
  08.93158000e+01   05.67573000e+01   03.96776000e+01   00.00000000e+00
  07.35212000e+01   05.81856000e+01   03.95193000e+01   07.20400000e-04
  07.77004000e+01   06.15576000e+01   04.30097000e+01  -02.39543000e-02
  08.19793000e+01   06.14647000e+01   03.83337000e+01   04.89340000e-03
  07.73731000e+01   05.80181000e+01   03.38420000e+01  -02.28199000e-02
  07.92083000e+01   06.33860000e+01   04.35241000e+01  -01.51750000e-03
  09.01840000e+01   05.50595000e+01   03.77044000e+01   00.00000000e+00
  09.01526000e+01   05.60213000e+01   03.61523000e+01   00.00000000e+00
  09.07117000e+01   05.67613000e+01   03.77964000e+01   00.00000000e+00
  08.82449000e+01   05.74024000e+01   03.72312000e+01   00.00000000e+00
  08.67102000e+01   05.53191000e+01   03.75413000e+01   00.00000000e+00
  08.79484000e+01   05.43869000e+01   03.71001000e+01   00.00000000e+00
  08.82750000e+01   05.54903000e+01   03.49948000e+01   00.00000000e+00
  08.68776000e+01   05.66519000e+01   03.51904000e+01   00.00000000e+00
  08.66455000e+01   05.36502000e+01   03.51374000e+01   00.00000000e+00
  08.64121000e+01   05.47289000e+01   03.36463000e+01   00.00000000e+00
  08.47727000e+01   05.36392000e+01   03.68229000e+01   00.00000000e+00
  08.32621000e+01   05.41241000e+01   03.60658000e+01   00.00000000e+00
  08.43071000e+01   05.29298000e+01   03.53030000e+01   00.00000000e+00
  08.18825000e+01   06.05022000e+01   03.60449000e+01   05.57290000e-03
  08.07620000e+01   05.78340000e+01   03.54119000e+01  -01.28866000e-02
  08.44599000e+01   05.69270000e+01   03.53558000e+01   00.00000000e+00
  08.64126000e+01   05.97597000e+01   04.61459000e+01   00.00000000e+00
  08.61624000e+01   05.94358000e+01   04.14446000e+01   00.00000000e+00
  08.25742000e+01   05.55819000e+01   03.36565000e+01  -01.99830000e-03
  08.40166000e+01   05.61691000e+01   03.25998000e+01  -01.85290000e-03
