  07.84418000e+01   05.83418000e+01   03.43054000e+01  -06.11779000e-02
  07.88875000e+01   06.23763000e+01   04.32014000e+01   01.75852000e-02
  07.19432000e+01   05.82007000e+01   04.30509000e+01   01.01800000e-02
  07.40687000e+01   05.63407000e+01   03.55782000e+01  -01.32723000e-02
  07.74860000e+01   05.91279000e+01   03.77587000e+01  -04.57645000e-02
  07.96779000e+01   05.79948000e+01   03.35429000e+01   02.46758000e-02
  07.99441000e+01   06.23791000e+01   04.40069000e+01  -01.71993000e-02
  07.20843000e+01   05.66531000e+01   04.30602000e+01  -09.39340000e-03
  07.56177000e+01   05.67037000e+01   03.53234000e+01   07.66074000e-02
  07.75818000e+01   06.04511000e+01   04.03433000e+01   09.44338000e-02
  07.33569000e+01   05.56747000e+01   03.47938000e+01   01.54319000e-02
  07.98599000e+01   05.64859000e+01   03.33638000e+01  -01.56515000e-02
  07.63044000e+01   05.53232000e+01   03.53123000e+01  -02.00050000e-02
  07.46992000e+01   05.83034000e+01   03.84956000e+01  -08.09918000e-02
  07.66260000e+01   05.32719000e+01   03.66650000e+01   04.03650000e-03
  07.59537000e+01   05.76773000e+01   03.64212000e+01  -01.43447000e-01
  07.94743000e+01   06.00764000e+01   03.88108000e+01   01.23287000e-02
  07.63346000e+01   06.08938000e+01   04.24253000e+01   02.21683000e-01
  07.29711000e+01   05.81875000e+01   04.01684000e+01  -05.42921000e-02
  08.07777000e+01   05.77908000e+01   03.71809000e+01   02.66866000e-02
  08.11035000e+01   06.18217000e+01   04.08725000e+01   04.35609000e-02
  07.43756000e+01   05.97939000e+01   04.47826000e+01   02.36507000e-02
  07.13925000e+01   05.65824000e+01   03.80510000e+01  -06.09964000e-02
  08.06526000e+01   05.44594000e+01   03.43086000e+01   08.71130000e-03
  07.71752000e+01   05.83137000e+01   03.66624000e+01   01.26858000e-01
  07.89003000e+01   06.06376000e+01   03.99438000e+01  -03.45042000e-02
  07.52051000e+01   06.01252000e+01   04.22475000e+01  -02.04376000e-01
  07.34243000e+01   05.78829000e+01   03.89001000e+01   07.60142000e-02
  07.95000000e+01   05.58611000e+01   03.23328000e+01   05.08730000e-03
  07.72326000e+01   05.49680000e+01   03.46482000e+01   06.92200000e-04
  08.12287000e+01   05.39860000e+01   03.56235000e+01   00.00000000e+00
  07.84735000e+01   05.79771000e+01   03.58677000e+01   07.64245000e-02
  07.96424000e+01   06.14480000e+01   04.09260000e+01  -04.66821000e-02
  07.42514000e+01   05.96575000e+01   04.32112000e+01   01.65461000e-02
  07.27778000e+01   05.71595000e+01   03.78705000e+01   05.49912000e-02
  08.05080000e+01   05.59371000e+01   03.44459000e+01   03.30200000e-04
  07.58455000e+01   05.45224000e+01   03.63763000e+01   04.02810000e-03
  08.16419000e+01   05.27224000e+01   03.58882000e+01   00.00000000e+00
  07.95603000e+01   05.87160000e+01   03.67087000e+01  -04.69336000e-02
  07.87265000e+01   06.16769000e+01   04.19668000e+01  -07.68710000e-03
  07.32068000e+01   05.89769000e+01   04.25125000e+01  -03.37389000e-02
  07.37801000e+01   05.69395000e+01   03.69204000e+01   03.64969000e-02
  08.05613000e+01   05.16447000e+01   03.61199000e+01   00.00000000e+00
  07.88269000e+01   05.93364000e+01   03.77960000e+01  -09.58259000e-02
  07.74627000e+01   06.10647000e+01   04.15735000e+01  -01.77941000e-01
  07.36586000e+01   05.89018000e+01   04.11437000e+01   06.74294000e-02
  07.48794000e+01   05.76856000e+01   03.73277000e+01   01.44326000e-01
  08.31099000e+01   05.22859000e+01   03.56160000e+01   00.00000000e+00
  08.41053000e+01   05.33790000e+01   03.60090000e+01   00.00000000e+00
  08.42726000e+01   05.38006000e+01   03.75024000e+01   00.00000000e+00
  08.51852000e+01   05.50453000e+01   03.78036000e+01   00.00000000e+00
  08.66264000e+01   05.47155000e+01   03.73937000e+01   00.00000000e+00
  08.50577000e+01   05.53939000e+01   03.93162000e+01   00.00000000e+00
  08.37178000e+01   05.57886000e+01   03.98981000e+01   00.00000000e+00
  08.39614000e+01   05.59746000e+01   04.14334000e+01   00.00000000e+00
  08.26131000e+01   05.61141000e+01   04.22082000e+01   00.00000000e+00
  08.17575000e+01   05.73129000e+01   04.16105000e+01   00.00000000e+00
  08.28610000e+01   05.62125000e+01   04.37259000e+01   00.00000000e+00
  08.37561000e+01   05.73757000e+01   04.42622000e+01   00.00000000e+00
  08.40027000e+01   05.71449000e+01   04.57900000e+01   00.00000000e+00
  08.47444000e+01   05.82052000e+01   04.66256000e+01   00.00000000e+00
  08.47951000e+01   05.77517000e+01   04.80981000e+01   00.00000000e+00
  08.61787000e+01   05.85234000e+01   04.60421000e+01   00.00000000e+00
  07.48750000e+01   05.95865000e+01   04.09942000e+01   03.65717000e-02
  07.60473000e+01   05.95844000e+01   03.93614000e+01  -06.37550000e-03
  07.09348000e+01   05.65385000e+01   03.70593000e+01   01.79582000e-02
  07.14409000e+01   05.55494000e+01   03.83986000e+01   01.23366000e-02
  07.07402000e+01   05.72180000e+01   03.86842000e+01   01.80857000e-02
  07.34599000e+01   05.94588000e+01   04.52729000e+01  -03.55350000e-03
  07.51251000e+01   05.91431000e+01   04.51246000e+01  -05.48890000e-03
  07.45879000e+01   06.08253000e+01   04.49010000e+01  -05.73590000e-03
  08.14304000e+01   06.19729000e+01   03.98703000e+01  -01.16015000e-02
  08.13756000e+01   06.26758000e+01   04.14647000e+01  -01.03548000e-02
  08.17081000e+01   06.10629000e+01   04.12351000e+01  -01.10806000e-02
  08.14107000e+01   05.74867000e+01   03.63127000e+01  -06.50300000e-03
  08.14811000e+01   05.82673000e+01   03.78609000e+01  -03.84930000e-03
  08.03278000e+01   05.69329000e+01   03.77135000e+01  -06.75510000e-03
  07.69143000e+01   05.27580000e+01   03.57350000e+01   06.96000000e-05
  07.75325000e+01   05.36231000e+01   03.71048000e+01  -02.56130000e-03
  07.61177000e+01   05.25822000e+01   03.73037000e+01  -08.86000000e-04
  07.22778000e+01   05.62892000e+01   04.20063000e+01   02.66600000e-04
  07.28908000e+01   05.63570000e+01   04.37455000e+01   02.07780000e-03
  07.12566000e+01   05.61368000e+01   04.34000000e+01   03.44650000e-03
  08.00103000e+01   06.28905000e+01   04.50264000e+01   02.98050000e-03
  08.07064000e+01   06.16999000e+01   04.36210000e+01  -05.01900000e-04
  07.97928000e+01   05.84715000e+01   03.25822000e+01  -05.40000000e-06
  08.05655000e+01   05.83938000e+01   03.40622000e+01  -02.73660000e-03
  07.16895000e+01   05.86477000e+01   04.40149000e+01   06.65000000e-04
  07.11555000e+01   05.83685000e+01   04.23993000e+01  -04.07950000e-03
  07.76331000e+01   05.77047000e+01   03.37660000e+01   01.58140000e-02
  07.82505000e+01   05.93705000e+01   03.41983000e+01   09.11190000e-03
  08.65764000e+01   05.93415000e+01   04.66416000e+01   00.00000000e+00
  08.68351000e+01   05.76166000e+01   04.60664000e+01   00.00000000e+00
  08.61081000e+01   05.88366000e+01   04.49984000e+01   00.00000000e+00
  08.50004000e+01   05.86330000e+01   04.87110000e+01   00.00000000e+00
  08.37919000e+01   05.74297000e+01   04.83116000e+01   00.00000000e+00
  08.55155000e+01   05.69255000e+01   04.82039000e+01   00.00000000e+00
  08.30299000e+01   05.71271000e+01   04.62843000e+01   00.00000000e+00
  08.44908000e+01   05.61617000e+01   04.60164000e+01   00.00000000e+00
  08.47096000e+01   05.74243000e+01   04.36777000e+01   00.00000000e+00
  08.32065000e+01   05.82943000e+01   04.41886000e+01   00.00000000e+00
  08.19525000e+01   05.63234000e+01   04.42934000e+01   00.00000000e+00
  08.32756000e+01   05.52035000e+01   04.39546000e+01   00.00000000e+00
  08.24445000e+01   05.81514000e+01   04.14564000e+01   00.00000000e+00
  08.13379000e+01   05.70272000e+01   04.06404000e+01   00.00000000e+00
  08.09044000e+01   05.75860000e+01   04.22053000e+01   00.00000000e+00
  08.44415000e+01   05.50612000e+01   04.19107000e+01   00.00000000e+00
  08.45172000e+01   05.68491000e+01   04.16653000e+01   00.00000000e+00
  08.33459000e+01   05.67061000e+01   03.93912000e+01   00.00000000e+00
  08.30009000e+01   05.49672000e+01   03.97659000e+01   00.00000000e+00
  08.52736000e+01   05.44695000e+01   03.98169000e+01   00.00000000e+00
  08.58451000e+01   05.60970000e+01   03.95648000e+01   00.00000000e+00
  07.19794000e+01   05.76950000e+01   04.04368000e+01   07.20400000e-04
  07.65843000e+01   06.12796000e+01   04.34006000e+01  -02.39543000e-02
  08.05261000e+01   06.01293000e+01   03.89456000e+01   04.89340000e-03
  07.56139000e+01   05.70879000e+01   03.43438000e+01  -02.28199000e-02
  07.80867000e+01   06.29804000e+01   04.35376000e+01  -01.51750000e-03
  08.70021000e+01   05.39533000e+01   03.80978000e+01   00.00000000e+00
  08.66436000e+01   05.43439000e+01   03.63647000e+01   00.00000000e+00
  08.71112000e+01   05.56892000e+01   03.74699000e+01   00.00000000e+00
  08.47696000e+01   05.58809000e+01   03.71693000e+01   00.00000000e+00
  08.32796000e+01   05.40276000e+01   03.79662000e+01   00.00000000e+00
  08.47519000e+01   05.29364000e+01   03.78945000e+01   00.00000000e+00
  08.50113000e+01   05.30138000e+01   03.56486000e+01   00.00000000e+00
  08.38253000e+01   05.43143000e+01   03.54904000e+01   00.00000000e+00
  08.33235000e+01   05.13435000e+01   03.61657000e+01   00.00000000e+00
  08.32623000e+01   05.21131000e+01   03.45888000e+01   00.00000000e+00
  07.95966000e+01   05.21622000e+01   03.64314000e+01   00.00000000e+00
  08.02346000e+01   05.12662000e+01   03.51079000e+01   00.00000000e+00
  08.08343000e+01   05.08956000e+01   03.68058000e+01   00.00000000e+00
  08.00153000e+01   05.95103000e+01   03.61510000e+01   05.57290000e-03
  07.86781000e+01   05.69758000e+01   03.59115000e+01  -01.28866000e-02
  08.12294000e+01   05.47149000e+01   03.64642000e+01   00.00000000e+00
  08.41466000e+01   05.90712000e+01   04.66055000e+01   00.00000000e+00
  08.20183000e+01   05.52504000e+01   04.20822000e+01   00.00000000e+00
  07.97000000e+01   05.38982000e+01   03.40761000e+01  -01.99830000e-03
  08.13654000e+01   05.40367000e+01   03.36117000e+01  -01.85290000e-03
