  07.89248000e+01   05.88362000e+01   03.44161000e+01  -06.11779000e-02
  07.88961000e+01   06.14818000e+01   04.38192000e+01   01.75852000e-02
  07.19164000e+01   05.77422000e+01   04.28900000e+01   01.01800000e-02
  07.45140000e+01   05.66759000e+01   03.51052000e+01  -01.32723000e-02
  07.78320000e+01   05.87862000e+01   03.78162000e+01  -04.57645000e-02
  08.01780000e+01   05.87652000e+01   03.36609000e+01   02.46758000e-02
  08.00413000e+01   06.12330000e+01   04.44565000e+01  -01.71993000e-02
  07.16668000e+01   05.63374000e+01   04.25386000e+01  -09.39340000e-03
  07.59755000e+01   05.69689000e+01   03.49046000e+01   07.66074000e-02
  07.78294000e+01   05.98285000e+01   04.06120000e+01   09.44338000e-02
  07.38495000e+01   05.61773000e+01   03.42057000e+01   01.54319000e-02
  08.06015000e+01   05.73172000e+01   03.32581000e+01  -01.56515000e-02
  07.67541000e+01   05.56659000e+01   03.46689000e+01  -02.00050000e-02
  07.50612000e+01   05.81368000e+01   03.82727000e+01  -08.09918000e-02
  07.67765000e+01   05.32409000e+01   03.49505000e+01   04.03650000e-03
  07.63944000e+01   05.76974000e+01   03.61903000e+01  -01.43447000e-01
  07.96453000e+01   05.99385000e+01   03.90309000e+01   01.23287000e-02
  07.63563000e+01   06.01256000e+01   04.25760000e+01   02.21683000e-01
  07.31539000e+01   05.79772000e+01   03.97893000e+01  -05.42921000e-02
  08.11017000e+01   05.77213000e+01   03.73499000e+01   02.66866000e-02
  08.09971000e+01   06.14493000e+01   04.14635000e+01   04.35609000e-02
  07.41362000e+01   05.93392000e+01   04.46665000e+01   02.36507000e-02
  07.17961000e+01   05.63964000e+01   03.74836000e+01  -06.09964000e-02
  08.14933000e+01   05.52155000e+01   03.38669000e+01   08.71130000e-03
  07.76027000e+01   05.82512000e+01   03.65928000e+01   01.26858000e-01
  07.90972000e+01   06.02256000e+01   04.02640000e+01  -03.45042000e-02
  07.52216000e+01   05.93582000e+01   04.22098000e+01  -02.04376000e-01
  07.38054000e+01   05.76868000e+01   03.85593000e+01   07.60142000e-02
  08.01302000e+01   05.67917000e+01   03.22578000e+01   05.08730000e-03
  07.78003000e+01   05.55864000e+01   03.40636000e+01   06.92200000e-04
  08.21895000e+01   05.46527000e+01   03.50933000e+01   00.00000000e+00
  07.89011000e+01   05.81888000e+01   03.58328000e+01   07.64245000e-02
  07.96358000e+01   06.09434000e+01   04.13916000e+01  -04.66821000e-02
  07.41331000e+01   05.89788000e+01   04.31119000e+01   01.65461000e-02
  07.31531000e+01   05.70611000e+01   03.74416000e+01   05.49912000e-02
  08.12983000e+01   05.66744000e+01   03.41699000e+01   03.30200000e-04
  07.61359000e+01   05.45734000e+01   03.52997000e+01   04.02810000e-03
  08.29415000e+01   05.35383000e+01   03.52374000e+01   00.00000000e+00
  08.00229000e+01   05.86927000e+01   03.68585000e+01  -04.69336000e-02
  07.86898000e+01   06.09791000e+01   04.24260000e+01  -07.68710000e-03
  07.32022000e+01   05.82934000e+01   04.23418000e+01  -03.37389000e-02
  07.41801000e+01   05.70696000e+01   03.64577000e+01   03.64969000e-02
  08.23568000e+01   05.22101000e+01   03.56302000e+01   00.00000000e+00
  07.90928000e+01   05.92736000e+01   03.79322000e+01  -09.58259000e-02
  07.75220000e+01   06.03349000e+01   04.19228000e+01  -01.77941000e-01
  07.37404000e+01   05.84098000e+01   04.09758000e+01   06.74294000e-02
  07.52607000e+01   05.77067000e+01   03.70216000e+01   01.44326000e-01
  08.44835000e+01   05.36084000e+01   03.50884000e+01   00.00000000e+00
  08.52692000e+01   05.47827000e+01   03.56147000e+01   00.00000000e+00
  08.51058000e+01   05.48448000e+01   03.71756000e+01   00.00000000e+00
  08.56716000e+01   05.61764000e+01   03.77756000e+01   00.00000000e+00
  08.71568000e+01   05.64397000e+01   03.74982000e+01   00.00000000e+00
  08.53063000e+01   05.62368000e+01   03.93233000e+01   00.00000000e+00
  08.37952000e+01   05.62654000e+01   03.98056000e+01   00.00000000e+00
  08.37415000e+01   05.63191000e+01   04.13330000e+01   00.00000000e+00
  08.23278000e+01   05.66257000e+01   04.19183000e+01   00.00000000e+00
  08.18359000e+01   05.81011000e+01   04.16802000e+01   00.00000000e+00
  08.21876000e+01   05.61209000e+01   04.33726000e+01   00.00000000e+00
  08.30505000e+01   05.69267000e+01   04.43668000e+01   00.00000000e+00
  08.27702000e+01   05.64809000e+01   04.58081000e+01   00.00000000e+00
  08.34994000e+01   05.73259000e+01   04.68841000e+01   00.00000000e+00
  08.33091000e+01   05.66915000e+01   04.82451000e+01   00.00000000e+00
  08.49582000e+01   05.73993000e+01   04.66133000e+01   00.00000000e+00
  07.50280000e+01   05.88796000e+01   04.09401000e+01   03.65717000e-02
  07.63888000e+01   05.90259000e+01   03.93141000e+01  -06.37550000e-03
  07.16986000e+01   05.56994000e+01   03.66698000e+01   01.79582000e-02
  07.16331000e+01   05.57830000e+01   03.83246000e+01   01.23366000e-02
  07.10208000e+01   05.71503000e+01   03.73952000e+01   01.80857000e-02
  07.37375000e+01   06.03441000e+01   04.49282000e+01  -03.55350000e-03
  07.35826000e+01   05.85744000e+01   04.51853000e+01  -05.48890000e-03
  07.51596000e+01   05.91432000e+01   04.51529000e+01  -05.73590000e-03
  08.16129000e+01   06.06929000e+01   04.17720000e+01  -01.16015000e-02
  08.12449000e+01   06.18071000e+01   04.04509000e+01  -01.03548000e-02
  08.10325000e+01   06.22494000e+01   04.21303000e+01  -01.10806000e-02
  08.18189000e+01   05.74817000e+01   03.65220000e+01  -06.50300000e-03
  08.17628000e+01   05.81304000e+01   03.81400000e+01  -03.84930000e-03
  08.05797000e+01   05.68118000e+01   03.76685000e+01  -06.75510000e-03
  07.78623000e+01   05.33111000e+01   03.50084000e+01   06.96000000e-05
  07.64045000e+01   05.26221000e+01   03.57484000e+01  -02.56130000e-03
  07.63461000e+01   05.30602000e+01   03.40098000e+01  -08.86000000e-04
  07.16593000e+01   05.61504000e+01   04.14227000e+01   02.66600000e-04
  07.25764000e+01   05.58502000e+01   04.29217000e+01   02.07780000e-03
  07.07773000e+01   05.59877000e+01   04.30960000e+01   03.44650000e-03
  08.02435000e+01   06.17556000e+01   04.53501000e+01   02.98050000e-03
  08.08269000e+01   06.05058000e+01   04.41285000e+01  -05.01900000e-04
  07.99966000e+01   05.92883000e+01   03.27668000e+01  -05.40000000e-06
  08.10050000e+01   05.92187000e+01   03.41744000e+01  -02.73660000e-03
  07.18953000e+01   05.78072000e+01   04.40390000e+01   06.65000000e-04
  07.09980000e+01   05.82324000e+01   04.23897000e+01  -04.07950000e-03
  07.81489000e+01   05.83897000e+01   03.37211000e+01   01.58140000e-02
  07.86029000e+01   05.98959000e+01   03.45362000e+01   09.11190000e-03
  08.51726000e+01   05.78482000e+01   04.56514000e+01   00.00000000e+00
  08.54449000e+01   05.79837000e+01   04.73713000e+01   00.00000000e+00
  08.52943000e+01   05.63635000e+01   04.68224000e+01   00.00000000e+00
  08.37368000e+01   05.71903000e+01   04.91213000e+01   00.00000000e+00
  08.23110000e+01   05.66670000e+01   04.84401000e+01   00.00000000e+00
  08.37884000e+01   05.56986000e+01   04.81737000e+01   00.00000000e+00
  08.17346000e+01   05.65927000e+01   04.60187000e+01   00.00000000e+00
  08.30155000e+01   05.54205000e+01   04.58406000e+01   00.00000000e+00
  08.40538000e+01   05.65478000e+01   04.41003000e+01   00.00000000e+00
  08.29286000e+01   05.79433000e+01   04.41639000e+01   00.00000000e+00
  08.11300000e+01   05.61548000e+01   04.36088000e+01   00.00000000e+00
  08.25539000e+01   05.51572000e+01   04.34738000e+01   00.00000000e+00
  08.08104000e+01   05.80219000e+01   04.18798000e+01   00.00000000e+00
  08.24033000e+01   05.88584000e+01   04.21789000e+01   00.00000000e+00
  08.18434000e+01   05.82380000e+01   04.06429000e+01   00.00000000e+00
  08.41768000e+01   05.53725000e+01   04.16664000e+01   00.00000000e+00
  08.44211000e+01   05.71481000e+01   04.16849000e+01   00.00000000e+00
  08.34172000e+01   05.71238000e+01   03.93489000e+01   00.00000000e+00
  08.32096000e+01   05.54075000e+01   03.95035000e+01   00.00000000e+00
  08.56939000e+01   05.53212000e+01   03.96784000e+01   00.00000000e+00
  08.58545000e+01   05.70451000e+01   03.98776000e+01   00.00000000e+00
  07.20862000e+01   05.77341000e+01   03.99175000e+01   07.20400000e-04
  07.62589000e+01   06.03641000e+01   04.36710000e+01  -02.39543000e-02
  08.07125000e+01   06.00663000e+01   03.89636000e+01   04.89340000e-03
  07.61077000e+01   05.75996000e+01   03.40772000e+01  -02.28199000e-02
  07.81905000e+01   06.21715000e+01   04.43056000e+01  -01.51750000e-03
  08.77097000e+01   05.55143000e+01   03.75773000e+01   00.00000000e+00
  08.72193000e+01   05.66446000e+01   03.63948000e+01   00.00000000e+00
  08.76345000e+01   05.70756000e+01   03.80388000e+01   00.00000000e+00
  08.50586000e+01   05.69955000e+01   03.72639000e+01   00.00000000e+00
  08.40337000e+01   05.48707000e+01   03.72274000e+01   00.00000000e+00
  08.54838000e+01   05.39651000e+01   03.75875000e+01   00.00000000e+00
  08.63640000e+01   05.47072000e+01   03.53808000e+01   00.00000000e+00
  08.48717000e+01   05.57632000e+01   03.51837000e+01   00.00000000e+00
  08.49912000e+01   05.26929000e+01   03.54134000e+01   00.00000000e+00
  08.45821000e+01   05.35911000e+01   03.40258000e+01   00.00000000e+00
  08.12344000e+01   05.22448000e+01   03.56436000e+01   00.00000000e+00
  08.27304000e+01   05.14744000e+01   03.48852000e+01   00.00000000e+00
  08.27135000e+01   05.19936000e+01   03.65638000e+01   00.00000000e+00
  08.05855000e+01   05.94628000e+01   03.63653000e+01   05.57290000e-03
  07.90951000e+01   05.71810000e+01   03.56049000e+01  -01.28866000e-02
  08.19875000e+01   05.52018000e+01   03.60423000e+01   00.00000000e+00
  08.30367000e+01   05.82171000e+01   04.69013000e+01   00.00000000e+00
  08.15892000e+01   05.61801000e+01   04.12138000e+01   00.00000000e+00
  08.04094000e+01   05.48674000e+01   03.38954000e+01  -01.99830000e-03
  08.20341000e+01   05.49911000e+01   03.29656000e+01  -01.85290000e-03
