  08.08314000e+01   05.85031000e+01   03.39912000e+01  -06.11779000e-02
  08.08868000e+01   06.20654000e+01   04.30038000e+01   01.75852000e-02
  07.37219000e+01   05.86967000e+01   04.26149000e+01   01.01800000e-02
  07.61227000e+01   05.64030000e+01   03.50168000e+01  -01.32723000e-02
  07.97557000e+01   05.87273000e+01   03.72814000e+01  -04.57645000e-02
  08.19380000e+01   05.80659000e+01   03.29193000e+01   02.46758000e-02
  08.20700000e+01   06.20572000e+01   04.37553000e+01  -01.71993000e-02
  07.36272000e+01   05.71975000e+01   04.28544000e+01  -09.39340000e-03
  07.76924000e+01   05.67257000e+01   03.46816000e+01   07.66074000e-02
  07.96968000e+01   06.02816000e+01   03.99234000e+01   09.44338000e-02
  07.54368000e+01   05.57464000e+01   03.42851000e+01   01.54319000e-02
  08.21113000e+01   05.65737000e+01   03.24936000e+01  -01.56515000e-02
  07.84067000e+01   05.54239000e+01   03.45243000e+01  -02.00050000e-02
  07.67623000e+01   05.82227000e+01   03.79580000e+01  -08.09918000e-02
  07.83938000e+01   05.30566000e+01   03.49406000e+01   04.03650000e-03
  07.80985000e+01   05.76299000e+01   03.59179000e+01  -01.43447000e-01
  08.16574000e+01   05.96743000e+01   03.85191000e+01   01.23287000e-02
  07.83436000e+01   06.06527000e+01   04.20589000e+01   02.21683000e-01
  07.49991000e+01   05.80602000e+01   03.96391000e+01  -05.42921000e-02
  08.28343000e+01   05.72013000e+01   03.67602000e+01   02.66866000e-02
  08.31676000e+01   06.13791000e+01   04.06073000e+01   04.35609000e-02
  07.61009000e+01   06.03173000e+01   04.40698000e+01   02.36507000e-02
  07.35341000e+01   05.63918000e+01   03.73230000e+01  -06.09964000e-02
  08.29197000e+01   05.43755000e+01   03.32376000e+01   08.71130000e-03
  07.94427000e+01   05.80268000e+01   03.61475000e+01   01.26858000e-01
  08.10426000e+01   06.04044000e+01   03.95977000e+01  -03.45042000e-02
  07.71701000e+01   05.99940000e+01   04.17349000e+01  -02.04376000e-01
  07.55348000e+01   05.77257000e+01   03.84077000e+01   07.60142000e-02
  08.16804000e+01   05.60511000e+01   03.14747000e+01   05.08730000e-03
  07.94050000e+01   05.53387000e+01   03.38403000e+01   06.92200000e-04
  08.35056000e+01   05.38434000e+01   03.45169000e+01   00.00000000e+00
  08.07030000e+01   05.77950000e+01   03.53624000e+01   07.64245000e-02
  08.16912000e+01   06.11040000e+01   04.06390000e+01  -04.66821000e-02
  07.60820000e+01   05.97913000e+01   04.26321000e+01   01.65461000e-02
  07.48536000e+01   05.69953000e+01   03.73288000e+01   05.49912000e-02
  08.27169000e+01   05.58126000e+01   03.34346000e+01   03.30200000e-04
  07.79667000e+01   05.43841000e+01   03.52834000e+01   04.02810000e-03
  08.47881000e+01   05.34151000e+01   03.44953000e+01   00.00000000e+00
  08.18464000e+01   05.83120000e+01   03.62902000e+01  -04.69336000e-02
  08.07530000e+01   06.13820000e+01   04.16819000e+01  -07.68710000e-03
  07.50335000e+01   05.91392000e+01   04.19597000e+01  -03.37389000e-02
  07.58060000e+01   05.69682000e+01   03.63140000e+01   03.64969000e-02
  08.52730000e+01   05.20284000e+01   03.41164000e+01   00.00000000e+00
  08.10771000e+01   05.89170000e+01   03.74767000e+01  -09.58259000e-02
  07.95051000e+01   06.07709000e+01   04.12109000e+01  -01.77941000e-01
  07.56410000e+01   05.88122000e+01   04.06675000e+01   06.74294000e-02
  07.69413000e+01   05.76449000e+01   03.67668000e+01   01.44326000e-01
  08.58463000e+01   05.43550000e+01   03.48939000e+01   00.00000000e+00
  08.60038000e+01   05.45895000e+01   03.64598000e+01   00.00000000e+00
  08.73046000e+01   05.55491000e+01   03.66513000e+01   00.00000000e+00
  08.77530000e+01   05.58583000e+01   03.81260000e+01   00.00000000e+00
  08.67150000e+01   05.68724000e+01   03.86483000e+01   00.00000000e+00
  08.91789000e+01   05.64733000e+01   03.80162000e+01   00.00000000e+00
  08.98038000e+01   05.69258000e+01   03.93859000e+01   00.00000000e+00
  08.99362000e+01   05.58004000e+01   04.03675000e+01   00.00000000e+00
  09.09205000e+01   05.61111000e+01   04.15569000e+01   00.00000000e+00
  09.10852000e+01   05.47926000e+01   04.23884000e+01   00.00000000e+00
  09.03776000e+01   05.72804000e+01   04.24661000e+01   00.00000000e+00
  08.89331000e+01   05.71672000e+01   04.30406000e+01   00.00000000e+00
  08.85986000e+01   05.83752000e+01   04.38794000e+01   00.00000000e+00
  08.72211000e+01   05.85440000e+01   04.45407000e+01   00.00000000e+00
  08.69012000e+01   05.75656000e+01   04.56969000e+01   00.00000000e+00
  08.69853000e+01   05.99984000e+01   04.50829000e+01   00.00000000e+00
  07.69002000e+01   05.93793000e+01   04.05441000e+01   03.65717000e-02
  07.81682000e+01   05.92797000e+01   03.88996000e+01  -06.37550000e-03
  07.26993000e+01   05.70358000e+01   03.70105000e+01   01.79582000e-02
  07.34992000e+01   05.56403000e+01   03.65094000e+01   01.23366000e-02
  07.33875000e+01   05.58280000e+01   03.82651000e+01   01.80857000e-02
  07.57327000e+01   06.12858000e+01   04.39060000e+01  -03.55350000e-03
  07.53932000e+01   05.97135000e+01   04.46781000e+01  -05.48890000e-03
  07.70222000e+01   06.04764000e+01   04.45394000e+01  -05.73590000e-03
  08.33556000e+01   06.22412000e+01   04.12595000e+01  -01.16015000e-02
  08.37778000e+01   06.05204000e+01   04.09118000e+01  -01.03548000e-02
  08.33815000e+01   06.17097000e+01   03.95806000e+01  -01.10806000e-02
  08.33751000e+01   05.68232000e+01   03.59236000e+01  -06.50300000e-03
  08.35959000e+01   05.75403000e+01   03.74513000e+01  -03.84930000e-03
  08.22532000e+01   05.63954000e+01   03.72866000e+01  -06.75510000e-03
  07.95018000e+01   05.30332000e+01   03.49630000e+01   06.96000000e-05
  07.78932000e+01   05.23030000e+01   03.56744000e+01  -02.56130000e-03
  07.78487000e+01   05.27652000e+01   03.40368000e+01  -08.86000000e-04
  07.31795000e+01   05.67625000e+01   04.19204000e+01   02.66600000e-04
  07.45661000e+01   05.67702000e+01   04.31687000e+01   02.07780000e-03
  07.29620000e+01   05.71497000e+01   04.37763000e+01   03.44650000e-03
  08.22233000e+01   06.24843000e+01   04.47879000e+01   02.98050000e-03
  08.29799000e+01   06.15059000e+01   04.33989000e+01  -05.01900000e-04
  08.17003000e+01   05.85776000e+01   03.20030000e+01  -05.40000000e-06
  08.29805000e+01   05.82952000e+01   03.32880000e+01  -02.73660000e-03
  07.35934000e+01   05.92994000e+01   04.35075000e+01   06.65000000e-04
  07.29333000e+01   05.90390000e+01   04.19199000e+01  -04.07950000e-03
  07.98665000e+01   05.82163000e+01   03.34922000e+01   01.58140000e-02
  08.08301000e+01   05.95640000e+01   03.40880000e+01   09.11190000e-03
  08.77943000e+01   06.04167000e+01   04.58327000e+01   00.00000000e+00
  08.70895000e+01   06.06434000e+01   04.42577000e+01   00.00000000e+00
  08.59890000e+01   06.01012000e+01   04.55506000e+01   00.00000000e+00
  08.72321000e+01   05.64956000e+01   04.57140000e+01   00.00000000e+00
  08.73728000e+01   05.79720000e+01   04.66085000e+01   00.00000000e+00
  08.57825000e+01   05.75308000e+01   04.59054000e+01   00.00000000e+00
  08.94843000e+01   05.84600000e+01   04.45267000e+01   00.00000000e+00
  08.86657000e+01   05.92785000e+01   04.32886000e+01   00.00000000e+00
  08.81978000e+01   05.69400000e+01   04.22636000e+01   00.00000000e+00
  08.88053000e+01   05.62956000e+01   04.37456000e+01   00.00000000e+00
  09.10196000e+01   05.73432000e+01   04.33534000e+01   00.00000000e+00
  09.04293000e+01   05.82366000e+01   04.19660000e+01   00.00000000e+00
  09.16106000e+01   05.41119000e+01   04.17567000e+01   00.00000000e+00
  09.15715000e+01   05.50849000e+01   04.33512000e+01   00.00000000e+00
  09.01182000e+01   05.43735000e+01   04.26602000e+01   00.00000000e+00
  08.88997000e+01   05.55088000e+01   04.06973000e+01   00.00000000e+00
  09.03995000e+01   05.49609000e+01   03.98599000e+01   00.00000000e+00
  09.08421000e+01   05.70477000e+01   03.90525000e+01   00.00000000e+00
  08.94251000e+01   05.78478000e+01   03.98091000e+01   00.00000000e+00
  08.98879000e+01   05.57573000e+01   03.74548000e+01   00.00000000e+00
  08.90653000e+01   05.73600000e+01   03.73957000e+01   00.00000000e+00
  07.40776000e+01   05.75548000e+01   03.99319000e+01   07.20400000e-04
  07.84781000e+01   06.10967000e+01   04.30288000e+01  -02.39543000e-02
  08.27351000e+01   05.97964000e+01   03.84155000e+01   04.89340000e-03
  07.78302000e+01   05.72832000e+01   03.37141000e+01  -02.28199000e-02
  07.99522000e+01   06.25272000e+01   04.34969000e+01  -01.51750000e-03
  08.69950000e+01   05.72227000e+01   03.95553000e+01   00.00000000e+00
  08.66866000e+01   05.76227000e+01   03.79310000e+01   00.00000000e+00
  08.56829000e+01   05.65803000e+01   03.87877000e+01   00.00000000e+00
  08.77645000e+01   05.48878000e+01   03.86667000e+01   00.00000000e+00
  08.81393000e+01   05.50349000e+01   03.61796000e+01   00.00000000e+00
  08.71542000e+01   05.64543000e+01   03.60665000e+01   00.00000000e+00
  08.49885000e+01   05.50163000e+01   03.67174000e+01   00.00000000e+00
  08.61486000e+01   05.36373000e+01   03.69442000e+01   00.00000000e+00
  08.67853000e+01   05.40371000e+01   03.45758000e+01   00.00000000e+00
  08.56647000e+01   05.53388000e+01   03.44968000e+01   00.00000000e+00
  08.45337000e+01   05.11892000e+01   03.40488000e+01   00.00000000e+00
  08.58668000e+01   05.19592000e+01   03.32115000e+01   00.00000000e+00
  08.58550000e+01   05.17070000e+01   03.49961000e+01   00.00000000e+00
  08.25428000e+01   05.91575000e+01   03.59195000e+01   05.57290000e-03
  08.08102000e+01   05.66584000e+01   03.53682000e+01  -01.28866000e-02
  08.28723000e+01   05.37801000e+01   03.53623000e+01   00.00000000e+00
  08.65805000e+01   05.84043000e+01   04.36721000e+01   00.00000000e+00
  09.19386000e+01   05.63762000e+01   04.11646000e+01   00.00000000e+00
  08.20006000e+01   05.37919000e+01   03.30771000e+01  -01.99830000e-03
  08.36186000e+01   05.41166000e+01   03.24975000e+01  -01.85290000e-03
