  07.90447000e+01   05.90382000e+01   03.37601000e+01  -06.11779000e-02
  07.84059000e+01   06.18545000e+01   04.29472000e+01   01.75852000e-02
  07.18358000e+01   05.73410000e+01   04.19125000e+01   01.01800000e-02
  07.47533000e+01   05.63973000e+01   03.43392000e+01  -01.32723000e-02
  07.78393000e+01   05.89163000e+01   03.71701000e+01  -04.57645000e-02
  08.03445000e+01   05.87684000e+01   03.29481000e+01   02.46758000e-02
  07.95090000e+01   06.17859000e+01   04.37463000e+01  -01.71993000e-02
  07.20157000e+01   05.58657000e+01   04.19471000e+01  -09.39340000e-03
  07.62383000e+01   05.69915000e+01   03.41969000e+01   07.66074000e-02
  07.75701000e+01   06.01196000e+01   03.97836000e+01   09.44338000e-02
  07.41457000e+01   05.58119000e+01   03.34697000e+01   01.54319000e-02
  08.08368000e+01   05.73639000e+01   03.25826000e+01  -01.56515000e-02
  07.71474000e+01   05.58629000e+01   03.38143000e+01  -02.00050000e-02
  07.50868000e+01   05.77781000e+01   03.75268000e+01  -08.09918000e-02
  07.80162000e+01   05.39085000e+01   03.49301000e+01   04.03650000e-03
  07.65706000e+01   05.76394000e+01   03.55201000e+01  -01.43447000e-01
  07.95181000e+01   06.02879000e+01   03.83024000e+01   01.23287000e-02
  07.61440000e+01   06.00825000e+01   04.17881000e+01   02.21683000e-01
  07.32724000e+01   05.72636000e+01   03.90217000e+01  -05.42921000e-02
  08.12592000e+01   05.85264000e+01   03.65912000e+01   02.66866000e-02
  08.07115000e+01   06.19336000e+01   04.06556000e+01   04.35609000e-02
  07.36028000e+01   05.93246000e+01   04.36746000e+01   02.36507000e-02
  07.21014000e+01   05.58377000e+01   03.63881000e+01  -06.09964000e-02
  08.15567000e+01   05.52732000e+01   03.35405000e+01   08.71130000e-03
  07.77363000e+01   05.82705000e+01   03.59873000e+01   01.26858000e-01
  07.88692000e+01   06.05855000e+01   03.95131000e+01  -03.45042000e-02
  07.49810000e+01   05.93322000e+01   04.13992000e+01  -02.04376000e-01
  07.38844000e+01   05.71958000e+01   03.77296000e+01   07.60142000e-02
  08.06640000e+01   05.69032000e+01   03.14702000e+01   05.08730000e-03
  07.76760000e+01   05.56512000e+01   03.27250000e+01   06.92200000e-04
  08.25074000e+01   05.49931000e+01   03.46701000e+01   00.00000000e+00
  07.91187000e+01   05.84344000e+01   03.52186000e+01   07.64245000e-02
  07.93653000e+01   06.12662000e+01   04.06656000e+01  -04.66821000e-02
  07.38311000e+01   05.90370000e+01   04.21708000e+01   01.65461000e-02
  07.33824000e+01   05.65651000e+01   03.65892000e+01   05.49912000e-02
  08.12512000e+01   05.66638000e+01   03.36944000e+01   03.30200000e-04
  07.72260000e+01   05.51405000e+01   03.49383000e+01   04.02810000e-03
  08.36977000e+01   05.43968000e+01   03.43625000e+01   00.00000000e+00
  08.00133000e+01   05.92580000e+01   03.61572000e+01  -04.69336000e-02
  07.83840000e+01   06.11871000e+01   04.16606000e+01  -07.68710000e-03
  07.30935000e+01   05.81070000e+01   04.14379000e+01  -03.37389000e-02
  07.43690000e+01   05.67339000e+01   03.56412000e+01   03.64969000e-02
  08.38332000e+01   05.28822000e+01   03.45023000e+01   00.00000000e+00
  07.90397000e+01   05.95276000e+01   03.72335000e+01  -09.58259000e-02
  07.72794000e+01   06.04279000e+01   04.10817000e+01  -01.77941000e-01
  07.37045000e+01   05.79979000e+01   04.01480000e+01   06.74294000e-02
  07.54598000e+01   05.73385000e+01   03.62796000e+01   01.44326000e-01
  08.48260000e+01   05.52307000e+01   03.37835000e+01   00.00000000e+00
  08.51412000e+01   05.66002000e+01   03.44996000e+01   00.00000000e+00
  08.53816000e+01   05.64106000e+01   03.59926000e+01   00.00000000e+00
  08.52406000e+01   05.75989000e+01   03.68597000e+01   00.00000000e+00
  08.62314000e+01   05.87596000e+01   03.65934000e+01   00.00000000e+00
  08.52282000e+01   05.71032000e+01   03.82842000e+01   00.00000000e+00
  08.47246000e+01   05.80845000e+01   03.93712000e+01   00.00000000e+00
  08.47099000e+01   05.75886000e+01   04.08000000e+01   00.00000000e+00
  08.44107000e+01   05.85859000e+01   04.19455000e+01   00.00000000e+00
  08.52755000e+01   05.98752000e+01   04.19581000e+01   00.00000000e+00
  08.44626000e+01   05.79825000e+01   04.33276000e+01   00.00000000e+00
  08.34773000e+01   05.68696000e+01   04.36815000e+01   00.00000000e+00
  08.33405000e+01   05.66900000e+01   04.51697000e+01   00.00000000e+00
  08.19995000e+01   05.60830000e+01   04.57307000e+01   00.00000000e+00
  08.17952000e+01   05.45697000e+01   04.53442000e+01   00.00000000e+00
  08.19020000e+01   05.61522000e+01   04.73128000e+01   00.00000000e+00
  07.49088000e+01   05.87151000e+01   04.01681000e+01   03.65717000e-02
  07.62969000e+01   05.90030000e+01   03.86343000e+01  -06.37550000e-03
  07.22996000e+01   05.49556000e+01   03.57154000e+01   01.79582000e-02
  07.17097000e+01   05.54223000e+01   03.72882000e+01   01.23366000e-02
  07.13799000e+01   05.65042000e+01   03.59098000e+01   01.80857000e-02
  07.37140000e+01   05.85021000e+01   04.43425000e+01  -03.55350000e-03
  07.42235000e+01   06.01505000e+01   04.40122000e+01  -05.48890000e-03
  07.25679000e+01   05.97668000e+01   04.36691000e+01  -05.73590000e-03
  08.14748000e+01   06.11876000e+01   04.09049000e+01  -01.16015000e-02
  08.09094000e+01   06.24001000e+01   03.96758000e+01  -01.03548000e-02
  08.07180000e+01   06.26645000e+01   04.13837000e+01  -01.10806000e-02
  08.17984000e+01   05.82228000e+01   03.57310000e+01  -06.50300000e-03
  08.18340000e+01   05.90277000e+01   03.73570000e+01  -03.84930000e-03
  08.07390000e+01   05.76558000e+01   03.70140000e+01  -06.75510000e-03
  07.90717000e+01   05.41700000e+01   03.51515000e+01   06.96000000e-05
  07.77369000e+01   05.32141000e+01   03.56786000e+01  -02.56130000e-03
  07.79325000e+01   05.34705000e+01   03.39744000e+01  -08.86000000e-04
  07.25715000e+01   05.55389000e+01   04.10473000e+01   02.66600000e-04
  07.26706000e+01   05.55700000e+01   04.27641000e+01   02.07780000e-03
  07.11353000e+01   05.52660000e+01   04.19359000e+01   03.44650000e-03
  07.95246000e+01   06.23285000e+01   04.47093000e+01   02.98050000e-03
  08.04291000e+01   06.12569000e+01   04.33683000e+01  -05.01900000e-04
  08.01282000e+01   05.92822000e+01   03.20558000e+01  -05.40000000e-06
  08.11802000e+01   05.92691000e+01   03.34356000e+01  -02.73660000e-03
  07.13741000e+01   05.77233000e+01   04.28349000e+01   06.65000000e-04
  07.10911000e+01   05.74874000e+01   04.12085000e+01  -04.07950000e-03
  07.82900000e+01   05.84050000e+01   03.31903000e+01   01.58140000e-02
  07.87303000e+01   06.00956000e+01   03.36781000e+01   09.11190000e-03
  08.27889000e+01   05.55932000e+01   04.77006000e+01   00.00000000e+00
  08.19343000e+01   05.72665000e+01   04.75799000e+01   00.00000000e+00
  08.10101000e+01   05.57169000e+01   04.75373000e+01   00.00000000e+00
  08.18553000e+01   05.44228000e+01   04.43165000e+01   00.00000000e+00
  08.25830000e+01   05.39577000e+01   04.57226000e+01   00.00000000e+00
  08.09127000e+01   05.40952000e+01   04.57866000e+01   00.00000000e+00
  08.40944000e+01   05.61066000e+01   04.55218000e+01   00.00000000e+00
  08.33700000e+01   05.76659000e+01   04.57120000e+01   00.00000000e+00
  08.24883000e+01   05.71914000e+01   04.32839000e+01   00.00000000e+00
  08.37432000e+01   05.59516000e+01   04.32067000e+01   00.00000000e+00
  08.54436000e+01   05.77782000e+01   04.36422000e+01   00.00000000e+00
  08.41132000e+01   05.87970000e+01   04.39343000e+01   00.00000000e+00
  08.61746000e+01   05.95206000e+01   04.14086000e+01   00.00000000e+00
  08.47452000e+01   06.05157000e+01   04.13845000e+01   00.00000000e+00
  08.53746000e+01   06.03084000e+01   04.28911000e+01   00.00000000e+00
  08.40339000e+01   05.67734000e+01   04.09268000e+01   00.00000000e+00
  08.56351000e+01   05.70272000e+01   04.09833000e+01   00.00000000e+00
  08.52898000e+01   05.90331000e+01   03.92447000e+01   00.00000000e+00
  08.36752000e+01   05.82834000e+01   03.92009000e+01   00.00000000e+00
  08.44238000e+01   05.63993000e+01   03.84040000e+01   00.00000000e+00
  08.61497000e+01   05.66949000e+01   03.85083000e+01   00.00000000e+00
  07.22796000e+01   05.69035000e+01   03.91028000e+01   07.20400000e-04
  07.59579000e+01   06.05733000e+01   04.28024000e+01  -02.39543000e-02
  08.05923000e+01   06.07106000e+01   03.81718000e+01   04.89340000e-03
  07.63828000e+01   05.77362000e+01   03.33987000e+01  -02.28199000e-02
  07.75601000e+01   06.24464000e+01   04.31879000e+01  -01.51750000e-03
  08.59223000e+01   05.90095000e+01   03.55541000e+01   00.00000000e+00
  08.60684000e+01   05.96404000e+01   03.72198000e+01   00.00000000e+00
  08.73101000e+01   05.84179000e+01   03.66072000e+01   00.00000000e+00
  08.42803000e+01   05.79899000e+01   03.66131000e+01   00.00000000e+00
  08.46882000e+01   05.56407000e+01   03.64125000e+01   00.00000000e+00
  08.63230000e+01   05.59440000e+01   03.61470000e+01   00.00000000e+00
  08.60984000e+01   05.69041000e+01   03.40714000e+01   00.00000000e+00
  08.43697000e+01   05.72788000e+01   03.42364000e+01   00.00000000e+00
  08.57425000e+01   05.45912000e+01   03.37727000e+01   00.00000000e+00
  08.46141000e+01   05.54519000e+01   03.27691000e+01   00.00000000e+00
  08.43381000e+01   05.25060000e+01   03.35955000e+01   00.00000000e+00
  08.45252000e+01   05.25861000e+01   03.52941000e+01   00.00000000e+00
  08.29315000e+01   05.22761000e+01   03.45783000e+01   00.00000000e+00
  08.03857000e+01   06.02885000e+01   03.57415000e+01   05.57290000e-03
  07.94847000e+01   05.74351000e+01   03.51202000e+01  -01.28866000e-02
  08.24512000e+01   05.54373000e+01   03.56606000e+01   00.00000000e+00
  08.10958000e+01   05.65905000e+01   04.53946000e+01   00.00000000e+00
  08.33554000e+01   05.88316000e+01   04.18145000e+01   00.00000000e+00
  08.07652000e+01   05.45743000e+01   03.36279000e+01  -01.99830000e-03
  08.20354000e+01   05.51067000e+01   03.25868000e+01  -01.85290000e-03
