  07.80281000e+01   05.86292000e+01   03.48278000e+01  -06.11779000e-02
  07.81064000e+01   06.30216000e+01   04.35009000e+01   01.75852000e-02
  07.13533000e+01   05.84523000e+01   04.34419000e+01   01.01800000e-02
  07.39520000e+01   05.60041000e+01   03.61919000e+01  -01.32723000e-02
  07.69914000e+01   05.93019000e+01   03.81880000e+01  -04.57645000e-02
  07.91694000e+01   05.85020000e+01   03.38037000e+01   02.46758000e-02
  07.72927000e+01   06.37941000e+01   04.42815000e+01  -01.71993000e-02
  07.17075000e+01   05.70062000e+01   04.38903000e+01  -09.39340000e-03
  07.54373000e+01   05.64023000e+01   03.59539000e+01   07.66074000e-02
  07.68663000e+01   06.11261000e+01   04.05326000e+01   09.44338000e-02
  07.33439000e+01   05.51954000e+01   03.55374000e+01   01.54319000e-02
  07.94617000e+01   05.70626000e+01   03.34990000e+01  -01.56515000e-02
  07.63689000e+01   05.51581000e+01   03.58989000e+01  -02.00050000e-02
  07.42185000e+01   05.83688000e+01   03.88065000e+01  -08.09918000e-02
  07.66679000e+01   05.29827000e+01   03.69114000e+01   04.03650000e-03
  07.57360000e+01   05.75170000e+01   03.69851000e+01  -01.43447000e-01
  07.87317000e+01   06.09481000e+01   03.89435000e+01   01.23287000e-02
  07.55439000e+01   06.13490000e+01   04.26431000e+01   02.21683000e-01
  07.24149000e+01   05.83033000e+01   04.04563000e+01  -05.42921000e-02
  08.04963000e+01   05.87932000e+01   03.75186000e+01   02.66866000e-02
  08.01230000e+01   06.27471000e+01   04.10789000e+01   04.35609000e-02
  07.34512000e+01   06.07397000e+01   04.48823000e+01   02.36507000e-02
  07.13411000e+01   05.60090000e+01   03.84397000e+01  -06.09964000e-02
  08.03109000e+01   05.50025000e+01   03.43293000e+01   08.71130000e-03
  07.69045000e+01   05.83265000e+01   03.72049000e+01   01.26858000e-01
  07.81391000e+01   06.14334000e+01   04.01304000e+01  -03.45042000e-02
  07.44083000e+01   06.05016000e+01   04.24103000e+01  -02.04376000e-01
  07.29832000e+01   05.78834000e+01   03.92251000e+01   07.60142000e-02
  07.93001000e+01   05.65045000e+01   03.24619000e+01   05.08730000e-03
  07.72501000e+01   05.49359000e+01   03.50659000e+01   06.92200000e-04
  08.04145000e+01   05.44714000e+01   03.57272000e+01   00.00000000e+00
  07.82369000e+01   05.82897000e+01   03.63815000e+01   07.64245000e-02
  07.87500000e+01   06.22213000e+01   04.11681000e+01  -04.66821000e-02
  07.34348000e+01   06.01776000e+01   04.34438000e+01   01.65461000e-02
  07.24913000e+01   05.69057000e+01   03.83038000e+01   05.49912000e-02
  08.00133000e+01   05.64502000e+01   03.45942000e+01   03.30200000e-04
  07.60388000e+01   05.43228000e+01   03.69457000e+01   04.02810000e-03
  08.15730000e+01   05.41799000e+01   03.62402000e+01   00.00000000e+00
  07.91225000e+01   05.93700000e+01   03.70021000e+01  -04.69336000e-02
  07.77990000e+01   06.23926000e+01   04.22067000e+01  -07.68710000e-03
  07.25144000e+01   05.92688000e+01   04.28382000e+01  -03.37389000e-02
  07.35552000e+01   05.66898000e+01   03.73860000e+01   03.64969000e-02
  08.23308000e+01   05.28581000e+01   03.60327000e+01   00.00000000e+00
  07.82550000e+01   05.99305000e+01   03.81188000e+01  -09.58259000e-02
  07.66438000e+01   06.16445000e+01   04.17969000e+01  -01.77941000e-01
  07.29995000e+01   05.91404000e+01   04.14781000e+01   06.74294000e-02
  07.45386000e+01   05.75933000e+01   03.77087000e+01   01.44326000e-01
  08.21016000e+01   05.50495000e+01   03.73521000e+01   00.00000000e+00
  08.34443000e+01   05.57758000e+01   03.71978000e+01   00.00000000e+00
  08.38003000e+01   05.66133000e+01   03.84968000e+01   00.00000000e+00
  08.41809000e+01   05.81414000e+01   03.82160000e+01   00.00000000e+00
  08.53863000e+01   05.83612000e+01   03.72656000e+01   00.00000000e+00
  08.43114000e+01   05.90180000e+01   03.95292000e+01   00.00000000e+00
  08.29807000e+01   05.92261000e+01   04.03284000e+01   00.00000000e+00
  08.32574000e+01   06.01109000e+01   04.15277000e+01   00.00000000e+00
  08.42995000e+01   05.95310000e+01   04.25592000e+01   00.00000000e+00
  08.39070000e+01   05.81363000e+01   04.31741000e+01   00.00000000e+00
  08.45253000e+01   06.06282000e+01   04.36827000e+01   00.00000000e+00
  08.33867000e+01   06.09898000e+01   04.46428000e+01   00.00000000e+00
  08.37351000e+01   06.22353000e+01   04.54702000e+01   00.00000000e+00
  08.25786000e+01   06.28655000e+01   04.64020000e+01   00.00000000e+00
  08.30840000e+01   06.41408000e+01   04.70701000e+01   00.00000000e+00
  08.12507000e+01   06.31412000e+01   04.57041000e+01   00.00000000e+00
  07.41590000e+01   05.98620000e+01   04.12404000e+01   03.65717000e-02
  07.55093000e+01   05.98158000e+01   03.96250000e+01  -06.37550000e-03
  07.11916000e+01   05.51730000e+01   03.78326000e+01   01.79582000e-02
  07.12498000e+01   05.56584000e+01   03.94835000e+01   01.23366000e-02
  07.04920000e+01   05.66462000e+01   03.82047000e+01   01.80857000e-02
  07.44349000e+01   06.09686000e+01   04.52975000e+01  -03.55350000e-03
  07.28529000e+01   06.16533000e+01   04.49113000e+01  -05.48890000e-03
  07.30269000e+01   06.00470000e+01   04.56175000e+01  -05.73590000e-03
  08.07080000e+01   06.18484000e+01   04.08446000e+01  -01.16015000e-02
  08.01875000e+01   06.34945000e+01   04.02264000e+01  -01.03548000e-02
  08.03938000e+01   06.32324000e+01   04.19804000e+01  -01.10806000e-02
  08.02713000e+01   05.80316000e+01   03.82452000e+01  -06.50300000e-03
  08.08436000e+01   05.82396000e+01   03.66557000e+01  -03.84930000e-03
  08.11851000e+01   05.95311000e+01   03.78773000e+01  -06.75510000e-03
  07.62330000e+01   05.23737000e+01   03.60748000e+01   06.96000000e-05
  07.76606000e+01   05.30842000e+01   03.66573000e+01  -02.56130000e-03
  07.66175000e+01   05.25513000e+01   03.78853000e+01  -08.86000000e-04
  07.08355000e+01   05.64675000e+01   04.43543000e+01   02.66600000e-04
  07.20409000e+01   05.63571000e+01   04.31186000e+01   02.07780000e-03
  07.24999000e+01   05.70366000e+01   04.46311000e+01   03.44650000e-03
  07.77004000e+01   06.42124000e+01   04.52348000e+01   02.98050000e-03
  07.62273000e+01   06.40286000e+01   04.40151000e+01  -05.01900000e-04
  07.86974000e+01   05.89511000e+01   03.28947000e+01  -05.40000000e-06
  08.00878000e+01   05.90690000e+01   03.39999000e+01  -02.73660000e-03
  07.10438000e+01   05.89373000e+01   04.43575000e+01   06.65000000e-04
  07.05197000e+01   05.84592000e+01   04.27094000e+01  -04.07950000e-03
  07.71679000e+01   05.80896000e+01   03.44231000e+01   01.58140000e-02
  07.77004000e+01   05.96877000e+01   03.48439000e+01   09.11190000e-03
  08.14054000e+01   06.37402000e+01   04.48001000e+01   00.00000000e+00
  08.08651000e+01   06.21676000e+01   04.54369000e+01   00.00000000e+00
  08.05840000e+01   06.36687000e+01   04.63538000e+01   00.00000000e+00
  08.33873000e+01   06.48867000e+01   04.63307000e+01   00.00000000e+00
  08.23543000e+01   06.44752000e+01   04.78261000e+01   00.00000000e+00
  08.40042000e+01   06.38794000e+01   04.76161000e+01   00.00000000e+00
  08.45698000e+01   06.21276000e+01   04.61205000e+01   00.00000000e+00
  08.40453000e+01   06.30383000e+01   04.47922000e+01   00.00000000e+00
  08.25480000e+01   06.13083000e+01   04.40432000e+01   00.00000000e+00
  08.32285000e+01   06.01525000e+01   04.53344000e+01   00.00000000e+00
  08.52937000e+01   06.02377000e+01   04.43329000e+01   00.00000000e+00
  08.48554000e+01   06.15963000e+01   04.32688000e+01   00.00000000e+00
  08.34150000e+01   05.74890000e+01   04.23996000e+01   00.00000000e+00
  08.48075000e+01   05.77917000e+01   04.36973000e+01   00.00000000e+00
  08.30521000e+01   05.83137000e+01   04.38610000e+01   00.00000000e+00
  08.35260000e+01   06.11782000e+01   04.12685000e+01   00.00000000e+00
  08.22762000e+01   06.02449000e+01   04.19535000e+01   00.00000000e+00
  08.23282000e+01   05.97592000e+01   03.96953000e+01   00.00000000e+00
  08.25476000e+01   05.81875000e+01   04.05086000e+01   00.00000000e+00
  08.49143000e+01   05.85847000e+01   04.02316000e+01   00.00000000e+00
  08.46395000e+01   06.00084000e+01   03.93391000e+01   00.00000000e+00
  07.14294000e+01   05.78282000e+01   04.07379000e+01   07.20400000e-04
  07.56285000e+01   06.18330000e+01   04.36611000e+01  -02.39543000e-02
  07.97472000e+01   06.12665000e+01   03.86949000e+01   04.89340000e-03
  07.55383000e+01   05.68973000e+01   03.50316000e+01  -02.28199000e-02
  07.91065000e+01   06.29508000e+01   04.38390000e+01  -01.51750000e-03
  08.61382000e+01   05.76445000e+01   03.76083000e+01   00.00000000e+00
  08.50124000e+01   05.83764000e+01   03.62099000e+01   00.00000000e+00
  08.58450000e+01   05.93030000e+01   03.75556000e+01   00.00000000e+00
  08.33576000e+01   05.86004000e+01   03.76425000e+01   00.00000000e+00
  08.28955000e+01   05.65493000e+01   03.91298000e+01   00.00000000e+00
  08.45627000e+01   05.60909000e+01   03.90579000e+01   00.00000000e+00
  08.42236000e+01   05.52135000e+01   03.68731000e+01   00.00000000e+00
  08.33059000e+01   05.65439000e+01   03.64145000e+01   00.00000000e+00
  08.13082000e+01   05.58240000e+01   03.74031000e+01   00.00000000e+00
  08.21240000e+01   05.44687000e+01   03.83005000e+01   00.00000000e+00
  08.25003000e+01   05.23886000e+01   03.70002000e+01   00.00000000e+00
  08.17991000e+01   05.21415000e+01   03.54558000e+01   00.00000000e+00
  08.33382000e+01   05.30379000e+01   03.56451000e+01   00.00000000e+00
  07.94188000e+01   06.01491000e+01   03.62399000e+01   05.57290000e-03
  07.85359000e+01   05.72867000e+01   03.65387000e+01  -01.28866000e-02
  07.95007000e+01   05.41409000e+01   03.62715000e+01   00.00000000e+00
  08.24649000e+01   06.21748000e+01   04.71786000e+01   00.00000000e+00
  08.53104000e+01   05.94783000e+01   04.20693000e+01   00.00000000e+00
  07.95820000e+01   05.45188000e+01   03.37544000e+01  -01.99830000e-03
  08.11836000e+01   05.48365000e+01   03.37564000e+01  -01.85290000e-03
