  07.93772000e+01   05.89107000e+01   03.46926000e+01  -06.11779000e-02
  07.90331000e+01   06.25497000e+01   04.37447000e+01   01.75852000e-02
  07.23336000e+01   05.83226000e+01   04.30119000e+01   01.01800000e-02
  07.49702000e+01   05.66212000e+01   03.56349000e+01  -01.32723000e-02
  07.82549000e+01   05.93523000e+01   03.79964000e+01  -04.57645000e-02
  08.06253000e+01   05.87371000e+01   03.36938000e+01   02.46758000e-02
  08.02945000e+01   06.27306000e+01   04.43279000e+01  -01.71993000e-02
  07.26340000e+01   05.74266000e+01   04.42733000e+01  -09.39340000e-03
  07.64533000e+01   05.71074000e+01   03.54471000e+01   07.66074000e-02
  07.79183000e+01   06.09435000e+01   04.05617000e+01   09.44338000e-02
  07.43869000e+01   05.58961000e+01   03.48535000e+01   01.54319000e-02
  08.09830000e+01   05.72836000e+01   03.33785000e+01  -01.56515000e-02
  07.72959000e+01   05.58984000e+01   03.51175000e+01  -02.00050000e-02
  07.54473000e+01   05.85521000e+01   03.85650000e+01  -08.09918000e-02
  07.82850000e+01   05.38957000e+01   03.58829000e+01   04.03650000e-03
  07.68816000e+01   05.79836000e+01   03.66228000e+01  -01.43447000e-01
  07.98664000e+01   06.07308000e+01   03.90701000e+01   01.23287000e-02
  07.66889000e+01   06.10364000e+01   04.26281000e+01   02.21683000e-01
  07.35951000e+01   05.83864000e+01   04.00683000e+01  -05.42921000e-02
  08.17287000e+01   05.85280000e+01   03.75841000e+01   02.66866000e-02
  08.11207000e+01   06.27382000e+01   04.11586000e+01   04.35609000e-02
  07.42856000e+01   06.02363000e+01   04.47198000e+01   02.36507000e-02
  07.21880000e+01   05.68371000e+01   03.77441000e+01  -06.09964000e-02
  08.17415000e+01   05.52183000e+01   03.42421000e+01   08.71130000e-03
  07.81063000e+01   05.85943000e+01   03.68492000e+01   01.26858000e-01
  07.91857000e+01   06.12977000e+01   04.01764000e+01  -03.45042000e-02
  07.55377000e+01   06.03080000e+01   04.23605000e+01  -02.04376000e-01
  07.41249000e+01   05.81295000e+01   03.87977000e+01   07.60142000e-02
  08.05900000e+01   05.66668000e+01   03.23822000e+01   05.08730000e-03
  07.78797000e+01   05.57606000e+01   03.40219000e+01   06.92200000e-04
  08.25916000e+01   05.47641000e+01   03.53839000e+01   00.00000000e+00
  07.94660000e+01   05.84256000e+01   03.61064000e+01   07.64245000e-02
  07.97660000e+01   06.21741000e+01   04.12579000e+01  -04.66821000e-02
  07.44542000e+01   05.98915000e+01   04.32900000e+01   01.65461000e-02
  07.35530000e+01   05.74266000e+01   03.77850000e+01   05.49912000e-02
  08.16326000e+01   05.66518000e+01   03.44204000e+01   03.30200000e-04
  07.73672000e+01   05.50183000e+01   03.61220000e+01   04.02810000e-03
  08.37651000e+01   05.41792000e+01   03.51977000e+01   00.00000000e+00
  08.04649000e+01   05.92789000e+01   03.69929000e+01  -04.69336000e-02
  07.88326000e+01   06.21800000e+01   04.23408000e+01  -07.68710000e-03
  07.35890000e+01   05.91053000e+01   04.25425000e+01  -03.37389000e-02
  07.46156000e+01   05.72362000e+01   03.68738000e+01   03.64969000e-02
  08.38088000e+01   05.26540000e+01   03.50554000e+01   00.00000000e+00
  07.94890000e+01   05.98040000e+01   03.81038000e+01  -09.58259000e-02
  07.77142000e+01   06.14168000e+01   04.18637000e+01  -01.77941000e-01
  07.41550000e+01   05.90770000e+01   04.11738000e+01   06.74294000e-02
  07.57234000e+01   05.79971000e+01   03.74062000e+01   01.44326000e-01
  08.50765000e+01   05.49280000e+01   03.52258000e+01   00.00000000e+00
  08.52309000e+01   05.61878000e+01   03.61573000e+01   00.00000000e+00
  08.53989000e+01   05.58081000e+01   03.76670000e+01   00.00000000e+00
  08.56317000e+01   05.70660000e+01   03.86304000e+01   00.00000000e+00
  08.65345000e+01   05.81342000e+01   03.79041000e+01   00.00000000e+00
  08.60360000e+01   05.67281000e+01   04.01561000e+01   00.00000000e+00
  08.59564000e+01   05.79833000e+01   04.10549000e+01   00.00000000e+00
  08.64867000e+01   05.76994000e+01   04.25190000e+01   00.00000000e+00
  08.63409000e+01   05.88335000e+01   04.35879000e+01   00.00000000e+00
  08.73628000e+01   06.00008000e+01   04.32445000e+01   00.00000000e+00
  08.66449000e+01   05.83544000e+01   04.50938000e+01   00.00000000e+00
  08.60171000e+01   05.92980000e+01   04.61579000e+01   00.00000000e+00
  08.58913000e+01   05.85853000e+01   04.75087000e+01   00.00000000e+00
  08.50977000e+01   05.93536000e+01   04.85495000e+01   00.00000000e+00
  08.36015000e+01   05.92936000e+01   04.84052000e+01   00.00000000e+00
  08.55376000e+01   05.90403000e+01   05.00526000e+01   00.00000000e+00
  07.52908000e+01   05.96954000e+01   04.11438000e+01   03.65717000e-02
  07.66489000e+01   05.97456000e+01   03.95352000e+01  -06.37550000e-03
  07.22244000e+01   05.59027000e+01   03.82747000e+01   01.79582000e-02
  07.14691000e+01   05.75024000e+01   03.82581000e+01   01.23366000e-02
  07.17557000e+01   05.66296000e+01   03.67893000e+01   01.80857000e-02
  07.45040000e+01   06.12966000e+01   04.49276000e+01  -03.55350000e-03
  07.33193000e+01   06.00428000e+01   04.51858000e+01  -05.48890000e-03
  07.49725000e+01   05.95285000e+01   04.52547000e+01  -05.73590000e-03
  08.09546000e+01   06.37129000e+01   04.16432000e+01  -01.16015000e-02
  08.17993000e+01   06.21457000e+01   04.17369000e+01  -01.03548000e-02
  08.13569000e+01   06.29415000e+01   04.01442000e+01  -01.10806000e-02
  08.13976000e+01   05.78263000e+01   03.83886000e+01  -06.50300000e-03
  08.22576000e+01   05.80271000e+01   03.67859000e+01  -03.84930000e-03
  08.24632000e+01   05.92036000e+01   03.79201000e+01  -06.75510000e-03
  07.79579000e+01   05.31839000e+01   03.66882000e+01   06.96000000e-05
  07.80552000e+01   05.33266000e+01   03.49613000e+01  -02.56130000e-03
  07.93234000e+01   05.41008000e+01   03.61167000e+01  -08.86000000e-04
  07.22309000e+01   05.79552000e+01   04.51083000e+01   02.66600000e-04
  07.19528000e+01   05.65440000e+01   04.41556000e+01   02.07780000e-03
  07.36249000e+01   05.70805000e+01   04.43879000e+01   03.44650000e-03
  08.03419000e+01   06.29883000e+01   04.54395000e+01   02.98050000e-03
  08.12510000e+01   06.26989000e+01   04.37797000e+01  -05.01900000e-04
  08.04066000e+01   05.93190000e+01   03.27511000e+01  -05.40000000e-06
  08.15505000e+01   05.91964000e+01   03.41004000e+01  -02.73660000e-03
  07.16744000e+01   05.90830000e+01   04.34381000e+01   06.65000000e-04
  07.19262000e+01   05.77928000e+01   04.21765000e+01  -04.07950000e-03
  07.84872000e+01   05.86236000e+01   03.42087000e+01   01.58140000e-02
  07.92661000e+01   05.99948000e+01   03.47643000e+01   09.11190000e-03
  08.53914000e+01   05.79703000e+01   05.02330000e+01   00.00000000e+00
  08.66142000e+01   05.92121000e+01   05.00426000e+01   00.00000000e+00
  08.50169000e+01   05.96287000e+01   05.08073000e+01   00.00000000e+00
  08.33160000e+01   05.82878000e+01   04.85763000e+01   00.00000000e+00
  08.31657000e+01   05.98741000e+01   04.92130000e+01   00.00000000e+00
  08.32940000e+01   05.96171000e+01   04.73933000e+01   00.00000000e+00
  08.55235000e+01   05.75639000e+01   04.74628000e+01   00.00000000e+00
  08.69551000e+01   05.84828000e+01   04.78110000e+01   00.00000000e+00
  08.66728000e+01   06.01384000e+01   04.64326000e+01   00.00000000e+00
  08.50359000e+01   05.95431000e+01   04.57751000e+01   00.00000000e+00
  08.60773000e+01   05.74254000e+01   04.51346000e+01   00.00000000e+00
  08.77101000e+01   05.81821000e+01   04.53898000e+01   00.00000000e+00
  08.75476000e+01   06.06295000e+01   04.41705000e+01   00.00000000e+00
  08.83413000e+01   05.96293000e+01   04.30280000e+01   00.00000000e+00
  08.69034000e+01   06.06750000e+01   04.25400000e+01   00.00000000e+00
  08.58917000e+01   05.68958000e+01   04.28832000e+01   00.00000000e+00
  08.75431000e+01   05.73460000e+01   04.24772000e+01   00.00000000e+00
  08.65506000e+01   05.87892000e+01   04.06688000e+01   00.00000000e+00
  08.49448000e+01   05.83729000e+01   04.10952000e+01   00.00000000e+00
  08.53402000e+01   05.59202000e+01   04.04310000e+01   00.00000000e+00
  08.70925000e+01   05.65194000e+01   04.00828000e+01   00.00000000e+00
  07.25510000e+01   05.80761000e+01   04.03030000e+01   07.20400000e-04
  07.67245000e+01   06.14625000e+01   04.36099000e+01  -02.39543000e-02
  08.09551000e+01   06.09339000e+01   03.90938000e+01   04.89340000e-03
  07.63436000e+01   05.76159000e+01   03.44646000e+01  -02.28199000e-02
  07.81201000e+01   06.25965000e+01   04.43128000e+01  -01.51750000e-03
  08.73735000e+01   05.76289000e+01   03.75215000e+01   00.00000000e+00
  08.60424000e+01   05.84785000e+01   03.70599000e+01   00.00000000e+00
  08.68074000e+01   05.89952000e+01   03.85245000e+01   00.00000000e+00
  08.47152000e+01   05.75660000e+01   03.86448000e+01   00.00000000e+00
  08.45612000e+01   05.52297000e+01   03.80824000e+01   00.00000000e+00
  08.61936000e+01   05.50590000e+01   03.76358000e+01   00.00000000e+00
  08.61124000e+01   05.67223000e+01   03.57573000e+01   00.00000000e+00
  08.43646000e+01   05.68244000e+01   03.60574000e+01   00.00000000e+00
  08.58965000e+01   05.43051000e+01   03.53937000e+01   00.00000000e+00
  08.51017000e+01   05.51718000e+01   03.41836000e+01   00.00000000e+00
  08.43011000e+01   05.24950000e+01   03.40465000e+01   00.00000000e+00
  08.42757000e+01   05.22609000e+01   03.59297000e+01   00.00000000e+00
  08.27700000e+01   05.24123000e+01   03.49619000e+01   00.00000000e+00
  08.08557000e+01   06.01606000e+01   03.65163000e+01   05.57290000e-03
  07.96199000e+01   05.73263000e+01   03.62108000e+01  -01.28866000e-02
  08.21053000e+01   05.48660000e+01   03.62576000e+01   00.00000000e+00
  08.54165000e+01   06.03896000e+01   04.84698000e+01   00.00000000e+00
  08.53906000e+01   05.92922000e+01   04.36022000e+01   00.00000000e+00
  08.08739000e+01   05.45489000e+01   03.42888000e+01  -01.99830000e-03
  08.23194000e+01   05.49647000e+01   03.34070000e+01  -01.85290000e-03
