  07.68588000e+01   05.75677000e+01   03.31561000e+01  -06.11779000e-02
  07.71449000e+01   06.12887000e+01   04.20590000e+01   01.75852000e-02
  06.99985000e+01   05.73622000e+01   04.16863000e+01   01.01800000e-02
  07.27914000e+01   05.48972000e+01   03.43269000e+01  -01.32723000e-02
  07.59363000e+01   05.79460000e+01   03.64440000e+01  -04.57645000e-02
  07.80496000e+01   05.74889000e+01   03.22187000e+01   02.46758000e-02
  07.61926000e+01   06.18636000e+01   04.28180000e+01  -01.71993000e-02
  06.97913000e+01   05.58012000e+01   04.16492000e+01  -09.39340000e-03
  07.42330000e+01   05.55289000e+01   03.39685000e+01   07.66074000e-02
  07.58202000e+01   05.94903000e+01   03.90034000e+01   09.44338000e-02
  07.22211000e+01   05.39646000e+01   03.37371000e+01   01.54319000e-02
  07.85261000e+01   05.60866000e+01   03.17073000e+01  -01.56515000e-02
  07.52462000e+01   05.44105000e+01   03.36263000e+01  -02.00050000e-02
  07.31495000e+01   05.69743000e+01   03.71911000e+01  -08.09918000e-02
  07.62242000e+01   05.24527000e+01   03.44894000e+01   04.03650000e-03
  07.45653000e+01   05.64671000e+01   03.51525000e+01  -01.43447000e-01
  07.77593000e+01   05.90675000e+01   03.75863000e+01   01.23287000e-02
  07.46052000e+01   05.96272000e+01   04.10940000e+01   02.21683000e-01
  07.12156000e+01   05.68779000e+01   03.86927000e+01  -05.42921000e-02
  07.91923000e+01   05.67418000e+01   03.59214000e+01   02.66866000e-02
  07.92330000e+01   06.08665000e+01   03.97463000e+01   04.35609000e-02
  07.23300000e+01   05.92204000e+01   04.32400000e+01   02.36507000e-02
  07.01401000e+01   05.47536000e+01   03.66334000e+01  -06.09964000e-02
  07.95830000e+01   05.40796000e+01   03.24158000e+01   08.71130000e-03
  07.57621000e+01   05.71297000e+01   03.53859000e+01   01.26858000e-01
  07.71524000e+01   05.95705000e+01   03.87072000e+01  -03.45042000e-02
  07.34092000e+01   05.88261000e+01   04.08790000e+01  -02.04376000e-01
  07.18536000e+01   05.65299000e+01   03.74867000e+01   07.60142000e-02
  07.82431000e+01   05.55953000e+01   03.07024000e+01   05.08730000e-03
  07.59827000e+01   05.42405000e+01   03.26490000e+01   06.92200000e-04
  08.02604000e+01   05.36801000e+01   03.36835000e+01   00.00000000e+00
  07.71218000e+01   05.70134000e+01   03.45563000e+01   07.64245000e-02
  07.78517000e+01   06.03723000e+01   03.97779000e+01  -04.66821000e-02
  07.23664000e+01   05.84924000e+01   04.18747000e+01   01.65461000e-02
  07.13966000e+01   05.55670000e+01   03.64920000e+01   05.49912000e-02
  07.92825000e+01   05.55020000e+01   03.27212000e+01   03.30200000e-04
  07.52962000e+01   05.36154000e+01   03.47302000e+01   04.02810000e-03
  08.12912000e+01   05.29132000e+01   03.40019000e+01   00.00000000e+00
  07.80892000e+01   05.77402000e+01   03.54657000e+01  -04.69336000e-02
  07.69280000e+01   06.05691000e+01   04.07810000e+01  -07.68710000e-03
  07.13590000e+01   05.78015000e+01   04.11854000e+01  -03.37389000e-02
  07.23976000e+01   05.55336000e+01   03.54989000e+01   03.64969000e-02
  08.12277000e+01   05.15263000e+01   03.44037000e+01   00.00000000e+00
  07.72228000e+01   05.83155000e+01   03.65624000e+01  -09.58259000e-02
  07.57060000e+01   05.99029000e+01   04.03243000e+01  -01.77941000e-01
  07.18627000e+01   05.75863000e+01   03.98057000e+01   06.74294000e-02
  07.34369000e+01   05.64494000e+01   03.59831000e+01   01.44326000e-01
  08.27067000e+01   05.34007000e+01   03.39644000e+01   00.00000000e+00
  08.29575000e+01   05.48817000e+01   03.42302000e+01   00.00000000e+00
  08.32345000e+01   05.53242000e+01   03.56853000e+01   00.00000000e+00
  08.31357000e+01   05.68283000e+01   03.59634000e+01   00.00000000e+00
  08.42228000e+01   05.76588000e+01   03.51716000e+01   00.00000000e+00
  08.33286000e+01   05.71356000e+01   03.75082000e+01   00.00000000e+00
  08.23843000e+01   05.63358000e+01   03.84735000e+01   00.00000000e+00
  08.24686000e+01   05.70311000e+01   03.99070000e+01   00.00000000e+00
  08.14666000e+01   05.64325000e+01   04.09463000e+01   00.00000000e+00
  07.99950000e+01   05.67418000e+01   04.04667000e+01   00.00000000e+00
  08.19229000e+01   05.68495000e+01   04.24274000e+01   00.00000000e+00
  08.19426000e+01   05.84228000e+01   04.26906000e+01   00.00000000e+00
  08.27839000e+01   05.87484000e+01   04.39992000e+01   00.00000000e+00
  08.29722000e+01   06.03305000e+01   04.42922000e+01   00.00000000e+00
  08.15921000e+01   06.10901000e+01   04.44347000e+01   00.00000000e+00
  08.39921000e+01   06.06232000e+01   04.54190000e+01   00.00000000e+00
  07.30629000e+01   05.82541000e+01   03.96822000e+01   03.65717000e-02
  07.43395000e+01   05.83386000e+01   03.80288000e+01  -06.37550000e-03
  07.00144000e+01   05.37296000e+01   03.61156000e+01   01.79582000e-02
  07.00288000e+01   05.46090000e+01   03.77688000e+01   01.23366000e-02
  06.94432000e+01   05.53695000e+01   03.62888000e+01   01.80857000e-02
  07.13365000e+01   05.91564000e+01   04.36158000e+01  -03.55350000e-03
  07.30328000e+01   05.87485000e+01   04.39736000e+01  -05.48890000e-03
  07.27202000e+01   06.02222000e+01   04.32269000e+01  -05.73590000e-03
  07.93817000e+01   06.17626000e+01   04.03567000e+01  -01.16015000e-02
  07.98220000e+01   06.00702000e+01   04.01317000e+01  -01.03548000e-02
  07.93889000e+01   06.10728000e+01   03.87009000e+01  -01.10806000e-02
  07.95708000e+01   05.71025000e+01   03.68641000e+01  -06.50300000e-03
  07.88170000e+01   05.57600000e+01   03.59307000e+01  -03.84930000e-03
  08.00260000e+01   05.68209000e+01   03.53136000e+01  -06.75510000e-03
  07.72234000e+01   05.27192000e+01   03.40195000e+01   06.96000000e-05
  07.65112000e+01   05.20199000e+01   03.53824000e+01  -02.56130000e-03
  07.57683000e+01   05.17804000e+01   03.37470000e+01  -08.86000000e-04
  07.04774000e+01   05.54160000e+01   04.23737000e+01   02.66600000e-04
  06.87689000e+01   05.55497000e+01   04.18994000e+01   02.07780000e-03
  07.02109000e+01   05.53662000e+01   04.07954000e+01   03.44650000e-03
  07.64901000e+01   06.23967000e+01   04.37368000e+01   02.98050000e-03
  07.51586000e+01   06.20472000e+01   04.24805000e+01  -05.01900000e-04
  07.77095000e+01   05.79680000e+01   03.13899000e+01  -05.40000000e-06
  07.89475000e+01   05.81164000e+01   03.25235000e+01  -02.73660000e-03
  06.98759000e+01   05.74973000e+01   04.27483000e+01   06.65000000e-04
  06.92230000e+01   05.78957000e+01   04.11719000e+01  -04.07950000e-03
  07.60747000e+01   05.69770000e+01   03.26150000e+01   01.58140000e-02
  07.64778000e+01   05.85684000e+01   03.32850000e+01   09.11190000e-03
  08.37459000e+01   05.99905000e+01   04.62358000e+01   00.00000000e+00
  08.49865000e+01   06.04067000e+01   04.50943000e+01   00.00000000e+00
  08.39977000e+01   06.16649000e+01   04.56940000e+01   00.00000000e+00
  08.10214000e+01   06.10275000e+01   04.34740000e+01   00.00000000e+00
  08.09764000e+01   06.05352000e+01   04.52177000e+01   00.00000000e+00
  08.19625000e+01   06.20382000e+01   04.47613000e+01   00.00000000e+00
  08.22604000e+01   05.83057000e+01   04.48420000e+01   00.00000000e+00
  08.37510000e+01   05.83314000e+01   04.39190000e+01   00.00000000e+00
  08.24452000e+01   05.88874000e+01   04.18166000e+01   00.00000000e+00
  08.09306000e+01   05.87614000e+01   04.26971000e+01   00.00000000e+00
  08.11901000e+01   05.63557000e+01   04.30863000e+01   00.00000000e+00
  08.28198000e+01   05.63572000e+01   04.27137000e+01   00.00000000e+00
  07.99249000e+01   05.63160000e+01   03.94743000e+01   00.00000000e+00
  07.93053000e+01   05.63004000e+01   04.11646000e+01   00.00000000e+00
  07.98247000e+01   05.77840000e+01   04.03309000e+01   00.00000000e+00
  08.34464000e+01   05.68991000e+01   04.03265000e+01   00.00000000e+00
  08.22846000e+01   05.80879000e+01   03.96434000e+01   00.00000000e+00
  08.14078000e+01   05.63495000e+01   03.80292000e+01   00.00000000e+00
  08.27632000e+01   05.53042000e+01   03.84627000e+01   00.00000000e+00
  08.43035000e+01   05.68185000e+01   03.78092000e+01   00.00000000e+00
  08.32469000e+01   05.82195000e+01   03.76624000e+01   00.00000000e+00
  07.02461000e+01   05.63485000e+01   03.89014000e+01   07.20400000e-04
  07.47071000e+01   05.99341000e+01   04.21455000e+01  -02.39543000e-02
  07.87696000e+01   05.93865000e+01   03.73746000e+01   04.89340000e-03
  07.40566000e+01   05.61260000e+01   03.30586000e+01  -02.28199000e-02
  07.81270000e+01   06.13522000e+01   04.23611000e+01  -01.51750000e-03
  08.42363000e+01   05.86195000e+01   03.56181000e+01   00.00000000e+00
  08.52348000e+01   05.71850000e+01   03.52041000e+01   00.00000000e+00
  08.39559000e+01   05.78030000e+01   03.41405000e+01   00.00000000e+00
  08.21668000e+01   05.72280000e+01   03.56823000e+01   00.00000000e+00
  08.25278000e+01   05.47886000e+01   03.62653000e+01   00.00000000e+00
  08.41988000e+01   05.49126000e+01   03.58635000e+01   00.00000000e+00
  08.38821000e+01   05.51788000e+01   03.36868000e+01   00.00000000e+00
  08.22008000e+01   05.54727000e+01   03.37752000e+01   00.00000000e+00
  08.33109000e+01   05.28130000e+01   03.46386000e+01   00.00000000e+00
  08.29724000e+01   05.32492000e+01   03.28984000e+01   00.00000000e+00
  08.12121000e+01   05.16005000e+01   03.54664000e+01   00.00000000e+00
  08.03342000e+01   05.10401000e+01   03.40888000e+01   00.00000000e+00
  08.21103000e+01   05.09622000e+01   03.40865000e+01   00.00000000e+00
  07.86512000e+01   05.85542000e+01   03.50141000e+01   05.57290000e-03
  07.75105000e+01   05.60473000e+01   03.44815000e+01  -01.28866000e-02
  07.97835000e+01   05.41514000e+01   03.45171000e+01   00.00000000e+00
  08.34270000e+01   06.08092000e+01   04.34042000e+01   00.00000000e+00
  08.17288000e+01   05.53512000e+01   04.09621000e+01   00.00000000e+00
  07.86894000e+01   05.34162000e+01   03.22955000e+01  -01.99830000e-03
  08.03170000e+01   05.41310000e+01   03.16032000e+01  -01.85290000e-03
