  07.94736000e+01   05.72463000e+01   03.47717000e+01  -06.11779000e-02
  07.95729000e+01   06.16916000e+01   04.34100000e+01   01.75852000e-02
  07.25408000e+01   05.77866000e+01   04.35469000e+01   01.01800000e-02
  07.49214000e+01   05.51270000e+01   03.61880000e+01  -01.32723000e-02
  07.82896000e+01   05.79397000e+01   03.81775000e+01  -04.57645000e-02
  08.06209000e+01   05.66726000e+01   03.39244000e+01   02.46758000e-02
  08.06605000e+01   06.16878000e+01   04.42625000e+01  -01.71993000e-02
  07.27013000e+01   05.62624000e+01   04.37331000e+01  -09.39340000e-03
  07.63632000e+01   05.55070000e+01   03.58553000e+01   07.66074000e-02
  07.83327000e+01   05.95208000e+01   04.06602000e+01   09.44338000e-02
  07.42734000e+01   05.43334000e+01   03.55466000e+01   01.54319000e-02
  08.07016000e+01   05.51042000e+01   03.38088000e+01  -01.56515000e-02
  07.72150000e+01   05.42902000e+01   03.58639000e+01  -02.00050000e-02
  07.54215000e+01   05.72834000e+01   03.89211000e+01  -08.09918000e-02
  07.79290000e+01   05.23915000e+01   03.71776000e+01   04.03650000e-03
  07.68273000e+01   05.64386000e+01   03.69301000e+01  -01.43447000e-01
  08.01800000e+01   05.91790000e+01   03.91444000e+01   01.23287000e-02
  07.70082000e+01   06.00592000e+01   04.26549000e+01   02.21683000e-01
  07.35487000e+01   05.73629000e+01   04.05716000e+01  -05.42921000e-02
  08.15921000e+01   05.68697000e+01   03.76795000e+01   02.66866000e-02
  08.19007000e+01   06.09421000e+01   04.10361000e+01   04.35609000e-02
  07.48776000e+01   05.95374000e+01   04.49761000e+01   02.36507000e-02
  07.21147000e+01   05.55957000e+01   03.80897000e+01  -06.09964000e-02
  08.17634000e+01   05.32162000e+01   03.46755000e+01   08.71130000e-03
  07.80658000e+01   05.70779000e+01   03.71110000e+01   01.26858000e-01
  07.96330000e+01   05.97436000e+01   04.02612000e+01  -03.45042000e-02
  07.58275000e+01   05.93886000e+01   04.24863000e+01  -02.04376000e-01
  07.40990000e+01   05.68230000e+01   03.93343000e+01   07.60142000e-02
  08.03104000e+01   05.44534000e+01   03.28864000e+01   05.08730000e-03
  07.79545000e+01   05.39692000e+01   03.49182000e+01   06.92200000e-04
  08.26522000e+01   05.28369000e+01   03.57478000e+01   00.00000000e+00
  07.93615000e+01   05.69352000e+01   03.63380000e+01   07.64245000e-02
  08.04330000e+01   06.05430000e+01   04.11902000e+01  -04.66821000e-02
  07.47721000e+01   05.91407000e+01   04.35521000e+01   01.65461000e-02
  07.35162000e+01   05.61260000e+01   03.82755000e+01   05.49912000e-02
  08.15041000e+01   05.46424000e+01   03.48421000e+01   03.30200000e-04
  07.70779000e+01   05.36380000e+01   03.70974000e+01   04.02810000e-03
  08.39573000e+01   05.25147000e+01   03.56295000e+01   00.00000000e+00
  08.04098000e+01   05.77106000e+01   03.71084000e+01  -04.69336000e-02
  07.95259000e+01   06.08272000e+01   04.22175000e+01  -07.68710000e-03
  07.36855000e+01   05.84830000e+01   04.28759000e+01  -03.37389000e-02
  07.45600000e+01   05.58481000e+01   03.73422000e+01   03.64969000e-02
  08.44258000e+01   05.12274000e+01   03.52993000e+01   00.00000000e+00
  07.96261000e+01   05.83697000e+01   03.82196000e+01  -09.58259000e-02
  07.82053000e+01   06.01971000e+01   04.18426000e+01  -01.77941000e-01
  07.42353000e+01   05.81597000e+01   04.15723000e+01   06.74294000e-02
  07.57225000e+01   05.66063000e+01   03.77730000e+01   01.44326000e-01
  08.50926000e+01   05.35515000e+01   03.57366000e+01   00.00000000e+00
  08.52673000e+01   05.38988000e+01   03.72360000e+01   00.00000000e+00
  08.62654000e+01   05.50118000e+01   03.75637000e+01   00.00000000e+00
  08.62681000e+01   05.55310000e+01   03.89658000e+01   00.00000000e+00
  08.51774000e+01   05.66755000e+01   03.92166000e+01   00.00000000e+00
  08.76645000e+01   05.59141000e+01   03.94928000e+01   00.00000000e+00
  08.78057000e+01   05.64179000e+01   04.09288000e+01   00.00000000e+00
  08.73726000e+01   05.53827000e+01   04.19469000e+01   00.00000000e+00
  08.78038000e+01   05.55805000e+01   04.33787000e+01   00.00000000e+00
  08.75687000e+01   05.44121000e+01   04.43093000e+01   00.00000000e+00
  08.73603000e+01   05.68875000e+01   04.40010000e+01   00.00000000e+00
  08.58623000e+01   05.69916000e+01   04.43633000e+01   00.00000000e+00
  08.54824000e+01   05.84123000e+01   04.48995000e+01   00.00000000e+00
  08.41205000e+01   05.83671000e+01   04.56723000e+01   00.00000000e+00
  08.41411000e+01   05.76749000e+01   04.70362000e+01   00.00000000e+00
  08.33362000e+01   05.97323000e+01   04.57727000e+01   00.00000000e+00
  07.55110000e+01   05.87254000e+01   04.14025000e+01   03.65717000e-02
  07.68769000e+01   05.84601000e+01   03.97179000e+01  -06.37550000e-03
  07.22691000e+01   05.46156000e+01   03.76802000e+01   01.79582000e-02
  07.16253000e+01   05.55393000e+01   03.90093000e+01   01.23366000e-02
  07.14974000e+01   05.61485000e+01   03.73646000e+01   01.80857000e-02
  07.57592000e+01   06.01567000e+01   04.51084000e+01  -03.55350000e-03
  07.39857000e+01   06.00082000e+01   04.54357000e+01  -05.48890000e-03
  07.50077000e+01   05.87372000e+01   04.57600000e+01  -05.73590000e-03
  08.21162000e+01   06.17579000e+01   04.16873000e+01  -01.16015000e-02
  08.25801000e+01   06.01127000e+01   04.13631000e+01  -01.03548000e-02
  08.21775000e+01   06.13327000e+01   04.01112000e+01  -01.10806000e-02
  08.22910000e+01   05.75759000e+01   03.81114000e+01  -06.50300000e-03
  08.12308000e+01   05.61723000e+01   03.84474000e+01  -03.84930000e-03
  08.21102000e+01   05.64380000e+01   03.68359000e+01  -06.75510000e-03
  07.76312000e+01   05.16193000e+01   03.65015000e+01   06.96000000e-05
  07.89814000e+01   05.25387000e+01   03.69229000e+01  -02.56130000e-03
  07.78501000e+01   05.20126000e+01   03.82014000e+01  -08.86000000e-04
  07.31381000e+01   05.57030000e+01   04.28886000e+01   02.66600000e-04
  07.33942000e+01   05.61773000e+01   04.45776000e+01   02.07780000e-03
  07.16713000e+01   05.57929000e+01   04.39012000e+01   03.44650000e-03
  08.07441000e+01   06.23897000e+01   04.51088000e+01   02.98050000e-03
  08.15422000e+01   06.11448000e+01   04.39974000e+01  -05.01900000e-04
  08.06157000e+01   05.71377000e+01   03.28923000e+01  -05.40000000e-06
  08.16493000e+01   05.68229000e+01   03.44057000e+01  -02.73660000e-03
  07.24041000e+01   05.81132000e+01   04.45683000e+01   06.65000000e-04
  07.16539000e+01   05.79327000e+01   04.29095000e+01  -04.07950000e-03
  07.84439000e+01   05.69456000e+01   03.44080000e+01   01.58140000e-02
  07.95105000e+01   05.83386000e+01   03.46549000e+01   09.11190000e-03
  08.36623000e+01   06.02839000e+01   04.66527000e+01   00.00000000e+00
  08.34520000e+01   06.02829000e+01   04.48672000e+01   00.00000000e+00
  08.23324000e+01   05.94445000e+01   04.59740000e+01   00.00000000e+00
  08.46500000e+01   05.82658000e+01   04.77765000e+01   00.00000000e+00
  08.31106000e+01   05.76929000e+01   04.73020000e+01   00.00000000e+00
  08.45288000e+01   05.67345000e+01   04.70520000e+01   00.00000000e+00
  08.62559000e+01   05.87401000e+01   04.55348000e+01   00.00000000e+00
  08.53915000e+01   05.89629000e+01   04.39959000e+01   00.00000000e+00
  08.53728000e+01   05.68853000e+01   04.33981000e+01   00.00000000e+00
  08.55771000e+01   05.61276000e+01   04.50101000e+01   00.00000000e+00
  08.79025000e+01   05.69990000e+01   04.49557000e+01   00.00000000e+00
  08.75607000e+01   05.76306000e+01   04.32985000e+01   00.00000000e+00
  08.65124000e+01   05.41156000e+01   04.44592000e+01   00.00000000e+00
  08.81564000e+01   05.35257000e+01   04.39474000e+01   00.00000000e+00
  08.79722000e+01   05.45985000e+01   04.53372000e+01   00.00000000e+00
  08.62989000e+01   05.51987000e+01   04.19315000e+01   00.00000000e+00
  08.78245000e+01   05.43794000e+01   04.16483000e+01   00.00000000e+00
  08.88864000e+01   05.66093000e+01   04.11113000e+01   00.00000000e+00
  08.72325000e+01   05.73397000e+01   04.11044000e+01   00.00000000e+00
  08.82054000e+01   05.49490000e+01   03.94704000e+01   00.00000000e+00
  08.82629000e+01   05.65387000e+01   03.88085000e+01   00.00000000e+00
  07.25030000e+01   05.72308000e+01   04.06838000e+01   07.20400000e-04
  07.72968000e+01   06.05121000e+01   04.36201000e+01  -02.39543000e-02
  08.11781000e+01   05.95875000e+01   03.89397000e+01   04.89340000e-03
  07.63350000e+01   05.59448000e+01   03.49336000e+01  -02.28199000e-02
  07.88014000e+01   06.24720000e+01   04.35795000e+01  -01.51750000e-03
  08.50451000e+01   05.67480000e+01   04.03135000e+01   00.00000000e+00
  08.54959000e+01   05.76263000e+01   03.87773000e+01   00.00000000e+00
  08.41852000e+01   05.62997000e+01   03.88699000e+01   00.00000000e+00
  08.60538000e+01   05.46459000e+01   03.95614000e+01   00.00000000e+00
  08.72190000e+01   05.45327000e+01   03.73696000e+01   00.00000000e+00
  08.61273000e+01   05.58909000e+01   03.68808000e+01   00.00000000e+00
  08.42898000e+01   05.41918000e+01   03.77053000e+01   00.00000000e+00
  08.55401000e+01   05.30242000e+01   03.78670000e+01   00.00000000e+00
  08.60753000e+01   05.32118000e+01   03.54535000e+01   00.00000000e+00
  08.47964000e+01   05.44520000e+01   03.51538000e+01   00.00000000e+00
  08.53685000e+01   05.10383000e+01   03.57486000e+01   00.00000000e+00
  08.37606000e+01   05.05674000e+01   03.57514000e+01   00.00000000e+00
  08.43722000e+01   05.11747000e+01   03.42151000e+01   00.00000000e+00
  08.09028000e+01   05.84686000e+01   03.64555000e+01   05.57290000e-03
  07.96547000e+01   05.59109000e+01   03.63556000e+01  -01.28866000e-02
  08.21669000e+01   05.26129000e+01   03.67001000e+01   00.00000000e+00
  08.33866000e+01   05.77551000e+01   04.51697000e+01   00.00000000e+00
  08.88702000e+01   05.56026000e+01   04.32405000e+01   00.00000000e+00
  08.08224000e+01   05.27152000e+01   03.49539000e+01  -01.99830000e-03
  08.21305000e+01   05.29972000e+01   03.37098000e+01  -01.85290000e-03
