  07.95134000e+01   05.93509000e+01   03.35071000e+01  -06.11779000e-02
  07.90771000e+01   06.27140000e+01   04.26703000e+01   01.75852000e-02
  07.27268000e+01   05.83137000e+01   04.22166000e+01   01.01800000e-02
  07.53986000e+01   05.65507000e+01   03.47450000e+01  -01.32723000e-02
  07.83415000e+01   05.96352000e+01   03.69115000e+01  -04.57645000e-02
  08.07467000e+01   05.92231000e+01   03.26275000e+01   02.46758000e-02
  08.01352000e+01   06.25867000e+01   04.35782000e+01  -01.71993000e-02
  07.31129000e+01   05.68430000e+01   04.23662000e+01  -09.39340000e-03
  07.67926000e+01   05.71594000e+01   03.43826000e+01   07.66074000e-02
  07.81607000e+01   06.09141000e+01   03.96231000e+01   09.44338000e-02
  07.48697000e+01   05.57941000e+01   03.39205000e+01   01.54319000e-02
  08.12425000e+01   05.78311000e+01   03.23112000e+01  -01.56515000e-02
  07.78249000e+01   05.61505000e+01   03.39098000e+01  -02.00050000e-02
  07.55865000e+01   05.86610000e+01   03.75192000e+01  -08.09918000e-02
  07.90625000e+01   05.42157000e+01   03.45538000e+01   04.03650000e-03
  07.70943000e+01   05.80800000e+01   03.55330000e+01  -01.43447000e-01
  08.00917000e+01   06.07048000e+01   03.81288000e+01   01.23287000e-02
  07.66951000e+01   06.12762000e+01   04.15647000e+01   02.21683000e-01
  07.37982000e+01   05.83178000e+01   03.91374000e+01  -05.42921000e-02
  08.18251000e+01   05.87962000e+01   03.63767000e+01   02.66866000e-02
  08.14780000e+01   06.21799000e+01   04.06446000e+01   04.35609000e-02
  07.45894000e+01   06.03642000e+01   04.38024000e+01   02.36507000e-02
  07.26240000e+01   05.63860000e+01   03.67876000e+01  -06.09964000e-02
  08.24887000e+01   05.59806000e+01   03.32688000e+01   08.71130000e-03
  07.82615000e+01   05.88357000e+01   03.57912000e+01   01.26858000e-01
  07.94496000e+01   06.11944000e+01   03.93129000e+01  -03.45042000e-02
  07.56392000e+01   06.03981000e+01   04.12918000e+01  -02.04376000e-01
  07.43326000e+01   05.80993000e+01   03.78327000e+01   07.60142000e-02
  08.11394000e+01   05.72507000e+01   03.12589000e+01   05.08730000e-03
  07.85566000e+01   05.62817000e+01   03.29232000e+01   06.92200000e-04
  08.25808000e+01   05.56428000e+01   03.47196000e+01   00.00000000e+00
  07.95750000e+01   05.87688000e+01   03.49948000e+01   07.64245000e-02
  08.00565000e+01   06.18181000e+01   04.04940000e+01  -04.66821000e-02
  07.46685000e+01   05.99792000e+01   04.22444000e+01   01.65461000e-02
  07.38340000e+01   05.72060000e+01   03.68068000e+01   05.49912000e-02
  08.19266000e+01   05.72930000e+01   03.33924000e+01   03.30200000e-04
  07.78876000e+01   05.50579000e+01   03.47665000e+01   04.02810000e-03
  08.34380000e+01   05.47746000e+01   03.52524000e+01   00.00000000e+00
  08.05565000e+01   05.95416000e+01   03.58732000e+01  -04.69336000e-02
  07.90257000e+01   06.20844000e+01   04.13908000e+01  -07.68710000e-03
  07.38677000e+01   05.90483000e+01   04.16427000e+01  -03.37389000e-02
  07.49213000e+01   05.71866000e+01   03.59740000e+01   03.64969000e-02
  08.29238000e+01   05.34675000e+01   03.54787000e+01   00.00000000e+00
  07.96256000e+01   05.99830000e+01   03.70657000e+01  -09.58259000e-02
  07.78357000e+01   06.14606000e+01   04.08149000e+01  -01.77941000e-01
  07.43242000e+01   05.90353000e+01   04.02157000e+01   06.74294000e-02
  07.58953000e+01   05.80896000e+01   03.63485000e+01   01.44326000e-01
  08.48584000e+01   05.50904000e+01   03.56616000e+01   00.00000000e+00
  08.52777000e+01   05.64670000e+01   03.63420000e+01   00.00000000e+00
  08.47749000e+01   05.63782000e+01   03.77988000e+01   00.00000000e+00
  08.50293000e+01   05.76966000e+01   03.86113000e+01   00.00000000e+00
  08.64936000e+01   05.80867000e+01   03.85461000e+01   00.00000000e+00
  08.45267000e+01   05.74409000e+01   04.00870000e+01   00.00000000e+00
  08.43124000e+01   05.86647000e+01   04.10017000e+01   00.00000000e+00
  08.37509000e+01   05.81758000e+01   04.23984000e+01   00.00000000e+00
  08.36686000e+01   05.91682000e+01   04.35929000e+01   00.00000000e+00
  08.49784000e+01   06.00522000e+01   04.36526000e+01   00.00000000e+00
  08.33478000e+01   05.86102000e+01   04.49595000e+01   00.00000000e+00
  08.20116000e+01   05.78732000e+01   04.52331000e+01   00.00000000e+00
  08.08308000e+01   05.86327000e+01   04.45408000e+01   00.00000000e+00
  07.94256000e+01   05.81200000e+01   04.49428000e+01   00.00000000e+00
  07.83701000e+01   05.91115000e+01   04.43603000e+01   00.00000000e+00
  07.91611000e+01   05.66987000e+01   04.43583000e+01   00.00000000e+00
  07.54643000e+01   05.97457000e+01   04.00970000e+01   03.65717000e-02
  07.67921000e+01   05.98406000e+01   03.84758000e+01  -06.37550000e-03
  07.27084000e+01   05.58364000e+01   03.58185000e+01   01.79582000e-02
  07.25609000e+01   05.57050000e+01   03.75626000e+01   01.23366000e-02
  07.18133000e+01   05.70909000e+01   03.68211000e+01   01.80857000e-02
  07.51365000e+01   06.13035000e+01   04.38639000e+01  -03.55350000e-03
  07.35927000e+01   06.03599000e+01   04.41514000e+01  -05.48890000e-03
  07.51207000e+01   05.95931000e+01   04.44044000e+01  -05.73590000e-03
  08.17469000e+01   06.27737000e+01   03.97814000e+01  -01.16015000e-02
  08.15783000e+01   06.28673000e+01   04.15340000e+01  -01.03548000e-02
  08.21505000e+01   06.13350000e+01   04.06226000e+01  -01.10806000e-02
  08.25695000e+01   05.87063000e+01   03.55809000e+01  -06.50300000e-03
  08.22031000e+01   05.94114000e+01   03.72054000e+01  -03.84930000e-03
  08.14563000e+01   05.78531000e+01   03.67012000e+01  -06.75510000e-03
  07.90063000e+01   05.39137000e+01   03.34732000e+01   06.96000000e-05
  07.99303000e+01   05.47842000e+01   03.48048000e+01  -02.56130000e-03
  07.90656000e+01   05.32779000e+01   03.51198000e+01  -08.86000000e-04
  07.37933000e+01   05.64674000e+01   04.15597000e+01   02.66600000e-04
  07.36052000e+01   05.67452000e+01   04.32908000e+01   02.07780000e-03
  07.22550000e+01   05.61482000e+01   04.24019000e+01   03.44650000e-03
  08.01766000e+01   06.30978000e+01   04.45059000e+01   02.98050000e-03
  08.09499000e+01   06.18633000e+01   04.33731000e+01  -05.01900000e-04
  08.07218000e+01   05.98824000e+01   03.16950000e+01  -05.40000000e-06
  08.15448000e+01   05.98372000e+01   03.31707000e+01  -02.73660000e-03
  07.24009000e+01   05.87780000e+01   04.31197000e+01   06.65000000e-04
  07.18606000e+01   05.83150000e+01   04.15403000e+01  -04.07950000e-03
  07.87329000e+01   05.87211000e+01   03.31335000e+01   01.58140000e-02
  07.92662000e+01   06.03774000e+01   03.35951000e+01   09.11190000e-03
  07.94430000e+01   05.67044000e+01   04.32648000e+01   00.00000000e+00
  07.98012000e+01   05.60121000e+01   04.49037000e+01   00.00000000e+00
  07.81129000e+01   05.65330000e+01   04.45149000e+01   00.00000000e+00
  07.73621000e+01   05.89608000e+01   04.47495000e+01   00.00000000e+00
  07.86877000e+01   06.01308000e+01   04.45477000e+01   00.00000000e+00
  07.81369000e+01   05.88438000e+01   04.33205000e+01   00.00000000e+00
  08.09106000e+01   05.96790000e+01   04.46444000e+01   00.00000000e+00
  08.07837000e+01   05.84326000e+01   04.34787000e+01   00.00000000e+00
  08.19792000e+01   05.68577000e+01   04.49304000e+01   00.00000000e+00
  08.18300000e+01   05.78418000e+01   04.62496000e+01   00.00000000e+00
  08.42029000e+01   05.79010000e+01   04.49952000e+01   00.00000000e+00
  08.35325000e+01   05.92610000e+01   04.58051000e+01   00.00000000e+00
  08.58597000e+01   05.94140000e+01   04.38623000e+01   00.00000000e+00
  08.51501000e+01   06.04885000e+01   04.26344000e+01   00.00000000e+00
  08.48453000e+01   06.09451000e+01   04.43206000e+01   00.00000000e+00
  08.27035000e+01   05.78229000e+01   04.23422000e+01   00.00000000e+00
  08.43356000e+01   05.73338000e+01   04.25313000e+01   00.00000000e+00
  08.53195000e+01   05.88801000e+01   04.13452000e+01   00.00000000e+00
  08.36336000e+01   05.93929000e+01   04.06155000e+01   00.00000000e+00
  08.36401000e+01   05.68603000e+01   04.00845000e+01   00.00000000e+00
  08.52815000e+01   05.68209000e+01   04.05211000e+01   00.00000000e+00
  07.28407000e+01   05.78891000e+01   03.94858000e+01   07.20400000e-04
  07.67311000e+01   06.15852000e+01   04.25823000e+01  -02.39543000e-02
  08.11002000e+01   06.10796000e+01   03.80434000e+01   04.89340000e-03
  07.65754000e+01   05.78099000e+01   03.35651000e+01  -02.28199000e-02
  07.83033000e+01   06.34614000e+01   04.29406000e+01  -01.51750000e-03
  08.68488000e+01   05.85642000e+01   03.75924000e+01   00.00000000e+00
  08.67926000e+01   05.86772000e+01   03.94734000e+01   00.00000000e+00
  08.71199000e+01   05.72108000e+01   03.86795000e+01   00.00000000e+00
  08.44718000e+01   05.84885000e+01   03.80756000e+01   00.00000000e+00
  08.37367000e+01   05.62219000e+01   03.78753000e+01   00.00000000e+00
  08.51881000e+01   05.55301000e+01   03.83590000e+01   00.00000000e+00
  08.63233000e+01   05.65603000e+01   03.61904000e+01   00.00000000e+00
  08.47372000e+01   05.72850000e+01   03.58662000e+01   00.00000000e+00
  08.50464000e+01   05.42729000e+01   03.63608000e+01   00.00000000e+00
  08.54440000e+01   05.49445000e+01   03.47801000e+01   00.00000000e+00
  08.18160000e+01   05.34400000e+01   03.53750000e+01   00.00000000e+00
  08.34107000e+01   05.26952000e+01   03.48562000e+01   00.00000000e+00
  08.32011000e+01   05.31205000e+01   03.64398000e+01   00.00000000e+00
  08.09095000e+01   06.04895000e+01   03.54763000e+01   05.57290000e-03
  07.98445000e+01   05.76983000e+01   03.48986000e+01  -01.28866000e-02
  08.19575000e+01   05.61647000e+01   03.54124000e+01   00.00000000e+00
  07.93600000e+01   05.81393000e+01   04.60578000e+01   00.00000000e+00
  08.28600000e+01   05.98116000e+01   04.33297000e+01   00.00000000e+00
  08.17097000e+01   05.53102000e+01   03.27710000e+01  -01.99830000e-03
  08.35024000e+01   05.60186000e+01   03.28459000e+01  -01.85290000e-03
