  07.84069000e+01   05.70730000e+01   03.54094000e+01  -06.11779000e-02
  07.71328000e+01   06.16373000e+01   04.39702000e+01   01.75852000e-02
  07.09087000e+01   05.66812000e+01   04.31829000e+01   01.01800000e-02
  07.42818000e+01   05.42795000e+01   03.62527000e+01  -01.32723000e-02
  07.69536000e+01   05.77443000e+01   03.85409000e+01  -04.57645000e-02
  07.97378000e+01   05.68526000e+01   03.47193000e+01   02.46758000e-02
  07.80906000e+01   06.18527000e+01   04.49047000e+01  -01.71993000e-02
  07.09462000e+01   05.51692000e+01   04.31143000e+01  -09.39340000e-03
  07.57690000e+01   05.49160000e+01   03.60950000e+01   07.66074000e-02
  07.64836000e+01   05.94771000e+01   04.10210000e+01   09.44338000e-02
  07.37319000e+01   05.34459000e+01   03.55432000e+01   01.54319000e-02
  08.02719000e+01   05.54850000e+01   03.45611000e+01  -01.56515000e-02
  07.67467000e+01   05.38799000e+01   03.62416000e+01  -02.00050000e-02
  07.42418000e+01   05.65466000e+01   03.90475000e+01  -08.09918000e-02
  07.74819000e+01   05.20291000e+01   03.76566000e+01   04.03650000e-03
  07.58828000e+01   05.59833000e+01   03.72658000e+01  -01.43447000e-01
  07.85606000e+01   05.92456000e+01   03.96413000e+01   01.23287000e-02
  07.50778000e+01   05.96057000e+01   04.29946000e+01   02.21683000e-01
  07.22975000e+01   05.65490000e+01   04.03677000e+01  -05.42921000e-02
  08.03388000e+01   05.69286000e+01   03.86303000e+01   02.66866000e-02
  07.95944000e+01   06.14065000e+01   04.16345000e+01   04.35609000e-02
  07.26692000e+01   05.89469000e+01   04.49331000e+01   02.36507000e-02
  07.13061000e+01   05.44586000e+01   03.81072000e+01  -06.09964000e-02
  08.16320000e+01   05.37705000e+01   03.57233000e+01   08.71130000e-03
  07.69726000e+01   05.68622000e+01   03.75285000e+01   01.26858000e-01
  07.77723000e+01   05.98526000e+01   04.07003000e+01  -03.45042000e-02
  07.40654000e+01   05.86889000e+01   04.26923000e+01  -02.04376000e-01
  07.29640000e+01   05.60982000e+01   03.92269000e+01   07.60142000e-02
  08.02542000e+01   05.48222000e+01   03.35371000e+01   05.08730000e-03
  07.77126000e+01   05.37224000e+01   03.55228000e+01   06.92200000e-04
  08.13107000e+01   05.31158000e+01   03.69847000e+01   00.00000000e+00
  07.83801000e+01   05.67396000e+01   03.69487000e+01   07.64245000e-02
  07.82507000e+01   06.07853000e+01   04.17074000e+01  -04.66821000e-02
  07.29223000e+01   05.83264000e+01   04.35670000e+01   01.65461000e-02
  07.25593000e+01   05.51340000e+01   03.82448000e+01   05.49912000e-02
  08.08421000e+01   05.49503000e+01   03.57183000e+01   03.30200000e-04
  07.65166000e+01   05.31118000e+01   03.73879000e+01   04.02810000e-03
  08.22121000e+01   05.27507000e+01   03.79405000e+01   00.00000000e+00
  07.92561000e+01   05.76874000e+01   03.78206000e+01  -04.69336000e-02
  07.72344000e+01   06.09139000e+01   04.26977000e+01  -07.68710000e-03
  07.21408000e+01   05.74196000e+01   04.28141000e+01  -03.37389000e-02
  07.37435000e+01   05.49694000e+01   03.74965000e+01   03.64969000e-02
  08.27890000e+01   05.13587000e+01   03.79326000e+01   00.00000000e+00
  07.81542000e+01   05.82990000e+01   03.87426000e+01  -09.58259000e-02
  07.61574000e+01   06.00288000e+01   04.22272000e+01  -01.77941000e-01
  07.27471000e+01   05.72985000e+01   04.14734000e+01   06.74294000e-02
  07.46784000e+01   05.59143000e+01   03.80041000e+01   01.44326000e-01
  08.25027000e+01   05.35398000e+01   03.91180000e+01   00.00000000e+00
  08.37207000e+01   05.44431000e+01   03.90445000e+01   00.00000000e+00
  08.40011000e+01   05.51456000e+01   04.03761000e+01   00.00000000e+00
  08.50500000e+01   05.63085000e+01   04.03487000e+01   00.00000000e+00
  08.64018000e+01   05.58989000e+01   03.96890000e+01   00.00000000e+00
  08.53142000e+01   05.70546000e+01   04.17079000e+01   00.00000000e+00
  08.41384000e+01   05.78248000e+01   04.22509000e+01   00.00000000e+00
  08.44998000e+01   05.88778000e+01   04.33172000e+01   00.00000000e+00
  08.53935000e+01   05.85446000e+01   04.45039000e+01   00.00000000e+00
  08.47632000e+01   05.74799000e+01   04.54613000e+01   00.00000000e+00
  08.57600000e+01   05.98498000e+01   04.52505000e+01   00.00000000e+00
  08.45486000e+01   06.06489000e+01   04.58789000e+01   00.00000000e+00
  08.50992000e+01   06.14867000e+01   04.70190000e+01   00.00000000e+00
  08.40849000e+01   06.24663000e+01   04.76952000e+01   00.00000000e+00
  08.29921000e+01   06.16405000e+01   04.83915000e+01   00.00000000e+00
  08.48493000e+01   06.33156000e+01   04.86803000e+01   00.00000000e+00
  07.39951000e+01   05.79457000e+01   04.15222000e+01   03.65717000e-02
  07.54122000e+01   05.80166000e+01   04.00257000e+01  -06.37550000e-03
  07.13208000e+01   05.35764000e+01   03.75164000e+01   01.79582000e-02
  07.09796000e+01   05.41316000e+01   03.89922000e+01   01.23366000e-02
  07.05061000e+01   05.51284000e+01   03.76966000e+01   01.80857000e-02
  07.24703000e+01   05.99577000e+01   04.47716000e+01  -03.55350000e-03
  07.17444000e+01   05.84139000e+01   04.53620000e+01  -05.48890000e-03
  07.36754000e+01   05.88566000e+01   04.54159000e+01  -05.73590000e-03
  07.96233000e+01   06.21990000e+01   04.23618000e+01  -01.16015000e-02
  08.04067000e+01   06.07190000e+01   04.18440000e+01  -01.03548000e-02
  07.97589000e+01   06.18081000e+01   04.06376000e+01  -01.10806000e-02
  08.08051000e+01   05.75725000e+01   03.92756000e+01  -06.50300000e-03
  07.98260000e+01   05.61931000e+01   03.92350000e+01  -03.84930000e-03
  08.11146000e+01   05.63749000e+01   03.80601000e+01  -06.75510000e-03
  07.76763000e+01   05.15337000e+01   03.67443000e+01   06.96000000e-05
  07.83775000e+01   05.24879000e+01   03.80915000e+01  -02.56130000e-03
  07.69528000e+01   05.13640000e+01   03.83805000e+01  -08.86000000e-04
  07.02764000e+01   05.47189000e+01   04.38124000e+01   02.66600000e-04
  07.07415000e+01   05.49585000e+01   04.20606000e+01   02.07780000e-03
  07.19336000e+01   05.47237000e+01   04.32204000e+01   03.44650000e-03
  07.79307000e+01   06.22606000e+01   04.58724000e+01   02.98050000e-03
  07.90875000e+01   06.13900000e+01   04.47869000e+01  -05.01900000e-04
  07.98489000e+01   05.74694000e+01   03.38198000e+01  -05.40000000e-06
  08.05006000e+01   05.73031000e+01   03.53351000e+01  -02.73660000e-03
  07.06506000e+01   05.69817000e+01   04.42428000e+01   06.65000000e-04
  07.00725000e+01   05.69746000e+01   04.25222000e+01  -04.07950000e-03
  07.77487000e+01   05.62928000e+01   03.49115000e+01   01.58140000e-02
  07.80011000e+01   05.80450000e+01   03.52314000e+01   09.11190000e-03
  08.42435000e+01   06.41852000e+01   04.88360000e+01   00.00000000e+00
  08.49952000e+01   06.27584000e+01   04.96538000e+01   00.00000000e+00
  08.59047000e+01   06.34532000e+01   04.83098000e+01   00.00000000e+00
  08.35263000e+01   06.12581000e+01   04.92350000e+01   00.00000000e+00
  08.22862000e+01   06.23444000e+01   04.87267000e+01   00.00000000e+00
  08.24744000e+01   06.09244000e+01   04.76715000e+01   00.00000000e+00
  08.55106000e+01   06.09330000e+01   04.78008000e+01   00.00000000e+00
  08.58877000e+01   06.21070000e+01   04.65888000e+01   00.00000000e+00
  08.41450000e+01   06.12925000e+01   04.50635000e+01   00.00000000e+00
  08.38548000e+01   06.00165000e+01   04.64155000e+01   00.00000000e+00
  08.64716000e+01   05.95503000e+01   04.59748000e+01   00.00000000e+00
  08.62471000e+01   06.06530000e+01   04.46049000e+01   00.00000000e+00
  08.55389000e+01   05.73320000e+01   04.62440000e+01   00.00000000e+00
  08.38256000e+01   05.78304000e+01   04.57913000e+01   00.00000000e+00
  08.47688000e+01   05.64611000e+01   04.50277000e+01   00.00000000e+00
  08.49243000e+01   05.97219000e+01   04.28348000e+01   00.00000000e+00
  08.35734000e+01   05.92755000e+01   04.36820000e+01   00.00000000e+00
  08.36925000e+01   05.84034000e+01   04.13852000e+01   00.00000000e+00
  08.34043000e+01   05.70797000e+01   04.26591000e+01   00.00000000e+00
  08.57008000e+01   05.63951000e+01   04.24865000e+01   00.00000000e+00
  08.60186000e+01   05.78295000e+01   04.15789000e+01   00.00000000e+00
  07.12942000e+01   05.61831000e+01   04.04905000e+01   07.20400000e-04
  07.51176000e+01   05.99705000e+01   04.40370000e+01  -02.39543000e-02
  07.95437000e+01   05.97272000e+01   03.95908000e+01   04.89340000e-03
  07.58189000e+01   05.54048000e+01   03.51040000e+01  -02.28199000e-02
  07.60679000e+01   06.19750000e+01   04.41918000e+01  -01.51750000e-03
  08.63097000e+01   05.58387000e+01   03.86020000e+01   00.00000000e+00
  08.71133000e+01   05.66982000e+01   03.98560000e+01   00.00000000e+00
  08.67295000e+01   05.49068000e+01   03.99931000e+01   00.00000000e+00
  08.46825000e+01   05.70976000e+01   03.96603000e+01   00.00000000e+00
  08.31292000e+01   05.56021000e+01   04.08320000e+01   00.00000000e+00
  08.44259000e+01   05.44328000e+01   04.10686000e+01   00.00000000e+00
  08.45292000e+01   05.38188000e+01   03.88125000e+01   00.00000000e+00
  08.35862000e+01   05.52012000e+01   03.82560000e+01   00.00000000e+00
  08.16643000e+01   05.42313000e+01   03.92082000e+01   00.00000000e+00
  08.25158000e+01   05.29079000e+01   04.00755000e+01   00.00000000e+00
  08.38988000e+01   05.14495000e+01   03.80223000e+01   00.00000000e+00
  08.23828000e+01   05.09159000e+01   03.88527000e+01   00.00000000e+00
  08.24284000e+01   05.07946000e+01   03.70754000e+01   00.00000000e+00
  07.96986000e+01   05.85127000e+01   03.72645000e+01   05.57290000e-03
  07.87880000e+01   05.57364000e+01   03.71268000e+01  -01.28866000e-02
  08.03049000e+01   05.28148000e+01   03.69960000e+01   00.00000000e+00
  08.36405000e+01   06.31271000e+01   04.69894000e+01   00.00000000e+00
  08.63342000e+01   05.81362000e+01   04.40318000e+01   00.00000000e+00
  08.12329000e+01   05.30667000e+01   03.49451000e+01  -01.99830000e-03
  08.26351000e+01   05.40369000e+01   03.55706000e+01  -01.85290000e-03
