  07.90202000e+01   05.89814000e+01   03.34903000e+01  -06.11779000e-02
  07.91919000e+01   06.25470000e+01   04.27417000e+01   01.75852000e-02
  07.21166000e+01   05.84986000e+01   04.19970000e+01   01.01800000e-02
  07.47483000e+01   05.66689000e+01   03.45928000e+01  -01.32723000e-02
  07.81038000e+01   05.91963000e+01   03.70655000e+01  -04.57645000e-02
  08.03502000e+01   05.90446000e+01   03.26244000e+01   02.46758000e-02
  07.99594000e+01   06.36356000e+01   04.30085000e+01  -01.71993000e-02
  07.19132000e+01   05.69933000e+01   04.21560000e+01  -09.39340000e-03
  07.61822000e+01   05.71847000e+01   03.43222000e+01   07.66074000e-02
  07.79126000e+01   06.07098000e+01   03.97219000e+01   09.44338000e-02
  07.41275000e+01   05.61121000e+01   03.37012000e+01   01.54319000e-02
  08.08092000e+01   05.75625000e+01   03.24176000e+01  -01.56515000e-02
  07.69596000e+01   05.60321000e+01   03.37290000e+01  -02.00050000e-02
  07.51490000e+01   05.84658000e+01   03.76171000e+01  -08.09918000e-02
  07.76427000e+01   05.37308000e+01   03.37874000e+01   04.03650000e-03
  07.66524000e+01   05.78741000e+01   03.56323000e+01  -01.43447000e-01
  07.97681000e+01   06.06755000e+01   03.80741000e+01   01.23287000e-02
  07.66570000e+01   06.08450000e+01   04.18451000e+01   02.21683000e-01
  07.33661000e+01   05.82122000e+01   03.92183000e+01  -05.42921000e-02
  08.15884000e+01   05.93674000e+01   03.57900000e+01   02.66866000e-02
  08.12936000e+01   06.22188000e+01   04.02275000e+01   04.35609000e-02
  07.43891000e+01   05.99319000e+01   04.38159000e+01   02.36507000e-02
  07.20270000e+01   05.65815000e+01   03.67376000e+01  -06.09964000e-02
  08.18591000e+01   05.56703000e+01   03.35292000e+01   08.71130000e-03
  07.78581000e+01   05.85652000e+01   03.58937000e+01   01.26858000e-01
  07.92234000e+01   06.09820000e+01   03.92957000e+01  -03.45042000e-02
  07.55056000e+01   06.00428000e+01   04.15374000e+01  -02.04376000e-01
  07.38896000e+01   05.79619000e+01   03.79281000e+01   07.60142000e-02
  08.08719000e+01   05.69050000e+01   03.14168000e+01   05.08730000e-03
  07.74887000e+01   05.60723000e+01   03.26297000e+01   06.92200000e-04
  08.26448000e+01   05.54542000e+01   03.48123000e+01   00.00000000e+00
  07.91502000e+01   05.86340000e+01   03.50354000e+01   07.64245000e-02
  07.98860000e+01   06.17349000e+01   04.03553000e+01  -04.66821000e-02
  07.44117000e+01   05.96841000e+01   04.23816000e+01   01.65461000e-02
  07.33580000e+01   05.72045000e+01   03.68111000e+01   05.49912000e-02
  08.12900000e+01   05.70616000e+01   03.36371000e+01   03.30200000e-04
  07.69727000e+01   05.49002000e+01   03.44985000e+01   04.02810000e-03
  08.37861000e+01   05.47659000e+01   03.49441000e+01   00.00000000e+00
  08.00183000e+01   05.96731000e+01   03.57451000e+01  -04.69336000e-02
  07.89872000e+01   06.19042000e+01   04.14249000e+01  -07.68710000e-03
  07.34505000e+01   05.90326000e+01   04.16105000e+01  -03.37389000e-02
  07.43783000e+01   05.71276000e+01   03.59139000e+01   03.64969000e-02
  08.37990000e+01   05.32805000e+01   03.52397000e+01   00.00000000e+00
  07.92863000e+01   05.98394000e+01   03.70557000e+01  -09.58259000e-02
  07.78234000e+01   06.11343000e+01   04.10721000e+01  -01.77941000e-01
  07.40381000e+01   05.88319000e+01   04.03103000e+01   06.74294000e-02
  07.54877000e+01   05.79082000e+01   03.64279000e+01   01.44326000e-01
  08.50662000e+01   05.54153000e+01   03.44271000e+01   00.00000000e+00
  08.55941000e+01   05.64710000e+01   03.53616000e+01   00.00000000e+00
  08.57287000e+01   05.58454000e+01   03.68071000e+01   00.00000000e+00
  08.61313000e+01   05.69394000e+01   03.78617000e+01   00.00000000e+00
  08.76156000e+01   05.73999000e+01   03.78332000e+01   00.00000000e+00
  08.57605000e+01   05.63629000e+01   03.93055000e+01   00.00000000e+00
  08.62598000e+01   05.71269000e+01   04.05199000e+01   00.00000000e+00
  08.53042000e+01   05.68836000e+01   04.17295000e+01   00.00000000e+00
  08.55142000e+01   05.78693000e+01   04.28764000e+01   00.00000000e+00
  08.67980000e+01   05.74143000e+01   04.37603000e+01   00.00000000e+00
  08.43461000e+01   05.80389000e+01   04.38548000e+01   00.00000000e+00
  08.30627000e+01   05.86999000e+01   04.33354000e+01   00.00000000e+00
  08.19097000e+01   05.88449000e+01   04.44027000e+01   00.00000000e+00
  08.04804000e+01   05.91846000e+01   04.38939000e+01   00.00000000e+00
  07.97382000e+01   05.80393000e+01   04.31507000e+01   00.00000000e+00
  07.96680000e+01   05.98774000e+01   04.51103000e+01   00.00000000e+00
  07.52825000e+01   05.94766000e+01   04.02831000e+01   03.65717000e-02
  07.65636000e+01   05.96563000e+01   03.86700000e+01  -06.37550000e-03
  07.19763000e+01   05.56941000e+01   03.61586000e+01   01.79582000e-02
  07.17875000e+01   05.63101000e+01   03.77571000e+01   01.23366000e-02
  07.13514000e+01   05.72312000e+01   03.62846000e+01   01.80857000e-02
  07.42233000e+01   05.89656000e+01   04.42684000e+01  -03.55350000e-03
  07.53789000e+01   06.02163000e+01   04.41124000e+01  -05.48890000e-03
  07.36560000e+01   06.06496000e+01   04.40212000e+01  -05.73590000e-03
  08.19496000e+01   06.14916000e+01   03.98060000e+01  -01.16015000e-02
  08.13123000e+01   06.30370000e+01   03.95421000e+01  -01.03548000e-02
  08.16168000e+01   06.24049000e+01   04.12306000e+01  -01.10806000e-02
  08.17142000e+01   05.82908000e+01   03.59044000e+01  -06.50300000e-03
  08.20551000e+01   05.98261000e+01   03.48960000e+01  -03.84930000e-03
  08.21235000e+01   06.00708000e+01   03.64497000e+01  -06.75510000e-03
  07.77033000e+01   05.28665000e+01   03.44118000e+01   06.96000000e-05
  07.71638000e+01   05.35474000e+01   03.28420000e+01  -02.56130000e-03
  07.87608000e+01   05.39795000e+01   03.35806000e+01  -08.86000000e-04
  07.08389000e+01   05.67822000e+01   04.20596000e+01   02.66600000e-04
  07.24193000e+01   05.64813000e+01   04.13347000e+01   02.07780000e-03
  07.22582000e+01   05.66261000e+01   04.31067000e+01   03.44650000e-03
  07.99148000e+01   06.41329000e+01   04.39574000e+01   02.98050000e-03
  08.05014000e+01   06.41669000e+01   04.22181000e+01  -05.01900000e-04
  08.02456000e+01   05.95528000e+01   03.16360000e+01  -05.40000000e-06
  08.11274000e+01   05.96014000e+01   03.30650000e+01  -02.73660000e-03
  07.17427000e+01   05.88307000e+01   04.29405000e+01   06.65000000e-04
  07.14232000e+01   05.87749000e+01   04.11839000e+01  -04.07950000e-03
  07.84272000e+01   05.83497000e+01   03.29304000e+01   01.58140000e-02
  07.86553000e+01   06.00213000e+01   03.34284000e+01   09.11190000e-03
  08.02465000e+01   06.07152000e+01   04.55303000e+01   00.00000000e+00
  07.87213000e+01   06.02185000e+01   04.47212000e+01   00.00000000e+00
  07.94734000e+01   05.91018000e+01   04.58109000e+01   00.00000000e+00
  07.86930000e+01   05.84213000e+01   04.29910000e+01   00.00000000e+00
  08.03138000e+01   05.78724000e+01   04.22003000e+01   00.00000000e+00
  07.96169000e+01   05.71141000e+01   04.38286000e+01   00.00000000e+00
  08.19009000e+01   05.78867000e+01   04.49284000e+01   00.00000000e+00
  08.22419000e+01   05.96922000e+01   04.50126000e+01   00.00000000e+00
  08.32513000e+01   05.97239000e+01   04.29490000e+01   00.00000000e+00
  08.26213000e+01   05.82217000e+01   04.24297000e+01   00.00000000e+00
  08.42515000e+01   05.70505000e+01   04.42554000e+01   00.00000000e+00
  08.46802000e+01   05.87617000e+01   04.46149000e+01   00.00000000e+00
  08.66540000e+01   05.65245000e+01   04.44000000e+01   00.00000000e+00
  08.75825000e+01   05.70574000e+01   04.30493000e+01   00.00000000e+00
  08.71273000e+01   05.82720000e+01   04.43905000e+01   00.00000000e+00
  08.42283000e+01   05.69776000e+01   04.14709000e+01   00.00000000e+00
  08.53964000e+01   05.58893000e+01   04.20155000e+01   00.00000000e+00
  08.73614000e+01   05.68891000e+01   04.07400000e+01   00.00000000e+00
  08.61909000e+01   05.81686000e+01   04.01159000e+01   00.00000000e+00
  08.46429000e+01   05.64171000e+01   03.93846000e+01   00.00000000e+00
  08.61634000e+01   05.53317000e+01   03.93040000e+01   00.00000000e+00
  07.23928000e+01   05.77967000e+01   03.94958000e+01   07.20400000e-04
  07.67599000e+01   06.12379000e+01   04.28723000e+01  -02.39543000e-02
  08.07238000e+01   06.11400000e+01   03.77753000e+01   04.89340000e-03
  07.61415000e+01   05.79853000e+01   03.35423000e+01  -02.28199000e-02
  07.85964000e+01   06.21437000e+01   04.35555000e+01  -01.51750000e-03
  08.76907000e+01   05.84185000e+01   03.81360000e+01   00.00000000e+00
  08.81474000e+01   05.68257000e+01   03.85536000e+01   00.00000000e+00
  08.80709000e+01   05.72881000e+01   03.68896000e+01   00.00000000e+00
  08.54847000e+01   05.78069000e+01   03.77678000e+01   00.00000000e+00
  08.48602000e+01   05.52706000e+01   03.71080000e+01   00.00000000e+00
  08.64932000e+01   05.51173000e+01   03.67912000e+01   00.00000000e+00
  08.65707000e+01   05.68881000e+01   03.50260000e+01   00.00000000e+00
  08.48372000e+01   05.72461000e+01   03.52595000e+01   00.00000000e+00
  08.58346000e+01   05.46750000e+01   03.41530000e+01   00.00000000e+00
  08.48917000e+01   05.60311000e+01   03.35543000e+01   00.00000000e+00
  08.45674000e+01   05.26872000e+01   03.46788000e+01   00.00000000e+00
  08.38948000e+01   05.31562000e+01   03.63418000e+01   00.00000000e+00
  08.27909000e+01   05.28847000e+01   03.48862000e+01   00.00000000e+00
  07.99709000e+01   06.06632000e+01   03.52870000e+01   05.57290000e-03
  07.95568000e+01   05.76336000e+01   03.50475000e+01  -01.28866000e-02
  08.23272000e+01   05.59945000e+01   03.56927000e+01   00.00000000e+00
  08.05561000e+01   06.00878000e+01   04.32696000e+01   00.00000000e+00
  08.56877000e+01   05.88862000e+01   04.24359000e+01   00.00000000e+00
  08.10296000e+01   05.49987000e+01   03.33296000e+01  -01.99830000e-03
  08.26087000e+01   05.55531000e+01   03.26699000e+01  -01.85290000e-03
