  07.94575000e+01   05.93022000e+01   03.43202000e+01  -06.11779000e-02
  07.84778000e+01   06.24042000e+01   04.35283000e+01   01.75852000e-02
  07.19478000e+01   05.81203000e+01   04.20063000e+01   01.01800000e-02
  07.53281000e+01   05.61971000e+01   03.49130000e+01  -01.32723000e-02
  07.82006000e+01   05.90270000e+01   03.76214000e+01  -04.57645000e-02
  08.08385000e+01   05.95566000e+01   03.36290000e+01   02.46758000e-02
  07.95427000e+01   06.26409000e+01   04.43191000e+01  -01.71993000e-02
  07.22460000e+01   05.66945000e+01   04.23893000e+01  -09.39340000e-03
  07.67321000e+01   05.68153000e+01   03.46949000e+01   07.66074000e-02
  07.77439000e+01   06.06068000e+01   04.02125000e+01   09.44338000e-02
  07.47685000e+01   05.55134000e+01   03.40303000e+01   01.54319000e-02
  08.16590000e+01   05.83188000e+01   03.31050000e+01  -01.56515000e-02
  07.76448000e+01   05.57345000e+01   03.42474000e+01  -02.00050000e-02
  07.54523000e+01   05.79657000e+01   03.79180000e+01  -08.09918000e-02
  07.83736000e+01   05.34547000e+01   03.46359000e+01   04.03650000e-03
  07.70609000e+01   05.75784000e+01   03.60268000e+01  -01.43447000e-01
  07.98954000e+01   06.03656000e+01   03.89408000e+01   01.23287000e-02
  07.62471000e+01   06.06123000e+01   04.21037000e+01   02.21683000e-01
  07.34356000e+01   05.77838000e+01   03.93402000e+01  -05.42921000e-02
  08.13765000e+01   05.79778000e+01   03.73545000e+01   02.66866000e-02
  08.10768000e+01   06.19314000e+01   04.13774000e+01   04.35609000e-02
  07.38532000e+01   05.99364000e+01   04.38904000e+01   02.36507000e-02
  07.25853000e+01   05.57259000e+01   03.69110000e+01  -06.09964000e-02
  08.31362000e+01   05.65793000e+01   03.36638000e+01   08.71130000e-03
  07.81369000e+01   05.83351000e+01   03.64141000e+01   01.26858000e-01
  07.90952000e+01   06.08341000e+01   04.00589000e+01  -03.45042000e-02
  07.51380000e+01   05.99598000e+01   04.16403000e+01  -02.04376000e-01
  07.42404000e+01   05.74406000e+01   03.81764000e+01   07.60142000e-02
  08.18112000e+01   05.80015000e+01   03.19337000e+01   05.08730000e-03
  07.83936000e+01   05.57602000e+01   03.32935000e+01   06.92200000e-04
  08.37768000e+01   05.58436000e+01   03.47961000e+01   00.00000000e+00
  07.94742000e+01   05.84800000e+01   03.56246000e+01   07.64245000e-02
  07.95837000e+01   06.15122000e+01   04.12730000e+01  -04.66821000e-02
  07.39095000e+01   05.96538000e+01   04.24007000e+01   01.65461000e-02
  07.38660000e+01   05.65407000e+01   03.71177000e+01   05.49912000e-02
  08.23047000e+01   05.77299000e+01   03.41448000e+01   03.30200000e-04
  07.76207000e+01   05.46735000e+01   03.51136000e+01   04.02810000e-03
  08.47925000e+01   05.49654000e+01   03.46906000e+01   00.00000000e+00
  08.04051000e+01   05.90415000e+01   03.66967000e+01  -04.69336000e-02
  07.85463000e+01   06.17210000e+01   04.21666000e+01  -07.68710000e-03
  07.31407000e+01   05.88198000e+01   04.15997000e+01  -03.37389000e-02
  07.48950000e+01   05.66643000e+01   03.62147000e+01   03.64969000e-02
  08.47374000e+01   05.34564000e+01   03.44161000e+01   00.00000000e+00
  07.94361000e+01   05.95184000e+01   03.78288000e+01  -09.58259000e-02
  07.74833000e+01   06.09804000e+01   04.14920000e+01  -01.77941000e-01
  07.37831000e+01   05.86994000e+01   04.03555000e+01   06.74294000e-02
  07.58656000e+01   05.73953000e+01   03.68033000e+01   01.44326000e-01
  08.62909000e+01   05.56581000e+01   03.48227000e+01   00.00000000e+00
  08.64859000e+01   05.67530000e+01   03.58547000e+01   00.00000000e+00
  08.58638000e+01   05.65015000e+01   03.72302000e+01   00.00000000e+00
  08.69357000e+01   05.60009000e+01   03.82350000e+01   00.00000000e+00
  08.74717000e+01   05.45876000e+01   03.79261000e+01   00.00000000e+00
  08.63955000e+01   05.60677000e+01   03.97164000e+01   00.00000000e+00
  08.62478000e+01   05.74509000e+01   04.03839000e+01   00.00000000e+00
  08.63281000e+01   05.73838000e+01   04.19272000e+01   00.00000000e+00
  08.60240000e+01   05.87119000e+01   04.26871000e+01   00.00000000e+00
  08.69616000e+01   05.99094000e+01   04.23288000e+01   00.00000000e+00
  08.61383000e+01   05.83994000e+01   04.41867000e+01   00.00000000e+00
  08.48727000e+01   05.76641000e+01   04.47348000e+01   00.00000000e+00
  08.48135000e+01   05.74302000e+01   04.62347000e+01   00.00000000e+00
  08.47902000e+01   05.86949000e+01   04.70728000e+01   00.00000000e+00
  08.36934000e+01   05.96790000e+01   04.66888000e+01   00.00000000e+00
  08.48162000e+01   05.85207000e+01   04.86305000e+01   00.00000000e+00
  07.49851000e+01   05.93473000e+01   04.04496000e+01   03.65717000e-02
  07.65051000e+01   05.93941000e+01   03.88972000e+01  -06.37550000e-03
  07.22457000e+01   05.53296000e+01   03.78814000e+01   01.79582000e-02
  07.19219000e+01   05.63447000e+01   03.64210000e+01   01.23366000e-02
  07.28855000e+01   05.48477000e+01   03.63271000e+01   01.80857000e-02
  07.47134000e+01   05.94760000e+01   04.43309000e+01  -03.55350000e-03
  07.39909000e+01   06.10125000e+01   04.40203000e+01  -05.48890000e-03
  07.29424000e+01   05.96564000e+01   04.43592000e+01  -05.73590000e-03
  08.15480000e+01   06.13605000e+01   04.21392000e+01  -01.16015000e-02
  08.15994000e+01   06.18218000e+01   04.04746000e+01  -01.03548000e-02
  08.11823000e+01   06.30266000e+01   04.16154000e+01  -01.10806000e-02
  08.07311000e+01   05.71273000e+01   03.76760000e+01  -06.50300000e-03
  08.22751000e+01   05.77520000e+01   03.67507000e+01  -03.84930000e-03
  08.18151000e+01   05.83618000e+01   03.83520000e+01  -06.75510000e-03
  07.94296000e+01   05.34238000e+01   03.46476000e+01   06.96000000e-05
  07.80579000e+01   05.26853000e+01   03.53075000e+01  -02.56130000e-03
  07.80490000e+01   05.33110000e+01   03.36057000e+01  -08.86000000e-04
  07.13807000e+01   05.62608000e+01   04.28471000e+01   02.66600000e-04
  07.25549000e+01   05.61685000e+01   04.14873000e+01   02.07780000e-03
  07.30352000e+01   05.68037000e+01   04.31260000e+01   03.44650000e-03
  07.94506000e+01   06.30539000e+01   04.53425000e+01   02.98050000e-03
  08.05289000e+01   06.22779000e+01   04.40169000e+01  -05.01900000e-04
  08.06521000e+01   06.01734000e+01   03.27878000e+01  -05.40000000e-06
  08.15434000e+01   05.99795000e+01   03.43344000e+01  -02.73660000e-03
  07.14867000e+01   05.86211000e+01   04.28053000e+01   06.65000000e-04
  07.12376000e+01   05.80722000e+01   04.11087000e+01  -04.07950000e-03
  07.87529000e+01   05.88744000e+01   03.35879000e+01   01.58140000e-02
  07.90339000e+01   06.02931000e+01   03.45236000e+01   09.11190000e-03
  08.57512000e+01   05.79921000e+01   04.89439000e+01   00.00000000e+00
  08.46903000e+01   05.95606000e+01   04.90123000e+01   00.00000000e+00
  08.39348000e+01   05.79002000e+01   04.89323000e+01   00.00000000e+00
  08.36887000e+01   05.99870000e+01   04.56236000e+01   00.00000000e+00
  08.26904000e+01   05.92625000e+01   04.68763000e+01   00.00000000e+00
  08.38428000e+01   06.06707000e+01   04.71677000e+01   00.00000000e+00
  08.40910000e+01   05.67519000e+01   04.64656000e+01   00.00000000e+00
  08.57135000e+01   05.69217000e+01   04.65810000e+01   00.00000000e+00
  08.39324000e+01   05.80705000e+01   04.43387000e+01   00.00000000e+00
  08.49312000e+01   05.66349000e+01   04.43111000e+01   00.00000000e+00
  08.70093000e+01   05.78452000e+01   04.43808000e+01   00.00000000e+00
  08.61881000e+01   05.92697000e+01   04.47914000e+01   00.00000000e+00
  08.80141000e+01   05.96589000e+01   04.24312000e+01   00.00000000e+00
  08.69041000e+01   06.01319000e+01   04.12483000e+01   00.00000000e+00
  08.67434000e+01   06.08264000e+01   04.28367000e+01   00.00000000e+00
  08.54620000e+01   05.67453000e+01   04.22623000e+01   00.00000000e+00
  08.73285000e+01   05.69789000e+01   04.21860000e+01   00.00000000e+00
  08.70972000e+01   05.80930000e+01   04.01366000e+01   00.00000000e+00
  08.53022000e+01   05.80270000e+01   04.01924000e+01   00.00000000e+00
  08.54225000e+01   05.56039000e+01   03.97874000e+01   00.00000000e+00
  08.70938000e+01   05.54795000e+01   04.03511000e+01   00.00000000e+00
  07.24663000e+01   05.72725000e+01   03.93642000e+01   07.20400000e-04
  07.61769000e+01   06.09320000e+01   04.31718000e+01  -02.39543000e-02
  08.10042000e+01   06.04897000e+01   03.90583000e+01   04.89340000e-03
  07.65765000e+01   05.74979000e+01   03.38654000e+01  -02.28199000e-02
  07.74881000e+01   06.26837000e+01   04.39304000e+01  -01.51750000e-03
  08.76050000e+01   05.42847000e+01   03.68912000e+01   00.00000000e+00
  08.83885000e+01   05.43495000e+01   03.84398000e+01   00.00000000e+00
  08.67427000e+01   05.39361000e+01   03.84109000e+01   00.00000000e+00
  08.78971000e+01   05.65647000e+01   03.80938000e+01   00.00000000e+00
  08.54739000e+01   05.74131000e+01   03.76501000e+01   00.00000000e+00
  08.49652000e+01   05.58855000e+01   03.72230000e+01   00.00000000e+00
  08.75658000e+01   05.68894000e+01   03.58772000e+01   00.00000000e+00
  08.60602000e+01   05.76999000e+01   03.54007000e+01   00.00000000e+00
  08.69677000e+01   05.48171000e+01   03.49709000e+01   00.00000000e+00
  08.66489000e+01   05.60458000e+01   03.38468000e+01   00.00000000e+00
  08.48961000e+01   05.32941000e+01   03.33829000e+01   00.00000000e+00
  08.54671000e+01   05.30609000e+01   03.51090000e+01   00.00000000e+00
  08.37798000e+01   05.29735000e+01   03.47145000e+01   00.00000000e+00
  08.09708000e+01   05.99723000e+01   03.64237000e+01   05.57290000e-03
  07.98629000e+01   05.74865000e+01   03.53402000e+01  -01.28866000e-02
  08.33484000e+01   05.59827000e+01   03.57795000e+01   00.00000000e+00
  08.57300000e+01   05.92059000e+01   04.68375000e+01   00.00000000e+00
  08.49783000e+01   05.90109000e+01   04.24601000e+01   00.00000000e+00
  08.24608000e+01   05.58577000e+01   03.31210000e+01  -01.99830000e-03
  08.40126000e+01   05.68592000e+01   03.30975000e+01  -01.85290000e-03
