  07.81022000e+01   05.87035000e+01   03.49433000e+01  -06.11779000e-02
  07.81505000e+01   06.29707000e+01   04.39269000e+01   01.75852000e-02
  07.13569000e+01   05.89653000e+01   04.35425000e+01   01.01800000e-02
  07.39878000e+01   05.64161000e+01   03.62449000e+01  -01.32723000e-02
  07.71792000e+01   05.93706000e+01   03.82992000e+01  -04.57645000e-02
  07.92775000e+01   05.87012000e+01   03.40525000e+01   02.46758000e-02
  07.93028000e+01   06.29869000e+01   04.47336000e+01  -01.71993000e-02
  07.11411000e+01   05.74915000e+01   04.32316000e+01  -09.39340000e-03
  07.54727000e+01   05.68235000e+01   03.58794000e+01   07.66074000e-02
  07.71241000e+01   06.11610000e+01   04.07577000e+01   09.44338000e-02
  07.34187000e+01   05.54488000e+01   03.57245000e+01   01.54319000e-02
  07.96779000e+01   05.73252000e+01   03.35374000e+01  -01.56515000e-02
  07.63754000e+01   05.55919000e+01   03.58540000e+01  -02.00050000e-02
  07.43154000e+01   05.87048000e+01   03.88185000e+01  -08.09918000e-02
  07.71096000e+01   05.37812000e+01   03.72676000e+01   04.03650000e-03
  07.58201000e+01   05.78381000e+01   03.69700000e+01  -01.43447000e-01
  07.90578000e+01   06.07813000e+01   03.92689000e+01   01.23287000e-02
  07.57936000e+01   06.13380000e+01   04.29186000e+01   02.21683000e-01
  07.25144000e+01   05.87619000e+01   04.03770000e+01  -05.42921000e-02
  08.04882000e+01   05.84140000e+01   03.75261000e+01   02.66866000e-02
  08.04382000e+01   06.26100000e+01   04.13798000e+01   04.35609000e-02
  07.35341000e+01   06.08745000e+01   04.49769000e+01   02.36507000e-02
  07.12890000e+01   05.66878000e+01   03.84797000e+01  -06.09964000e-02
  08.05056000e+01   05.51770000e+01   03.41296000e+01   08.71130000e-03
  07.70324000e+01   05.84624000e+01   03.72359000e+01   01.26858000e-01
  07.84380000e+01   06.13413000e+01   04.04703000e+01  -03.45042000e-02
  07.46135000e+01   06.07129000e+01   04.25807000e+01  -02.04376000e-01
  07.30825000e+01   05.83536000e+01   03.92189000e+01   07.60142000e-02
  07.95711000e+01   05.68907000e+01   03.23753000e+01   05.08730000e-03
  07.66773000e+01   05.48758000e+01   03.48937000e+01   06.92200000e-04
  08.08815000e+01   05.43310000e+01   03.53314000e+01   00.00000000e+00
  07.83510000e+01   05.83190000e+01   03.64309000e+01   07.64245000e-02
  07.90670000e+01   06.21164000e+01   04.15824000e+01  -04.66821000e-02
  07.35328000e+01   06.04131000e+01   04.35348000e+01   01.65461000e-02
  07.26227000e+01   05.72916000e+01   03.84008000e+01   05.49912000e-02
  08.01013000e+01   05.64565000e+01   03.45056000e+01   03.30200000e-04
  07.65639000e+01   05.52352000e+01   03.71544000e+01   04.02810000e-03
  08.20624000e+01   05.43406000e+01   03.59496000e+01   00.00000000e+00
  07.92855000e+01   05.92962000e+01   03.71682000e+01  -04.69336000e-02
  07.80674000e+01   06.23068000e+01   04.26068000e+01  -07.68710000e-03
  07.25987000e+01   05.96500000e+01   04.28624000e+01  -03.37389000e-02
  07.35816000e+01   05.71710000e+01   03.74420000e+01   03.64969000e-02
  08.32290000e+01   05.35107000e+01   03.54379000e+01   00.00000000e+00
  07.84873000e+01   05.98228000e+01   03.83395000e+01  -09.58259000e-02
  07.68487000e+01   06.16787000e+01   04.20572000e+01  -01.77941000e-01
  07.31097000e+01   05.95107000e+01   04.14768000e+01   06.74294000e-02
  07.46260000e+01   05.79915000e+01   03.77698000e+01   01.44326000e-01
  08.22629000e+01   05.49764000e+01   03.73036000e+01   00.00000000e+00
  08.33280000e+01   05.60843000e+01   03.74636000e+01   00.00000000e+00
  08.34031000e+01   05.66426000e+01   03.89402000e+01   00.00000000e+00
  08.44459000e+01   05.77365000e+01   03.92212000e+01   00.00000000e+00
  08.59489000e+01   05.74036000e+01   03.89358000e+01   00.00000000e+00
  08.44851000e+01   05.83642000e+01   04.06584000e+01   00.00000000e+00
  08.31058000e+01   05.87697000e+01   04.12589000e+01   00.00000000e+00
  08.33022000e+01   05.98360000e+01   04.24580000e+01   00.00000000e+00
  08.41100000e+01   05.92993000e+01   04.36372000e+01   00.00000000e+00
  08.34188000e+01   05.81045000e+01   04.43403000e+01   00.00000000e+00
  08.43431000e+01   06.05336000e+01   04.45375000e+01   00.00000000e+00
  08.32990000e+01   06.08354000e+01   04.55236000e+01   00.00000000e+00
  08.36775000e+01   06.20851000e+01   04.63521000e+01   00.00000000e+00
  08.29225000e+01   06.25712000e+01   04.76215000e+01   00.00000000e+00
  08.33392000e+01   06.15924000e+01   04.87904000e+01   00.00000000e+00
  08.33228000e+01   06.40127000e+01   04.81015000e+01   00.00000000e+00
  07.42930000e+01   06.01949000e+01   04.13020000e+01   03.65717000e-02
  07.56895000e+01   06.00252000e+01   03.96031000e+01  -06.37550000e-03
  07.06309000e+01   05.74362000e+01   03.81627000e+01   01.79582000e-02
  07.11026000e+01   05.58523000e+01   03.77898000e+01   01.23366000e-02
  07.10578000e+01   05.63872000e+01   03.94985000e+01   01.80857000e-02
  07.25290000e+01   06.07987000e+01   04.52913000e+01  -03.55350000e-03
  07.42348000e+01   06.04117000e+01   04.56817000e+01  -05.48890000e-03
  07.36921000e+01   06.19106000e+01   04.49344000e+01  -05.73590000e-03
  08.11282000e+01   06.18496000e+01   04.17727000e+01  -01.16015000e-02
  08.05057000e+01   06.28990000e+01   04.03220000e+01  -01.03548000e-02
  08.04530000e+01   06.35786000e+01   04.18617000e+01  -01.10806000e-02
  08.10159000e+01   05.89250000e+01   03.83098000e+01  -06.50300000e-03
  08.02792000e+01   05.74761000e+01   03.80334000e+01  -03.84930000e-03
  08.11655000e+01   05.81908000e+01   03.66376000e+01  -06.75510000e-03
  07.69622000e+01   05.33102000e+01   03.82226000e+01   06.96000000e-05
  07.66514000e+01   05.31889000e+01   03.65157000e+01  -02.56130000e-03
  07.82022000e+01   05.38738000e+01   03.71606000e+01  -08.86000000e-04
  07.20625000e+01   05.69437000e+01   04.32745000e+01   02.66600000e-04
  07.04797000e+01   05.71327000e+01   04.39884000e+01   02.07780000e-03
  07.05982000e+01   05.74293000e+01   04.22410000e+01   03.44650000e-03
  07.92662000e+01   06.33296000e+01   04.57790000e+01   02.98050000e-03
  08.02772000e+01   06.25917000e+01   04.44853000e+01  -05.01900000e-04
  07.90010000e+01   05.93130000e+01   03.31639000e+01  -05.40000000e-06
  08.01461000e+01   05.92054000e+01   03.45129000e+01  -02.73660000e-03
  07.13925000e+01   05.89956000e+01   04.46999000e+01   06.65000000e-04
  07.04650000e+01   05.95625000e+01   04.33481000e+01  -04.07950000e-03
  07.74015000e+01   05.80460000e+01   03.44992000e+01   01.58140000e-02
  07.76429000e+01   05.97082000e+01   03.48394000e+01   09.11190000e-03
  08.44085000e+01   06.40810000e+01   04.81414000e+01   00.00000000e+00
  08.28946000e+01   06.47354000e+01   04.74347000e+01   00.00000000e+00
  08.30014000e+01   06.42530000e+01   04.90801000e+01   00.00000000e+00
  08.43941000e+01   06.18308000e+01   04.90503000e+01   00.00000000e+00
  08.25731000e+01   06.16064000e+01   04.96081000e+01   00.00000000e+00
  08.32250000e+01   06.06035000e+01   04.82845000e+01   00.00000000e+00
  08.47318000e+01   06.21325000e+01   04.64776000e+01   00.00000000e+00
  08.35089000e+01   06.28093000e+01   04.56362000e+01   00.00000000e+00
  08.24329000e+01   06.10902000e+01   04.49674000e+01   00.00000000e+00
  08.29639000e+01   05.99943000e+01   04.61373000e+01   00.00000000e+00
  08.52821000e+01   06.03629000e+01   04.51311000e+01   00.00000000e+00
  08.45329000e+01   06.14795000e+01   04.39504000e+01   00.00000000e+00
  08.24681000e+01   05.82822000e+01   04.48134000e+01   00.00000000e+00
  08.32009000e+01   05.72369000e+01   04.36264000e+01   00.00000000e+00
  08.41654000e+01   05.77839000e+01   04.51707000e+01   00.00000000e+00
  08.37059000e+01   06.07593000e+01   04.20054000e+01   00.00000000e+00
  08.23330000e+01   06.00605000e+01   04.28374000e+01   00.00000000e+00
  08.25805000e+01   05.94285000e+01   04.05134000e+01   00.00000000e+00
  08.25114000e+01   05.79059000e+01   04.14745000e+01   00.00000000e+00
  08.47910000e+01   05.76351000e+01   04.13811000e+01   00.00000000e+00
  08.52354000e+01   05.91275000e+01   04.06523000e+01   00.00000000e+00
  07.15310000e+01   05.83777000e+01   04.04917000e+01   07.20400000e-04
  07.59458000e+01   06.15210000e+01   04.39495000e+01  -02.39543000e-02
  08.01111000e+01   06.10740000e+01   03.91200000e+01   04.89340000e-03
  07.54201000e+01   05.72164000e+01   03.48990000e+01  -02.28199000e-02
  07.72138000e+01   06.33973000e+01   04.43124000e+01  -01.51750000e-03
  08.59973000e+01   05.71194000e+01   03.78642000e+01   00.00000000e+00
  08.66175000e+01   05.82488000e+01   03.90885000e+01   00.00000000e+00
  08.62845000e+01   05.65447000e+01   03.95900000e+01   00.00000000e+00
  08.42107000e+01   05.85215000e+01   03.85598000e+01   00.00000000e+00
  08.23927000e+01   05.69650000e+01   03.92348000e+01   00.00000000e+00
  08.36477000e+01   05.57811000e+01   03.95401000e+01   00.00000000e+00
  08.42733000e+01   05.56242000e+01   03.73138000e+01   00.00000000e+00
  08.32525000e+01   05.68855000e+01   03.66928000e+01   00.00000000e+00
  08.12425000e+01   05.52999000e+01   03.75475000e+01   00.00000000e+00
  08.26384000e+01   05.41334000e+01   03.78885000e+01   00.00000000e+00
  08.28567000e+01   05.31429000e+01   03.44831000e+01   00.00000000e+00
  08.39663000e+01   05.42023000e+01   03.51892000e+01   00.00000000e+00
  08.35038000e+01   05.27885000e+01   03.61787000e+01   00.00000000e+00
  07.95468000e+01   06.00901000e+01   03.64573000e+01   05.57290000e-03
  07.86947000e+01   05.72841000e+01   03.63598000e+01  -01.28866000e-02
  08.02358000e+01   05.34874000e+01   03.56435000e+01   00.00000000e+00
  08.19073000e+01   06.26172000e+01   04.74150000e+01   00.00000000e+00
  08.50515000e+01   05.90934000e+01   04.31844000e+01   00.00000000e+00
  07.97605000e+01   05.46458000e+01   03.36235000e+01  -01.99830000e-03
  08.14051000e+01   05.52753000e+01   03.34864000e+01  -01.85290000e-03
