  08.01581000e+01   05.83479000e+01   03.48395000e+01  -06.11779000e-02
  08.04147000e+01   06.25930000e+01   04.38228000e+01   01.75852000e-02
  07.33597000e+01   05.87014000e+01   04.37025000e+01   01.01800000e-02
  07.57609000e+01   05.59016000e+01   03.63681000e+01  -01.32723000e-02
  07.90757000e+01   05.89163000e+01   03.83754000e+01  -04.57645000e-02
  08.15321000e+01   05.82423000e+01   03.42110000e+01   02.46758000e-02
  08.15400000e+01   06.25742000e+01   04.45582000e+01  -01.71993000e-02
  07.35241000e+01   05.72200000e+01   04.38292000e+01  -09.39340000e-03
  07.73043000e+01   05.63493000e+01   03.59775000e+01   07.66074000e-02
  07.90515000e+01   06.06293000e+01   04.08445000e+01   09.44338000e-02
  07.50358000e+01   05.51281000e+01   03.57408000e+01   01.54319000e-02
  08.20116000e+01   05.68385000e+01   03.38569000e+01  -01.56515000e-02
  07.82353000e+01   05.51776000e+01   03.57838000e+01  -02.00050000e-02
  07.62119000e+01   05.82050000e+01   03.89972000e+01  -08.09918000e-02
  07.93121000e+01   05.31658000e+01   03.67631000e+01   04.03650000e-03
  07.76698000e+01   05.73562000e+01   03.70729000e+01  -01.43447000e-01
  08.07850000e+01   06.04541000e+01   03.91285000e+01   01.23287000e-02
  07.78224000e+01   06.08899000e+01   04.29987000e+01   02.21683000e-01
  07.44286000e+01   05.83494000e+01   04.07197000e+01  -05.42921000e-02
  08.25393000e+01   05.80255000e+01   03.76616000e+01   02.66866000e-02
  08.23522000e+01   06.22754000e+01   04.11772000e+01   04.35609000e-02
  07.56194000e+01   06.03528000e+01   04.51542000e+01   02.36507000e-02
  07.31097000e+01   05.61560000e+01   03.86615000e+01  -06.09964000e-02
  08.26484000e+01   05.47220000e+01   03.47758000e+01   08.71130000e-03
  07.88717000e+01   05.80821000e+01   03.72509000e+01   01.26858000e-01
  08.03279000e+01   06.09029000e+01   04.03756000e+01  -03.45042000e-02
  07.66405000e+01   06.01439000e+01   04.27690000e+01  -02.04376000e-01
  07.49438000e+01   05.78761000e+01   03.94482000e+01   07.60142000e-02
  08.17959000e+01   05.62536000e+01   03.28363000e+01   05.08730000e-03
  07.89313000e+01   05.49753000e+01   03.48014000e+01   06.92200000e-04
  08.36157000e+01   05.44544000e+01   03.58355000e+01   00.00000000e+00
  08.02013000e+01   05.79099000e+01   03.63721000e+01   07.64245000e-02
  08.10083000e+01   06.17429000e+01   04.13592000e+01  -04.66821000e-02
  07.56137000e+01   05.99767000e+01   04.37077000e+01   01.65461000e-02
  07.43948000e+01   05.68514000e+01   03.85462000e+01   05.49912000e-02
  08.25448000e+01   05.61794000e+01   03.49920000e+01   03.30200000e-04
  07.82903000e+01   05.42366000e+01   03.67707000e+01   04.02810000e-03
  08.48067000e+01   05.37835000e+01   03.57295000e+01   00.00000000e+00
  08.12042000e+01   05.87580000e+01   03.72010000e+01  -04.69336000e-02
  08.01823000e+01   06.18619000e+01   04.25053000e+01  -07.68710000e-03
  07.46265000e+01   05.92618000e+01   04.30791000e+01  -03.37389000e-02
  07.54414000e+01   05.66564000e+01   03.75955000e+01   03.64969000e-02
  08.49199000e+01   05.22893000e+01   03.57342000e+01   00.00000000e+00
  08.03540000e+01   05.94212000e+01   03.83129000e+01  -09.58259000e-02
  07.89248000e+01   06.11710000e+01   04.21383000e+01  -01.77941000e-01
  07.50651000e+01   05.90717000e+01   04.17310000e+01   06.74294000e-02
  07.65476000e+01   05.74631000e+01   03.79679000e+01   01.44326000e-01
  08.60929000e+01   05.45344000e+01   03.52517000e+01   00.00000000e+00
  08.63550000e+01   05.57433000e+01   03.61006000e+01   00.00000000e+00
  08.67947000e+01   05.55431000e+01   03.75607000e+01   00.00000000e+00
  08.70499000e+01   05.69043000e+01   03.83787000e+01   00.00000000e+00
  08.82919000e+01   05.76598000e+01   03.79252000e+01   00.00000000e+00
  08.71108000e+01   05.65235000e+01   03.98665000e+01   00.00000000e+00
  08.71952000e+01   05.76302000e+01   04.09550000e+01   00.00000000e+00
  08.73518000e+01   05.71346000e+01   04.24603000e+01   00.00000000e+00
  08.88234000e+01   05.69570000e+01   04.30013000e+01   00.00000000e+00
  08.97249000e+01   05.60477000e+01   04.21004000e+01   00.00000000e+00
  08.86740000e+01   05.62488000e+01   04.43646000e+01   00.00000000e+00
  08.80470000e+01   05.69386000e+01   04.55888000e+01   00.00000000e+00
  08.84073000e+01   05.63670000e+01   04.69621000e+01   00.00000000e+00
  08.80311000e+01   05.71876000e+01   04.81609000e+01   00.00000000e+00
  08.64588000e+01   05.74194000e+01   04.82748000e+01   00.00000000e+00
  08.85897000e+01   05.64293000e+01   04.94264000e+01   00.00000000e+00
  07.62800000e+01   05.96796000e+01   04.15405000e+01   03.65717000e-02
  07.75993000e+01   05.94698000e+01   03.98603000e+01  -06.37550000e-03
  07.29063000e+01   05.57078000e+01   03.77030000e+01   01.79582000e-02
  07.32523000e+01   05.54235000e+01   03.94581000e+01   01.23366000e-02
  07.22666000e+01   05.67958000e+01   03.88665000e+01   01.80857000e-02
  07.65971000e+01   06.03809000e+01   04.55472000e+01  -03.55350000e-03
  07.51389000e+01   06.12964000e+01   04.53763000e+01  -05.48890000e-03
  07.51711000e+01   05.95240000e+01   04.56855000e+01  -05.73590000e-03
  08.25928000e+01   06.31662000e+01   04.17366000e+01  -01.16015000e-02
  08.30638000e+01   06.15012000e+01   04.14069000e+01  -01.03548000e-02
  08.24473000e+01   06.25318000e+01   04.00749000e+01  -01.10806000e-02
  08.30623000e+01   05.75570000e+01   03.68238000e+01  -06.50300000e-03
  08.32092000e+01   05.88461000e+01   03.81165000e+01  -03.84930000e-03
  08.23919000e+01   05.72885000e+01   03.83638000e+01  -06.75510000e-03
  07.94385000e+01   05.28301000e+01   03.77640000e+01   06.96000000e-05
  07.91568000e+01   05.24042000e+01   03.60550000e+01  -02.56130000e-03
  08.02677000e+01   05.36220000e+01   03.65960000e+01  -08.86000000e-04
  07.40232000e+01   05.70599000e+01   04.48088000e+01   02.66600000e-04
  07.25631000e+01   05.66077000e+01   04.38670000e+01   02.07780000e-03
  07.40971000e+01   05.68115000e+01   04.29893000e+01   03.44650000e-03
  08.16234000e+01   06.29453000e+01   04.55813000e+01   02.98050000e-03
  08.23317000e+01   06.19009000e+01   04.41756000e+01  -05.01900000e-04
  08.16099000e+01   05.88444000e+01   03.32598000e+01  -05.40000000e-06
  08.22673000e+01   05.86088000e+01   03.48633000e+01  -02.73660000e-03
  07.31395000e+01   05.89646000e+01   04.47513000e+01   06.65000000e-04
  07.25187000e+01   05.88748000e+01   04.30953000e+01  -04.07950000e-03
  07.93963000e+01   05.78709000e+01   03.43532000e+01   01.58140000e-02
  08.00250000e+01   05.94045000e+01   03.48826000e+01   09.11190000e-03
  08.80402000e+01   05.55242000e+01   04.97142000e+01   00.00000000e+00
  08.96619000e+01   05.62175000e+01   04.93264000e+01   00.00000000e+00
  08.84982000e+01   05.69478000e+01   05.03774000e+01   00.00000000e+00
  08.61818000e+01   05.82658000e+01   04.75766000e+01   00.00000000e+00
  08.58929000e+01   05.65206000e+01   04.80784000e+01   00.00000000e+00
  08.61950000e+01   05.76975000e+01   04.92395000e+01   00.00000000e+00
  08.80314000e+01   05.53279000e+01   04.70016000e+01   00.00000000e+00
  08.95429000e+01   05.63159000e+01   04.70284000e+01   00.00000000e+00
  08.83113000e+01   05.80081000e+01   04.55264000e+01   00.00000000e+00
  08.69655000e+01   05.70261000e+01   04.55391000e+01   00.00000000e+00
  08.82565000e+01   05.53127000e+01   04.41769000e+01   00.00000000e+00
  08.96044000e+01   05.59053000e+01   04.47390000e+01   00.00000000e+00
  09.06917000e+01   05.59721000e+01   04.25651000e+01   00.00000000e+00
  08.93679000e+01   05.50642000e+01   04.21731000e+01   00.00000000e+00
  08.98288000e+01   05.64755000e+01   04.11330000e+01   00.00000000e+00
  08.67687000e+01   05.77490000e+01   04.32167000e+01   00.00000000e+00
  08.68041000e+01   05.62195000e+01   04.26226000e+01   00.00000000e+00
  08.81293000e+01   05.80997000e+01   04.07523000e+01   00.00000000e+00
  08.63870000e+01   05.83762000e+01   04.09550000e+01   00.00000000e+00
  08.62296000e+01   05.60105000e+01   04.01695000e+01   00.00000000e+00
  08.79586000e+01   05.58186000e+01   04.00022000e+01   00.00000000e+00
  07.34775000e+01   05.78288000e+01   04.09545000e+01   07.20400000e-04
  07.78823000e+01   06.13227000e+01   04.40315000e+01  -02.39543000e-02
  08.18051000e+01   06.07453000e+01   03.88743000e+01   04.89340000e-03
  07.72907000e+01   05.69243000e+01   03.50104000e+01  -02.28199000e-02
  07.95443000e+01   06.31575000e+01   04.41956000e+01  -01.51750000e-03
  08.91795000e+01   05.69727000e+01   03.80375000e+01   00.00000000e+00
  08.81483000e+01   05.79325000e+01   03.68667000e+01   00.00000000e+00
  08.85783000e+01   05.85853000e+01   03.84191000e+01   00.00000000e+00
  08.61767000e+01   05.75239000e+01   03.82653000e+01   00.00000000e+00
  08.60085000e+01   05.49093000e+01   03.80115000e+01   00.00000000e+00
  08.76426000e+01   05.48233000e+01   03.75235000e+01   00.00000000e+00
  08.71090000e+01   05.63999000e+01   03.56531000e+01   00.00000000e+00
  08.55140000e+01   05.63520000e+01   03.60894000e+01   00.00000000e+00
  08.70147000e+01   05.39190000e+01   03.53947000e+01   00.00000000e+00
  08.59537000e+01   05.48295000e+01   03.41567000e+01   00.00000000e+00
  08.49614000e+01   05.18216000e+01   03.47298000e+01   00.00000000e+00
  08.59008000e+01   05.19555000e+01   03.61971000e+01   00.00000000e+00
  08.40602000e+01   05.17954000e+01   03.62828000e+01   00.00000000e+00
  08.15161000e+01   05.96905000e+01   03.66537000e+01   05.57290000e-03
  08.03690000e+01   05.68197000e+01   03.65164000e+01  -01.28866000e-02
  08.34046000e+01   05.47675000e+01   03.68381000e+01   00.00000000e+00
  08.86299000e+01   05.81711000e+01   04.82574000e+01   00.00000000e+00
  08.93625000e+01   05.78730000e+01   04.32149000e+01   00.00000000e+00
  08.17702000e+01   05.41706000e+01   03.51206000e+01  -01.99830000e-03
  08.29779000e+01   05.43702000e+01   03.37867000e+01  -01.85290000e-03
