  08.02177000e+01   05.96577000e+01   03.38611000e+01  -06.11779000e-02
  07.92589000e+01   06.32207000e+01   04.27981000e+01   01.75852000e-02
  07.29463000e+01   05.82856000e+01   04.18168000e+01   01.01800000e-02
  07.64284000e+01   05.63727000e+01   03.47863000e+01  -01.32723000e-02
  07.90320000e+01   05.96828000e+01   03.70811000e+01  -04.57645000e-02
  08.15335000e+01   05.95092000e+01   03.29494000e+01   02.46758000e-02
  08.01913000e+01   06.38612000e+01   04.35310000e+01  -01.71993000e-02
  07.30291000e+01   05.67472000e+01   04.17407000e+01  -09.39340000e-03
  07.76835000e+01   05.71309000e+01   03.44467000e+01   07.66074000e-02
  07.85916000e+01   06.11216000e+01   03.97398000e+01   09.44338000e-02
  07.59434000e+01   05.55516000e+01   03.40325000e+01   01.54319000e-02
  08.19479000e+01   05.80608000e+01   03.26664000e+01  -01.56515000e-02
  07.87377000e+01   05.60870000e+01   03.42028000e+01  -02.00050000e-02
  07.63442000e+01   05.84929000e+01   03.75940000e+01  -08.09918000e-02
  08.02241000e+01   05.45305000e+01   03.52938000e+01   04.03650000e-03
  07.79000000e+01   05.80750000e+01   03.56419000e+01  -01.43447000e-01
  08.07138000e+01   06.09752000e+01   03.83929000e+01   01.23287000e-02
  07.71891000e+01   06.12231000e+01   04.17321000e+01   02.21683000e-01
  07.44832000e+01   05.80519000e+01   03.91580000e+01  -05.42921000e-02
  08.25868000e+01   05.90043000e+01   03.65137000e+01   02.66866000e-02
  08.17942000e+01   06.28041000e+01   04.04715000e+01   04.35609000e-02
  07.50252000e+01   06.01852000e+01   04.37920000e+01   02.36507000e-02
  07.34687000e+01   05.60907000e+01   03.66999000e+01  -06.09964000e-02
  08.33974000e+01   05.62661000e+01   03.32689000e+01   08.71130000e-03
  07.90419000e+01   05.89570000e+01   03.59316000e+01   01.26858000e-01
  07.99461000e+01   06.14147000e+01   03.95287000e+01  -03.45042000e-02
  07.61497000e+01   06.03298000e+01   04.13619000e+01  -02.04376000e-01
  07.51383000e+01   05.78776000e+01   03.78707000e+01   07.60142000e-02
  08.18294000e+01   05.75216000e+01   03.15849000e+01   05.08730000e-03
  07.93715000e+01   05.59199000e+01   03.31529000e+01   06.92200000e-04
  08.41771000e+01   05.59590000e+01   03.45796000e+01   00.00000000e+00
  08.03394000e+01   05.89396000e+01   03.51988000e+01   07.64245000e-02
  08.04386000e+01   06.23323000e+01   04.05588000e+01  -04.66821000e-02
  07.51222000e+01   05.98411000e+01   04.22654000e+01   01.65461000e-02
  07.47244000e+01   05.69810000e+01   03.68186000e+01   05.49912000e-02
  08.28360000e+01   05.75965000e+01   03.35606000e+01   03.30200000e-04
  07.91623000e+01   05.54952000e+01   03.53207000e+01   04.02810000e-03
  08.52366000e+01   05.51668000e+01   03.47191000e+01   00.00000000e+00
  08.12499000e+01   05.97612000e+01   03.61457000e+01  -04.69336000e-02
  07.94443000e+01   06.24848000e+01   04.15393000e+01  -07.68710000e-03
  07.43110000e+01   05.89955000e+01   04.15081000e+01  -03.37389000e-02
  07.58780000e+01   05.70060000e+01   03.60080000e+01   03.64969000e-02
  08.50234000e+01   05.37150000e+01   03.52355000e+01   00.00000000e+00
  08.03018000e+01   06.01294000e+01   03.73079000e+01  -09.58259000e-02
  07.83476000e+01   06.16031000e+01   04.10305000e+01  -01.77941000e-01
  07.49347000e+01   05.88871000e+01   04.02479000e+01   06.74294000e-02
  07.67666000e+01   05.79244000e+01   03.64374000e+01   01.44326000e-01
  08.66510000e+01   05.56793000e+01   03.44314000e+01   00.00000000e+00
  08.70202000e+01   05.69510000e+01   03.51701000e+01   00.00000000e+00
  08.71780000e+01   05.67431000e+01   03.67400000e+01   00.00000000e+00
  08.84546000e+01   05.61396000e+01   03.74144000e+01   00.00000000e+00
  08.89373000e+01   05.48186000e+01   03.67341000e+01   00.00000000e+00
  08.82859000e+01   05.61371000e+01   03.89530000e+01   00.00000000e+00
  08.84148000e+01   05.74422000e+01   03.96918000e+01   00.00000000e+00
  08.82015000e+01   05.73296000e+01   04.11697000e+01   00.00000000e+00
  08.83752000e+01   05.86582000e+01   04.20713000e+01   00.00000000e+00
  08.96678000e+01   05.94766000e+01   04.17178000e+01   00.00000000e+00
  08.83181000e+01   05.84539000e+01   04.35291000e+01   00.00000000e+00
  08.70589000e+01   05.78857000e+01   04.42073000e+01   00.00000000e+00
  08.70603000e+01   05.78503000e+01   04.57816000e+01   00.00000000e+00
  08.57355000e+01   05.77614000e+01   04.63906000e+01   00.00000000e+00
  08.49122000e+01   05.65126000e+01   04.61113000e+01   00.00000000e+00
  08.59520000e+01   05.80081000e+01   04.79585000e+01   00.00000000e+00
  07.60332000e+01   05.96692000e+01   04.01823000e+01   03.65717000e-02
  07.73495000e+01   05.99051000e+01   03.85272000e+01  -06.37550000e-03
  07.26016000e+01   05.67203000e+01   03.66368000e+01   01.79582000e-02
  07.35646000e+01   05.53914000e+01   03.58507000e+01   01.23366000e-02
  07.33530000e+01   05.54211000e+01   03.75810000e+01   01.80857000e-02
  07.60589000e+01   06.01042000e+01   04.42203000e+01  -03.55350000e-03
  07.46332000e+01   06.11958000e+01   04.39246000e+01  -05.48890000e-03
  07.43591000e+01   05.94779000e+01   04.43570000e+01  -05.73590000e-03
  08.24698000e+01   06.20133000e+01   04.06598000e+01  -01.16015000e-02
  08.21234000e+01   06.32193000e+01   03.95386000e+01  -01.03548000e-02
  08.19706000e+01   06.36012000e+01   04.12150000e+01  -01.10806000e-02
  08.25364000e+01   05.78838000e+01   03.66510000e+01  -06.50300000e-03
  08.32936000e+01   05.91655000e+01   03.56690000e+01  -03.84930000e-03
  08.30190000e+01   05.94805000e+01   03.74389000e+01  -06.75510000e-03
  08.10640000e+01   05.49611000e+01   03.47828000e+01   06.96000000e-05
  08.05937000e+01   05.43529000e+01   03.63367000e+01  -02.56130000e-03
  08.00312000e+01   05.36545000e+01   03.47878000e+01  -08.86000000e-04
  07.35370000e+01   05.62349000e+01   04.09003000e+01   02.66600000e-04
  07.36256000e+01   05.64871000e+01   04.26268000e+01   02.07780000e-03
  07.20799000e+01   05.62537000e+01   04.18661000e+01   03.44650000e-03
  07.98515000e+01   06.44538000e+01   04.43935000e+01   02.98050000e-03
  08.12573000e+01   06.39591000e+01   04.32261000e+01  -05.01900000e-04
  08.13309000e+01   06.00686000e+01   03.20258000e+01  -05.40000000e-06
  08.24242000e+01   05.99155000e+01   03.34276000e+01  -02.73660000e-03
  07.25207000e+01   05.86617000e+01   04.27020000e+01   06.65000000e-04
  07.22113000e+01   05.85878000e+01   04.10751000e+01  -04.07950000e-03
  07.95002000e+01   05.91615000e+01   03.32405000e+01   01.58140000e-02
  07.99566000e+01   06.06958000e+01   03.40355000e+01   09.11190000e-03
  08.68356000e+01   05.74795000e+01   04.83454000e+01   00.00000000e+00
  08.61857000e+01   05.90667000e+01   04.81107000e+01   00.00000000e+00
  08.50638000e+01   05.79516000e+01   04.86140000e+01   00.00000000e+00
  08.54196000e+01   05.56327000e+01   04.65494000e+01   00.00000000e+00
  08.39394000e+01   05.65614000e+01   04.66649000e+01   00.00000000e+00
  08.48405000e+01   05.63361000e+01   04.50439000e+01   00.00000000e+00
  08.77982000e+01   05.72482000e+01   04.62897000e+01   00.00000000e+00
  08.72801000e+01   05.88631000e+01   04.60169000e+01   00.00000000e+00
  08.62301000e+01   05.84646000e+01   04.39257000e+01   00.00000000e+00
  08.69761000e+01   05.68867000e+01   04.36608000e+01   00.00000000e+00
  08.91259000e+01   05.77806000e+01   04.37859000e+01   00.00000000e+00
  08.82822000e+01   05.94459000e+01   04.38786000e+01   00.00000000e+00
  09.05791000e+01   05.89204000e+01   04.20227000e+01   00.00000000e+00
  08.97853000e+01   05.97994000e+01   04.06866000e+01   00.00000000e+00
  08.96570000e+01   06.04019000e+01   04.23250000e+01   00.00000000e+00
  08.72599000e+01   05.68410000e+01   04.13122000e+01   00.00000000e+00
  08.89745000e+01   05.66325000e+01   04.15628000e+01   00.00000000e+00
  08.94513000e+01   05.78016000e+01   03.95779000e+01   00.00000000e+00
  08.76990000e+01   05.81406000e+01   03.92985000e+01   00.00000000e+00
  08.72491000e+01   05.57028000e+01   03.91281000e+01   00.00000000e+00
  08.90161000e+01   05.54589000e+01   03.93231000e+01   00.00000000e+00
  07.35398000e+01   05.75503000e+01   03.92508000e+01   07.20400000e-04
  07.71743000e+01   06.15321000e+01   04.27463000e+01  -02.39543000e-02
  08.18245000e+01   06.11906000e+01   03.83717000e+01   04.89340000e-03
  07.76291000e+01   05.77367000e+01   03.35536000e+01  -02.28199000e-02
  07.82433000e+01   06.32427000e+01   04.31950000e+01  -01.51750000e-03
  08.93612000e+01   05.51652000e+01   03.57824000e+01   00.00000000e+00
  08.96706000e+01   05.43347000e+01   03.74316000e+01   00.00000000e+00
  08.80075000e+01   05.42746000e+01   03.66553000e+01   00.00000000e+00
  08.93712000e+01   05.67360000e+01   03.72423000e+01   00.00000000e+00
  08.68948000e+01   05.75923000e+01   03.72530000e+01   00.00000000e+00
  08.63875000e+01   05.60614000e+01   03.70176000e+01   00.00000000e+00
  08.79883000e+01   05.72838000e+01   03.47357000e+01   00.00000000e+00
  08.63210000e+01   05.78044000e+01   03.50181000e+01   00.00000000e+00
  08.72827000e+01   05.48866000e+01   03.48408000e+01   00.00000000e+00
  08.68090000e+01   05.58690000e+01   03.33473000e+01   00.00000000e+00
  08.40299000e+01   05.36088000e+01   03.55987000e+01   00.00000000e+00
  08.50831000e+01   05.29645000e+01   03.44142000e+01   00.00000000e+00
  08.57110000e+01   05.35593000e+01   03.60427000e+01   00.00000000e+00
  08.15936000e+01   06.06911000e+01   03.56786000e+01   05.57290000e-03
  08.07745000e+01   05.79279000e+01   03.51636000e+01  -01.28866000e-02
  08.39862000e+01   05.65926000e+01   03.53957000e+01   00.00000000e+00
  08.50618000e+01   05.85547000e+01   04.60159000e+01   00.00000000e+00
  08.75509000e+01   05.92616000e+01   04.17450000e+01   00.00000000e+00
  08.26246000e+01   05.54897000e+01   03.30368000e+01  -01.99830000e-03
  08.40648000e+01   05.64442000e+01   03.24175000e+01  -01.85290000e-03
