  08.01503000e+01   05.82111000e+01   03.49792000e+01  -06.11779000e-02
  08.01739000e+01   06.23666000e+01   04.38373000e+01   01.75852000e-02
  07.32215000e+01   05.85315000e+01   04.37647000e+01   01.01800000e-02
  07.59223000e+01   05.57883000e+01   03.62359000e+01  -01.32723000e-02
  07.92101000e+01   05.87546000e+01   03.84205000e+01  -04.57645000e-02
  08.12855000e+01   05.78116000e+01   03.40944000e+01   02.46758000e-02
  08.13738000e+01   06.24649000e+01   04.45140000e+01  -01.71993000e-02
  07.31665000e+01   05.70364000e+01   04.41016000e+01  -09.39340000e-03
  07.73425000e+01   05.63650000e+01   03.58717000e+01   07.66074000e-02
  07.91081000e+01   06.02566000e+01   04.10456000e+01   09.44338000e-02
  07.53651000e+01   05.49287000e+01   03.55543000e+01   01.54319000e-02
  08.15822000e+01   05.63307000e+01   03.39621000e+01  -01.56515000e-02
  07.83199000e+01   05.51420000e+01   03.56678000e+01  -02.00050000e-02
  07.63882000e+01   05.77026000e+01   03.91896000e+01  -08.09918000e-02
  07.89299000e+01   05.29621000e+01   03.67348000e+01   04.03650000e-03
  07.77468000e+01   05.73079000e+01   03.69980000e+01  -01.43447000e-01
  08.10064000e+01   06.01560000e+01   03.94187000e+01   01.23287000e-02
  07.75941000e+01   06.09103000e+01   04.29059000e+01   02.21683000e-01
  07.45334000e+01   05.78227000e+01   04.07127000e+01  -05.42921000e-02
  08.25275000e+01   05.79494000e+01   03.78484000e+01   02.66866000e-02
  08.24945000e+01   06.17686000e+01   04.14907000e+01   04.35609000e-02
  07.54580000e+01   06.02893000e+01   04.51350000e+01   02.36507000e-02
  07.32891000e+01   05.57058000e+01   03.85548000e+01  -06.09964000e-02
  08.23270000e+01   05.44008000e+01   03.52418000e+01   08.71130000e-03
  07.89585000e+01   05.79857000e+01   03.72591000e+01   01.26858000e-01
  08.03865000e+01   06.05721000e+01   04.06287000e+01  -03.45042000e-02
  07.65551000e+01   06.00407000e+01   04.27218000e+01  -02.04376000e-01
  07.50891000e+01   05.72892000e+01   03.95327000e+01   07.60142000e-02
  08.14477000e+01   05.55733000e+01   03.30059000e+01   05.08730000e-03
  07.90517000e+01   05.49787000e+01   03.46994000e+01   06.92200000e-04
  08.28328000e+01   05.42759000e+01   03.66786000e+01   00.00000000e+00
  08.02833000e+01   05.77847000e+01   03.65489000e+01   07.64245000e-02
  08.10104000e+01   06.13168000e+01   04.16387000e+01  -04.66821000e-02
  07.54880000e+01   05.98302000e+01   04.37025000e+01   01.65461000e-02
  07.45907000e+01   05.64008000e+01   03.84952000e+01   05.49912000e-02
  08.22081000e+01   05.58754000e+01   03.51145000e+01   03.30200000e-04
  07.82682000e+01   05.42838000e+01   03.67801000e+01   04.02810000e-03
  08.39368000e+01   05.36527000e+01   03.71003000e+01   00.00000000e+00
  08.12883000e+01   05.86978000e+01   03.72896000e+01  -04.69336000e-02
  08.00509000e+01   06.16303000e+01   04.25415000e+01  -07.68710000e-03
  07.45381000e+01   05.89661000e+01   04.30800000e+01  -03.37389000e-02
  07.55806000e+01   05.63347000e+01   03.75118000e+01   03.64969000e-02
  08.40785000e+01   05.21011000e+01   03.71654000e+01   00.00000000e+00
  08.04767000e+01   05.92699000e+01   03.84305000e+01  -09.58259000e-02
  07.88363000e+01   06.09406000e+01   04.21733000e+01  -01.77941000e-01
  07.51069000e+01   05.86400000e+01   04.17301000e+01   06.74294000e-02
  07.66228000e+01   05.72019000e+01   03.79443000e+01   01.44326000e-01
  08.52562000e+01   05.44058000e+01   03.73194000e+01   00.00000000e+00
  08.52620000e+01   05.50883000e+01   03.86905000e+01   00.00000000e+00
  08.65885000e+01   05.58396000e+01   03.87223000e+01   00.00000000e+00
  08.68559000e+01   05.66155000e+01   04.00612000e+01   00.00000000e+00
  08.61333000e+01   05.79995000e+01   04.00548000e+01   00.00000000e+00
  08.83996000e+01   05.68484000e+01   04.02490000e+01   00.00000000e+00
  08.88831000e+01   05.74679000e+01   04.15828000e+01   00.00000000e+00
  08.84035000e+01   05.66895000e+01   04.28496000e+01   00.00000000e+00
  08.91190000e+01   05.69900000e+01   04.42081000e+01   00.00000000e+00
  08.90774000e+01   05.57983000e+01   04.52122000e+01   00.00000000e+00
  08.83717000e+01   05.81656000e+01   04.48909000e+01   00.00000000e+00
  08.93312000e+01   05.89213000e+01   04.58844000e+01   00.00000000e+00
  08.86807000e+01   06.00668000e+01   04.67186000e+01   00.00000000e+00
  08.74501000e+01   05.97238000e+01   04.76623000e+01   00.00000000e+00
  08.77775000e+01   05.86006000e+01   04.87479000e+01   00.00000000e+00
  08.68079000e+01   06.09615000e+01   04.82964000e+01   00.00000000e+00
  07.63646000e+01   05.92503000e+01   04.16050000e+01   03.65717000e-02
  07.77177000e+01   05.91367000e+01   04.00337000e+01  -06.37550000e-03
  07.25586000e+01   05.64869000e+01   03.83478000e+01   01.79582000e-02
  07.32863000e+01   05.50311000e+01   03.77183000e+01   01.23366000e-02
  07.32461000e+01   05.51672000e+01   03.95107000e+01   01.80857000e-02
  07.53632000e+01   05.93686000e+01   04.57085000e+01  -03.55350000e-03
  07.63793000e+01   06.07769000e+01   04.53874000e+01  -05.48890000e-03
  07.46389000e+01   06.10112000e+01   04.53720000e+01  -05.73590000e-03
  08.32103000e+01   06.09499000e+01   04.17571000e+01  -01.16015000e-02
  08.27357000e+01   06.18912000e+01   04.04148000e+01  -01.03548000e-02
  08.27772000e+01   06.27125000e+01   04.20525000e+01  -01.10806000e-02
  08.32500000e+01   05.85425000e+01   03.84724000e+01  -06.50300000e-03
  08.20108000e+01   05.71514000e+01   03.84972000e+01  -03.84930000e-03
  08.30505000e+01   05.74627000e+01   03.70582000e+01  -06.75510000e-03
  07.83017000e+01   05.22128000e+01   03.72103000e+01   06.96000000e-05
  07.91410000e+01   05.26223000e+01   03.57072000e+01  -02.56130000e-03
  07.99488000e+01   05.30440000e+01   03.71264000e+01  -08.86000000e-04
  07.22745000e+01   05.67808000e+01   04.47019000e+01   02.66600000e-04
  07.28245000e+01   05.64360000e+01   04.32609000e+01   02.07780000e-03
  07.39786000e+01   05.66077000e+01   04.46909000e+01   03.44650000e-03
  08.12873000e+01   06.29960000e+01   04.55265000e+01   02.98050000e-03
  08.23676000e+01   06.21357000e+01   04.42151000e+01  -05.01900000e-04
  08.11288000e+01   05.81690000e+01   03.30937000e+01  -05.40000000e-06
  08.22686000e+01   05.82112000e+01   03.44335000e+01  -02.73660000e-03
  07.30468000e+01   05.89982000e+01   04.47642000e+01   06.65000000e-04
  07.23518000e+01   05.88884000e+01   04.31704000e+01  -04.07950000e-03
  07.92498000e+01   05.78457000e+01   03.44209000e+01   01.58140000e-02
  08.00883000e+01   05.92703000e+01   03.49300000e+01   09.11190000e-03
  08.75436000e+01   06.16395000e+01   04.87159000e+01   00.00000000e+00
  08.62095000e+01   06.14728000e+01   04.74704000e+01   00.00000000e+00
  08.62406000e+01   06.07141000e+01   04.92029000e+01   00.00000000e+00
  08.80697000e+01   05.77279000e+01   04.82172000e+01   00.00000000e+00
  08.85675000e+01   05.89495000e+01   04.94253000e+01   00.00000000e+00
  08.68763000e+01   05.82923000e+01   04.94006000e+01   00.00000000e+00
  08.93519000e+01   06.03212000e+01   04.74930000e+01   00.00000000e+00
  08.83002000e+01   06.09165000e+01   04.60753000e+01   00.00000000e+00
  08.96427000e+01   05.82421000e+01   04.66335000e+01   00.00000000e+00
  09.02159000e+01   05.92583000e+01   04.53522000e+01   00.00000000e+00
  08.81600000e+01   05.89511000e+01   04.41385000e+01   00.00000000e+00
  08.74218000e+01   05.78304000e+01   04.52813000e+01   00.00000000e+00
  08.80508000e+01   05.55550000e+01   04.55628000e+01   00.00000000e+00
  08.95617000e+01   05.49144000e+01   04.47663000e+01   00.00000000e+00
  08.96385000e+01   05.60308000e+01   04.61566000e+01   00.00000000e+00
  08.73334000e+01   05.68946000e+01   04.30404000e+01   00.00000000e+00
  08.84473000e+01   05.56409000e+01   04.25725000e+01   00.00000000e+00
  08.99514000e+01   05.76576000e+01   04.15775000e+01   00.00000000e+00
  08.84221000e+01   05.84145000e+01   04.15961000e+01   00.00000000e+00
  08.88900000e+01   05.59567000e+01   04.01068000e+01   00.00000000e+00
  08.86543000e+01   05.76437000e+01   03.94938000e+01   00.00000000e+00
  07.35268000e+01   05.74812000e+01   04.09839000e+01   07.20400000e-04
  07.76169000e+01   06.15784000e+01   04.37551000e+01  -02.39543000e-02
  08.19886000e+01   06.05222000e+01   03.91183000e+01   04.89340000e-03
  07.71781000e+01   05.69798000e+01   03.49880000e+01  -02.28199000e-02
  07.92851000e+01   06.27997000e+01   04.43648000e+01  -01.51750000e-03
  08.64944000e+01   05.86276000e+01   03.91666000e+01   00.00000000e+00
  08.50710000e+01   05.78366000e+01   03.98356000e+01   00.00000000e+00
  08.61965000e+01   05.84926000e+01   04.10824000e+01   00.00000000e+00
  08.65131000e+01   05.60424000e+01   04.09779000e+01   00.00000000e+00
  08.73937000e+01   05.51087000e+01   03.85167000e+01   00.00000000e+00
  08.67207000e+01   05.64238000e+01   03.77946000e+01   00.00000000e+00
  08.44881000e+01   05.58082000e+01   03.87856000e+01   00.00000000e+00
  08.51603000e+01   05.44806000e+01   03.95749000e+01   00.00000000e+00
  08.60777000e+01   05.36952000e+01   03.71559000e+01   00.00000000e+00
  08.54025000e+01   05.51432000e+01   03.64458000e+01   00.00000000e+00
  08.49167000e+01   05.18148000e+01   03.65271000e+01   00.00000000e+00
  08.44558000e+01   05.17583000e+01   03.81405000e+01   00.00000000e+00
  08.31423000e+01   05.16011000e+01   03.68669000e+01   00.00000000e+00
  08.17163000e+01   05.95518000e+01   03.67331000e+01   05.57290000e-03
  08.05059000e+01   05.67514000e+01   03.65427000e+01  -01.28866000e-02
  08.21419000e+01   05.46612000e+01   03.73756000e+01   00.00000000e+00
  08.67044000e+01   05.92485000e+01   04.69625000e+01   00.00000000e+00
  09.01405000e+01   05.72360000e+01   04.39834000e+01   00.00000000e+00
  08.14179000e+01   05.38259000e+01   03.49931000e+01  -01.99830000e-03
  08.31066000e+01   05.40279000e+01   03.45487000e+01  -01.85290000e-03
