  08.01424000e+01   05.84348000e+01   03.47478000e+01  -06.11779000e-02
  08.04161000e+01   06.26056000e+01   04.34065000e+01   01.75852000e-02
  07.33098000e+01   05.90121000e+01   04.32038000e+01   01.01800000e-02
  07.59869000e+01   05.58680000e+01   03.60264000e+01  -01.32723000e-02
  07.90970000e+01   05.89858000e+01   03.79734000e+01  -04.57645000e-02
  08.13760000e+01   05.83219000e+01   03.38230000e+01   02.46758000e-02
  08.02317000e+01   06.18686000e+01   04.45165000e+01  -01.71993000e-02
  07.33595000e+01   05.75002000e+01   04.34789000e+01  -09.39340000e-03
  07.73790000e+01   05.64642000e+01   03.55703000e+01   07.66074000e-02
  07.91138000e+01   06.06153000e+01   04.04890000e+01   09.44338000e-02
  07.53260000e+01   05.50543000e+01   03.53428000e+01   01.54319000e-02
  08.19664000e+01   05.69549000e+01   03.36428000e+01  -01.56515000e-02
  07.83439000e+01   05.52709000e+01   03.53025000e+01  -02.00050000e-02
  07.64298000e+01   05.80911000e+01   03.88039000e+01  -08.09918000e-02
  07.94459000e+01   05.34590000e+01   03.65062000e+01   04.03650000e-03
  07.77605000e+01   05.73560000e+01   03.67268000e+01  -01.43447000e-01
  08.10201000e+01   06.02665000e+01   03.90310000e+01   01.23287000e-02
  07.78303000e+01   06.11221000e+01   04.24799000e+01   02.21683000e-01
  07.45641000e+01   05.83263000e+01   04.03324000e+01  -05.42921000e-02
  08.24007000e+01   05.78658000e+01   03.76947000e+01   02.66866000e-02
  08.26156000e+01   06.16582000e+01   04.11988000e+01   04.35609000e-02
  07.54280000e+01   06.08720000e+01   04.46023000e+01   02.36507000e-02
  07.32186000e+01   05.61438000e+01   03.82614000e+01  -06.09964000e-02
  08.30089000e+01   05.51303000e+01   03.47763000e+01   08.71130000e-03
  07.89466000e+01   05.81237000e+01   03.69237000e+01   01.26858000e-01
  08.04192000e+01   06.07194000e+01   04.01681000e+01  -03.45042000e-02
  07.66349000e+01   06.04401000e+01   04.23478000e+01  -02.04376000e-01
  07.51376000e+01   05.77458000e+01   03.91754000e+01   07.60142000e-02
  08.18849000e+01   05.62531000e+01   03.26678000e+01   05.08730000e-03
  07.91371000e+01   05.51854000e+01   03.44235000e+01   06.92200000e-04
  08.37842000e+01   05.48214000e+01   03.60920000e+01   00.00000000e+00
  08.03002000e+01   05.79020000e+01   03.61829000e+01   07.64245000e-02
  08.10847000e+01   06.14517000e+01   04.11933000e+01  -04.66821000e-02
  07.54998000e+01   06.02959000e+01   04.32454000e+01   01.65461000e-02
  07.46024000e+01   05.67710000e+01   03.82339000e+01   05.49912000e-02
  08.26472000e+01   05.65513000e+01   03.47855000e+01   03.30200000e-04
  07.84552000e+01   05.44717000e+01   03.64495000e+01   04.02810000e-03
  08.50915000e+01   05.43985000e+01   03.61617000e+01   00.00000000e+00
  08.12923000e+01   05.86622000e+01   03.70338000e+01  -04.69336000e-02
  08.01552000e+01   06.19014000e+01   04.20648000e+01  -07.68710000e-03
  07.45804000e+01   05.95202000e+01   04.25386000e+01  -03.37389000e-02
  07.56251000e+01   05.65540000e+01   03.72864000e+01   03.64969000e-02
  08.54500000e+01   05.28879000e+01   03.60104000e+01   00.00000000e+00
  08.04327000e+01   05.93745000e+01   03.80935000e+01  -09.58259000e-02
  07.89748000e+01   06.12856000e+01   04.16646000e+01  -01.77941000e-01
  07.51620000e+01   05.91201000e+01   04.12782000e+01   06.74294000e-02
  07.66867000e+01   05.73824000e+01   03.76448000e+01   01.44326000e-01
  08.62915000e+01   05.53927000e+01   03.63541000e+01   00.00000000e+00
  08.68986000e+01   05.53401000e+01   03.77183000e+01   00.00000000e+00
  08.81673000e+01   05.62265000e+01   03.78335000e+01   00.00000000e+00
  08.89991000e+01   05.62771000e+01   03.91228000e+01   00.00000000e+00
  08.91688000e+01   05.48164000e+01   03.96113000e+01   00.00000000e+00
  08.83182000e+01   05.71487000e+01   04.01676000e+01   00.00000000e+00
  08.91863000e+01   05.74692000e+01   04.14480000e+01   00.00000000e+00
  08.83875000e+01   05.83580000e+01   04.24076000e+01   00.00000000e+00
  08.92490000e+01   05.89939000e+01   04.35518000e+01   00.00000000e+00
  08.98725000e+01   05.78900000e+01   04.43418000e+01   00.00000000e+00
  08.84257000e+01   05.98959000e+01   04.45161000e+01   00.00000000e+00
  08.90047000e+01   06.04461000e+01   04.58385000e+01   00.00000000e+00
  08.81292000e+01   06.14810000e+01   04.64692000e+01   00.00000000e+00
  08.67526000e+01   06.11480000e+01   04.70653000e+01   00.00000000e+00
  08.67920000e+01   05.99636000e+01   04.81320000e+01   00.00000000e+00
  08.63330000e+01   06.24899000e+01   04.78109000e+01   00.00000000e+00
  07.64095000e+01   05.96903000e+01   04.12133000e+01   03.65717000e-02
  07.76883000e+01   05.94369000e+01   03.95633000e+01  -06.37550000e-03
  07.29546000e+01   05.57946000e+01   03.92982000e+01   01.79582000e-02
  07.25049000e+01   05.68301000e+01   03.77922000e+01   01.23366000e-02
  07.32411000e+01   05.52298000e+01   03.76775000e+01   01.80857000e-02
  07.45297000e+01   06.14761000e+01   04.47483000e+01  -03.55350000e-03
  07.55270000e+01   06.01028000e+01   04.53208000e+01  -05.48890000e-03
  07.62965000e+01   06.15587000e+01   04.48790000e+01  -05.73590000e-03
  08.30881000e+01   06.07087000e+01   04.10048000e+01  -01.16015000e-02
  08.28719000e+01   06.23679000e+01   04.04180000e+01  -01.03548000e-02
  08.29290000e+01   06.20449000e+01   04.21962000e+01  -01.10806000e-02
  08.31036000e+01   05.73055000e+01   03.70892000e+01  -06.50300000e-03
  08.30077000e+01   05.85706000e+01   03.82602000e+01  -03.84930000e-03
  08.19397000e+01   05.72146000e+01   03.84343000e+01  -06.75510000e-03
  08.02723000e+01   05.38541000e+01   03.70488000e+01   06.96000000e-05
  07.90401000e+01   05.26238000e+01   03.70952000e+01  -02.56130000e-03
  07.97612000e+01   05.30538000e+01   03.55005000e+01  -08.86000000e-04
  07.42457000e+01   05.72246000e+01   04.39915000e+01   02.66600000e-04
  07.25253000e+01   05.72473000e+01   04.41670000e+01   02.07780000e-03
  07.31522000e+01   05.69047000e+01   04.25862000e+01   03.44650000e-03
  08.04452000e+01   06.21754000e+01   04.55929000e+01   02.98050000e-03
  07.98757000e+01   06.08403000e+01   04.43799000e+01  -05.01900000e-04
  08.09829000e+01   05.86376000e+01   03.28447000e+01  -05.40000000e-06
  08.21063000e+01   05.89701000e+01   03.43353000e+01  -02.73660000e-03
  07.31765000e+01   05.94370000e+01   04.41656000e+01   06.65000000e-04
  07.24198000e+01   05.92112000e+01   04.26483000e+01  -04.07950000e-03
  07.92992000e+01   05.78121000e+01   03.43257000e+01   01.58140000e-02
  07.98236000e+01   05.94466000e+01   03.47863000e+01   09.11190000e-03
  08.64831000e+01   06.32750000e+01   04.70583000e+01   00.00000000e+00
  08.53708000e+01   06.23400000e+01   04.82234000e+01   00.00000000e+00
  08.70114000e+01   06.27541000e+01   04.86104000e+01   00.00000000e+00
  08.75336000e+01   06.01195000e+01   04.88383000e+01   00.00000000e+00
  08.57894000e+01   05.99125000e+01   04.85639000e+01   00.00000000e+00
  08.70023000e+01   05.89840000e+01   04.75941000e+01   00.00000000e+00
  08.87068000e+01   06.19661000e+01   04.71380000e+01   00.00000000e+00
  08.80478000e+01   06.22282000e+01   04.57756000e+01   00.00000000e+00
  08.91823000e+01   05.95434000e+01   04.65035000e+01   00.00000000e+00
  09.00321000e+01   06.07661000e+01   04.56413000e+01   00.00000000e+00
  08.82310000e+01   06.07302000e+01   04.37926000e+01   00.00000000e+00
  08.74668000e+01   05.94924000e+01   04.47706000e+01   00.00000000e+00
  09.04541000e+01   05.81495000e+01   04.51950000e+01   00.00000000e+00
  08.92871000e+01   05.70501000e+01   04.46705000e+01   00.00000000e+00
  09.07544000e+01   05.75781000e+01   04.37668000e+01   00.00000000e+00
  08.80361000e+01   05.91342000e+01   04.17849000e+01   00.00000000e+00
  08.74934000e+01   05.78503000e+01   04.27821000e+01   00.00000000e+00
  08.94371000e+01   05.65405000e+01   04.20282000e+01   00.00000000e+00
  09.00045000e+01   05.80904000e+01   04.12868000e+01   00.00000000e+00
  08.82126000e+01   05.80981000e+01   03.96411000e+01   00.00000000e+00
  08.73521000e+01   05.67762000e+01   04.05095000e+01   00.00000000e+00
  07.35224000e+01   05.81877000e+01   04.03687000e+01   07.20400000e-04
  07.79142000e+01   06.17767000e+01   04.33473000e+01  -02.39543000e-02
  08.20407000e+01   06.04804000e+01   03.87380000e+01   04.89340000e-03
  07.72696000e+01   05.69655000e+01   03.45961000e+01  -02.28199000e-02
  08.08312000e+01   06.35912000e+01   04.34683000e+01  -01.51750000e-03
  08.97896000e+01   05.46678000e+01   04.05558000e+01   00.00000000e+00
  08.81709000e+01   05.43522000e+01   03.98011000e+01   00.00000000e+00
  08.96822000e+01   05.42758000e+01   03.87994000e+01   00.00000000e+00
  08.99224000e+01   05.66971000e+01   03.88459000e+01   00.00000000e+00
  08.88881000e+01   05.58489000e+01   03.71235000e+01   00.00000000e+00
  08.79966000e+01   05.72481000e+01   03.75869000e+01   00.00000000e+00
  08.61372000e+01   05.54825000e+01   03.84835000e+01   00.00000000e+00
  08.72093000e+01   05.42172000e+01   03.77701000e+01   00.00000000e+00
  08.69795000e+01   05.52979000e+01   03.55004000e+01   00.00000000e+00
  08.58609000e+01   05.64125000e+01   03.62967000e+01   00.00000000e+00
  08.45280000e+01   05.22997000e+01   03.60790000e+01   00.00000000e+00
  08.60326000e+01   05.27593000e+01   03.50589000e+01   00.00000000e+00
  08.61413000e+01   05.26351000e+01   03.67438000e+01   00.00000000e+00
  08.17825000e+01   05.94409000e+01   03.64550000e+01   05.57290000e-03
  08.06141000e+01   05.68273000e+01   03.61711000e+01  -01.28866000e-02
  08.32696000e+01   05.48404000e+01   03.70257000e+01   00.00000000e+00
  08.60434000e+01   06.09308000e+01   04.62711000e+01   00.00000000e+00
  09.00343000e+01   05.95975000e+01   04.30432000e+01   00.00000000e+00
  08.21130000e+01   05.45986000e+01   03.49342000e+01  -01.99830000e-03
  08.34986000e+01   05.48452000e+01   03.38395000e+01  -01.85290000e-03
