  07.93377000e+01   05.90849000e+01   03.34349000e+01  -06.11779000e-02
  07.87372000e+01   06.28870000e+01   04.23683000e+01   01.75852000e-02
  07.22206000e+01   05.83785000e+01   04.17575000e+01   01.01800000e-02
  07.49676000e+01   05.66575000e+01   03.42517000e+01  -01.32723000e-02
  07.80359000e+01   05.95357000e+01   03.67645000e+01  -04.57645000e-02
  08.06404000e+01   05.88266000e+01   03.26776000e+01   02.46758000e-02
  07.97276000e+01   06.29878000e+01   04.32630000e+01  -01.71993000e-02
  07.23937000e+01   05.69126000e+01   04.20839000e+01  -09.39340000e-03
  07.64080000e+01   05.72777000e+01   03.39863000e+01   07.66074000e-02
  07.78794000e+01   06.09067000e+01   03.94056000e+01   09.44338000e-02
  07.44469000e+01   05.59344000e+01   03.34082000e+01   01.54319000e-02
  08.09410000e+01   05.73978000e+01   03.22589000e+01  -01.56515000e-02
  07.74226000e+01   05.62218000e+01   03.35474000e+01  -02.00050000e-02
  07.53943000e+01   05.82899000e+01   03.73497000e+01  -08.09918000e-02
  07.83247000e+01   05.39640000e+01   03.39392000e+01   04.03650000e-03
  07.67939000e+01   05.80588000e+01   03.52738000e+01  -01.43447000e-01
  07.99194000e+01   06.07610000e+01   03.80104000e+01   01.23287000e-02
  07.64732000e+01   06.10498000e+01   04.13849000e+01   02.21683000e-01
  07.34942000e+01   05.80822000e+01   03.89243000e+01  -05.42921000e-02
  08.13731000e+01   05.84461000e+01   03.63364000e+01   02.66866000e-02
  08.11227000e+01   06.26479000e+01   04.01042000e+01   04.35609000e-02
  07.41475000e+01   06.03965000e+01   04.33804000e+01   02.36507000e-02
  07.22983000e+01   05.62782000e+01   03.66351000e+01  -06.09964000e-02
  08.17834000e+01   05.53537000e+01   03.30915000e+01   08.71130000e-03
  07.79615000e+01   05.86824000e+01   03.56691000e+01   01.26858000e-01
  07.92355000e+01   06.12352000e+01   03.91270000e+01  -03.45042000e-02
  07.54165000e+01   06.01643000e+01   04.10861000e+01  -02.04376000e-01
  07.41170000e+01   05.77834000e+01   03.77038000e+01   07.60142000e-02
  08.08231000e+01   05.68947000e+01   03.11384000e+01   05.08730000e-03
  07.80306000e+01   05.62819000e+01   03.24855000e+01   06.92200000e-04
  08.24652000e+01   05.48189000e+01   03.43298000e+01   00.00000000e+00
  07.93092000e+01   05.86061000e+01   03.48743000e+01   07.64245000e-02
  07.97491000e+01   06.20669000e+01   04.01014000e+01  -04.66821000e-02
  07.42330000e+01   05.99244000e+01   04.19519000e+01   01.65461000e-02
  07.36095000e+01   05.70621000e+01   03.65949000e+01   05.49912000e-02
  08.12931000e+01   05.66442000e+01   03.33129000e+01   03.30200000e-04
  07.76256000e+01   05.51504000e+01   03.43807000e+01   04.02810000e-03
  08.34166000e+01   05.39131000e+01   03.44669000e+01   00.00000000e+00
  08.02137000e+01   05.94221000e+01   03.58037000e+01  -04.69336000e-02
  07.87439000e+01   06.21482000e+01   04.11147000e+01  -07.68710000e-03
  07.34179000e+01   05.90500000e+01   04.12113000e+01  -03.37389000e-02
  07.45890000e+01   05.71172000e+01   03.55524000e+01   03.64969000e-02
  08.32914000e+01   05.24375000e+01   03.49389000e+01   00.00000000e+00
  07.93911000e+01   05.99881000e+01   03.69300000e+01  -09.58259000e-02
  07.75964000e+01   06.13823000e+01   04.06641000e+01  -01.77941000e-01
  07.40422000e+01   05.88030000e+01   03.99923000e+01   06.74294000e-02
  07.56895000e+01   05.78770000e+01   03.61107000e+01   01.44326000e-01
  08.48292000e+01   05.43218000e+01   03.41077000e+01   00.00000000e+00
  08.52553000e+01   05.57378000e+01   03.46978000e+01   00.00000000e+00
  08.50532000e+01   05.56798000e+01   03.62085000e+01   00.00000000e+00
  08.53219000e+01   05.69621000e+01   03.70411000e+01   00.00000000e+00
  08.68524000e+01   05.72448000e+01   03.70553000e+01   00.00000000e+00
  08.47184000e+01   05.68841000e+01   03.85176000e+01   00.00000000e+00
  08.47702000e+01   05.82416000e+01   03.93267000e+01   00.00000000e+00
  08.37911000e+01   05.81496000e+01   04.05284000e+01   00.00000000e+00
  08.37318000e+01   05.93857000e+01   04.13800000e+01   00.00000000e+00
  08.52426000e+01   05.97521000e+01   04.18763000e+01   00.00000000e+00
  08.27226000e+01   05.92266000e+01   04.26103000e+01   00.00000000e+00
  08.12311000e+01   05.87713000e+01   04.23366000e+01   00.00000000e+00
  08.03016000e+01   05.90231000e+01   04.35953000e+01   00.00000000e+00
  07.87884000e+01   05.87807000e+01   04.33422000e+01   00.00000000e+00
  07.85616000e+01   05.72386000e+01   04.31982000e+01   00.00000000e+00
  07.80089000e+01   05.94506000e+01   04.45443000e+01   00.00000000e+00
  07.52309000e+01   05.95533000e+01   03.99193000e+01   03.65717000e-02
  07.65538000e+01   05.97145000e+01   03.83130000e+01  -06.37550000e-03
  07.13260000e+01   05.67479000e+01   03.64010000e+01   01.79582000e-02
  07.23571000e+01   05.55029000e+01   03.59314000e+01   01.23366000e-02
  07.22205000e+01   05.58399000e+01   03.75792000e+01   01.80857000e-02
  07.30563000e+01   06.02867000e+01   04.35496000e+01  -03.55350000e-03
  07.46409000e+01   05.98408000e+01   04.41822000e+01  -05.48890000e-03
  07.43223000e+01   06.14149000e+01   04.34559000e+01  -05.73590000e-03
  08.19150000e+01   06.18769000e+01   04.02686000e+01  -01.16015000e-02
  08.12508000e+01   06.31782000e+01   03.91503000e+01  -01.03548000e-02
  08.11796000e+01   06.32692000e+01   04.09531000e+01  -01.10806000e-02
  08.21911000e+01   05.89324000e+01   03.69066000e+01  -06.50300000e-03
  08.10259000e+01   05.76354000e+01   03.70115000e+01  -03.84930000e-03
  08.18350000e+01   05.79617000e+01   03.54444000e+01  -06.75510000e-03
  07.82355000e+01   05.37196000e+01   03.28766000e+01   06.96000000e-05
  07.93774000e+01   05.41158000e+01   03.41131000e+01  -02.56130000e-03
  07.78912000e+01   05.30712000e+01   03.43701000e+01  -08.86000000e-04
  07.25825000e+01   05.63529000e+01   04.11764000e+01   02.66600000e-04
  07.31880000e+01   05.66432000e+01   04.28886000e+01   02.07780000e-03
  07.13531000e+01   05.66509000e+01   04.24329000e+01   03.44650000e-03
  07.96881000e+01   06.36339000e+01   04.41095000e+01   02.98050000e-03
  08.06937000e+01   06.24689000e+01   04.30742000e+01  -05.01900000e-04
  08.05750000e+01   05.94107000e+01   03.17606000e+01  -05.40000000e-06
  08.15169000e+01   05.91090000e+01   03.32417000e+01  -02.73660000e-03
  07.18137000e+01   05.89266000e+01   04.25904000e+01   06.65000000e-04
  07.13867000e+01   05.84413000e+01   04.10862000e+01  -04.07950000e-03
  07.84901000e+01   05.86503000e+01   03.28094000e+01   01.58140000e-02
  07.90285000e+01   06.01556000e+01   03.35854000e+01   09.11190000e-03
  07.79395000e+01   06.05091000e+01   04.44902000e+01   00.00000000e+00
  07.70277000e+01   05.90062000e+01   04.44975000e+01   00.00000000e+00
  07.84303000e+01   05.91305000e+01   04.55376000e+01   00.00000000e+00
  07.75683000e+01   05.70598000e+01   04.35247000e+01   00.00000000e+00
  07.86823000e+01   05.69086000e+01   04.22142000e+01   00.00000000e+00
  07.92338000e+01   05.67032000e+01   04.39270000e+01   00.00000000e+00
  08.05774000e+01   05.83326000e+01   04.43676000e+01   00.00000000e+00
  08.05039000e+01   06.00507000e+01   04.38683000e+01   00.00000000e+00
  08.07736000e+01   05.93316000e+01   04.15450000e+01   00.00000000e+00
  08.12102000e+01   05.77343000e+01   04.19643000e+01   00.00000000e+00
  08.31956000e+01   05.85979000e+01   04.33191000e+01   00.00000000e+00
  08.26588000e+01   06.02617000e+01   04.29572000e+01   00.00000000e+00
  08.50983000e+01   06.04480000e+01   04.26967000e+01   00.00000000e+00
  08.57372000e+01   05.88860000e+01   04.21952000e+01   00.00000000e+00
  08.57379000e+01   06.02227000e+01   04.10190000e+01   00.00000000e+00
  08.28173000e+01   05.79410000e+01   04.02100000e+01   00.00000000e+00
  08.40479000e+01   05.73089000e+01   04.11385000e+01   00.00000000e+00
  08.58353000e+01   05.82701000e+01   03.97744000e+01   00.00000000e+00
  08.44858000e+01   05.90231000e+01   03.85855000e+01   00.00000000e+00
  08.36241000e+01   05.65931000e+01   03.85032000e+01   00.00000000e+00
  08.53236000e+01   05.61399000e+01   03.90113000e+01   00.00000000e+00
  07.25493000e+01   05.76929000e+01   03.91837000e+01   07.20400000e-04
  07.65733000e+01   06.13170000e+01   04.24368000e+01  -02.39543000e-02
  08.09169000e+01   06.11856000e+01   03.77623000e+01   04.89340000e-03
  07.61967000e+01   05.79911000e+01   03.31399000e+01  -02.28199000e-02
  07.77660000e+01   06.33880000e+01   04.24718000e+01  -01.51750000e-03
  08.73209000e+01   05.64146000e+01   03.75922000e+01   00.00000000e+00
  08.74507000e+01   05.73309000e+01   03.61360000e+01   00.00000000e+00
  08.70375000e+01   05.80942000e+01   03.76293000e+01   00.00000000e+00
  08.47609000e+01   05.77540000e+01   03.66008000e+01   00.00000000e+00
  08.40337000e+01   05.54629000e+01   03.63575000e+01   00.00000000e+00
  08.55640000e+01   05.48618000e+01   03.66731000e+01   00.00000000e+00
  08.63008000e+01   05.58041000e+01   03.44380000e+01   00.00000000e+00
  08.47081000e+01   05.65958000e+01   03.42466000e+01   00.00000000e+00
  08.54347000e+01   05.36576000e+01   03.46833000e+01   00.00000000e+00
  08.50910000e+01   05.41297000e+01   03.30640000e+01   00.00000000e+00
  08.35436000e+01   05.17529000e+01   03.40731000e+01   00.00000000e+00
  08.39668000e+01   05.21544000e+01   03.57524000e+01   00.00000000e+00
  08.22372000e+01   05.23069000e+01   03.52614000e+01   00.00000000e+00
  08.07296000e+01   06.02118000e+01   03.52137000e+01   05.57290000e-03
  07.96186000e+01   05.75435000e+01   03.47632000e+01  -01.28866000e-02
  08.22787000e+01   05.53015000e+01   03.53068000e+01   00.00000000e+00
  07.84618000e+01   05.92666000e+01   04.24494000e+01   00.00000000e+00
  08.34298000e+01   06.02693000e+01   04.07613000e+01   00.00000000e+00
  08.11708000e+01   05.45512000e+01   03.26748000e+01  -01.99830000e-03
  08.26331000e+01   05.54724000e+01   03.23525000e+01  -01.85290000e-03
