  07.72587000e+01   05.80806000e+01   03.36694000e+01  -06.11779000e-02
  07.73637000e+01   06.14364000e+01   04.29111000e+01   01.75852000e-02
  07.03531000e+01   05.72241000e+01   04.21303000e+01   01.01800000e-02
  07.31703000e+01   05.55577000e+01   03.47396000e+01  -01.32723000e-02
  07.64562000e+01   05.83036000e+01   03.71318000e+01  -04.57645000e-02
  07.85224000e+01   05.79698000e+01   03.27249000e+01   02.46758000e-02
  07.69229000e+01   06.08446000e+01   04.40537000e+01  -01.71993000e-02
  07.02656000e+01   05.57346000e+01   04.19298000e+01  -09.39340000e-03
  07.45982000e+01   05.60731000e+01   03.45430000e+01   07.66074000e-02
  07.61347000e+01   05.97550000e+01   03.98158000e+01   09.44338000e-02
  07.24997000e+01   05.50236000e+01   03.38352000e+01   01.54319000e-02
  07.90152000e+01   05.65143000e+01   03.24455000e+01  -01.56515000e-02
  07.54678000e+01   05.48465000e+01   03.40295000e+01  -02.00050000e-02
  07.35515000e+01   05.73476000e+01   03.77277000e+01  -08.09918000e-02
  07.66625000e+01   05.28917000e+01   03.47366000e+01   04.03650000e-03
  07.50980000e+01   05.69222000e+01   03.57584000e+01  -01.43447000e-01
  07.80818000e+01   05.95779000e+01   03.83109000e+01   01.23287000e-02
  07.48289000e+01   05.98630000e+01   04.18965000e+01   02.21683000e-01
  07.16832000e+01   05.70739000e+01   03.92726000e+01  -05.42921000e-02
  07.99095000e+01   05.78106000e+01   03.63031000e+01   02.66866000e-02
  07.94845000e+01   06.13214000e+01   04.03637000e+01   04.35609000e-02
  07.23644000e+01   05.92246000e+01   04.37706000e+01   02.36507000e-02
  07.05398000e+01   05.51891000e+01   03.69059000e+01  -06.09964000e-02
  08.03312000e+01   05.47177000e+01   03.32530000e+01   08.71130000e-03
  07.63266000e+01   05.76465000e+01   03.59660000e+01   01.26858000e-01
  07.74192000e+01   06.00163000e+01   03.94133000e+01  -03.45042000e-02
  07.36820000e+01   05.91545000e+01   04.15167000e+01  -02.04376000e-01
  07.22745000e+01   05.68559000e+01   03.80195000e+01   07.60142000e-02
  07.88458000e+01   05.58910000e+01   03.14057000e+01   05.08730000e-03
  07.56874000e+01   05.46338000e+01   03.28319000e+01   06.92200000e-04
  08.11447000e+01   05.45172000e+01   03.44581000e+01   00.00000000e+00
  07.75643000e+01   05.76018000e+01   03.51354000e+01   07.64245000e-02
  07.80493000e+01   06.08315000e+01   04.04313000e+01  -04.66821000e-02
  07.24522000e+01   05.87960000e+01   04.23441000e+01   01.65461000e-02
  07.18523000e+01   05.59942000e+01   03.69313000e+01   05.49912000e-02
  07.96696000e+01   05.60274000e+01   03.34915000e+01   03.30200000e-04
  07.59924000e+01   05.41028000e+01   03.50792000e+01   04.02810000e-03
  08.19793000e+01   05.35150000e+01   03.46895000e+01   00.00000000e+00
  07.85758000e+01   05.85240000e+01   03.59595000e+01  -04.69336000e-02
  07.71591000e+01   06.08796000e+01   04.15166000e+01  -07.68710000e-03
  07.16052000e+01   05.79899000e+01   04.16184000e+01  -03.37389000e-02
  07.28521000e+01   05.60282000e+01   03.59892000e+01   03.64969000e-02
  08.16514000e+01   05.22492000e+01   03.53706000e+01   00.00000000e+00
  07.76951000e+01   05.88231000e+01   03.72382000e+01  -09.58259000e-02
  07.59406000e+01   06.01785000e+01   04.10704000e+01  -01.77941000e-01
  07.22536000e+01   05.78918000e+01   04.03452000e+01   06.74294000e-02
  07.38902000e+01   05.68734000e+01   03.65008000e+01   01.44326000e-01
  08.34275000e+01   05.36031000e+01   03.43111000e+01   00.00000000e+00
  08.41989000e+01   05.48413000e+01   03.48636000e+01   00.00000000e+00
  08.43739000e+01   05.47699000e+01   03.63826000e+01   00.00000000e+00
  08.49848000e+01   05.60995000e+01   03.70363000e+01   00.00000000e+00
  08.64680000e+01   05.61036000e+01   03.67178000e+01   00.00000000e+00
  08.47909000e+01   05.61571000e+01   03.85837000e+01   00.00000000e+00
  08.33771000e+01   05.59561000e+01   03.91049000e+01   00.00000000e+00
  08.32641000e+01   05.64403000e+01   04.05185000e+01   00.00000000e+00
  08.18930000e+01   05.63204000e+01   04.13037000e+01   00.00000000e+00
  08.07146000e+01   05.68785000e+01   04.05200000e+01   00.00000000e+00
  08.20135000e+01   05.69524000e+01   04.27320000e+01   00.00000000e+00
  08.25336000e+01   05.83702000e+01   04.29388000e+01   00.00000000e+00
  08.23993000e+01   05.87847000e+01   04.44819000e+01   00.00000000e+00
  08.27011000e+01   06.02998000e+01   04.48558000e+01   00.00000000e+00
  08.42033000e+01   06.07633000e+01   04.46191000e+01   00.00000000e+00
  08.17292000e+01   06.12612000e+01   04.41170000e+01   00.00000000e+00
  07.34329000e+01   05.86529000e+01   04.02459000e+01   03.65717000e-02
  07.47905000e+01   05.87291000e+01   03.86655000e+01  -06.37550000e-03
  07.07524000e+01   05.42801000e+01   03.63855000e+01   01.79582000e-02
  07.03478000e+01   05.46936000e+01   03.78692000e+01   01.23366000e-02
  06.97807000e+01   05.57966000e+01   03.65621000e+01   01.80857000e-02
  07.26704000e+01   06.02037000e+01   04.39808000e+01  -03.55350000e-03
  07.13257000e+01   05.91823000e+01   04.41436000e+01  -05.48890000e-03
  07.30247000e+01   05.85455000e+01   04.42952000e+01  -05.73590000e-03
  07.96790000e+01   06.19898000e+01   04.11905000e+01  -01.16015000e-02
  08.00609000e+01   06.03714000e+01   04.03480000e+01  -01.03548000e-02
  07.95390000e+01   06.18332000e+01   03.94863000e+01  -01.10806000e-02
  07.97448000e+01   05.72006000e+01   03.72238000e+01  -06.50300000e-03
  08.02894000e+01   05.72341000e+01   03.55072000e+01  -03.84930000e-03
  08.07014000e+01   05.84615000e+01   03.65244000e+01  -06.75510000e-03
  07.70579000e+01   05.24334000e+01   03.56853000e+01   06.96000000e-05
  07.60615000e+01   05.21870000e+01   03.41952000e+01  -02.56130000e-03
  07.74807000e+01   05.30851000e+01   03.40809000e+01  -08.86000000e-04
  07.11098000e+01   05.54090000e+01   04.13102000e+01   02.66600000e-04
  07.02916000e+01   05.53151000e+01   04.28863000e+01   02.07780000e-03
  06.93399000e+01   05.55099000e+01   04.14723000e+01   03.44650000e-03
  07.71766000e+01   06.12723000e+01   04.50667000e+01   02.98050000e-03
  07.64624000e+01   05.98949000e+01   04.41089000e+01  -05.01900000e-04
  07.82411000e+01   05.83032000e+01   03.17802000e+01  -05.40000000e-06
  07.94111000e+01   05.84626000e+01   03.30808000e+01  -02.73660000e-03
  07.01958000e+01   05.74848000e+01   04.31833000e+01   06.65000000e-04
  06.94733000e+01   05.76760000e+01   04.17516000e+01  -04.07950000e-03
  07.64577000e+01   05.74356000e+01   03.32338000e+01   01.58140000e-02
  07.69933000e+01   05.90824000e+01   03.35694000e+01   09.11190000e-03
  08.19424000e+01   06.13577000e+01   04.30437000e+01   00.00000000e+00
  08.07505000e+01   06.08325000e+01   04.41424000e+01   00.00000000e+00
  08.17461000e+01   06.22413000e+01   04.45348000e+01   00.00000000e+00
  08.47542000e+01   06.01742000e+01   04.54112000e+01   00.00000000e+00
  08.45661000e+01   06.04763000e+01   04.35999000e+01   00.00000000e+00
  08.44095000e+01   06.18785000e+01   04.48034000e+01   00.00000000e+00
  08.13607000e+01   05.84699000e+01   04.48691000e+01   00.00000000e+00
  08.30818000e+01   05.82141000e+01   04.50697000e+01   00.00000000e+00
  08.35485000e+01   05.84630000e+01   04.25868000e+01   00.00000000e+00
  08.18806000e+01   05.90717000e+01   04.23556000e+01   00.00000000e+00
  08.11108000e+01   05.67113000e+01   04.32317000e+01   00.00000000e+00
  08.27861000e+01   05.63571000e+01   04.32993000e+01   00.00000000e+00
  07.96609000e+01   05.67032000e+01   04.08901000e+01   00.00000000e+00
  08.08892000e+01   05.79449000e+01   04.04048000e+01   00.00000000e+00
  08.06397000e+01   05.64024000e+01   03.95361000e+01   00.00000000e+00
  08.41022000e+01   05.59703000e+01   04.10202000e+01   00.00000000e+00
  08.35384000e+01   05.74969000e+01   04.04126000e+01   00.00000000e+00
  08.27346000e+01   05.65256000e+01   03.84273000e+01   00.00000000e+00
  08.29735000e+01   05.49198000e+01   03.90213000e+01   00.00000000e+00
  08.55526000e+01   05.54886000e+01   03.90047000e+01   00.00000000e+00
  08.49855000e+01   05.71670000e+01   03.90507000e+01   00.00000000e+00
  07.07080000e+01   05.65830000e+01   03.94407000e+01   07.20400000e-04
  07.48248000e+01   06.03640000e+01   04.28142000e+01  -02.39543000e-02
  07.91823000e+01   05.96647000e+01   03.82319000e+01   04.89340000e-03
  07.44591000e+01   05.67342000e+01   03.36346000e+01  -02.28199000e-02
  07.79510000e+01   06.23769000e+01   04.29284000e+01  -01.51750000e-03
  08.65843000e+01   05.62248000e+01   03.56787000e+01   00.00000000e+00
  08.68339000e+01   05.70139000e+01   03.71597000e+01   00.00000000e+00
  08.70347000e+01   05.52009000e+01   03.70429000e+01   00.00000000e+00
  08.44124000e+01   05.69189000e+01   03.66070000e+01   00.00000000e+00
  08.34272000e+01   05.44987000e+01   03.68794000e+01   00.00000000e+00
  08.50761000e+01   05.39510000e+01   03.66068000e+01   00.00000000e+00
  08.51574000e+01   05.49431000e+01   03.43636000e+01   00.00000000e+00
  08.36254000e+01   05.57368000e+01   03.45783000e+01   00.00000000e+00
  08.39736000e+01   05.27367000e+01   03.46460000e+01   00.00000000e+00
  08.35728000e+01   05.36011000e+01   03.32194000e+01   00.00000000e+00
  08.06180000e+01   05.22531000e+01   03.56225000e+01   00.00000000e+00
  08.19368000e+01   05.13329000e+01   03.49044000e+01   00.00000000e+00
  08.22892000e+01   05.22829000e+01   03.62025000e+01   00.00000000e+00
  07.88017000e+01   05.94267000e+01   03.54421000e+01   05.57290000e-03
  07.79865000e+01   05.65845000e+01   03.51450000e+01  -01.28866000e-02
  08.11425000e+01   05.52966000e+01   03.52116000e+01   00.00000000e+00
  08.25294000e+01   06.03063000e+01   04.59487000e+01   00.00000000e+00
  08.16058000e+01   05.52618000e+01   04.14532000e+01   00.00000000e+00
  07.95606000e+01   05.39047000e+01   03.32935000e+01  -01.99830000e-03
  08.10041000e+01   05.45968000e+01   03.23565000e+01  -01.85290000e-03
