  07.97223000e+01   05.93595000e+01   03.37693000e+01  -06.11779000e-02
  07.87053000e+01   06.17119000e+01   04.31570000e+01   01.75852000e-02
  07.18570000e+01   05.77948000e+01   04.14082000e+01   01.01800000e-02
  07.53411000e+01   05.70940000e+01   03.38300000e+01  -01.32723000e-02
  07.83437000e+01   05.89988000e+01   03.70834000e+01  -04.57645000e-02
  08.10973000e+01   05.92433000e+01   03.30168000e+01   02.46758000e-02
  07.97538000e+01   06.14757000e+01   04.40331000e+01  -01.71993000e-02
  07.17035000e+01   05.62772000e+01   04.14031000e+01  -09.39340000e-03
  07.68825000e+01   05.73343000e+01   03.39446000e+01   07.66074000e-02
  07.78403000e+01   06.01397000e+01   03.98471000e+01   09.44338000e-02
  07.47946000e+01   05.67372000e+01   03.27715000e+01   01.54319000e-02
  08.14494000e+01   05.78794000e+01   03.24467000e+01  -01.56515000e-02
  07.75900000e+01   05.60672000e+01   03.34736000e+01  -02.00050000e-02
  07.55686000e+01   05.80227000e+01   03.72191000e+01  -08.09918000e-02
  07.75516000e+01   05.36460000e+01   03.32643000e+01   04.03650000e-03
  07.71903000e+01   05.78721000e+01   03.53527000e+01  -01.43447000e-01
  07.99393000e+01   06.02383000e+01   03.85196000e+01   01.23287000e-02
  07.63477000e+01   06.01012000e+01   04.17268000e+01   02.21683000e-01
  07.34658000e+01   05.77080000e+01   03.85100000e+01  -05.42921000e-02
  08.18413000e+01   05.86007000e+01   03.66597000e+01   02.66866000e-02
  08.09725000e+01   06.19851000e+01   04.09231000e+01   04.35609000e-02
  07.37586000e+01   05.93831000e+01   04.33714000e+01   02.36507000e-02
  07.24530000e+01   05.67047000e+01   03.56711000e+01  -06.09964000e-02
  08.20485000e+01   05.55815000e+01   03.29495000e+01   08.71130000e-03
  07.83802000e+01   05.84889000e+01   03.58015000e+01   01.26858000e-01
  07.91581000e+01   06.04621000e+01   03.96761000e+01  -03.45042000e-02
  07.52291000e+01   05.93698000e+01   04.11644000e+01  -02.04376000e-01
  07.42210000e+01   05.76285000e+01   03.72728000e+01   07.60142000e-02
  08.09771000e+01   05.74861000e+01   03.14056000e+01   05.08730000e-03
  07.86485000e+01   05.60582000e+01   03.28676000e+01   06.92200000e-04
  08.27418000e+01   05.48926000e+01   03.41196000e+01   00.00000000e+00
  07.97867000e+01   05.86407000e+01   03.51036000e+01   07.64245000e-02
  07.96036000e+01   06.11411000e+01   04.07835000e+01  -04.66821000e-02
  07.40311000e+01   05.90448000e+01   04.18969000e+01   01.65461000e-02
  07.37671000e+01   05.71772000e+01   03.60101000e+01   05.49912000e-02
  08.21646000e+01   05.69881000e+01   03.33247000e+01   03.30200000e-04
  07.68883000e+01   05.48904000e+01   03.37581000e+01   04.02810000e-03
  08.38971000e+01   05.41851000e+01   03.39866000e+01   00.00000000e+00
  08.05251000e+01   05.93201000e+01   03.62597000e+01  -04.69336000e-02
  07.86828000e+01   06.11169000e+01   04.17998000e+01  -07.68710000e-03
  07.31849000e+01   05.83949000e+01   04.10196000e+01  -03.37389000e-02
  07.48775000e+01   05.72970000e+01   03.51988000e+01   03.64969000e-02
  08.38142000e+01   05.26598000e+01   03.37943000e+01   00.00000000e+00
  07.96168000e+01   05.94863000e+01   03.74095000e+01  -09.58259000e-02
  07.75592000e+01   06.04234000e+01   04.11431000e+01  -01.77941000e-01
  07.39195000e+01   05.83007000e+01   03.97131000e+01   06.74294000e-02
  07.59852000e+01   05.77123000e+01   03.60326000e+01   01.44326000e-01
  08.51861000e+01   05.49028000e+01   03.37042000e+01   00.00000000e+00
  08.53213000e+01   05.61877000e+01   03.44860000e+01   00.00000000e+00
  08.54820000e+01   05.59677000e+01   03.60094000e+01   00.00000000e+00
  08.52679000e+01   05.72572000e+01   03.68489000e+01   00.00000000e+00
  08.62534000e+01   05.84510000e+01   03.63466000e+01   00.00000000e+00
  08.55679000e+01   05.68984000e+01   03.83126000e+01   00.00000000e+00
  08.51411000e+01   05.79485000e+01   03.92987000e+01   00.00000000e+00
  08.54981000e+01   05.75861000e+01   04.06888000e+01   00.00000000e+00
  08.50919000e+01   05.86996000e+01   04.17652000e+01   00.00000000e+00
  08.59118000e+01   06.00406000e+01   04.15949000e+01   00.00000000e+00
  08.51911000e+01   05.81095000e+01   04.31837000e+01   00.00000000e+00
  08.46911000e+01   05.89526000e+01   04.44103000e+01   00.00000000e+00
  08.52624000e+01   05.85918000e+01   04.57589000e+01   00.00000000e+00
  08.51165000e+01   05.71127000e+01   04.62168000e+01   00.00000000e+00
  08.58393000e+01   05.67652000e+01   04.75478000e+01   00.00000000e+00
  08.36049000e+01   05.66702000e+01   04.62464000e+01   00.00000000e+00
  07.51191000e+01   05.89161000e+01   03.99345000e+01   03.65717000e-02
  07.66504000e+01   05.91048000e+01   03.85072000e+01  -06.37550000e-03
  07.16510000e+01   05.74433000e+01   03.59114000e+01   01.79582000e-02
  07.22359000e+01   05.65886000e+01   03.46080000e+01   01.23366000e-02
  07.22059000e+01   05.57225000e+01   03.60444000e+01   01.80857000e-02
  07.47082000e+01   05.95071000e+01   04.38893000e+01  -03.55350000e-03
  07.31443000e+01   06.02419000e+01   04.34171000e+01  -05.48890000e-03
  07.32365000e+01   05.85541000e+01   04.39139000e+01  -05.73590000e-03
  08.09209000e+01   06.26465000e+01   04.01224000e+01  -01.16015000e-02
  08.09348000e+01   06.25869000e+01   04.18707000e+01  -01.03548000e-02
  08.17306000e+01   06.12797000e+01   04.08757000e+01  -01.10806000e-02
  08.25535000e+01   05.86147000e+01   03.58274000e+01  -06.50300000e-03
  08.23281000e+01   05.92052000e+01   03.74208000e+01  -03.84930000e-03
  08.17065000e+01   05.75877000e+01   03.70713000e+01  -06.75510000e-03
  07.84815000e+01   05.35572000e+01   03.38370000e+01   06.96000000e-05
  07.68771000e+01   05.28010000e+01   03.36073000e+01  -02.56130000e-03
  07.77429000e+01   05.35991000e+01   03.21592000e+01  -08.86000000e-04
  07.08506000e+01   05.61243000e+01   04.20286000e+01   02.66600000e-04
  07.16494000e+01   05.59635000e+01   04.03883000e+01   02.07780000e-03
  07.26089000e+01   05.59418000e+01   04.18677000e+01   03.44650000e-03
  07.96985000e+01   06.18686000e+01   04.50742000e+01   02.98050000e-03
  08.06095000e+01   06.08212000e+01   04.37284000e+01  -05.01900000e-04
  08.10174000e+01   05.98714000e+01   03.20987000e+01  -05.40000000e-06
  08.17614000e+01   05.96277000e+01   03.37516000e+01  -02.73660000e-03
  07.15616000e+01   05.82553000e+01   04.23627000e+01   06.65000000e-04
  07.11414000e+01   05.81651000e+01   04.06586000e+01  -04.07950000e-03
  07.90684000e+01   05.89032000e+01   03.30175000e+01   01.58140000e-02
  07.94863000e+01   06.03734000e+01   03.39078000e+01   09.11190000e-03
  08.35588000e+01   05.56357000e+01   04.65201000e+01   00.00000000e+00
  08.30102000e+01   05.71248000e+01   04.70759000e+01   00.00000000e+00
  08.31068000e+01   05.67819000e+01   04.52657000e+01   00.00000000e+00
  08.54780000e+01   05.74522000e+01   04.83262000e+01   00.00000000e+00
  08.56932000e+01   05.57326000e+01   04.78066000e+01   00.00000000e+00
  08.68717000e+01   05.68493000e+01   04.73211000e+01   00.00000000e+00
  08.63298000e+01   05.89000000e+01   04.56835000e+01   00.00000000e+00
  08.48301000e+01   05.92524000e+01   04.65240000e+01   00.00000000e+00
  08.49717000e+01   06.00150000e+01   04.42149000e+01   00.00000000e+00
  08.36610000e+01   05.87255000e+01   04.44791000e+01   00.00000000e+00
  08.46092000e+01   05.71602000e+01   04.32471000e+01   00.00000000e+00
  08.63114000e+01   05.79860000e+01   04.32948000e+01   00.00000000e+00
  08.57310000e+01   06.04106000e+01   04.06078000e+01   00.00000000e+00
  08.54861000e+01   06.07360000e+01   04.23138000e+01   00.00000000e+00
  08.69640000e+01   05.99620000e+01   04.17732000e+01   00.00000000e+00
  08.50116000e+01   05.66819000e+01   04.09409000e+01   00.00000000e+00
  08.65639000e+01   05.75791000e+01   04.07137000e+01   00.00000000e+00
  08.57500000e+01   05.87225000e+01   03.90806000e+01   00.00000000e+00
  08.40541000e+01   05.80885000e+01   03.91964000e+01   00.00000000e+00
  08.50401000e+01   05.60188000e+01   03.84971000e+01   00.00000000e+00
  08.66493000e+01   05.66891000e+01   03.84465000e+01   00.00000000e+00
  07.24440000e+01   05.73561000e+01   03.84827000e+01   07.20400000e-04
  07.62905000e+01   06.04178000e+01   04.27531000e+01  -02.39543000e-02
  08.09810000e+01   06.05266000e+01   03.84536000e+01   04.89340000e-03
  07.71293000e+01   05.81198000e+01   03.33147000e+01  -02.28199000e-02
  07.78702000e+01   06.23296000e+01   04.34672000e+01  -01.51750000e-03
  08.62115000e+01   05.94111000e+01   03.68878000e+01   00.00000000e+00
  08.72138000e+01   05.79993000e+01   03.62795000e+01   00.00000000e+00
  08.58256000e+01   05.86809000e+01   03.53955000e+01   00.00000000e+00
  08.42300000e+01   05.75903000e+01   03.67824000e+01   00.00000000e+00
  08.47579000e+01   05.51457000e+01   03.63828000e+01   00.00000000e+00
  08.64453000e+01   05.55583000e+01   03.63258000e+01   00.00000000e+00
  08.62145000e+01   05.67660000e+01   03.41611000e+01   00.00000000e+00
  08.43826000e+01   05.68322000e+01   03.43944000e+01   00.00000000e+00
  08.60492000e+01   05.43446000e+01   03.39860000e+01   00.00000000e+00
  08.52990000e+01   05.52670000e+01   03.27034000e+01   00.00000000e+00
  08.46464000e+01   05.23757000e+01   03.44026000e+01   00.00000000e+00
  08.29017000e+01   05.21886000e+01   03.41903000e+01   00.00000000e+00
  08.38389000e+01   05.22726000e+01   03.27726000e+01   00.00000000e+00
  08.08038000e+01   06.03131000e+01   03.59278000e+01   05.57290000e-03
  08.01412000e+01   05.76860000e+01   03.49082000e+01  -01.28866000e-02
  08.24586000e+01   05.52728000e+01   03.50652000e+01   00.00000000e+00
  08.55846000e+01   05.65111000e+01   04.54289000e+01   00.00000000e+00
  08.40664000e+01   05.89857000e+01   04.16680000e+01   00.00000000e+00
  08.10350000e+01   05.50735000e+01   03.28451000e+01  -01.99830000e-03
  08.26918000e+01   05.52931000e+01   03.20645000e+01  -01.85290000e-03
