  07.84153000e+01   05.86914000e+01   03.39173000e+01  -06.11779000e-02
  07.80688000e+01   06.23251000e+01   04.28244000e+01   01.75852000e-02
  07.15405000e+01   05.77737000e+01   04.23647000e+01   01.01800000e-02
  07.43246000e+01   05.60483000e+01   03.49580000e+01  -01.32723000e-02
  07.73702000e+01   05.89975000e+01   03.72926000e+01  -04.57645000e-02
  07.97060000e+01   05.87197000e+01   03.30783000e+01   02.46758000e-02
  07.90757000e+01   06.21901000e+01   04.37573000e+01  -01.71993000e-02
  07.18271000e+01   05.62826000e+01   04.22469000e+01  -09.39340000e-03
  07.57203000e+01   05.66549000e+01   03.46346000e+01   07.66074000e-02
  07.72241000e+01   06.03906000e+01   03.98888000e+01   09.44338000e-02
  07.38024000e+01   05.52829000e+01   03.41606000e+01   01.54319000e-02
  08.02836000e+01   05.73374000e+01   03.26661000e+01  -01.56515000e-02
  07.66686000e+01   05.56068000e+01   03.41966000e+01  -02.00050000e-02
  07.46904000e+01   05.79467000e+01   03.78237000e+01  -08.09918000e-02
  07.73967000e+01   05.33323000e+01   03.44386000e+01   04.03650000e-03
  07.61327000e+01   05.74854000e+01   03.58685000e+01  -01.43447000e-01
  07.91717000e+01   06.03386000e+01   03.83699000e+01   01.23287000e-02
  07.58090000e+01   06.05388000e+01   04.18692000e+01   02.21683000e-01
  07.27930000e+01   05.77245000e+01   03.94025000e+01  -05.42921000e-02
  08.08069000e+01   05.85728000e+01   03.66322000e+01   02.66866000e-02
  08.03194000e+01   06.22652000e+01   04.05180000e+01   04.35609000e-02
  07.36605000e+01   05.97550000e+01   04.40781000e+01   02.36507000e-02
  07.17956000e+01   05.55308000e+01   03.72324000e+01  -06.09964000e-02
  08.11804000e+01   05.52874000e+01   03.35464000e+01   08.71130000e-03
  07.72383000e+01   05.83007000e+01   03.61273000e+01   01.26858000e-01
  07.85177000e+01   06.07170000e+01   03.95410000e+01  -03.45042000e-02
  07.46872000e+01   05.97571000e+01   04.16177000e+01  -02.04376000e-01
  07.34566000e+01   05.73813000e+01   03.81779000e+01   07.60142000e-02
  08.03524000e+01   05.69418000e+01   03.14833000e+01   05.08730000e-03
  07.74336000e+01   05.57702000e+01   03.32864000e+01   06.92200000e-04
  08.17157000e+01   05.47216000e+01   03.48066000e+01   00.00000000e+00
  07.85905000e+01   05.82028000e+01   03.53419000e+01   07.64245000e-02
  07.90484000e+01   06.16191000e+01   04.05427000e+01  -04.66821000e-02
  07.35639000e+01   05.94897000e+01   04.25922000e+01   01.65461000e-02
  07.30223000e+01   05.64365000e+01   03.71532000e+01   05.49912000e-02
  08.07855000e+01   05.66647000e+01   03.37508000e+01   03.30200000e-04
  07.65583000e+01   05.44071000e+01   03.49366000e+01   04.02810000e-03
  08.26884000e+01   05.38499000e+01   03.48833000e+01   00.00000000e+00
  07.95416000e+01   05.92064000e+01   03.62195000e+01  -04.69336000e-02
  07.80275000e+01   06.17011000e+01   04.14862000e+01  -07.68710000e-03
  07.26820000e+01   05.86550000e+01   04.18610000e+01  -03.37389000e-02
  07.40000000e+01   05.65551000e+01   03.61965000e+01   03.64969000e-02
  08.23221000e+01   05.23955000e+01   03.46528000e+01   00.00000000e+00
  07.86955000e+01   05.94932000e+01   03.73987000e+01  -09.58259000e-02
  07.69069000e+01   06.08404000e+01   04.11496000e+01  -01.77941000e-01
  07.33089000e+01   05.84705000e+01   04.05055000e+01   06.74294000e-02
  07.50094000e+01   05.74512000e+01   03.66698000e+01   01.44326000e-01
  08.41597000e+01   05.42453000e+01   03.49799000e+01   00.00000000e+00
  08.46049000e+01   05.57356000e+01   03.51119000e+01   00.00000000e+00
  08.45942000e+01   05.60746000e+01   03.66403000e+01   00.00000000e+00
  08.48367000e+01   05.75256000e+01   03.71260000e+01   00.00000000e+00
  08.60556000e+01   05.81846000e+01   03.65003000e+01   00.00000000e+00
  08.48097000e+01   05.76075000e+01   03.86802000e+01   00.00000000e+00
  08.34725000e+01   05.75116000e+01   03.94218000e+01   00.00000000e+00
  08.37505000e+01   05.79061000e+01   04.09424000e+01   00.00000000e+00
  08.24265000e+01   05.77081000e+01   04.17630000e+01   00.00000000e+00
  08.12543000e+01   05.86971000e+01   04.12532000e+01   00.00000000e+00
  08.27972000e+01   05.79377000e+01   04.32574000e+01   00.00000000e+00
  08.30600000e+01   05.94135000e+01   04.36715000e+01   00.00000000e+00
  08.32194000e+01   05.95319000e+01   04.51519000e+01   00.00000000e+00
  08.38423000e+01   06.08645000e+01   04.56245000e+01   00.00000000e+00
  08.28397000e+01   06.19496000e+01   04.59502000e+01   00.00000000e+00
  08.47424000e+01   06.06795000e+01   04.68344000e+01   00.00000000e+00
  07.44785000e+01   05.92167000e+01   04.04366000e+01   03.65717000e-02
  07.58784000e+01   05.93796000e+01   03.88297000e+01  -06.37550000e-03
  07.18104000e+01   05.51577000e+01   03.82646000e+01   01.79582000e-02
  07.08952000e+01   05.59632000e+01   03.70382000e+01   01.23366000e-02
  07.20744000e+01   05.46229000e+01   03.66075000e+01   01.80857000e-02
  07.26987000e+01   05.94676000e+01   04.45489000e+01  -03.55350000e-03
  07.44450000e+01   05.91294000e+01   04.44531000e+01  -05.48890000e-03
  07.38901000e+01   06.07625000e+01   04.43745000e+01  -05.73590000e-03
  08.02746000e+01   06.33129000e+01   04.04648000e+01  -01.16015000e-02
  08.08978000e+01   06.18790000e+01   04.13855000e+01  -01.03548000e-02
  08.08786000e+01   06.18943000e+01   03.97190000e+01  -01.10806000e-02
  08.15235000e+01   05.91646000e+01   03.72099000e+01  -06.50300000e-03
  08.06284000e+01   05.76175000e+01   03.71467000e+01  -03.84930000e-03
  08.14276000e+01   05.82778000e+01   03.57788000e+01  -06.75510000e-03
  07.72486000e+01   05.24691000e+01   03.50006000e+01   06.96000000e-05
  07.70219000e+01   05.32013000e+01   03.34375000e+01  -02.56130000e-03
  07.84684000e+01   05.35424000e+01   03.43835000e+01  -08.86000000e-04
  07.29166000e+01   05.61976000e+01   04.24688000e+01   02.66600000e-04
  07.12503000e+01   05.57152000e+01   04.29914000e+01   02.07780000e-03
  07.15733000e+01   05.58816000e+01   04.12721000e+01   03.44650000e-03
  07.90405000e+01   06.25590000e+01   04.47853000e+01   02.98050000e-03
  08.00194000e+01   06.16640000e+01   04.35708000e+01  -05.01900000e-04
  07.95821000e+01   05.93478000e+01   03.22334000e+01  -05.40000000e-06
  08.04677000e+01   05.90864000e+01   03.37067000e+01  -02.73660000e-03
  07.13117000e+01   05.80856000e+01   04.33167000e+01   06.65000000e-04
  07.05927000e+01   05.79342000e+01   04.18608000e+01  -04.07950000e-03
  07.76813000e+01   05.80793000e+01   03.34403000e+01   01.58140000e-02
  07.79959000e+01   05.96620000e+01   03.39397000e+01   09.11190000e-03
  08.52039000e+01   06.16066000e+01   04.71039000e+01   00.00000000e+00
  08.40570000e+01   06.04484000e+01   04.76759000e+01   00.00000000e+00
  08.54883000e+01   05.98822000e+01   04.66507000e+01   00.00000000e+00
  08.21597000e+01   06.17075000e+01   04.67596000e+01   00.00000000e+00
  08.33879000e+01   06.28348000e+01   04.62226000e+01   00.00000000e+00
  08.22531000e+01   06.21751000e+01   04.50704000e+01   00.00000000e+00
  08.23111000e+01   05.92315000e+01   04.57522000e+01   00.00000000e+00
  08.40708000e+01   05.88259000e+01   04.54163000e+01   00.00000000e+00
  08.40293000e+01   05.98668000e+01   04.33627000e+01   00.00000000e+00
  08.21962000e+01   06.00500000e+01   04.35042000e+01   00.00000000e+00
  08.21293000e+01   05.73655000e+01   04.38759000e+01   00.00000000e+00
  08.36736000e+01   05.73052000e+01   04.34092000e+01   00.00000000e+00
  08.14943000e+01   05.97230000e+01   04.12283000e+01   00.00000000e+00
  08.07697000e+01   05.83838000e+01   04.03779000e+01   00.00000000e+00
  08.04447000e+01   05.86279000e+01   04.20299000e+01   00.00000000e+00
  08.45316000e+01   05.73728000e+01   04.14898000e+01   00.00000000e+00
  08.39333000e+01   05.89832000e+01   04.09214000e+01   00.00000000e+00
  08.26520000e+01   05.81550000e+01   03.90612000e+01   00.00000000e+00
  08.31415000e+01   05.64751000e+01   03.94401000e+01   00.00000000e+00
  08.54059000e+01   05.68356000e+01   03.90421000e+01   00.00000000e+00
  08.52812000e+01   05.85196000e+01   03.90095000e+01   00.00000000e+00
  07.17163000e+01   05.73791000e+01   03.95798000e+01   07.20400000e-04
  07.58002000e+01   06.09296000e+01   04.29060000e+01  -02.39543000e-02
  08.01902000e+01   06.06359000e+01   03.81606000e+01   04.89340000e-03
  07.56495000e+01   05.74170000e+01   03.39045000e+01  -02.28199000e-02
  07.71312000e+01   06.29217000e+01   04.31157000e+01  -01.51750000e-03
  08.56741000e+01   05.84818000e+01   03.55437000e+01   00.00000000e+00
  08.64699000e+01   05.90203000e+01   03.70696000e+01   00.00000000e+00
  08.68098000e+01   05.74381000e+01   03.62626000e+01   00.00000000e+00
  08.39512000e+01   05.81043000e+01   03.68467000e+01   00.00000000e+00
  08.35910000e+01   05.59272000e+01   03.69806000e+01   00.00000000e+00
  08.53749000e+01   05.54497000e+01   03.70942000e+01   00.00000000e+00
  08.56327000e+01   05.59556000e+01   03.47459000e+01   00.00000000e+00
  08.38803000e+01   05.64693000e+01   03.47062000e+01   00.00000000e+00
  08.45871000e+01   05.36599000e+01   03.58089000e+01   00.00000000e+00
  08.46846000e+01   05.38681000e+01   03.41137000e+01   00.00000000e+00
  08.29083000e+01   05.21066000e+01   03.37737000e+01   00.00000000e+00
  08.27359000e+01   05.17943000e+01   03.54838000e+01   00.00000000e+00
  08.12415000e+01   05.21085000e+01   03.46135000e+01   00.00000000e+00
  07.97847000e+01   06.01610000e+01   03.57302000e+01   05.57290000e-03
  07.88736000e+01   05.71551000e+01   03.53904000e+01  -01.28866000e-02
  08.13685000e+01   05.51223000e+01   03.57564000e+01   00.00000000e+00
  08.45370000e+01   06.11630000e+01   04.48191000e+01   00.00000000e+00
  08.20359000e+01   05.66900000e+01   04.16213000e+01   00.00000000e+00
  08.02906000e+01   05.47023000e+01   03.32399000e+01  -01.99830000e-03
  08.19357000e+01   05.53028000e+01   03.27679000e+01  -01.85290000e-03
