  07.73601000e+01   05.79941000e+01   03.44390000e+01  -06.11779000e-02
  07.74576000e+01   06.24662000e+01   04.29532000e+01   01.75852000e-02
  07.07460000e+01   05.75508000e+01   04.31022000e+01   01.01800000e-02
  07.33367000e+01   05.50407000e+01   03.58719000e+01  -01.32723000e-02
  07.64198000e+01   05.82914000e+01   03.78391000e+01  -04.57645000e-02
  07.86311000e+01   05.77393000e+01   03.35957000e+01   02.46758000e-02
  07.64526000e+01   06.30769000e+01   04.35876000e+01  -01.71993000e-02
  07.07856000e+01   05.60652000e+01   04.30874000e+01  -09.39340000e-03
  07.47276000e+01   05.56988000e+01   03.54124000e+01   07.66074000e-02
  07.62983000e+01   06.01265000e+01   04.03008000e+01   09.44338000e-02
  07.28197000e+01   05.41590000e+01   03.52432000e+01   01.54319000e-02
  07.90287000e+01   05.62399000e+01   03.33709000e+01  -01.56515000e-02
  07.58514000e+01   05.47009000e+01   03.52375000e+01  -02.00050000e-02
  07.36430000e+01   05.73019000e+01   03.84674000e+01  -08.09918000e-02
  07.71283000e+01   05.33118000e+01   03.67727000e+01   04.03650000e-03
  07.50254000e+01   05.67691000e+01   03.64954000e+01  -01.43447000e-01
  07.82367000e+01   05.97096000e+01   03.88859000e+01   01.23287000e-02
  07.48882000e+01   06.04464000e+01   04.22950000e+01   02.21683000e-01
  07.18823000e+01   05.72009000e+01   04.01666000e+01  -05.42921000e-02
  07.98365000e+01   05.75343000e+01   03.73664000e+01   02.66866000e-02
  07.95740000e+01   06.17213000e+01   04.07854000e+01   04.35609000e-02
  07.28173000e+01   05.98700000e+01   04.44141000e+01   02.36507000e-02
  07.07143000e+01   05.49056000e+01   03.81910000e+01  -06.09964000e-02
  08.00651000e+01   05.43148000e+01   03.42567000e+01   08.71130000e-03
  07.62038000e+01   05.76052000e+01   03.66611000e+01   01.26858000e-01
  07.75813000e+01   06.02727000e+01   03.99959000e+01  -03.45042000e-02
  07.38473000e+01   05.95794000e+01   04.20397000e+01  -02.04376000e-01
  07.24503000e+01   05.67937000e+01   03.89486000e+01   07.60142000e-02
  07.86467000e+01   05.55603000e+01   03.24539000e+01   05.08730000e-03
  07.67429000e+01   05.47036000e+01   03.44449000e+01   06.92200000e-04
  08.08153000e+01   05.39086000e+01   03.54942000e+01   00.00000000e+00
  07.75826000e+01   05.74815000e+01   03.59076000e+01   07.64245000e-02
  07.81585000e+01   06.12236000e+01   04.08835000e+01  -04.66821000e-02
  07.27326000e+01   05.93009000e+01   04.30451000e+01   01.65461000e-02
  07.19375000e+01   05.57466000e+01   03.80950000e+01   05.49912000e-02
  07.98719000e+01   05.57549000e+01   03.44144000e+01   03.30200000e-04
  07.58455000e+01   05.38975000e+01   03.63639000e+01   04.02810000e-03
  08.17039000e+01   05.29457000e+01   03.57188000e+01   00.00000000e+00
  07.86159000e+01   05.82426000e+01   03.67755000e+01  -04.69336000e-02
  07.71991000e+01   06.15622000e+01   04.18255000e+01  -07.68710000e-03
  07.19277000e+01   05.82912000e+01   04.24333000e+01  -03.37389000e-02
  07.29448000e+01   05.57126000e+01   03.70928000e+01   03.64969000e-02
  08.11751000e+01   05.15475000e+01   03.60238000e+01   00.00000000e+00
  07.77186000e+01   05.87991000e+01   03.78583000e+01  -09.58259000e-02
  07.60423000e+01   06.07063000e+01   04.14887000e+01  -01.77941000e-01
  07.24718000e+01   05.81039000e+01   04.11042000e+01   06.74294000e-02
  07.39559000e+01   05.66520000e+01   03.73633000e+01   01.44326000e-01
  08.31740000e+01   05.30676000e+01   03.53743000e+01   00.00000000e+00
  08.39117000e+01   05.44236000e+01   03.57033000e+01   00.00000000e+00
  08.38521000e+01   05.48078000e+01   03.72179000e+01   00.00000000e+00
  08.46078000e+01   05.60774000e+01   03.76115000e+01   00.00000000e+00
  08.61392000e+01   05.58297000e+01   03.75500000e+01   00.00000000e+00
  08.43100000e+01   05.65763000e+01   03.90213000e+01   00.00000000e+00
  08.28861000e+01   05.68661000e+01   03.93972000e+01   00.00000000e+00
  08.28577000e+01   05.77179000e+01   04.07317000e+01   00.00000000e+00
  08.35269000e+01   05.72094000e+01   04.20487000e+01   00.00000000e+00
  08.26372000e+01   05.63236000e+01   04.29674000e+01   00.00000000e+00
  08.38933000e+01   05.84731000e+01   04.29124000e+01   00.00000000e+00
  08.27147000e+01   05.92913000e+01   04.35559000e+01   00.00000000e+00
  08.32367000e+01   06.04767000e+01   04.44179000e+01   00.00000000e+00
  08.21238000e+01   06.13577000e+01   04.50798000e+01   00.00000000e+00
  08.28721000e+01   06.24417000e+01   04.58188000e+01   00.00000000e+00
  08.11692000e+01   06.20606000e+01   04.40203000e+01   00.00000000e+00
  07.37047000e+01   05.87686000e+01   04.09396000e+01   03.65717000e-02
  07.49125000e+01   05.88056000e+01   03.92993000e+01  -06.37550000e-03
  07.06544000e+01   05.45603000e+01   03.92811000e+01   01.79582000e-02
  06.97462000e+01   05.53987000e+01   03.79700000e+01   01.23366000e-02
  07.09200000e+01   05.41110000e+01   03.75252000e+01   01.80857000e-02
  07.37828000e+01   05.95358000e+01   04.47151000e+01  -03.55350000e-03
  07.26628000e+01   06.09582000e+01   04.43924000e+01  -05.48890000e-03
  07.21451000e+01   05.93238000e+01   04.51041000e+01  -05.73590000e-03
  07.97457000e+01   06.19269000e+01   03.97571000e+01  -01.16015000e-02
  07.96644000e+01   06.26312000e+01   04.13391000e+01  -01.03548000e-02
  08.02078000e+01   06.09371000e+01   04.11919000e+01  -01.10806000e-02
  07.96977000e+01   05.66643000e+01   03.79563000e+01  -06.50300000e-03
  08.04451000e+01   05.72354000e+01   03.65081000e+01  -03.84930000e-03
  08.04208000e+01   05.82729000e+01   03.79184000e+01  -06.75510000e-03
  07.79421000e+01   05.40065000e+01   03.65267000e+01   06.96000000e-05
  07.70560000e+01   05.29734000e+01   03.78072000e+01  -02.56130000e-03
  07.72973000e+01   05.24647000e+01   03.60999000e+01  -08.86000000e-04
  06.98940000e+01   05.57056000e+01   04.35009000e+01   02.66600000e-04
  07.09763000e+01   05.55773000e+01   04.21036000e+01   02.07780000e-03
  07.14975000e+01   05.56606000e+01   04.37783000e+01   03.44650000e-03
  07.66800000e+01   06.37791000e+01   04.43972000e+01   02.98050000e-03
  07.53912000e+01   06.30310000e+01   04.34250000e+01  -05.01900000e-04
  07.84027000e+01   05.81294000e+01   03.26208000e+01  -05.40000000e-06
  07.95566000e+01   05.82248000e+01   03.39878000e+01  -02.73660000e-03
  07.07390000e+01   05.77585000e+01   04.41307000e+01   06.65000000e-04
  06.98640000e+01   05.78998000e+01   04.27368000e+01  -04.07950000e-03
  07.64456000e+01   05.75911000e+01   03.40590000e+01   01.58140000e-02
  07.71492000e+01   05.90567000e+01   03.45359000e+01   09.11190000e-03
  08.06330000e+01   06.12745000e+01   04.34585000e+01   00.00000000e+00
  08.05694000e+01   06.27094000e+01   04.45363000e+01   00.00000000e+00
  08.18075000e+01   06.27331000e+01   04.34466000e+01   00.00000000e+00
  08.34435000e+01   06.30931000e+01   04.51715000e+01   00.00000000e+00
  08.21480000e+01   06.30378000e+01   04.63477000e+01   00.00000000e+00
  08.35530000e+01   06.19824000e+01   04.64935000e+01   00.00000000e+00
  08.39433000e+01   06.00399000e+01   04.52474000e+01   00.00000000e+00
  08.37485000e+01   06.10911000e+01   04.36338000e+01   00.00000000e+00
  08.22582000e+01   05.97737000e+01   04.27762000e+01   00.00000000e+00
  08.18893000e+01   05.87712000e+01   04.41399000e+01   00.00000000e+00
  08.45038000e+01   05.81354000e+01   04.37223000e+01   00.00000000e+00
  08.45365000e+01   05.91815000e+01   04.23744000e+01   00.00000000e+00
  08.32951000e+01   05.58592000e+01   04.37626000e+01   00.00000000e+00
  08.17797000e+01   05.67842000e+01   04.34489000e+01   00.00000000e+00
  08.22385000e+01   05.55186000e+01   04.24087000e+01   00.00000000e+00
  08.33984000e+01   05.86600000e+01   04.05028000e+01   00.00000000e+00
  08.17763000e+01   05.79796000e+01   04.09419000e+01   00.00000000e+00
  08.25928000e+01   05.74802000e+01   03.85772000e+01   00.00000000e+00
  08.21522000e+01   05.60205000e+01   03.94718000e+01   00.00000000e+00
  08.49105000e+01   05.60927000e+01   03.97560000e+01   00.00000000e+00
  08.47051000e+01   05.76094000e+01   03.89727000e+01   00.00000000e+00
  07.08764000e+01   05.68526000e+01   04.04819000e+01   07.20400000e-04
  07.49792000e+01   06.09907000e+01   04.32257000e+01  -02.39543000e-02
  07.92208000e+01   06.01298000e+01   03.86776000e+01   04.89340000e-03
  07.45643000e+01   05.62762000e+01   03.45310000e+01  -02.28199000e-02
  07.84962000e+01   06.24964000e+01   04.32736000e+01  -01.51750000e-03
  08.64535000e+01   05.52660000e+01   03.84469000e+01   00.00000000e+00
  08.64729000e+01   05.53443000e+01   03.66179000e+01   00.00000000e+00
  08.66554000e+01   05.68147000e+01   03.75206000e+01   00.00000000e+00
  08.43617000e+01   05.68549000e+01   03.68351000e+01   00.00000000e+00
  08.28384000e+01   05.49441000e+01   03.75405000e+01   00.00000000e+00
  08.42499000e+01   05.40774000e+01   03.78582000e+01   00.00000000e+00
  08.49464000e+01   05.42175000e+01   03.54181000e+01   00.00000000e+00
  08.34498000e+01   05.52122000e+01   03.51306000e+01   00.00000000e+00
  08.36543000e+01   05.22136000e+01   03.58420000e+01   00.00000000e+00
  08.33665000e+01   05.29579000e+01   03.43119000e+01   00.00000000e+00
  08.00935000e+01   05.15806000e+01   03.61700000e+01   00.00000000e+00
  08.13397000e+01   05.09175000e+01   03.51019000e+01   00.00000000e+00
  08.15590000e+01   05.12016000e+01   03.70015000e+01   00.00000000e+00
  07.89314000e+01   05.91227000e+01   03.62930000e+01   05.57290000e-03
  07.78223000e+01   05.64544000e+01   03.60156000e+01  -01.28866000e-02
  08.05497000e+01   05.44790000e+01   03.63146000e+01   00.00000000e+00
  08.16239000e+01   06.07236000e+01   04.58604000e+01   00.00000000e+00
  08.44363000e+01   05.66186000e+01   04.18579000e+01   00.00000000e+00
  07.90929000e+01   05.38170000e+01   03.43444000e+01  -01.99830000e-03
  08.05997000e+01   05.39671000e+01   03.32922000e+01  -01.85290000e-03
