  07.91114000e+01   05.90920000e+01   03.42132000e+01  -06.11779000e-02
  07.85927000e+01   06.21028000e+01   04.33254000e+01   01.75852000e-02
  07.19306000e+01   05.77020000e+01   04.23602000e+01   01.01800000e-02
  07.50779000e+01   05.61732000e+01   03.49146000e+01  -01.32723000e-02
  07.80637000e+01   05.90430000e+01   03.76351000e+01  -04.57645000e-02
  08.04361000e+01   05.91353000e+01   03.33587000e+01   02.46758000e-02
  07.87048000e+01   06.12866000e+01   04.44076000e+01  -01.71993000e-02
  07.17753000e+01   05.61278000e+01   04.23522000e+01  -09.39340000e-03
  07.65538000e+01   05.67769000e+01   03.47318000e+01   07.66074000e-02
  07.76829000e+01   06.04089000e+01   04.02336000e+01   09.44338000e-02
  07.44427000e+01   05.55868000e+01   03.40382000e+01   01.54319000e-02
  08.11447000e+01   05.78583000e+01   03.28838000e+01  -01.56515000e-02
  07.75600000e+01   05.56861000e+01   03.43732000e+01  -02.00050000e-02
  07.53810000e+01   05.78319000e+01   03.80824000e+01  -08.09918000e-02
  07.80823000e+01   05.33361000e+01   03.43486000e+01   04.03650000e-03
  07.68653000e+01   05.75373000e+01   03.60825000e+01  -01.43447000e-01
  07.96124000e+01   06.05586000e+01   03.86602000e+01   01.23287000e-02
  07.63833000e+01   06.02606000e+01   04.23453000e+01   02.21683000e-01
  07.34390000e+01   05.75281000e+01   03.96480000e+01  -05.42921000e-02
  08.14329000e+01   05.85012000e+01   03.70774000e+01   02.66866000e-02
  08.07156000e+01   06.23932000e+01   04.09222000e+01   04.35609000e-02
  07.40984000e+01   05.94754000e+01   04.42522000e+01   02.36507000e-02
  07.23883000e+01   05.59476000e+01   03.69233000e+01  -06.09964000e-02
  08.22221000e+01   05.59610000e+01   03.35775000e+01   08.71130000e-03
  07.80221000e+01   05.83029000e+01   03.64605000e+01   01.26858000e-01
  07.89501000e+01   06.08984000e+01   03.99069000e+01  -03.45042000e-02
  07.53082000e+01   05.94149000e+01   04.19973000e+01  -02.04376000e-01
  07.41197000e+01   05.73501000e+01   03.83589000e+01   07.60142000e-02
  08.09802000e+01   05.73095000e+01   03.17994000e+01   05.08730000e-03
  07.85779000e+01   05.59011000e+01   03.37498000e+01   06.92200000e-04
  08.32501000e+01   05.55595000e+01   03.45743000e+01   00.00000000e+00
  07.93635000e+01   05.84742000e+01   03.56217000e+01   07.64245000e-02
  07.94143000e+01   06.17185000e+01   04.09462000e+01  -04.66821000e-02
  07.41540000e+01   05.90212000e+01   04.27981000e+01   01.65461000e-02
  07.36981000e+01   05.65650000e+01   03.71612000e+01   05.49912000e-02
  08.19953000e+01   05.73409000e+01   03.37983000e+01   03.30200000e-04
  07.72755000e+01   05.44402000e+01   03.48810000e+01   04.02810000e-03
  08.44236000e+01   05.48419000e+01   03.44837000e+01   00.00000000e+00
  08.02195000e+01   05.93278000e+01   03.66125000e+01  -04.69336000e-02
  07.84922000e+01   06.16167000e+01   04.20203000e+01  -07.68710000e-03
  07.32852000e+01   05.83036000e+01   04.19881000e+01  -03.37389000e-02
  07.47094000e+01   05.66129000e+01   03.62834000e+01   03.64969000e-02
  08.45490000e+01   05.33744000e+01   03.47789000e+01   00.00000000e+00
  07.92664000e+01   05.96760000e+01   03.77310000e+01  -09.58259000e-02
  07.74353000e+01   06.07048000e+01   04.15443000e+01  -01.77941000e-01
  07.39157000e+01   05.82995000e+01   04.06984000e+01   06.74294000e-02
  07.57187000e+01   05.73752000e+01   03.68579000e+01   01.44326000e-01
  08.57147000e+01   05.56379000e+01   03.46337000e+01   00.00000000e+00
  08.58707000e+01   05.69084000e+01   03.55840000e+01   00.00000000e+00
  08.57777000e+01   05.65536000e+01   03.70444000e+01   00.00000000e+00
  08.56907000e+01   05.77780000e+01   03.81015000e+01   00.00000000e+00
  08.70076000e+01   05.86132000e+01   03.80750000e+01   00.00000000e+00
  08.53068000e+01   05.73539000e+01   03.95529000e+01   00.00000000e+00
  08.49588000e+01   05.84170000e+01   04.05740000e+01   00.00000000e+00
  08.52493000e+01   05.79999000e+01   04.20858000e+01   00.00000000e+00
  08.46716000e+01   05.89886000e+01   04.31612000e+01   00.00000000e+00
  08.51137000e+01   06.05121000e+01   04.28551000e+01   00.00000000e+00
  08.51364000e+01   05.87122000e+01   04.46315000e+01   00.00000000e+00
  08.44957000e+01   05.74104000e+01   04.52647000e+01   00.00000000e+00
  08.49283000e+01   05.70316000e+01   04.67180000e+01   00.00000000e+00
  08.43511000e+01   05.56852000e+01   04.72681000e+01   00.00000000e+00
  08.49488000e+01   05.43684000e+01   04.66423000e+01   00.00000000e+00
  08.46431000e+01   05.56918000e+01   04.88235000e+01   00.00000000e+00
  07.50994000e+01   05.89646000e+01   04.06988000e+01   03.65717000e-02
  07.65704000e+01   05.92096000e+01   03.91292000e+01  -06.37550000e-03
  07.23964000e+01   05.52869000e+01   03.60377000e+01   01.79582000e-02
  07.21674000e+01   05.53466000e+01   03.77839000e+01   01.23366000e-02
  07.15945000e+01   05.68179000e+01   03.68041000e+01   01.80857000e-02
  07.50840000e+01   05.99100000e+01   04.46260000e+01  -03.55350000e-03
  07.33580000e+01   06.02787000e+01   04.42534000e+01  -05.48890000e-03
  07.38176000e+01   05.86275000e+01   04.48334000e+01  -05.73590000e-03
  08.07396000e+01   06.30076000e+01   03.99966000e+01  -01.16015000e-02
  08.07551000e+01   06.31677000e+01   04.16883000e+01  -01.03548000e-02
  08.14629000e+01   06.16458000e+01   04.08146000e+01  -01.10806000e-02
  08.20161000e+01   05.83056000e+01   03.61316000e+01  -06.50300000e-03
  08.20519000e+01   05.90610000e+01   03.77829000e+01  -03.84930000e-03
  08.11505000e+01   05.75897000e+01   03.75457000e+01  -06.75510000e-03
  07.75523000e+01   05.24226000e+01   03.45997000e+01   06.96000000e-05
  07.81854000e+01   05.34478000e+01   03.32905000e+01  -02.56130000e-03
  07.91036000e+01   05.32681000e+01   03.46937000e+01  -08.86000000e-04
  07.20750000e+01   05.57082000e+01   04.13902000e+01   02.66600000e-04
  07.23126000e+01   05.55766000e+01   04.31379000e+01   02.07780000e-03
  07.07360000e+01   05.58306000e+01   04.24653000e+01   03.44650000e-03
  07.91462000e+01   06.16023000e+01   04.53394000e+01   02.98050000e-03
  07.86197000e+01   06.02040000e+01   04.43678000e+01  -05.01900000e-04
  08.01666000e+01   05.98290000e+01   03.24931000e+01  -05.40000000e-06
  08.12945000e+01   05.96250000e+01   03.38217000e+01  -02.73660000e-03
  07.16001000e+01   05.80042000e+01   04.33464000e+01   06.65000000e-04
  07.12065000e+01   05.81027000e+01   04.16847000e+01  -04.07950000e-03
  07.84389000e+01   05.85170000e+01   03.35747000e+01   01.58140000e-02
  07.86170000e+01   06.00655000e+01   03.44283000e+01   09.11190000e-03
  08.56746000e+01   05.55397000e+01   04.91653000e+01   00.00000000e+00
  08.40536000e+01   05.64827000e+01   04.92372000e+01   00.00000000e+00
  08.40944000e+01   05.48384000e+01   04.92797000e+01   00.00000000e+00
  08.46094000e+01   05.41903000e+01   04.56158000e+01   00.00000000e+00
  08.59974000e+01   05.46249000e+01   04.66645000e+01   00.00000000e+00
  08.47705000e+01   05.35354000e+01   04.73542000e+01   00.00000000e+00
  08.59672000e+01   05.69036000e+01   04.66526000e+01   00.00000000e+00
  08.46794000e+01   05.77512000e+01   04.74934000e+01   00.00000000e+00
  08.34351000e+01   05.75658000e+01   04.52890000e+01   00.00000000e+00
  08.47499000e+01   05.66379000e+01   04.46362000e+01   00.00000000e+00
  08.62025000e+01   05.85471000e+01   04.45234000e+01   00.00000000e+00
  08.49997000e+01   05.94368000e+01   04.53933000e+01   00.00000000e+00
  08.61923000e+01   06.04626000e+01   04.27665000e+01   00.00000000e+00
  08.46115000e+01   06.08736000e+01   04.19810000e+01   00.00000000e+00
  08.49201000e+01   06.11201000e+01   04.37223000e+01   00.00000000e+00
  08.45807000e+01   05.70954000e+01   04.21891000e+01   00.00000000e+00
  08.62720000e+01   05.78547000e+01   04.22369000e+01   00.00000000e+00
  08.54556000e+01   05.92686000e+01   04.02624000e+01   00.00000000e+00
  08.39812000e+01   05.86765000e+01   04.04101000e+01   00.00000000e+00
  08.43552000e+01   05.67923000e+01   03.93594000e+01   00.00000000e+00
  08.60235000e+01   05.66805000e+01   03.99943000e+01   00.00000000e+00
  07.25484000e+01   05.69057000e+01   03.97063000e+01   07.20400000e-04
  07.65085000e+01   06.06094000e+01   04.34043000e+01  -02.39543000e-02
  08.06207000e+01   06.09598000e+01   03.85322000e+01   04.89340000e-03
  07.64205000e+01   05.74598000e+01   03.39148000e+01  -02.28199000e-02
  07.88636000e+01   06.31510000e+01   04.34431000e+01  -01.51750000e-03
  08.74136000e+01   05.87478000e+01   03.71359000e+01   00.00000000e+00
  08.68372000e+01   05.96765000e+01   03.84096000e+01   00.00000000e+00
  08.77837000e+01   05.81772000e+01   03.86276000e+01   00.00000000e+00
  08.48371000e+01   05.84317000e+01   03.77598000e+01   00.00000000e+00
  08.48980000e+01   05.58419000e+01   03.71841000e+01   00.00000000e+00
  08.66219000e+01   05.59492000e+01   03.72055000e+01   00.00000000e+00
  08.67744000e+01   05.74887000e+01   03.53465000e+01   00.00000000e+00
  08.49733000e+01   05.74179000e+01   03.52675000e+01   00.00000000e+00
  08.64092000e+01   05.49453000e+01   03.50893000e+01   00.00000000e+00
  08.61385000e+01   05.58927000e+01   03.36343000e+01   00.00000000e+00
  08.52287000e+01   05.28137000e+01   03.41292000e+01   00.00000000e+00
  08.49008000e+01   05.32658000e+01   03.58268000e+01   00.00000000e+00
  08.35686000e+01   05.28381000e+01   03.47796000e+01   00.00000000e+00
  08.05429000e+01   06.02572000e+01   03.61767000e+01   05.57290000e-03
  07.96340000e+01   05.74365000e+01   03.55210000e+01  -01.28866000e-02
  08.29991000e+01   05.59421000e+01   03.55520000e+01   00.00000000e+00
  08.32861000e+01   05.57622000e+01   04.71495000e+01   00.00000000e+00
  08.35590000e+01   05.89685000e+01   04.32150000e+01   00.00000000e+00
  08.12684000e+01   05.54466000e+01   03.35328000e+01  -01.99830000e-03
  08.28083000e+01   05.58201000e+01   03.26693000e+01  -01.85290000e-03
