  07.95598000e+01   05.80211000e+01   03.42414000e+01  -06.11779000e-02
  08.00703000e+01   06.24402000e+01   04.29431000e+01   01.75852000e-02
  07.31205000e+01   05.82785000e+01   04.30157000e+01   01.01800000e-02
  07.56879000e+01   05.53272000e+01   03.58422000e+01  -01.32723000e-02
  07.88169000e+01   05.86892000e+01   03.76086000e+01  -04.57645000e-02
  08.06078000e+01   05.78546000e+01   03.32263000e+01   02.46758000e-02
  08.03322000e+01   06.18069000e+01   04.41179000e+01  -01.71993000e-02
  07.31815000e+01   05.67105000e+01   04.31554000e+01  -09.39340000e-03
  07.71697000e+01   05.58459000e+01   03.54947000e+01   07.66074000e-02
  07.86967000e+01   06.03556000e+01   04.01627000e+01   09.44338000e-02
  07.50886000e+01   05.45069000e+01   03.51839000e+01   01.54319000e-02
  08.10229000e+01   05.63504000e+01   03.29196000e+01  -01.56515000e-02
  07.81183000e+01   05.47509000e+01   03.54960000e+01  -02.00050000e-02
  07.61412000e+01   05.77402000e+01   03.84018000e+01  -08.09918000e-02
  07.94167000e+01   05.34085000e+01   03.70164000e+01   04.03650000e-03
  07.75319000e+01   05.69776000e+01   03.64731000e+01  -01.43447000e-01
  08.05333000e+01   06.01099000e+01   03.85896000e+01   01.23287000e-02
  07.74945000e+01   06.06938000e+01   04.22957000e+01   02.21683000e-01
  07.42366000e+01   05.78021000e+01   04.00337000e+01  -05.42921000e-02
  08.23571000e+01   05.80494000e+01   03.68261000e+01   02.66866000e-02
  08.20084000e+01   06.22053000e+01   04.04352000e+01   04.35609000e-02
  07.52634000e+01   06.03853000e+01   04.44059000e+01   02.36507000e-02
  07.30207000e+01   05.56993000e+01   03.80996000e+01  -06.09964000e-02
  08.20121000e+01   05.44120000e+01   03.38764000e+01   08.71130000e-03
  07.87010000e+01   05.77634000e+01   03.66064000e+01   01.26858000e-01
  08.00030000e+01   06.06719000e+01   03.97308000e+01  -03.45042000e-02
  07.63716000e+01   05.98299000e+01   04.21158000e+01  -02.04376000e-01
  07.48672000e+01   05.72909000e+01   03.88798000e+01   07.60142000e-02
  08.06143000e+01   05.56413000e+01   03.20037000e+01   05.08730000e-03
  07.89611000e+01   05.44817000e+01   03.46255000e+01   06.92200000e-04
  08.27027000e+01   05.38982000e+01   03.52384000e+01   00.00000000e+00
  07.99586000e+01   05.76920000e+01   03.57659000e+01   07.64245000e-02
  08.06717000e+01   06.15092000e+01   04.06583000e+01  -04.66821000e-02
  07.53113000e+01   05.96775000e+01   04.30375000e+01   01.65461000e-02
  07.43323000e+01   05.63177000e+01   03.79367000e+01   05.49912000e-02
  08.17737000e+01   05.58357000e+01   03.39716000e+01   03.30200000e-04
  07.81589000e+01   05.40758000e+01   03.67172000e+01   04.02810000e-03
  08.35704000e+01   05.29263000e+01   03.54917000e+01   00.00000000e+00
  08.09136000e+01   05.86785000e+01   03.64784000e+01  -04.69336000e-02
  07.98100000e+01   06.16491000e+01   04.17651000e+01  -07.68710000e-03
  07.43675000e+01   05.88367000e+01   04.23683000e+01  -03.37389000e-02
  07.53813000e+01   05.61025000e+01   03.70006000e+01   03.64969000e-02
  08.32135000e+01   05.13907000e+01   03.57240000e+01   00.00000000e+00
  08.00993000e+01   05.91773000e+01   03.76641000e+01  -09.58259000e-02
  07.85918000e+01   06.08951000e+01   04.14070000e+01  -01.77941000e-01
  07.49091000e+01   05.84924000e+01   04.10760000e+01   06.74294000e-02
  07.64034000e+01   05.70512000e+01   03.73157000e+01   01.44326000e-01
  08.50964000e+01   05.31742000e+01   03.54864000e+01   00.00000000e+00
  08.55912000e+01   05.45440000e+01   03.59722000e+01   00.00000000e+00
  08.71074000e+01   05.43804000e+01   03.61397000e+01   00.00000000e+00
  08.79545000e+01   05.52940000e+01   03.71031000e+01   00.00000000e+00
  08.94460000e+01   05.49406000e+01   03.69416000e+01   00.00000000e+00
  08.75180000e+01   05.52217000e+01   03.86301000e+01   00.00000000e+00
  08.83152000e+01   05.61583000e+01   03.95683000e+01   00.00000000e+00
  08.74999000e+01   05.63834000e+01   04.08291000e+01   00.00000000e+00
  08.80800000e+01   05.75164000e+01   04.17492000e+01   00.00000000e+00
  08.93776000e+01   05.72040000e+01   04.26178000e+01   00.00000000e+00
  08.68737000e+01   05.80675000e+01   04.25467000e+01   00.00000000e+00
  08.71046000e+01   05.93628000e+01   04.33705000e+01   00.00000000e+00
  08.58264000e+01   05.99282000e+01   04.39855000e+01   00.00000000e+00
  08.49591000e+01   05.89611000e+01   04.48581000e+01   00.00000000e+00
  08.58130000e+01   05.83050000e+01   04.59263000e+01   00.00000000e+00
  08.37707000e+01   05.96579000e+01   04.54761000e+01   00.00000000e+00
  07.61122000e+01   05.91506000e+01   04.09081000e+01   03.65717000e-02
  07.73668000e+01   05.90831000e+01   03.91704000e+01  -06.37550000e-03
  07.21723000e+01   05.63994000e+01   03.79333000e+01   01.79582000e-02
  07.28283000e+01   05.50516000e+01   03.72487000e+01   01.23366000e-02
  07.29927000e+01   05.51912000e+01   03.89510000e+01   01.80857000e-02
  07.44009000e+01   06.01607000e+01   04.50031000e+01  -03.55350000e-03
  07.61481000e+01   06.01517000e+01   04.49360000e+01  -05.48890000e-03
  07.51570000e+01   06.15059000e+01   04.41799000e+01  -05.73590000e-03
  08.27125000e+01   06.13582000e+01   04.02797000e+01  -01.16015000e-02
  08.20263000e+01   06.27742000e+01   03.94787000e+01  -01.03548000e-02
  08.23780000e+01   06.27892000e+01   04.12726000e+01  -01.10806000e-02
  08.27665000e+01   05.74815000e+01   03.59935000e+01  -06.50300000e-03
  08.30590000e+01   05.88394000e+01   03.71144000e+01  -03.84930000e-03
  08.23124000e+01   05.72854000e+01   03.76436000e+01  -06.75510000e-03
  08.02815000e+01   05.40954000e+01   03.68889000e+01   06.96000000e-05
  07.94220000e+01   05.30920000e+01   03.80577000e+01  -02.56130000e-03
  07.95511000e+01   05.25375000e+01   03.64866000e+01  -08.86000000e-04
  07.24317000e+01   05.64827000e+01   04.39013000e+01   02.66600000e-04
  07.31771000e+01   05.62501000e+01   04.22071000e+01   02.07780000e-03
  07.40959000e+01   05.65868000e+01   04.37261000e+01   03.44650000e-03
  08.04783000e+01   06.22329000e+01   04.50832000e+01   02.98050000e-03
  08.03050000e+01   06.06727000e+01   04.42436000e+01  -05.01900000e-04
  08.01536000e+01   05.81173000e+01   03.22693000e+01  -05.40000000e-06
  08.15191000e+01   05.83704000e+01   03.34080000e+01  -02.73660000e-03
  07.30632000e+01   05.87227000e+01   04.40487000e+01   06.65000000e-04
  07.23366000e+01   05.85820000e+01   04.24101000e+01  -04.07950000e-03
  07.87813000e+01   05.73374000e+01   03.39726000e+01   01.58140000e-02
  07.92627000e+01   05.91131000e+01   03.42834000e+01   09.11190000e-03
  08.31023000e+01   06.00732000e+01   04.46970000e+01   00.00000000e+00
  08.33251000e+01   05.89343000e+01   04.61479000e+01   00.00000000e+00
  08.41383000e+01   06.05470000e+01   04.60570000e+01   00.00000000e+00
  08.68008000e+01   05.79706000e+01   04.56127000e+01   00.00000000e+00
  08.59878000e+01   05.89056000e+01   04.68111000e+01   00.00000000e+00
  08.52683000e+01   05.74475000e+01   04.63093000e+01   00.00000000e+00
  08.61496000e+01   06.06263000e+01   04.47362000e+01   00.00000000e+00
  08.51534000e+01   06.03229000e+01   04.32048000e+01   00.00000000e+00
  08.78863000e+01   05.91477000e+01   04.41085000e+01   00.00000000e+00
  08.73990000e+01   06.00821000e+01   04.26411000e+01   00.00000000e+00
  08.60444000e+01   05.83411000e+01   04.18185000e+01   00.00000000e+00
  08.64690000e+01   05.73050000e+01   04.32042000e+01   00.00000000e+00
  08.91547000e+01   05.67210000e+01   04.35146000e+01   00.00000000e+00
  09.00636000e+01   05.65633000e+01   04.21433000e+01   00.00000000e+00
  08.98299000e+01   05.81474000e+01   04.28328000e+01   00.00000000e+00
  08.64937000e+01   05.66849000e+01   04.04964000e+01   00.00000000e+00
  08.75751000e+01   05.54681000e+01   04.13741000e+01   00.00000000e+00
  08.92093000e+01   05.56081000e+01   03.96269000e+01   00.00000000e+00
  08.86905000e+01   05.71732000e+01   03.91612000e+01   00.00000000e+00
  08.64505000e+01   05.54529000e+01   03.85836000e+01   00.00000000e+00
  08.76541000e+01   05.41702000e+01   03.88962000e+01   00.00000000e+00
  07.31955000e+01   05.74329000e+01   04.01507000e+01   07.20400000e-04
  07.75701000e+01   06.12312000e+01   04.32607000e+01  -02.39543000e-02
  08.15616000e+01   06.03759000e+01   03.86513000e+01   04.89340000e-03
  07.72452000e+01   05.60484000e+01   03.44343000e+01  -02.28199000e-02
  08.01698000e+01   06.34505000e+01   04.28781000e+01  -01.51750000e-03
  08.97782000e+01   05.49855000e+01   03.58910000e+01   00.00000000e+00
  09.00544000e+01   05.56837000e+01   03.74571000e+01   00.00000000e+00
  08.97200000e+01   05.39603000e+01   03.72891000e+01   00.00000000e+00
  08.77734000e+01   05.63469000e+01   03.68919000e+01   00.00000000e+00
  08.72220000e+01   05.33977000e+01   03.65122000e+01   00.00000000e+00
  08.75200000e+01   05.44837000e+01   03.50916000e+01   00.00000000e+00
  08.52870000e+01   05.53021000e+01   03.52851000e+01   00.00000000e+00
  08.51646000e+01   05.48063000e+01   03.69697000e+01   00.00000000e+00
  08.55132000e+01   05.24151000e+01   03.60878000e+01   00.00000000e+00
  08.53227000e+01   05.30043000e+01   03.44759000e+01   00.00000000e+00
  08.35079000e+01   05.11534000e+01   03.67558000e+01   00.00000000e+00
  08.21926000e+01   05.11936000e+01   03.55065000e+01   00.00000000e+00
  08.36788000e+01   05.06599000e+01   03.50788000e+01   00.00000000e+00
  08.10373000e+01   05.94219000e+01   03.57057000e+01   05.57290000e-03
  08.03941000e+01   05.66881000e+01   03.57066000e+01  -01.28866000e-02
  08.26172000e+01   05.46426000e+01   03.61303000e+01   00.00000000e+00
  08.45731000e+01   05.80853000e+01   04.41928000e+01   00.00000000e+00
  08.83420000e+01   05.82437000e+01   04.09633000e+01   00.00000000e+00
  08.11274000e+01   05.38857000e+01   03.36710000e+01  -01.99830000e-03
  08.26631000e+01   05.41624000e+01   03.30283000e+01  -01.85290000e-03
