  07.84629000e+01   05.93943000e+01   03.32697000e+01  -06.11779000e-02
  07.83147000e+01   06.17348000e+01   04.27924000e+01   01.75852000e-02
  07.13386000e+01   05.80578000e+01   04.15106000e+01   01.01800000e-02
  07.42322000e+01   05.65547000e+01   03.41701000e+01  -01.32723000e-02
  07.73995000e+01   05.93630000e+01   03.67283000e+01  -04.57645000e-02
  07.97998000e+01   05.92457000e+01   03.24095000e+01   02.46758000e-02
  07.95758000e+01   06.17719000e+01   04.33232000e+01  -01.71993000e-02
  07.15014000e+01   05.65619000e+01   04.18866000e+01  -09.39340000e-03
  07.57170000e+01   05.71789000e+01   03.39524000e+01   07.66074000e-02
  07.70397000e+01   06.06096000e+01   03.95032000e+01   09.44338000e-02
  07.36988000e+01   05.57351000e+01   03.34166000e+01   01.54319000e-02
  08.02194000e+01   05.78386000e+01   03.20039000e+01  -01.56515000e-02
  07.65922000e+01   05.59604000e+01   03.37366000e+01  -02.00050000e-02
  07.45256000e+01   05.84393000e+01   03.71909000e+01  -08.09918000e-02
  07.69965000e+01   05.36514000e+01   03.42752000e+01   04.03650000e-03
  07.60922000e+01   05.80130000e+01   03.52030000e+01  -01.43447000e-01
  07.91420000e+01   06.04456000e+01   03.80463000e+01   01.23287000e-02
  07.57412000e+01   06.06209000e+01   04.15426000e+01   02.21683000e-01
  07.27522000e+01   05.79646000e+01   03.87415000e+01  -05.42921000e-02
  08.08662000e+01   05.86641000e+01   03.61067000e+01   02.66866000e-02
  08.03467000e+01   06.20366000e+01   04.03518000e+01   04.35609000e-02
  07.34406000e+01   05.98264000e+01   04.34667000e+01   02.36507000e-02
  07.14213000e+01   05.65138000e+01   03.61932000e+01  -06.09964000e-02
  08.09677000e+01   05.57418000e+01   03.30091000e+01   08.71130000e-03
  07.72930000e+01   05.86889000e+01   03.55315000e+01   01.26858000e-01
  07.84057000e+01   06.08441000e+01   03.92333000e+01  -03.45042000e-02
  07.45692000e+01   05.99404000e+01   04.11347000e+01  -02.04376000e-01
  07.33824000e+01   05.77765000e+01   03.74855000e+01   07.60142000e-02
  08.00552000e+01   05.73126000e+01   03.09010000e+01   05.08730000e-03
  07.73064000e+01   05.58868000e+01   03.27713000e+01   06.92200000e-04
  08.15702000e+01   05.53342000e+01   03.43091000e+01   00.00000000e+00
  07.85504000e+01   05.87765000e+01   03.46945000e+01   07.64245000e-02
  07.89775000e+01   06.15523000e+01   04.03352000e+01  -04.66821000e-02
  07.34923000e+01   05.95340000e+01   04.20247000e+01   01.65461000e-02
  07.28271000e+01   05.71639000e+01   03.63132000e+01   05.49912000e-02
  08.07764000e+01   05.72182000e+01   03.30941000e+01   03.30200000e-04
  07.63782000e+01   05.49216000e+01   03.46596000e+01   04.02810000e-03
  08.23141000e+01   05.42376000e+01   03.45569000e+01   00.00000000e+00
  07.95620000e+01   05.94352000e+01   03.57136000e+01  -04.69336000e-02
  07.80432000e+01   06.14532000e+01   04.13789000e+01  -07.68710000e-03
  07.26574000e+01   05.87480000e+01   04.11868000e+01  -03.37389000e-02
  07.38724000e+01   05.71783000e+01   03.53858000e+01   03.64969000e-02
  08.16643000e+01   05.29405000e+01   03.50201000e+01   00.00000000e+00
  07.86518000e+01   05.98053000e+01   03.69017000e+01  -09.58259000e-02
  07.68587000e+01   06.08682000e+01   04.08637000e+01  -01.77941000e-01
  07.32800000e+01   05.87093000e+01   03.98660000e+01   06.74294000e-02
  07.49001000e+01   05.79568000e+01   03.59536000e+01   01.44326000e-01
  08.37203000e+01   05.42795000e+01   03.40856000e+01   00.00000000e+00
  08.44744000e+01   05.55766000e+01   03.43305000e+01   00.00000000e+00
  08.46384000e+01   05.57580000e+01   03.58734000e+01   00.00000000e+00
  08.48794000e+01   05.71522000e+01   03.64432000e+01   00.00000000e+00
  08.62321000e+01   05.76207000e+01   03.58178000e+01   00.00000000e+00
  08.48630000e+01   05.72292000e+01   03.80566000e+01   00.00000000e+00
  08.34292000e+01   05.70629000e+01   03.86503000e+01   00.00000000e+00
  08.35759000e+01   05.70790000e+01   04.01464000e+01   00.00000000e+00
  08.23209000e+01   05.67692000e+01   04.09280000e+01   00.00000000e+00
  08.10612000e+01   05.76402000e+01   04.06909000e+01   00.00000000e+00
  08.25309000e+01   05.66199000e+01   04.24693000e+01   00.00000000e+00
  08.27443000e+01   05.78438000e+01   04.33157000e+01   00.00000000e+00
  08.32250000e+01   05.74774000e+01   04.47336000e+01   00.00000000e+00
  08.40335000e+01   05.86261000e+01   04.54688000e+01   00.00000000e+00
  08.29678000e+01   05.96494000e+01   04.60322000e+01   00.00000000e+00
  08.49127000e+01   05.80784000e+01   04.66372000e+01   00.00000000e+00
  07.44285000e+01   05.93866000e+01   03.98878000e+01   03.65717000e-02
  07.58620000e+01   05.95542000e+01   03.82729000e+01  -06.37550000e-03
  07.14276000e+01   05.57204000e+01   03.54640000e+01   01.79582000e-02
  07.11244000e+01   05.60943000e+01   03.71393000e+01   01.23366000e-02
  07.07389000e+01   05.72472000e+01   03.57794000e+01   01.80857000e-02
  07.43367000e+01   05.94948000e+01   04.39662000e+01  -03.55350000e-03
  07.32893000e+01   06.08456000e+01   04.35682000e+01  -05.48890000e-03
  07.25224000e+01   05.93386000e+01   04.37722000e+01  -05.73590000e-03
  08.08715000e+01   06.12262000e+01   04.08879000e+01  -01.16015000e-02
  08.06998000e+01   06.21949000e+01   03.93536000e+01  -01.03548000e-02
  08.03393000e+01   06.30024000e+01   04.08554000e+01  -01.10806000e-02
  08.06099000e+01   05.77281000e+01   03.66603000e+01  -06.50300000e-03
  08.14847000e+01   05.84975000e+01   03.52738000e+01  -03.84930000e-03
  08.13090000e+01   05.93385000e+01   03.68077000e+01  -06.75510000e-03
  07.80632000e+01   05.38762000e+01   03.43252000e+01   06.96000000e-05
  07.67807000e+01   05.29785000e+01   03.50347000e+01  -02.56130000e-03
  07.66987000e+01   05.32100000e+01   03.33334000e+01  -08.86000000e-04
  07.18000000e+01   05.61023000e+01   04.10296000e+01   02.66600000e-04
  07.22217000e+01   05.63836000e+01   04.27046000e+01   02.07780000e-03
  07.05453000e+01   05.61106000e+01   04.21527000e+01   03.44650000e-03
  07.97475000e+01   06.20703000e+01   04.43267000e+01   02.98050000e-03
  08.04752000e+01   06.16195000e+01   04.27185000e+01  -05.01900000e-04
  07.98145000e+01   05.98934000e+01   03.14767000e+01  -05.40000000e-06
  08.06175000e+01   05.97615000e+01   03.28983000e+01  -02.73660000e-03
  07.08148000e+01   05.85827000e+01   04.23339000e+01   06.65000000e-04
  07.06236000e+01   05.81488000e+01   04.06791000e+01  -04.07950000e-03
  07.77376000e+01   05.87856000e+01   03.27054000e+01   01.58140000e-02
  07.79628000e+01   06.04003000e+01   03.33016000e+01   09.11190000e-03
  08.51809000e+01   05.89036000e+01   04.72968000e+01   00.00000000e+00
  08.43998000e+01   05.72336000e+01   04.71805000e+01   00.00000000e+00
  08.57438000e+01   05.76590000e+01   04.61648000e+01   00.00000000e+00
  08.23123000e+01   05.92251000e+01   04.68243000e+01   00.00000000e+00
  08.35235000e+01   06.04043000e+01   04.64884000e+01   00.00000000e+00
  08.23144000e+01   06.01358000e+01   04.52675000e+01   00.00000000e+00
  08.24109000e+01   05.72667000e+01   04.53748000e+01   00.00000000e+00
  08.39200000e+01   05.66249000e+01   04.45728000e+01   00.00000000e+00
  08.35872000e+01   05.84411000e+01   04.28742000e+01   00.00000000e+00
  08.18712000e+01   05.83933000e+01   04.34289000e+01   00.00000000e+00
  08.19070000e+01   05.58465000e+01   04.29373000e+01   00.00000000e+00
  08.34836000e+01   05.60347000e+01   04.24822000e+01   00.00000000e+00
  08.07903000e+01   05.78495000e+01   03.96360000e+01   00.00000000e+00
  08.01928000e+01   05.71071000e+01   04.10648000e+01   00.00000000e+00
  08.11903000e+01   05.85517000e+01   04.11833000e+01   00.00000000e+00
  08.43398000e+01   05.64156000e+01   04.04128000e+01   00.00000000e+00
  08.39364000e+01   05.81092000e+01   04.03180000e+01   00.00000000e+00
  08.26985000e+01   05.77800000e+01   03.82038000e+01   00.00000000e+00
  08.30207000e+01   05.61896000e+01   03.83202000e+01   00.00000000e+00
  08.54517000e+01   05.63744000e+01   03.84738000e+01   00.00000000e+00
  08.53546000e+01   05.81002000e+01   03.84663000e+01   00.00000000e+00
  07.17839000e+01   05.74846000e+01   03.88473000e+01   07.20400000e-04
  07.58509000e+01   06.09778000e+01   04.25809000e+01  -02.39543000e-02
  08.01547000e+01   06.08067000e+01   03.80034000e+01   04.89340000e-03
  07.57438000e+01   05.78490000e+01   03.31170000e+01  -02.28199000e-02
  07.74957000e+01   06.18909000e+01   04.34771000e+01  -01.51750000e-03
  08.70888000e+01   05.68870000e+01   03.59689000e+01   00.00000000e+00
  08.61814000e+01   05.77389000e+01   03.47665000e+01   00.00000000e+00
  08.66013000e+01   05.85456000e+01   03.61957000e+01   00.00000000e+00
  08.40522000e+01   05.77586000e+01   03.60587000e+01   00.00000000e+00
  08.36800000e+01   05.53350000e+01   03.63491000e+01   00.00000000e+00
  08.54552000e+01   05.50904000e+01   03.61308000e+01   00.00000000e+00
  08.55601000e+01   05.55027000e+01   03.40244000e+01   00.00000000e+00
  08.40803000e+01   05.65389000e+01   03.38700000e+01   00.00000000e+00
  08.42559000e+01   05.34854000e+01   03.45504000e+01   00.00000000e+00
  08.37479000e+01   05.40732000e+01   03.30045000e+01   00.00000000e+00
  08.21075000e+01   05.20486000e+01   03.45897000e+01   00.00000000e+00
  08.18137000e+01   05.28978000e+01   03.60481000e+01   00.00000000e+00
  08.06269000e+01   05.28335000e+01   03.48235000e+01   00.00000000e+00
  07.99538000e+01   06.03202000e+01   03.51312000e+01   05.57290000e-03
  07.88259000e+01   05.77106000e+01   03.46526000e+01  -01.28866000e-02
  08.14831000e+01   05.60562000e+01   03.51120000e+01   00.00000000e+00
  08.46757000e+01   05.90903000e+01   04.47322000e+01   00.00000000e+00
  08.19514000e+01   05.58057000e+01   04.05917000e+01   00.00000000e+00
  08.00012000e+01   05.52391000e+01   03.27120000e+01  -01.99830000e-03
  08.17091000e+01   05.56078000e+01   03.22330000e+01  -01.85290000e-03
