  08.00448000e+01   05.91634000e+01   03.38301000e+01  -06.11779000e-02
  07.92582000e+01   06.19660000e+01   04.30528000e+01   01.75852000e-02
  07.25036000e+01   05.76562000e+01   04.14763000e+01   01.01800000e-02
  07.62946000e+01   05.57744000e+01   03.46727000e+01  -01.32723000e-02
  07.88336000e+01   05.89951000e+01   03.71496000e+01  -04.57645000e-02
  08.13384000e+01   05.90757000e+01   03.29539000e+01   02.46758000e-02
  07.99106000e+01   06.31437000e+01   04.34186000e+01  -01.71993000e-02
  07.24663000e+01   05.61494000e+01   04.14248000e+01  -09.39340000e-03
  07.76701000e+01   05.63986000e+01   03.44081000e+01   07.66074000e-02
  07.84073000e+01   06.02745000e+01   03.98188000e+01   09.44338000e-02
  07.57863000e+01   05.49441000e+01   03.38995000e+01   01.54319000e-02
  08.17655000e+01   05.76538000e+01   03.26429000e+01  -01.56515000e-02
  07.86798000e+01   05.53478000e+01   03.41070000e+01  -02.00050000e-02
  07.61922000e+01   05.77798000e+01   03.75078000e+01  -08.09918000e-02
  07.95765000e+01   05.32014000e+01   03.47078000e+01   04.03650000e-03
  07.78877000e+01   05.71975000e+01   03.56879000e+01  -01.43447000e-01
  08.03584000e+01   06.04888000e+01   03.83706000e+01   01.23287000e-02
  07.69806000e+01   06.01511000e+01   04.17518000e+01   02.21683000e-01
  07.41303000e+01   05.75611000e+01   03.87196000e+01  -05.42921000e-02
  08.23453000e+01   05.87321000e+01   03.68430000e+01   02.66866000e-02
  08.14668000e+01   06.22753000e+01   04.06083000e+01   04.35609000e-02
  07.44330000e+01   05.91354000e+01   04.35859000e+01   02.36507000e-02
  07.31878000e+01   05.56036000e+01   03.64943000e+01  -06.09964000e-02
  08.30267000e+01   05.57492000e+01   03.34435000e+01   08.71130000e-03
  07.89445000e+01   05.80874000e+01   03.60460000e+01   01.26858000e-01
  07.96386000e+01   06.07946000e+01   03.95349000e+01  -03.45042000e-02
  07.58895000e+01   05.93806000e+01   04.12977000e+01  -02.04376000e-01
  07.48744000e+01   05.72746000e+01   03.76173000e+01   07.60142000e-02
  08.15042000e+01   05.69722000e+01   03.16519000e+01   05.08730000e-03
  07.95464000e+01   05.54432000e+01   03.32444000e+01   06.92200000e-04
  08.35277000e+01   05.52883000e+01   03.47897000e+01   00.00000000e+00
  08.02425000e+01   05.84607000e+01   03.52387000e+01   07.64245000e-02
  08.01478000e+01   06.15679000e+01   04.06344000e+01  -04.66821000e-02
  07.46795000e+01   05.89235000e+01   04.20892000e+01   01.65461000e-02
  07.45665000e+01   05.63148000e+01   03.66173000e+01   05.49912000e-02
  08.24980000e+01   05.71226000e+01   03.36518000e+01   03.30200000e-04
  07.85679000e+01   05.42496000e+01   03.48811000e+01   04.02810000e-03
  08.43074000e+01   05.42169000e+01   03.51193000e+01   00.00000000e+00
  08.10111000e+01   05.93415000e+01   03.62585000e+01  -04.69336000e-02
  07.92276000e+01   06.14489000e+01   04.16362000e+01  -07.68710000e-03
  07.38279000e+01   05.82877000e+01   04.12066000e+01  -03.37389000e-02
  07.57330000e+01   05.63954000e+01   03.58561000e+01   03.64969000e-02
  08.38565000e+01   05.29172000e+01   03.53830000e+01   00.00000000e+00
  07.99939000e+01   05.96437000e+01   03.73363000e+01  -09.58259000e-02
  07.81320000e+01   06.05553000e+01   04.11122000e+01  -01.77941000e-01
  07.45488000e+01   05.82035000e+01   03.99091000e+01   06.74294000e-02
  07.66538000e+01   05.72104000e+01   03.63506000e+01   01.44326000e-01
  08.57995000e+01   05.44584000e+01   03.49276000e+01   00.00000000e+00
  08.63757000e+01   05.57681000e+01   03.54671000e+01   00.00000000e+00
  08.64345000e+01   05.58003000e+01   03.70336000e+01   00.00000000e+00
  08.68810000e+01   05.71675000e+01   03.77622000e+01   00.00000000e+00
  08.82791000e+01   05.77340000e+01   03.72468000e+01   00.00000000e+00
  08.69622000e+01   05.69611000e+01   03.92982000e+01   00.00000000e+00
  08.70954000e+01   05.82936000e+01   04.01525000e+01   00.00000000e+00
  08.70852000e+01   05.79364000e+01   04.16263000e+01   00.00000000e+00
  08.70390000e+01   05.91687000e+01   04.25935000e+01   00.00000000e+00
  08.81826000e+01   06.01414000e+01   04.24157000e+01   00.00000000e+00
  08.70339000e+01   05.86828000e+01   04.40817000e+01   00.00000000e+00
  08.56861000e+01   05.82947000e+01   04.46766000e+01   00.00000000e+00
  08.47775000e+01   05.95101000e+01   04.50211000e+01   00.00000000e+00
  08.33150000e+01   05.92292000e+01   04.54939000e+01   00.00000000e+00
  08.31712000e+01   05.81711000e+01   04.65996000e+01   00.00000000e+00
  08.26185000e+01   06.05228000e+01   04.58359000e+01   00.00000000e+00
  07.57792000e+01   05.88406000e+01   04.00478000e+01   03.65717000e-02
  07.71853000e+01   05.90754000e+01   03.85945000e+01  -06.37550000e-03
  07.30210000e+01   05.49539000e+01   03.73794000e+01   01.79582000e-02
  07.22693000e+01   05.62791000e+01   03.64198000e+01   01.23366000e-02
  07.32448000e+01   05.50494000e+01   03.55866000e+01   01.80857000e-02
  07.35745000e+01   05.98271000e+01   04.35921000e+01  -03.55350000e-03
  07.41714000e+01   05.81593000e+01   04.40768000e+01  -05.48890000e-03
  07.52450000e+01   05.96962000e+01   04.40175000e+01  -05.73590000e-03
  08.17196000e+01   06.29204000e+01   04.14394000e+01  -01.16015000e-02
  08.21743000e+01   06.14887000e+01   04.04147000e+01  -01.03548000e-02
  08.15934000e+01   06.28826000e+01   03.97306000e+01  -01.10806000e-02
  08.20505000e+01   05.78859000e+01   03.74813000e+01  -06.50300000e-03
  08.29922000e+01   05.85038000e+01   03.60935000e+01  -03.84930000e-03
  08.28121000e+01   05.94844000e+01   03.74893000e+01  -06.75510000e-03
  08.05206000e+01   05.33780000e+01   03.52300000e+01   06.96000000e-05
  07.90806000e+01   05.23198000e+01   03.51384000e+01  -02.56130000e-03
  07.98394000e+01   05.30695000e+01   03.36562000e+01  -08.86000000e-04
  07.28119000e+01   05.57362000e+01   04.04952000e+01   02.66600000e-04
  07.32048000e+01   05.58167000e+01   04.21866000e+01   02.07780000e-03
  07.14803000e+01   05.59034000e+01   04.16391000e+01   03.44650000e-03
  07.98980000e+01   06.34554000e+01   04.44605000e+01   02.98050000e-03
  08.03835000e+01   06.38478000e+01   04.26915000e+01  -05.01900000e-04
  08.10851000e+01   05.95447000e+01   03.19890000e+01  -05.40000000e-06
  08.22148000e+01   05.95777000e+01   03.32924000e+01  -02.73660000e-03
  07.22128000e+01   05.79186000e+01   04.24312000e+01   06.65000000e-04
  07.17071000e+01   05.79448000e+01   04.07487000e+01  -04.07950000e-03
  07.92638000e+01   05.85932000e+01   03.33763000e+01   01.58140000e-02
  07.97118000e+01   06.01705000e+01   03.38747000e+01   09.11190000e-03
  08.15083000e+01   06.04878000e+01   04.59266000e+01   00.00000000e+00
  08.29663000e+01   06.10716000e+01   04.67129000e+01   00.00000000e+00
  08.26415000e+01   06.11328000e+01   04.48490000e+01   00.00000000e+00
  08.37450000e+01   05.83847000e+01   04.74801000e+01   00.00000000e+00
  08.21283000e+01   05.81025000e+01   04.67868000e+01   00.00000000e+00
  08.36216000e+01   05.72563000e+01   04.60983000e+01   00.00000000e+00
  08.53058000e+01   06.01322000e+01   04.57570000e+01   00.00000000e+00
  08.46650000e+01   06.00685000e+01   04.40837000e+01   00.00000000e+00
  08.52089000e+01   05.77272000e+01   04.39069000e+01   00.00000000e+00
  08.59587000e+01   05.76208000e+01   04.55616000e+01   00.00000000e+00
  08.74718000e+01   05.76810000e+01   04.41093000e+01   00.00000000e+00
  08.75963000e+01   05.92166000e+01   04.48513000e+01   00.00000000e+00
  08.81460000e+01   06.10273000e+01   04.29785000e+01   00.00000000e+00
  08.91023000e+01   05.95907000e+01   04.25907000e+01   00.00000000e+00
  08.82023000e+01   06.04868000e+01   04.14358000e+01   00.00000000e+00
  08.61455000e+01   05.74512000e+01   04.17922000e+01   00.00000000e+00
  08.78779000e+01   05.72524000e+01   04.20090000e+01   00.00000000e+00
  08.81080000e+01   05.86674000e+01   03.99979000e+01   00.00000000e+00
  08.62988000e+01   05.90289000e+01   03.98087000e+01   00.00000000e+00
  08.60174000e+01   05.65432000e+01   03.96058000e+01   00.00000000e+00
  08.76166000e+01   05.61496000e+01   03.95974000e+01   00.00000000e+00
  07.30886000e+01   05.72843000e+01   03.87662000e+01   07.20400000e-04
  07.68202000e+01   06.06485000e+01   04.26799000e+01  -02.39543000e-02
  08.14018000e+01   06.08967000e+01   03.83415000e+01   04.89340000e-03
  07.75047000e+01   05.71422000e+01   03.36280000e+01  -02.28199000e-02
  07.86688000e+01   06.13989000e+01   04.38413000e+01  -01.51750000e-03
  08.83447000e+01   05.88017000e+01   03.75067000e+01   00.00000000e+00
  08.90687000e+01   05.71673000e+01   03.76971000e+01   00.00000000e+00
  08.83456000e+01   05.73940000e+01   03.62138000e+01   00.00000000e+00
  08.61756000e+01   05.80227000e+01   03.77055000e+01   00.00000000e+00
  08.53994000e+01   05.57033000e+01   03.73848000e+01   00.00000000e+00
  08.69942000e+01   05.49527000e+01   03.73493000e+01   00.00000000e+00
  08.73924000e+01   05.58490000e+01   03.50244000e+01   00.00000000e+00
  08.58697000e+01   05.66708000e+01   03.51812000e+01   00.00000000e+00
  08.62582000e+01   05.36477000e+01   03.54843000e+01   00.00000000e+00
  08.60977000e+01   05.45754000e+01   03.38907000e+01   00.00000000e+00
  08.44329000e+01   05.22575000e+01   03.47459000e+01   00.00000000e+00
  08.40720000e+01   05.27918000e+01   03.63401000e+01   00.00000000e+00
  08.28018000e+01   05.27414000e+01   03.52147000e+01   00.00000000e+00
  08.11720000e+01   06.02844000e+01   03.58931000e+01   05.57290000e-03
  08.07113000e+01   05.74752000e+01   03.51342000e+01  -01.28866000e-02
  08.33541000e+01   05.58531000e+01   03.57118000e+01   00.00000000e+00
  08.27702000e+01   05.87660000e+01   04.46575000e+01   00.00000000e+00
  08.61894000e+01   05.97799000e+01   04.23786000e+01   00.00000000e+00
  08.22430000e+01   05.50726000e+01   03.32062000e+01  -01.99830000e-03
  08.37507000e+01   05.57117000e+01   03.26969000e+01  -01.85290000e-03
