  07.76589000e+01   05.76984000e+01   03.51274000e+01  -06.11779000e-02
  07.75490000e+01   06.17682000e+01   04.41023000e+01   01.75852000e-02
  07.05890000e+01   05.75737000e+01   04.35043000e+01   01.01800000e-02
  07.36485000e+01   05.50813000e+01   03.63963000e+01  -01.32723000e-02
  07.65926000e+01   05.84021000e+01   03.85490000e+01  -04.57645000e-02
  07.90017000e+01   05.77538000e+01   03.43707000e+01   02.46758000e-02
  07.72256000e+01   06.10196000e+01   04.51930000e+01  -01.71993000e-02
  07.07461000e+01   05.60873000e+01   04.37705000e+01  -09.39340000e-03
  07.50677000e+01   05.57829000e+01   03.61059000e+01   07.66074000e-02
  07.63038000e+01   06.01134000e+01   04.09951000e+01   09.44338000e-02
  07.31330000e+01   05.41769000e+01   03.57182000e+01   01.54319000e-02
  07.96663000e+01   05.64420000e+01   03.41710000e+01  -01.56515000e-02
  07.60060000e+01   05.45569000e+01   03.61528000e+01  -02.00050000e-02
  07.36983000e+01   05.73964000e+01   03.90153000e+01  -08.09918000e-02
  07.69840000e+01   05.27935000e+01   03.73352000e+01   04.03650000e-03
  07.53240000e+01   05.67764000e+01   03.72250000e+01  -01.43447000e-01
  07.82153000e+01   05.99491000e+01   03.95094000e+01   01.23287000e-02
  07.48014000e+01   06.04460000e+01   04.29384000e+01   02.21683000e-01
  07.20227000e+01   05.71041000e+01   04.07102000e+01  -05.42921000e-02
  07.99298000e+01   05.79349000e+01   03.78972000e+01   02.66866000e-02
  07.96242000e+01   06.17615000e+01   04.16857000e+01   04.35609000e-02
  07.23619000e+01   05.97313000e+01   04.50014000e+01   02.36507000e-02
  07.08516000e+01   05.50528000e+01   03.85501000e+01  -06.09964000e-02
  08.01889000e+01   05.44715000e+01   03.53596000e+01   08.71130000e-03
  07.65430000e+01   05.74700000e+01   03.75021000e+01   01.26858000e-01
  07.75843000e+01   06.04623000e+01   04.06670000e+01  -03.45042000e-02
  07.37535000e+01   05.95123000e+01   04.26955000e+01  -02.04376000e-01
  07.25658000e+01   05.68316000e+01   03.94322000e+01   07.60142000e-02
  07.97263000e+01   05.58321000e+01   03.31071000e+01   05.08730000e-03
  07.64866000e+01   05.40796000e+01   03.51188000e+01   06.92200000e-04
  08.05583000e+01   05.39339000e+01   03.67235000e+01   00.00000000e+00
  07.78332000e+01   05.74342000e+01   03.66701000e+01   07.64245000e-02
  07.81739000e+01   06.12723000e+01   04.16741000e+01  -04.66821000e-02
  07.26300000e+01   05.91752000e+01   04.35952000e+01   01.65461000e-02
  07.21173000e+01   05.58620000e+01   03.84655000e+01   05.49912000e-02
  07.99955000e+01   05.59091000e+01   03.54048000e+01   03.30200000e-04
  07.62377000e+01   05.40445000e+01   03.74260000e+01   04.02810000e-03
  08.13580000e+01   05.28637000e+01   03.68552000e+01   00.00000000e+00
  07.86387000e+01   05.85167000e+01   03.74447000e+01  -04.69336000e-02
  07.72104000e+01   06.13624000e+01   04.27115000e+01  -07.68710000e-03
  07.18905000e+01   05.82357000e+01   04.29204000e+01  -03.37389000e-02
  07.31418000e+01   05.57464000e+01   03.75729000e+01   03.64969000e-02
  08.09373000e+01   05.14217000e+01   03.68901000e+01   00.00000000e+00
  07.77782000e+01   05.89967000e+01   03.85875000e+01  -09.58259000e-02
  07.60338000e+01   06.06705000e+01   04.22489000e+01  -01.77941000e-01
  07.25512000e+01   05.80117000e+01   04.16539000e+01   06.74294000e-02
  07.41056000e+01   05.67333000e+01   03.79067000e+01   01.44326000e-01
  08.28593000e+01   05.31032000e+01   03.67151000e+01   00.00000000e+00
  08.35605000e+01   05.44889000e+01   03.67749000e+01   00.00000000e+00
  08.36252000e+01   05.50089000e+01   03.82378000e+01   00.00000000e+00
  08.39748000e+01   05.64744000e+01   03.84283000e+01   00.00000000e+00
  08.53235000e+01   05.69881000e+01   03.77911000e+01   00.00000000e+00
  08.40257000e+01   05.68047000e+01   03.99486000e+01   00.00000000e+00
  08.27714000e+01   05.65511000e+01   04.07927000e+01   00.00000000e+00
  08.27190000e+01   05.74478000e+01   04.20217000e+01   00.00000000e+00
  08.39475000e+01   05.73051000e+01   04.30899000e+01   00.00000000e+00
  08.37607000e+01   05.60271000e+01   04.40187000e+01   00.00000000e+00
  08.40347000e+01   05.85611000e+01   04.39407000e+01   00.00000000e+00
  08.27033000e+01   05.91382000e+01   04.44665000e+01   00.00000000e+00
  08.31652000e+01   06.02824000e+01   04.53586000e+01   00.00000000e+00
  08.20048000e+01   06.10372000e+01   04.60544000e+01   00.00000000e+00
  08.26314000e+01   06.20294000e+01   04.70691000e+01   00.00000000e+00
  08.10125000e+01   06.17833000e+01   04.49821000e+01   00.00000000e+00
  07.36607000e+01   05.87578000e+01   04.15371000e+01   03.65717000e-02
  07.49327000e+01   05.89050000e+01   03.98865000e+01  -06.37550000e-03
  07.06629000e+01   05.46903000e+01   03.75551000e+01   01.79582000e-02
  07.08602000e+01   05.42764000e+01   03.93200000e+01   01.23366000e-02
  07.00512000e+01   05.56920000e+01   03.87875000e+01   01.80857000e-02
  07.33264000e+01   05.95283000e+01   04.55620000e+01  -03.55350000e-03
  07.22992000e+01   06.08096000e+01   04.48575000e+01  -05.48890000e-03
  07.15766000e+01   05.92337000e+01   04.55255000e+01  -05.73590000e-03
  07.97079000e+01   06.24797000e+01   04.24301000e+01  -01.16015000e-02
  08.01864000e+01   06.08254000e+01   04.18557000e+01  -01.03548000e-02
  07.98306000e+01   06.20537000e+01   04.06743000e+01  -01.10806000e-02
  08.05386000e+01   05.75591000e+01   03.70288000e+01  -06.50300000e-03
  08.05640000e+01   05.84984000e+01   03.85266000e+01  -03.84930000e-03
  07.96699000e+01   05.70614000e+01   03.83857000e+01  -06.75510000e-03
  07.69803000e+01   05.24275000e+01   03.83251000e+01   06.96000000e-05
  07.64594000e+01   05.21382000e+01   03.65912000e+01  -02.56130000e-03
  07.80267000e+01   05.30524000e+01   03.71256000e+01  -08.86000000e-04
  07.17270000e+01   05.58567000e+01   04.41269000e+01   02.66600000e-04
  07.00877000e+01   05.57826000e+01   04.45641000e+01   02.07780000e-03
  07.04317000e+01   05.55213000e+01   04.28711000e+01   03.44650000e-03
  07.75927000e+01   06.12907000e+01   04.61486000e+01   02.98050000e-03
  07.67359000e+01   06.00501000e+01   04.50991000e+01  -05.01900000e-04
  07.88508000e+01   05.82100000e+01   03.33611000e+01  -05.40000000e-06
  07.97280000e+01   05.84000000e+01   03.48282000e+01  -02.73660000e-03
  07.04351000e+01   05.79224000e+01   04.44950000e+01   06.65000000e-04
  06.96771000e+01   05.77818000e+01   04.29590000e+01  -04.07950000e-03
  07.70721000e+01   05.69507000e+01   03.46128000e+01   01.58140000e-02
  07.71209000e+01   05.86395000e+01   03.49583000e+01   09.11190000e-03
  08.05617000e+01   06.11323000e+01   04.42153000e+01   00.00000000e+00
  08.02189000e+01   06.21897000e+01   04.56358000e+01   00.00000000e+00
  08.15339000e+01   06.25822000e+01   04.44030000e+01   00.00000000e+00
  08.32815000e+01   06.26898000e+01   04.66027000e+01   00.00000000e+00
  08.17910000e+01   06.25768000e+01   04.76127000e+01   00.00000000e+00
  08.32573000e+01   06.15657000e+01   04.78248000e+01   00.00000000e+00
  08.39741000e+01   05.99737000e+01   04.60345000e+01   00.00000000e+00
  08.35783000e+01   06.09398000e+01   04.46939000e+01   00.00000000e+00
  08.20942000e+01   05.94312000e+01   04.36747000e+01   00.00000000e+00
  08.20548000e+01   05.85470000e+01   04.50691000e+01   00.00000000e+00
  08.47137000e+01   05.84085000e+01   04.48091000e+01   00.00000000e+00
  08.44768000e+01   05.92936000e+01   04.32116000e+01   00.00000000e+00
  08.39550000e+01   05.52010000e+01   04.32948000e+01   00.00000000e+00
  08.45166000e+01   05.60468000e+01   04.47799000e+01   00.00000000e+00
  08.27625000e+01   05.61240000e+01   04.44313000e+01   00.00000000e+00
  08.26352000e+01   05.84799000e+01   04.16445000e+01   00.00000000e+00
  08.18088000e+01   05.73537000e+01   04.25580000e+01   00.00000000e+00
  08.18754000e+01   05.68324000e+01   04.02684000e+01   00.00000000e+00
  08.25998000e+01   05.54783000e+01   04.11487000e+01   00.00000000e+00
  08.48836000e+01   05.62750000e+01   04.03553000e+01   00.00000000e+00
  08.42768000e+01   05.78527000e+01   03.99975000e+01   00.00000000e+00
  07.10450000e+01   05.66732000e+01   04.10165000e+01   07.20400000e-04
  07.46759000e+01   06.08349000e+01   04.39171000e+01  -02.39543000e-02
  07.92088000e+01   06.04052000e+01   03.92797000e+01   04.89340000e-03
  07.50281000e+01   05.62622000e+01   03.51434000e+01  -02.28199000e-02
  07.82333000e+01   06.26548000e+01   04.42957000e+01  -01.51750000e-03
  08.61342000e+01   05.64629000e+01   03.81693000e+01   00.00000000e+00
  08.52405000e+01   05.67603000e+01   03.67329000e+01   00.00000000e+00
  08.54893000e+01   05.80562000e+01   03.77576000e+01   00.00000000e+00
  08.31221000e+01   05.69254000e+01   03.80696000e+01   00.00000000e+00
  08.26842000e+01   05.48906000e+01   03.87082000e+01   00.00000000e+00
  08.43575000e+01   05.44703000e+01   03.87879000e+01   00.00000000e+00
  08.45913000e+01   05.43230000e+01   03.64573000e+01   00.00000000e+00
  08.30356000e+01   05.50578000e+01   03.59908000e+01   00.00000000e+00
  08.34060000e+01   05.24153000e+01   03.73389000e+01   00.00000000e+00
  08.30527000e+01   05.27153000e+01   03.56915000e+01   00.00000000e+00
  07.98937000e+01   05.14558000e+01   03.72269000e+01   00.00000000e+00
  08.09663000e+01   05.09751000e+01   03.59331000e+01   00.00000000e+00
  08.16035000e+01   05.08565000e+01   03.75675000e+01   00.00000000e+00
  07.87597000e+01   05.94471000e+01   03.67716000e+01   05.57290000e-03
  07.82106000e+01   05.63939000e+01   03.68243000e+01  -01.28866000e-02
  08.03060000e+01   05.44622000e+01   03.76605000e+01   00.00000000e+00
  08.13676000e+01   06.03534000e+01   04.66884000e+01   00.00000000e+00
  08.48785000e+01   05.71969000e+01   04.26712000e+01   00.00000000e+00
  07.92510000e+01   05.40432000e+01   03.50989000e+01  -01.99830000e-03
  08.09084000e+01   05.41862000e+01   03.45826000e+01  -01.85290000e-03
