  07.92432000e+01   05.93257000e+01   03.37233000e+01  -06.11779000e-02
  07.85368000e+01   06.19874000e+01   04.30209000e+01   01.75852000e-02
  07.17266000e+01   05.82539000e+01   04.14996000e+01   01.01800000e-02
  07.48771000e+01   05.69102000e+01   03.41329000e+01  -01.32723000e-02
  07.79722000e+01   05.92929000e+01   03.70046000e+01  -04.57645000e-02
  08.05812000e+01   05.92173000e+01   03.28418000e+01   02.46758000e-02
  07.90625000e+01   06.31603000e+01   04.34885000e+01  -01.71993000e-02
  07.18956000e+01   05.67513000e+01   04.17776000e+01  -09.39340000e-03
  07.63259000e+01   05.74603000e+01   03.39535000e+01   07.66074000e-02
  07.77094000e+01   06.04924000e+01   03.97276000e+01   09.44338000e-02
  07.42907000e+01   05.61946000e+01   03.33382000e+01   01.54319000e-02
  08.11212000e+01   05.78993000e+01   03.23882000e+01  -01.56515000e-02
  07.73167000e+01   05.63470000e+01   03.35882000e+01  -02.00050000e-02
  07.51076000e+01   05.84326000e+01   03.71636000e+01  -08.09918000e-02
  07.77420000e+01   05.40203000e+01   03.37351000e+01   04.03650000e-03
  07.66104000e+01   05.81743000e+01   03.52923000e+01  -01.43447000e-01
  07.97591000e+01   06.01757000e+01   03.84391000e+01   01.23287000e-02
  07.61085000e+01   06.08073000e+01   04.16192000e+01   02.21683000e-01
  07.31388000e+01   05.83140000e+01   03.86208000e+01  -05.42921000e-02
  08.13447000e+01   05.82531000e+01   03.65874000e+01   02.66866000e-02
  08.10474000e+01   06.14959000e+01   04.10773000e+01   04.35609000e-02
  07.37752000e+01   05.97896000e+01   04.34068000e+01   02.36507000e-02
  07.19884000e+01   05.66943000e+01   03.60924000e+01  -06.09964000e-02
  08.20473000e+01   05.58157000e+01   03.30924000e+01   08.71130000e-03
  07.78472000e+01   05.86619000e+01   03.57621000e+01   01.26858000e-01
  07.90844000e+01   06.06845000e+01   03.95486000e+01  -03.45042000e-02
  07.50258000e+01   06.00494000e+01   04.11742000e+01  -02.04376000e-01
  07.38420000e+01   05.80586000e+01   03.74002000e+01   07.60142000e-02
  08.11488000e+01   05.74492000e+01   03.12333000e+01   05.08730000e-03
  07.81454000e+01   05.63789000e+01   03.27181000e+01   06.92200000e-04
  08.24198000e+01   05.51488000e+01   03.43871000e+01   00.00000000e+00
  07.92610000e+01   05.86068000e+01   03.50412000e+01   07.64245000e-02
  07.96485000e+01   06.13878000e+01   04.07572000e+01  -04.66821000e-02
  07.38550000e+01   05.96376000e+01   04.19117000e+01   01.65461000e-02
  07.33093000e+01   05.73994000e+01   03.62643000e+01   05.49912000e-02
  08.15115000e+01   05.71482000e+01   03.34845000e+01   03.30200000e-04
  07.70507000e+01   05.51904000e+01   03.43412000e+01   04.02810000e-03
  08.32803000e+01   05.41707000e+01   03.45115000e+01   00.00000000e+00
  08.02522000e+01   05.91362000e+01   03.61508000e+01  -04.69336000e-02
  07.85603000e+01   06.14780000e+01   04.16152000e+01  -07.68710000e-03
  07.30097000e+01   05.89028000e+01   04.10914000e+01  -03.37389000e-02
  07.43704000e+01   05.74299000e+01   03.53570000e+01   03.64969000e-02
  08.27831000e+01   05.28931000e+01   03.49317000e+01   00.00000000e+00
  07.93178000e+01   05.95428000e+01   03.72583000e+01  -09.58259000e-02
  07.73685000e+01   06.08795000e+01   04.09811000e+01  -01.77941000e-01
  07.36726000e+01   05.88607000e+01   03.98283000e+01   06.74294000e-02
  07.54159000e+01   05.80517000e+01   03.60124000e+01   01.44326000e-01
  08.47919000e+01   05.43480000e+01   03.45689000e+01   00.00000000e+00
  08.53454000e+01   05.57102000e+01   03.50648000e+01   00.00000000e+00
  08.51490000e+01   05.58392000e+01   03.65780000e+01   00.00000000e+00
  08.50366000e+01   05.72348000e+01   03.72198000e+01   00.00000000e+00
  08.63180000e+01   05.79871000e+01   03.68109000e+01   00.00000000e+00
  08.48955000e+01   05.70572000e+01   03.87848000e+01   00.00000000e+00
  08.49074000e+01   05.83601000e+01   03.96284000e+01   00.00000000e+00
  08.47941000e+01   05.80547000e+01   04.10757000e+01   00.00000000e+00
  08.46395000e+01   05.92422000e+01   04.20391000e+01   00.00000000e+00
  08.58738000e+01   06.01977000e+01   04.18560000e+01   00.00000000e+00
  08.46838000e+01   05.86996000e+01   04.35688000e+01   00.00000000e+00
  08.35557000e+01   05.78084000e+01   04.38975000e+01   00.00000000e+00
  08.34624000e+01   05.75539000e+01   04.53969000e+01   00.00000000e+00
  08.44792000e+01   05.65479000e+01   04.59760000e+01   00.00000000e+00
  08.45867000e+01   05.65875000e+01   04.75482000e+01   00.00000000e+00
  08.42549000e+01   05.51187000e+01   04.54971000e+01   00.00000000e+00
  07.48868000e+01   05.94775000e+01   03.99115000e+01   03.65717000e-02
  07.63807000e+01   05.96047000e+01   03.84179000e+01  -06.37550000e-03
  07.16295000e+01   05.60721000e+01   03.69709000e+01   01.79582000e-02
  07.11940000e+01   05.73422000e+01   03.58147000e+01   01.23366000e-02
  07.21135000e+01   05.59885000e+01   03.53003000e+01   01.80857000e-02
  07.27618000e+01   05.98834000e+01   04.38662000e+01  -03.55350000e-03
  07.41652000e+01   05.88798000e+01   04.39132000e+01  -05.48890000e-03
  07.42911000e+01   06.06239000e+01   04.37885000e+01  -05.73590000e-03
  08.13306000e+01   06.25236000e+01   04.12190000e+01  -01.16015000e-02
  08.12883000e+01   06.10281000e+01   04.20364000e+01  -01.03548000e-02
  08.17153000e+01   06.11678000e+01   04.02335000e+01  -01.10806000e-02
  08.20045000e+01   05.80171000e+01   03.57287000e+01  -06.50300000e-03
  08.19642000e+01   05.86459000e+01   03.73633000e+01  -03.84930000e-03
  08.10314000e+01   05.72910000e+01   03.69800000e+01  -06.75510000e-03
  07.75608000e+01   05.30915000e+01   03.42920000e+01   06.96000000e-05
  07.75248000e+01   05.38283000e+01   03.26620000e+01  -02.56130000e-03
  07.87666000e+01   05.40801000e+01   03.39910000e+01  -08.86000000e-04
  07.28087000e+01   05.66420000e+01   04.23531000e+01   02.66600000e-04
  07.10951000e+01   05.63770000e+01   04.24049000e+01   02.07780000e-03
  07.20931000e+01   05.63034000e+01   04.08131000e+01   03.44650000e-03
  07.89277000e+01   06.34577000e+01   04.45400000e+01   02.98050000e-03
  07.95882000e+01   06.38400000e+01   04.27750000e+01  -05.01900000e-04
  08.04900000e+01   05.99126000e+01   03.19945000e+01  -05.40000000e-06
  08.13901000e+01   05.97341000e+01   03.33745000e+01  -02.73660000e-03
  07.13071000e+01   05.87286000e+01   04.23673000e+01   06.65000000e-04
  07.10994000e+01   05.83218000e+01   04.06327000e+01  -04.07950000e-03
  07.83649000e+01   05.89556000e+01   03.32101000e+01   01.58140000e-02
  07.89643000e+01   06.03827000e+01   03.38101000e+01   09.11190000e-03
  08.49038000e+01   05.44434000e+01   04.60283000e+01   00.00000000e+00
  08.32340000e+01   05.48185000e+01   04.56471000e+01   00.00000000e+00
  08.45938000e+01   05.49787000e+01   04.45255000e+01   00.00000000e+00
  08.53647000e+01   05.59414000e+01   04.79998000e+01   00.00000000e+00
  08.48632000e+01   05.76116000e+01   04.79116000e+01   00.00000000e+00
  08.36073000e+01   05.63790000e+01   04.79619000e+01   00.00000000e+00
  08.35166000e+01   05.84918000e+01   04.58657000e+01   00.00000000e+00
  08.25233000e+01   05.70700000e+01   04.57105000e+01   00.00000000e+00
  08.26393000e+01   05.83857000e+01   04.36487000e+01   00.00000000e+00
  08.35972000e+01   05.67843000e+01   04.33930000e+01   00.00000000e+00
  08.55971000e+01   05.81766000e+01   04.37278000e+01   00.00000000e+00
  08.47062000e+01   05.96187000e+01   04.42493000e+01   00.00000000e+00
  08.58667000e+01   06.08982000e+01   04.10179000e+01   00.00000000e+00
  08.59061000e+01   06.08407000e+01   04.27242000e+01   00.00000000e+00
  08.67693000e+01   05.95587000e+01   04.17948000e+01   00.00000000e+00
  08.38842000e+01   05.74319000e+01   04.12311000e+01   00.00000000e+00
  08.57116000e+01   05.74174000e+01   04.12218000e+01   00.00000000e+00
  08.58431000e+01   05.88444000e+01   03.93858000e+01   00.00000000e+00
  08.40914000e+01   05.89414000e+01   03.93175000e+01   00.00000000e+00
  08.39819000e+01   05.65100000e+01   03.89655000e+01   00.00000000e+00
  08.56773000e+01   05.64055000e+01   03.90818000e+01   00.00000000e+00
  07.20957000e+01   05.80038000e+01   03.87590000e+01   07.20400000e-04
  07.60557000e+01   06.12598000e+01   04.26645000e+01  -02.39543000e-02
  08.08098000e+01   06.04070000e+01   03.84298000e+01   04.89340000e-03
  07.63033000e+01   05.82040000e+01   03.31597000e+01  -02.28199000e-02
  07.80291000e+01   06.13670000e+01   04.37508000e+01  -01.51750000e-03
  08.62866000e+01   05.89868000e+01   03.70771000e+01   00.00000000e+00
  08.72347000e+01   05.75120000e+01   03.72062000e+01   00.00000000e+00
  08.66273000e+01   05.80047000e+01   03.57619000e+01   00.00000000e+00
  08.41454000e+01   05.77451000e+01   03.68992000e+01   00.00000000e+00
  08.41755000e+01   05.54336000e+01   03.67578000e+01   00.00000000e+00
  08.59353000e+01   05.53000000e+01   03.70622000e+01   00.00000000e+00
  08.63746000e+01   05.57541000e+01   03.48309000e+01   00.00000000e+00
  08.48988000e+01   05.65560000e+01   03.45038000e+01   00.00000000e+00
  08.52848000e+01   05.36286000e+01   03.51713000e+01   00.00000000e+00
  08.51489000e+01   05.42169000e+01   03.35626000e+01   00.00000000e+00
  08.29620000e+01   05.28274000e+01   03.60142000e+01   00.00000000e+00
  08.17216000e+01   05.27837000e+01   03.47873000e+01   00.00000000e+00
  08.33389000e+01   05.20471000e+01   03.44107000e+01   00.00000000e+00
  08.07031000e+01   05.99800000e+01   03.57604000e+01   05.57290000e-03
  07.93942000e+01   05.75638000e+01   03.48627000e+01  -01.28866000e-02
  08.20260000e+01   05.54853000e+01   03.53028000e+01   00.00000000e+00
  08.54391000e+01   05.69307000e+01   04.56642000e+01   00.00000000e+00
  08.38331000e+01   05.99114000e+01   04.18001000e+01   00.00000000e+00
  08.12557000e+01   05.52280000e+01   03.28027000e+01  -01.99830000e-03
  08.28550000e+01   05.57984000e+01   03.23773000e+01  -01.85290000e-03
