  07.96633000e+01   05.88217000e+01   03.33888000e+01  -06.11779000e-02
  07.97172000e+01   06.25827000e+01   04.24265000e+01   01.75852000e-02
  07.29442000e+01   05.87814000e+01   04.22938000e+01   01.01800000e-02
  07.56384000e+01   05.63932000e+01   03.47571000e+01  -01.32723000e-02
  07.87456000e+01   05.93008000e+01   03.68465000e+01  -04.57645000e-02
  08.09446000e+01   05.87471000e+01   03.25099000e+01   02.46758000e-02
  08.08942000e+01   06.25031000e+01   04.31358000e+01  -01.71993000e-02
  07.28313000e+01   05.72664000e+01   04.24083000e+01  -09.39340000e-03
  07.69811000e+01   05.69907000e+01   03.43652000e+01   07.66074000e-02
  07.86508000e+01   06.08470000e+01   03.93635000e+01   09.44338000e-02
  07.49619000e+01   05.55730000e+01   03.40716000e+01   01.54319000e-02
  08.15440000e+01   05.73969000e+01   03.21953000e+01  -01.56515000e-02
  07.79192000e+01   05.58328000e+01   03.40762000e+01  -02.00050000e-02
  07.59380000e+01   05.84648000e+01   03.75294000e+01  -08.09918000e-02
  07.86024000e+01   05.36118000e+01   03.47548000e+01   04.03650000e-03
  07.73413000e+01   05.78278000e+01   03.55747000e+01  -01.43447000e-01
  08.05087000e+01   06.08755000e+01   03.77324000e+01   01.23287000e-02
  07.73546000e+01   06.11385000e+01   04.14673000e+01   02.21683000e-01
  07.40682000e+01   05.84381000e+01   03.90609000e+01  -05.42921000e-02
  08.22753000e+01   05.88616000e+01   03.60383000e+01   02.66866000e-02
  08.19244000e+01   06.26647000e+01   03.98644000e+01   04.35609000e-02
  07.52481000e+01   06.06928000e+01   04.35907000e+01   02.36507000e-02
  07.27386000e+01   05.65480000e+01   03.67515000e+01  -06.09964000e-02
  08.23459000e+01   05.54030000e+01   03.32947000e+01   08.71130000e-03
  07.85693000e+01   05.85315000e+01   03.57781000e+01   01.26858000e-01
  07.98902000e+01   06.13439000e+01   03.88545000e+01  -03.45042000e-02
  07.62138000e+01   06.03420000e+01   04.12500000e+01  -02.04376000e-01
  07.46655000e+01   05.80122000e+01   03.78691000e+01   07.60142000e-02
  08.13216000e+01   05.67955000e+01   03.11479000e+01   05.08730000e-03
  07.85974000e+01   05.56971000e+01   03.30372000e+01   06.92200000e-04
  08.31019000e+01   05.51645000e+01   03.46416000e+01   00.00000000e+00
  07.98768000e+01   05.84397000e+01   03.49634000e+01   07.64245000e-02
  08.04984000e+01   06.20354000e+01   03.99503000e+01  -04.66821000e-02
  07.51558000e+01   06.00705000e+01   04.22238000e+01   01.65461000e-02
  07.40937000e+01   05.72334000e+01   03.68004000e+01   05.49912000e-02
  08.21115000e+01   05.67963000e+01   03.33050000e+01   03.30200000e-04
  07.79374000e+01   05.49177000e+01   03.50753000e+01   04.02810000e-03
  08.42269000e+01   05.44008000e+01   03.46718000e+01   00.00000000e+00
  08.09116000e+01   05.94663000e+01   03.56553000e+01  -04.69336000e-02
  07.95839000e+01   06.20921000e+01   04.10482000e+01  -07.68710000e-03
  07.42460000e+01   05.92610000e+01   04.15770000e+01  -03.37389000e-02
  07.51935000e+01   05.70837000e+01   03.59264000e+01   03.64969000e-02
  08.43165000e+01   05.29813000e+01   03.50001000e+01   00.00000000e+00
  07.99724000e+01   05.99529000e+01   03.68115000e+01  -09.58259000e-02
  07.84627000e+01   06.13606000e+01   04.06366000e+01  -01.77941000e-01
  07.46935000e+01   05.90783000e+01   04.01959000e+01   06.74294000e-02
  07.62271000e+01   05.78774000e+01   03.63711000e+01   01.44326000e-01
  08.54770000e+01   05.51470000e+01   03.45204000e+01   00.00000000e+00
  08.56629000e+01   05.65250000e+01   03.51922000e+01   00.00000000e+00
  08.55963000e+01   05.63640000e+01   03.67086000e+01   00.00000000e+00
  08.58821000e+01   05.75510000e+01   03.76909000e+01   00.00000000e+00
  08.73690000e+01   05.79437000e+01   03.74060000e+01   00.00000000e+00
  08.57213000e+01   05.71252000e+01   03.91580000e+01   00.00000000e+00
  08.56236000e+01   05.82438000e+01   04.01420000e+01   00.00000000e+00
  08.55373000e+01   05.77206000e+01   04.16586000e+01   00.00000000e+00
  08.54572000e+01   05.89024000e+01   04.26645000e+01   00.00000000e+00
  08.67861000e+01   05.97482000e+01   04.26415000e+01   00.00000000e+00
  08.51551000e+01   05.85264000e+01   04.41497000e+01   00.00000000e+00
  08.37490000e+01   05.79691000e+01   04.44396000e+01   00.00000000e+00
  08.26681000e+01   05.91155000e+01   04.47545000e+01   00.00000000e+00
  08.11728000e+01   05.86523000e+01   04.49790000e+01   00.00000000e+00
  08.11113000e+01   05.75756000e+01   04.60489000e+01   00.00000000e+00
  08.00965000e+01   05.97471000e+01   04.52933000e+01   00.00000000e+00
  07.59793000e+01   05.96625000e+01   04.01220000e+01   03.65717000e-02
  07.72327000e+01   05.97521000e+01   03.83945000e+01  -06.37550000e-03
  07.21062000e+01   05.73643000e+01   03.63601000e+01   01.79582000e-02
  07.28409000e+01   05.56941000e+01   03.60960000e+01   01.23366000e-02
  07.23892000e+01   05.61301000e+01   03.77052000e+01   01.80857000e-02
  07.57978000e+01   06.16097000e+01   04.35813000e+01  -03.55350000e-03
  07.42793000e+01   06.10098000e+01   04.39127000e+01  -05.48890000e-03
  07.55800000e+01   06.00021000e+01   04.43135000e+01  -05.73590000e-03
  08.21747000e+01   06.30458000e+01   03.88283000e+01  -01.16015000e-02
  08.19321000e+01   06.35239000e+01   04.05070000e+01  -01.03548000e-02
  08.26190000e+01   06.19264000e+01   04.02810000e+01  -01.10806000e-02
  08.21470000e+01   05.79662000e+01   03.66256000e+01  -06.50300000e-03
  08.29327000e+01   05.86962000e+01   03.51282000e+01  -03.84930000e-03
  08.29118000e+01   05.95464000e+01   03.66889000e+01  -06.75510000e-03
  07.96461000e+01   05.37304000e+01   03.45742000e+01   06.96000000e-05
  07.84775000e+01   05.29394000e+01   03.55360000e+01  -02.56130000e-03
  07.80163000e+01   05.31233000e+01   03.39157000e+01  -08.86000000e-04
  07.18657000e+01   05.70591000e+01   04.28940000e+01   02.66600000e-04
  07.28573000e+01   05.68044000e+01   04.14376000e+01   02.07780000e-03
  07.36576000e+01   05.68340000e+01   04.29890000e+01   03.44650000e-03
  08.09933000e+01   06.28012000e+01   04.42039000e+01   02.98050000e-03
  08.18050000e+01   06.21158000e+01   04.26969000e+01  -05.01900000e-04
  08.06158000e+01   05.92265000e+01   03.15484000e+01  -05.40000000e-06
  08.16486000e+01   05.94171000e+01   03.29572000e+01  -02.73660000e-03
  07.29212000e+01   05.91651000e+01   04.32538000e+01   06.65000000e-04
  07.21340000e+01   05.92004000e+01   04.16793000e+01  -04.07950000e-03
  07.88702000e+01   05.82685000e+01   03.28924000e+01   01.58140000e-02
  07.93603000e+01   05.99011000e+01   03.33141000e+01   09.11190000e-03
  08.00415000e+01   06.04122000e+01   04.45033000e+01   00.00000000e+00
  07.91206000e+01   05.92328000e+01   04.54582000e+01   00.00000000e+00
  08.02917000e+01   06.02776000e+01   04.61848000e+01   00.00000000e+00
  08.01048000e+01   05.71964000e+01   04.62400000e+01   00.00000000e+00
  08.17517000e+01   05.67438000e+01   04.57083000e+01   00.00000000e+00
  08.14570000e+01   05.79697000e+01   04.69765000e+01   00.00000000e+00
  08.29807000e+01   05.95710000e+01   04.56620000e+01   00.00000000e+00
  08.25788000e+01   05.98381000e+01   04.39855000e+01   00.00000000e+00
  08.34722000e+01   05.74379000e+01   04.36135000e+01   00.00000000e+00
  08.37997000e+01   05.73291000e+01   04.52843000e+01   00.00000000e+00
  08.58150000e+01   05.76942000e+01   04.44345000e+01   00.00000000e+00
  08.53460000e+01   05.94337000e+01   04.47824000e+01   00.00000000e+00
  08.75840000e+01   05.90432000e+01   04.30341000e+01   00.00000000e+00
  08.72241000e+01   06.01182000e+01   04.16790000e+01   00.00000000e+00
  08.67541000e+01   06.06674000e+01   04.32589000e+01   00.00000000e+00
  08.46106000e+01   05.71512000e+01   04.17631000e+01   00.00000000e+00
  08.63134000e+01   05.70804000e+01   04.18463000e+01   00.00000000e+00
  08.65558000e+01   05.88216000e+01   04.00578000e+01   00.00000000e+00
  08.47950000e+01   05.89969000e+01   04.00558000e+01   00.00000000e+00
  08.48610000e+01   05.64550000e+01   03.91673000e+01   00.00000000e+00
  08.66372000e+01   05.65077000e+01   03.94898000e+01   00.00000000e+00
  07.30329000e+01   05.83228000e+01   03.90779000e+01   07.20400000e-04
  07.73887000e+01   06.17329000e+01   04.24241000e+01  -02.39543000e-02
  08.14562000e+01   06.12818000e+01   03.74653000e+01   04.89340000e-03
  07.68018000e+01   05.75890000e+01   03.34507000e+01  -02.28199000e-02
  07.88800000e+01   06.31763000e+01   04.29148000e+01  -01.51750000e-03
  08.77122000e+01   05.86351000e+01   03.81757000e+01   00.00000000e+00
  08.81090000e+01   05.71434000e+01   03.76193000e+01   00.00000000e+00
  08.75562000e+01   05.84177000e+01   03.64890000e+01   00.00000000e+00
  08.51483000e+01   05.83695000e+01   03.74631000e+01   00.00000000e+00
  08.46313000e+01   05.59613000e+01   03.69363000e+01   00.00000000e+00
  08.62439000e+01   05.55743000e+01   03.68956000e+01   00.00000000e+00
  08.66858000e+01   05.67321000e+01   03.50022000e+01   00.00000000e+00
  08.49738000e+01   05.71835000e+01   03.47296000e+01   00.00000000e+00
  08.63132000e+01   05.44908000e+01   03.49039000e+01   00.00000000e+00
  08.57494000e+01   05.52917000e+01   03.35069000e+01   00.00000000e+00
  08.33043000e+01   05.25832000e+01   03.51390000e+01   00.00000000e+00
  08.48394000e+01   05.24976000e+01   03.41102000e+01   00.00000000e+00
  08.49377000e+01   05.28548000e+01   03.58725000e+01   00.00000000e+00
  08.10083000e+01   06.03365000e+01   03.50902000e+01   05.57290000e-03
  08.03263000e+01   05.74218000e+01   03.51804000e+01  -01.28866000e-02
  08.28685000e+01   05.56513000e+01   03.55384000e+01   00.00000000e+00
  08.09622000e+01   05.81779000e+01   04.40042000e+01   00.00000000e+00
  08.46824000e+01   05.96394000e+01   04.24129000e+01   00.00000000e+00
  08.14735000e+01   05.47410000e+01   03.31839000e+01  -01.99830000e-03
  08.29789000e+01   05.51373000e+01   03.24453000e+01  -01.85290000e-03
