  07.74252000e+01   05.87659000e+01   03.48797000e+01  -06.11779000e-02
  07.77716000e+01   06.24693000e+01   04.41152000e+01   01.75852000e-02
  07.09151000e+01   05.81549000e+01   04.37635000e+01   01.01800000e-02
  07.36642000e+01   05.59869000e+01   03.62340000e+01  -01.32723000e-02
  07.66872000e+01   05.90630000e+01   03.84577000e+01  -04.57645000e-02
  07.87230000e+01   05.87906000e+01   03.40072000e+01   02.46758000e-02
  07.67348000e+01   06.28995000e+01   04.48630000e+01  -01.71993000e-02
  07.09520000e+01   05.66374000e+01   04.38405000e+01  -09.39340000e-03
  07.50177000e+01   05.66463000e+01   03.59066000e+01   07.66074000e-02
  07.65659000e+01   06.05637000e+01   04.09964000e+01   09.44338000e-02
  07.30805000e+01   05.51993000e+01   03.54355000e+01   01.54319000e-02
  07.93118000e+01   05.74265000e+01   03.36452000e+01  -01.56515000e-02
  07.60967000e+01   05.55151000e+01   03.56401000e+01  -02.00050000e-02
  07.39810000e+01   05.79807000e+01   03.91679000e+01  -08.09918000e-02
  07.69588000e+01   05.34470000e+01   03.63905000e+01   04.03650000e-03
  07.53780000e+01   05.76033000e+01   03.71220000e+01  -01.43447000e-01
  07.83748000e+01   06.06895000e+01   03.92776000e+01   01.23287000e-02
  07.53152000e+01   06.06835000e+01   04.31401000e+01   02.21683000e-01
  07.21799000e+01   05.77864000e+01   04.07979000e+01  -05.42921000e-02
  08.01442000e+01   05.89301000e+01   03.74346000e+01   02.66866000e-02
  07.97342000e+01   06.24557000e+01   04.14867000e+01   04.35609000e-02
  07.30132000e+01   06.00921000e+01   04.52963000e+01   02.36507000e-02
  07.11470000e+01   05.56595000e+01   03.87772000e+01  -06.09964000e-02
  08.03962000e+01   05.54209000e+01   03.43731000e+01   08.71130000e-03
  07.65104000e+01   05.83513000e+01   03.73216000e+01   01.26858000e-01
  07.77658000e+01   06.10402000e+01   04.05296000e+01  -03.45042000e-02
  07.41315000e+01   05.99593000e+01   04.28918000e+01  -02.04376000e-01
  07.27876000e+01   05.74304000e+01   03.95786000e+01   07.60142000e-02
  07.92473000e+01   05.69075000e+01   03.25554000e+01   05.08730000e-03
  07.68193000e+01   05.53785000e+01   03.46971000e+01   06.92200000e-04
  08.09010000e+01   05.47076000e+01   03.55650000e+01   00.00000000e+00
  07.77505000e+01   05.83508000e+01   03.63614000e+01   07.64245000e-02
  07.84138000e+01   06.18029000e+01   04.16163000e+01  -04.66821000e-02
  07.30690000e+01   05.96241000e+01   04.38628000e+01   01.65461000e-02
  07.23504000e+01   05.65072000e+01   03.86076000e+01   05.49912000e-02
  07.99612000e+01   05.67708000e+01   03.46785000e+01   03.30200000e-04
  07.61883000e+01   05.46634000e+01   03.67239000e+01   04.02810000e-03
  08.22266000e+01   05.47673000e+01   03.59112000e+01   00.00000000e+00
  07.86716000e+01   05.93152000e+01   03.71031000e+01  -04.69336000e-02
  07.75806000e+01   06.18117000e+01   04.27346000e+01  -07.68710000e-03
  07.21576000e+01   05.87961000e+01   04.31658000e+01  -03.37389000e-02
  07.32968000e+01   05.65049000e+01   03.75477000e+01   03.64969000e-02
  08.31004000e+01   05.35974000e+01   03.56727000e+01   00.00000000e+00
  07.78904000e+01   05.96808000e+01   03.83855000e+01  -09.58259000e-02
  07.63943000e+01   06.10320000e+01   04.23283000e+01  -01.77941000e-01
  07.27300000e+01   05.85574000e+01   04.18450000e+01   06.74294000e-02
  07.43027000e+01   05.74074000e+01   03.79819000e+01   01.44326000e-01
  08.26988000e+01   05.58388000e+01   03.69031000e+01   00.00000000e+00
  08.36756000e+01   05.53119000e+01   03.79667000e+01   00.00000000e+00
  08.38511000e+01   05.63270000e+01   03.91850000e+01   00.00000000e+00
  08.40437000e+01   05.78117000e+01   03.88915000e+01   00.00000000e+00
  08.52488000e+01   05.80611000e+01   03.80113000e+01   00.00000000e+00
  08.41206000e+01   05.86548000e+01   04.02402000e+01   00.00000000e+00
  08.27904000e+01   05.87156000e+01   04.09805000e+01   00.00000000e+00
  08.25328000e+01   05.98473000e+01   04.19721000e+01   00.00000000e+00
  08.36101000e+01   06.01683000e+01   04.30829000e+01   00.00000000e+00
  08.38305000e+01   05.90015000e+01   04.41039000e+01   00.00000000e+00
  08.31312000e+01   06.13890000e+01   04.39410000e+01   00.00000000e+00
  08.42203000e+01   06.20366000e+01   04.48506000e+01   00.00000000e+00
  08.37222000e+01   06.33160000e+01   04.55927000e+01   00.00000000e+00
  08.30622000e+01   06.30871000e+01   04.69782000e+01   00.00000000e+00
  08.32959000e+01   06.43292000e+01   04.79312000e+01   00.00000000e+00
  08.16054000e+01   06.27181000e+01   04.70159000e+01   00.00000000e+00
  07.38991000e+01   05.93146000e+01   04.17257000e+01   03.65717000e-02
  07.52318000e+01   05.93312000e+01   04.00410000e+01  -06.37550000e-03
  07.11130000e+01   05.49301000e+01   03.80145000e+01   01.79582000e-02
  07.12507000e+01   05.52347000e+01   03.97769000e+01   01.23366000e-02
  07.03127000e+01   05.63806000e+01   03.87692000e+01   01.80857000e-02
  07.19957000e+01   06.03723000e+01   04.53093000e+01  -03.55350000e-03
  07.31910000e+01   05.93546000e+01   04.60914000e+01  -05.48890000e-03
  07.36703000e+01   06.09238000e+01   04.53530000e+01  -05.73590000e-03
  08.03454000e+01   06.17709000e+01   04.19504000e+01  -01.16015000e-02
  07.99924000e+01   06.26996000e+01   04.04625000e+01  -01.03548000e-02
  07.98812000e+01   06.33711000e+01   04.21153000e+01  -01.10806000e-02
  08.02294000e+01   05.79459000e+01   03.79226000e+01  -06.50300000e-03
  08.05495000e+01   05.87884000e+01   03.64696000e+01  -03.84930000e-03
  08.05736000e+01   05.97042000e+01   03.80329000e+01  -06.75510000e-03
  07.63998000e+01   05.27464000e+01   03.57905000e+01   06.96000000e-05
  07.78786000e+01   05.36946000e+01   03.58471000e+01  -02.56130000e-03
  07.72928000e+01   05.30019000e+01   03.72988000e+01  -08.86000000e-04
  07.17791000e+01   05.63138000e+01   04.44110000e+01   02.66600000e-04
  07.00469000e+01   05.61515000e+01   04.42359000e+01   02.07780000e-03
  07.10164000e+01   05.62575000e+01   04.28324000e+01   03.44650000e-03
  07.69186000e+01   06.34536000e+01   04.57822000e+01   02.98050000e-03
  07.56749000e+01   06.29147000e+01   04.44995000e+01  -05.01900000e-04
  07.84869000e+01   05.93522000e+01   03.30764000e+01  -05.40000000e-06
  07.95475000e+01   05.93989000e+01   03.44419000e+01  -02.73660000e-03
  07.08171000e+01   05.85786000e+01   04.47259000e+01   06.65000000e-04
  07.01240000e+01   05.85117000e+01   04.30819000e+01  -04.07950000e-03
  07.67179000e+01   05.81303000e+01   03.43701000e+01   01.58140000e-02
  07.69515000e+01   05.97516000e+01   03.49516000e+01   09.11190000e-03
  08.13464000e+01   06.17697000e+01   04.66294000e+01   00.00000000e+00
  08.12108000e+01   06.28037000e+01   04.80377000e+01   00.00000000e+00
  08.11153000e+01   06.35379000e+01   04.65639000e+01   00.00000000e+00
  08.27522000e+01   06.42262000e+01   04.88637000e+01   00.00000000e+00
  08.43914000e+01   06.44698000e+01   04.81318000e+01   00.00000000e+00
  08.29092000e+01   06.51552000e+01   04.73427000e+01   00.00000000e+00
  08.46460000e+01   06.38153000e+01   04.57358000e+01   00.00000000e+00
  08.31154000e+01   06.39892000e+01   04.49283000e+01   00.00000000e+00
  08.46170000e+01   06.13345000e+01   04.55956000e+01   00.00000000e+00
  08.50454000e+01   06.23630000e+01   04.41951000e+01   00.00000000e+00
  08.28720000e+01   06.20834000e+01   04.31562000e+01   00.00000000e+00
  08.22428000e+01   06.11293000e+01   04.45769000e+01   00.00000000e+00
  08.41044000e+01   05.81206000e+01   04.35358000e+01   00.00000000e+00
  08.44523000e+01   05.91746000e+01   04.49498000e+01   00.00000000e+00
  08.28587000e+01   05.87725000e+01   04.45426000e+01   00.00000000e+00
  08.25543000e+01   06.07440000e+01   04.14025000e+01   00.00000000e+00
  08.15435000e+01   05.98692000e+01   04.23642000e+01   00.00000000e+00
  08.21076000e+01   05.89019000e+01   04.02176000e+01   00.00000000e+00
  08.26471000e+01   05.77586000e+01   04.15220000e+01   00.00000000e+00
  08.49060000e+01   05.82900000e+01   04.09337000e+01   00.00000000e+00
  08.44183000e+01   05.96877000e+01   03.99596000e+01   00.00000000e+00
  07.12278000e+01   05.73036000e+01   04.09052000e+01   07.20400000e-04
  07.53052000e+01   06.09720000e+01   04.42104000e+01  -02.39543000e-02
  07.92714000e+01   06.11774000e+01   03.89160000e+01   04.89340000e-03
  07.47780000e+01   05.71881000e+01   03.50095000e+01  -02.28199000e-02
  07.88255000e+01   06.25927000e+01   04.44332000e+01  -01.51750000e-03
  08.60409000e+01   05.73726000e+01   03.84167000e+01   00.00000000e+00
  08.48378000e+01   05.77179000e+01   03.70789000e+01   00.00000000e+00
  08.55756000e+01   05.90843000e+01   03.80502000e+01   00.00000000e+00
  08.31364000e+01   05.81498000e+01   03.84581000e+01   00.00000000e+00
  08.31023000e+01   05.62782000e+01   03.99601000e+01   00.00000000e+00
  08.47185000e+01   05.59553000e+01   03.96916000e+01   00.00000000e+00
  08.32310000e+01   05.44302000e+01   03.84055000e+01   00.00000000e+00
  08.46829000e+01   05.51930000e+01   03.74948000e+01   00.00000000e+00
  08.30917000e+01   05.66480000e+01   03.64867000e+01   00.00000000e+00
  08.18718000e+01   05.61416000e+01   03.75257000e+01   00.00000000e+00
  08.30518000e+01   05.29331000e+01   03.64869000e+01   00.00000000e+00
  08.27522000e+01   05.29754000e+01   03.48379000e+01   00.00000000e+00
  08.41349000e+01   05.38031000e+01   03.53957000e+01   00.00000000e+00
  07.87743000e+01   06.01910000e+01   03.64417000e+01   05.57290000e-03
  07.80840000e+01   05.73334000e+01   03.64037000e+01  -01.28866000e-02
  08.01931000e+01   05.42425000e+01   03.62378000e+01   00.00000000e+00
  08.35089000e+01   06.22005000e+01   04.74048000e+01   00.00000000e+00
  08.45306000e+01   06.03871000e+01   04.25428000e+01   00.00000000e+00
  07.94263000e+01   05.49832000e+01   03.40026000e+01  -01.99830000e-03
  08.11580000e+01   05.55123000e+01   03.36177000e+01  -01.85290000e-03
