  07.92367000e+01   05.95130000e+01   03.41805000e+01  -06.11779000e-02
  07.88973000e+01   06.25935000e+01   04.34202000e+01   01.75852000e-02
  07.23004000e+01   05.79994000e+01   04.25694000e+01   01.01800000e-02
  07.52710000e+01   05.63710000e+01   03.52735000e+01  -01.32723000e-02
  07.81728000e+01   05.95081000e+01   03.75495000e+01  -04.57645000e-02
  08.04745000e+01   05.96180000e+01   03.33109000e+01   02.46758000e-02
  08.00732000e+01   06.27644000e+01   04.40985000e+01  -01.71993000e-02
  07.26993000e+01   05.64646000e+01   04.27723000e+01  -09.39340000e-03
  07.67532000e+01   05.69176000e+01   03.49857000e+01   07.66074000e-02
  07.78196000e+01   06.09056000e+01   04.02648000e+01   09.44338000e-02
  07.46941000e+01   05.55856000e+01   03.45514000e+01   01.54319000e-02
  08.12936000e+01   05.84212000e+01   03.27966000e+01  -01.56515000e-02
  07.77469000e+01   05.57640000e+01   03.49867000e+01  -02.00050000e-02
  07.54408000e+01   05.83719000e+01   03.81413000e+01  -08.09918000e-02
  07.83537000e+01   05.38222000e+01   03.61634000e+01   04.03650000e-03
  07.69319000e+01   05.79822000e+01   03.61021000e+01  -01.43447000e-01
  07.98315000e+01   06.07679000e+01   03.88285000e+01   01.23287000e-02
  07.64745000e+01   06.09183000e+01   04.23697000e+01   02.21683000e-01
  07.34465000e+01   05.81673000e+01   03.96503000e+01  -05.42921000e-02
  08.17694000e+01   05.89727000e+01   03.69570000e+01   02.66866000e-02
  08.11256000e+01   06.23763000e+01   04.10925000e+01   04.35609000e-02
  07.43774000e+01   05.98549000e+01   04.43840000e+01   02.36507000e-02
  07.25128000e+01   05.62164000e+01   03.72294000e+01  -06.09964000e-02
  08.24243000e+01   05.64086000e+01   03.36288000e+01   08.71130000e-03
  07.80870000e+01   05.87836000e+01   03.63842000e+01   01.26858000e-01
  07.91032000e+01   06.12659000e+01   03.99095000e+01  -03.45042000e-02
  07.54620000e+01   06.00177000e+01   04.20491000e+01  -02.04376000e-01
  07.41374000e+01   05.78351000e+01   03.83909000e+01   07.60142000e-02
  08.15297000e+01   05.81641000e+01   03.16133000e+01   05.08730000e-03
  07.86961000e+01   05.56261000e+01   03.41541000e+01   06.92200000e-04
  08.27243000e+01   05.59263000e+01   03.50461000e+01   00.00000000e+00
  07.94192000e+01   05.87873000e+01   03.55970000e+01   07.64245000e-02
  07.97018000e+01   06.19079000e+01   04.10785000e+01  -04.66821000e-02
  07.44246000e+01   05.94927000e+01   04.29590000e+01   01.65461000e-02
  07.37176000e+01   05.70097000e+01   03.73186000e+01   05.49912000e-02
  08.16925000e+01   05.76486000e+01   03.38828000e+01   03.30200000e-04
  07.74653000e+01   05.49625000e+01   03.60362000e+01   04.02810000e-03
  08.32045000e+01   05.47662000e+01   03.54449000e+01   00.00000000e+00
  08.03942000e+01   05.96004000e+01   03.65552000e+01  -04.69336000e-02
  07.87768000e+01   06.19660000e+01   04.20912000e+01  -07.68710000e-03
  07.35555000e+01   05.88335000e+01   04.21021000e+01  -03.37389000e-02
  07.48303000e+01   05.70333000e+01   03.64622000e+01   03.64969000e-02
  08.23280000e+01   05.35860000e+01   03.58716000e+01   00.00000000e+00
  07.93929000e+01   05.99576000e+01   03.77527000e+01  -09.58259000e-02
  07.76333000e+01   06.12679000e+01   04.15607000e+01  -01.77941000e-01
  07.40736000e+01   05.88553000e+01   04.07374000e+01   06.74294000e-02
  07.58349000e+01   05.77902000e+01   03.69811000e+01   01.44326000e-01
  08.46687000e+01   05.45441000e+01   03.54833000e+01   00.00000000e+00
  08.54968000e+01   05.57134000e+01   03.60473000e+01   00.00000000e+00
  08.54319000e+01   05.57568000e+01   03.76176000e+01   00.00000000e+00
  08.59725000e+01   05.70503000e+01   03.82660000e+01   00.00000000e+00
  08.73505000e+01   05.74501000e+01   03.77312000e+01   00.00000000e+00
  08.59705000e+01   05.68774000e+01   03.97665000e+01   00.00000000e+00
  08.61301000e+01   05.81444000e+01   04.06276000e+01   00.00000000e+00
  08.64582000e+01   05.77655000e+01   04.20826000e+01   00.00000000e+00
  08.65906000e+01   05.89504000e+01   04.30334000e+01   00.00000000e+00
  08.78247000e+01   05.97965000e+01   04.26725000e+01   00.00000000e+00
  08.66063000e+01   05.84783000e+01   04.45362000e+01   00.00000000e+00
  08.52504000e+01   05.80957000e+01   04.51263000e+01   00.00000000e+00
  08.51884000e+01   05.78657000e+01   04.66864000e+01   00.00000000e+00
  08.53363000e+01   05.90957000e+01   04.75885000e+01   00.00000000e+00
  08.41918000e+01   06.00901000e+01   04.73132000e+01   00.00000000e+00
  08.52828000e+01   05.84786000e+01   04.90200000e+01   00.00000000e+00
  07.52956000e+01   05.95132000e+01   04.07810000e+01   03.65717000e-02
  07.65862000e+01   05.97226000e+01   03.91299000e+01  -06.37550000e-03
  07.16387000e+01   05.67590000e+01   03.68307000e+01   01.79582000e-02
  07.27571000e+01   05.52735000e+01   03.67733000e+01   01.23366000e-02
  07.23255000e+01   05.59667000e+01   03.82557000e+01   01.80857000e-02
  07.37654000e+01   05.91070000e+01   04.48951000e+01  -03.55350000e-03
  07.53743000e+01   05.99792000e+01   04.48048000e+01  -05.48890000e-03
  07.39025000e+01   06.07921000e+01   04.46019000e+01  -05.73590000e-03
  08.15116000e+01   06.24538000e+01   04.01222000e+01  -01.16015000e-02
  08.12684000e+01   06.33786000e+01   04.15280000e+01  -01.03548000e-02
  08.16356000e+01   06.16989000e+01   04.16618000e+01  -01.10806000e-02
  08.14798000e+01   05.80442000e+01   03.74846000e+01  -06.50300000e-03
  08.24770000e+01   05.88265000e+01   03.60616000e+01  -03.84930000e-03
  08.23240000e+01   05.96795000e+01   03.75887000e+01  -06.75510000e-03
  07.80424000e+01   05.31449000e+01   03.69509000e+01   06.96000000e-05
  07.84567000e+01   05.33404000e+01   03.52365000e+01  -02.56130000e-03
  07.93374000e+01   05.42603000e+01   03.64831000e+01  -08.86000000e-04
  07.34523000e+01   05.62637000e+01   04.35421000e+01   02.66600000e-04
  07.17773000e+01   05.60032000e+01   04.31032000e+01   02.07780000e-03
  07.30065000e+01   05.61468000e+01   04.18327000e+01   03.44650000e-03
  08.00842000e+01   06.33210000e+01   04.50656000e+01   02.98050000e-03
  08.10070000e+01   06.23409000e+01   04.38204000e+01  -05.01900000e-04
  08.01707000e+01   06.01821000e+01   03.23999000e+01  -05.40000000e-06
  08.13029000e+01   06.02283000e+01   03.38242000e+01  -02.73660000e-03
  07.21028000e+01   05.83661000e+01   04.35366000e+01   06.65000000e-04
  07.14878000e+01   05.81450000e+01   04.19106000e+01  -04.07950000e-03
  07.86104000e+01   05.88663000e+01   03.35879000e+01   01.58140000e-02
  07.87841000e+01   06.05203000e+01   03.43584000e+01   09.11190000e-03
  08.60675000e+01   05.77209000e+01   04.90514000e+01   00.00000000e+00
  08.55543000e+01   05.93026000e+01   04.97474000e+01   00.00000000e+00
  08.43474000e+01   05.80491000e+01   04.92598000e+01   00.00000000e+00
  08.41666000e+01   06.04426000e+01   04.62577000e+01   00.00000000e+00
  08.32422000e+01   05.97032000e+01   04.76187000e+01   00.00000000e+00
  08.44639000e+01   06.09988000e+01   04.78050000e+01   00.00000000e+00
  08.42250000e+01   05.73187000e+01   04.69221000e+01   00.00000000e+00
  08.60329000e+01   05.71615000e+01   04.68945000e+01   00.00000000e+00
  08.46024000e+01   05.89159000e+01   04.47987000e+01   00.00000000e+00
  08.49745000e+01   05.71451000e+01   04.46957000e+01   00.00000000e+00
  08.73323000e+01   05.76246000e+01   04.46203000e+01   00.00000000e+00
  08.68685000e+01   05.93881000e+01   04.50971000e+01   00.00000000e+00
  08.86995000e+01   05.92064000e+01   04.25332000e+01   00.00000000e+00
  08.76255000e+01   06.03551000e+01   04.17836000e+01   00.00000000e+00
  08.80079000e+01   06.05618000e+01   04.34055000e+01   00.00000000e+00
  08.56958000e+01   05.71538000e+01   04.24959000e+01   00.00000000e+00
  08.73591000e+01   05.72154000e+01   04.21267000e+01   00.00000000e+00
  08.70207000e+01   05.86536000e+01   04.02666000e+01   00.00000000e+00
  08.52664000e+01   05.88092000e+01   04.06138000e+01   00.00000000e+00
  08.50095000e+01   05.63835000e+01   04.00798000e+01   00.00000000e+00
  08.66312000e+01   05.60574000e+01   04.00563000e+01   00.00000000e+00
  07.25882000e+01   05.75354000e+01   03.99382000e+01   07.20400000e-04
  07.64402000e+01   06.13409000e+01   04.34223000e+01  -02.39543000e-02
  08.09040000e+01   06.10386000e+01   03.88442000e+01   04.89340000e-03
  07.67012000e+01   05.73979000e+01   03.39994000e+01  -02.28199000e-02
  07.79630000e+01   06.29750000e+01   04.38906000e+01  -01.51750000e-03
  08.76350000e+01   05.84748000e+01   03.79978000e+01   00.00000000e+00
  08.81068000e+01   05.67585000e+01   03.81692000e+01   00.00000000e+00
  08.73478000e+01   05.73231000e+01   03.66561000e+01   00.00000000e+00
  08.52485000e+01   05.77747000e+01   03.79214000e+01   00.00000000e+00
  08.43621000e+01   05.55935000e+01   03.77597000e+01   00.00000000e+00
  08.59841000e+01   05.48739000e+01   03.79756000e+01   00.00000000e+00
  08.65664000e+01   05.54894000e+01   03.58566000e+01   00.00000000e+00
  08.51994000e+01   05.66546000e+01   03.56093000e+01   00.00000000e+00
  08.49043000e+01   05.35809000e+01   03.60248000e+01   00.00000000e+00
  08.49731000e+01   05.43087000e+01   03.44572000e+01   00.00000000e+00
  08.26215000e+01   05.26788000e+01   03.53128000e+01   00.00000000e+00
  08.24165000e+01   05.33141000e+01   03.69674000e+01   00.00000000e+00
  08.13241000e+01   05.37594000e+01   03.55938000e+01   00.00000000e+00
  08.06520000e+01   06.05026000e+01   03.60506000e+01   05.57290000e-03
  07.98225000e+01   05.77882000e+01   03.54154000e+01  -01.28866000e-02
  08.25424000e+01   05.66244000e+01   03.58846000e+01   00.00000000e+00
  08.63552000e+01   05.95342000e+01   04.73842000e+01   00.00000000e+00
  08.56287000e+01   05.94385000e+01   04.29883000e+01   00.00000000e+00
  08.17695000e+01   05.56728000e+01   03.30637000e+01  -01.99830000e-03
  08.33787000e+01   05.65173000e+01   03.31156000e+01  -01.85290000e-03
