  07.78129000e+01   05.90004000e+01   03.54104000e+01  -06.11779000e-02
  07.78984000e+01   06.31806000e+01   04.40915000e+01   01.75852000e-02
  07.08448000e+01   05.90902000e+01   04.38561000e+01   01.01800000e-02
  07.36196000e+01   05.63827000e+01   03.66481000e+01  -01.32723000e-02
  07.68869000e+01   05.94283000e+01   03.87215000e+01  -04.57645000e-02
  07.90589000e+01   05.90384000e+01   03.44039000e+01   02.46758000e-02
  07.69806000e+01   06.37345000e+01   04.49086000e+01  -01.71993000e-02
  07.11138000e+01   05.76927000e+01   04.43665000e+01  -09.39340000e-03
  07.51391000e+01   05.67367000e+01   03.64311000e+01   07.66074000e-02
  07.66421000e+01   06.12209000e+01   04.11801000e+01   09.44338000e-02
  07.30053000e+01   05.54883000e+01   03.60252000e+01   01.54319000e-02
  07.97040000e+01   05.76806000e+01   03.39013000e+01  -01.56515000e-02
  07.60170000e+01   05.54526000e+01   03.64998000e+01  -02.00050000e-02
  07.39653000e+01   05.86426000e+01   03.92912000e+01  -08.09918000e-02
  07.63669000e+01   05.34057000e+01   03.75848000e+01   04.03650000e-03
  07.54831000e+01   05.78151000e+01   03.75091000e+01  -01.43447000e-01
  07.85138000e+01   06.10891000e+01   03.95314000e+01   01.23287000e-02
  07.52989000e+01   06.15862000e+01   04.31817000e+01   02.21683000e-01
  07.21166000e+01   05.86463000e+01   04.09838000e+01  -05.42921000e-02
  08.02056000e+01   05.88265000e+01   03.83353000e+01   02.66866000e-02
  08.00152000e+01   06.28665000e+01   04.16356000e+01   04.35609000e-02
  07.29060000e+01   06.13669000e+01   04.52495000e+01   02.36507000e-02
  07.08185000e+01   05.66498000e+01   03.87801000e+01  -06.09964000e-02
  08.04966000e+01   05.55632000e+01   03.46651000e+01   08.71130000e-03
  07.66981000e+01   05.85418000e+01   03.76219000e+01   01.26858000e-01
  07.78510000e+01   06.15469000e+01   04.07438000e+01  -03.45042000e-02
  07.41523000e+01   06.08408000e+01   04.29432000e+01  -02.04376000e-01
  07.26857000e+01   05.81982000e+01   03.97461000e+01   07.60142000e-02
  07.99180000e+01   05.73932000e+01   03.27094000e+01   05.08730000e-03
  07.68934000e+01   05.51848000e+01   03.56667000e+01   06.92200000e-04
  08.06386000e+01   05.46594000e+01   03.59012000e+01   00.00000000e+00
  07.79919000e+01   05.85417000e+01   03.67954000e+01   07.64245000e-02
  07.85952000e+01   06.23473000e+01   04.16965000e+01  -04.66821000e-02
  07.30079000e+01   06.06640000e+01   04.38777000e+01   01.65461000e-02
  07.21641000e+01   05.72755000e+01   03.87307000e+01   05.49912000e-02
  07.98924000e+01   05.68230000e+01   03.49903000e+01   03.30200000e-04
  07.57259000e+01   05.47097000e+01   03.76217000e+01   04.02810000e-03
  08.16968000e+01   05.43908000e+01   03.66490000e+01   00.00000000e+00
  07.89780000e+01   05.94197000e+01   03.76515000e+01  -04.69336000e-02
  07.76615000e+01   06.24929000e+01   04.27779000e+01  -07.68710000e-03
  07.21698000e+01   05.97131000e+01   04.32597000e+01  -03.37389000e-02
  07.31872000e+01   05.71251000e+01   03.78507000e+01   03.64969000e-02
  08.25743000e+01   05.32038000e+01   03.63094000e+01   00.00000000e+00
  07.80199000e+01   06.01173000e+01   03.86472000e+01  -09.58259000e-02
  07.64690000e+01   06.17705000e+01   04.23908000e+01  -01.77941000e-01
  07.26889000e+01   05.94966000e+01   04.19438000e+01   06.74294000e-02
  07.43133000e+01   05.79324000e+01   03.82407000e+01   01.44326000e-01
  08.19930000e+01   05.52926000e+01   03.78703000e+01   00.00000000e+00
  08.31102000e+01   05.63643000e+01   03.77745000e+01   00.00000000e+00
  08.33947000e+01   05.69672000e+01   03.91401000e+01   00.00000000e+00
  08.41648000e+01   05.83674000e+01   03.91790000e+01   00.00000000e+00
  08.54088000e+01   05.84038000e+01   03.82951000e+01   00.00000000e+00
  08.42296000e+01   05.89318000e+01   04.05861000e+01   00.00000000e+00
  08.29025000e+01   05.94080000e+01   04.12002000e+01   00.00000000e+00
  08.30801000e+01   06.03603000e+01   04.24120000e+01   00.00000000e+00
  08.40540000e+01   06.00784000e+01   04.36234000e+01   00.00000000e+00
  08.38070000e+01   05.86542000e+01   04.42167000e+01   00.00000000e+00
  08.38743000e+01   06.12382000e+01   04.47086000e+01   00.00000000e+00
  08.25610000e+01   06.12113000e+01   04.55812000e+01   00.00000000e+00
  08.25751000e+01   06.23399000e+01   04.65531000e+01   00.00000000e+00
  08.14165000e+01   06.25046000e+01   04.74850000e+01   00.00000000e+00
  08.18187000e+01   06.36167000e+01   04.85140000e+01   00.00000000e+00
  08.01555000e+01   06.29432000e+01   04.67380000e+01   00.00000000e+00
  07.39386000e+01   06.00976000e+01   04.18073000e+01   03.65717000e-02
  07.53177000e+01   06.00277000e+01   04.01692000e+01  -06.37550000e-03
  07.07826000e+01   05.57123000e+01   03.82710000e+01   01.79582000e-02
  07.05077000e+01   05.65771000e+01   03.98070000e+01   01.23366000e-02
  07.01210000e+01   05.72798000e+01   03.82412000e+01   01.80857000e-02
  07.31022000e+01   06.24266000e+01   04.51055000e+01  -03.55350000e-03
  07.19592000e+01   06.11961000e+01   04.58476000e+01  -05.48890000e-03
  07.36738000e+01   06.09985000e+01   04.59322000e+01  -05.73590000e-03
  08.04886000e+01   06.28557000e+01   04.06205000e+01  -01.16015000e-02
  08.00505000e+01   06.39161000e+01   04.18904000e+01  -01.03548000e-02
  08.06347000e+01   06.21650000e+01   04.21661000e+01  -01.10806000e-02
  07.98462000e+01   05.80004000e+01   03.89431000e+01  -06.50300000e-03
  08.09323000e+01   05.85473000e+01   03.75239000e+01  -03.84930000e-03
  08.06048000e+01   05.96118000e+01   03.90249000e+01  -06.75510000e-03
  07.56589000e+01   05.27669000e+01   03.70733000e+01   06.96000000e-05
  07.73966000e+01   05.34005000e+01   03.72381000e+01  -02.56130000e-03
  07.63469000e+01   05.29394000e+01   03.85760000e+01  -08.86000000e-04
  07.02213000e+01   05.76076000e+01   04.49804000e+01   02.66600000e-04
  07.12705000e+01   05.69764000e+01   04.36136000e+01   02.07780000e-03
  07.19712000e+01   05.77344000e+01   04.50725000e+01   03.44650000e-03
  07.74020000e+01   06.40899000e+01   04.58440000e+01   02.98050000e-03
  07.58855000e+01   06.38408000e+01   04.47826000e+01  -05.01900000e-04
  07.88408000e+01   05.96648000e+01   03.35511000e+01  -05.40000000e-06
  07.98746000e+01   05.94388000e+01   03.49213000e+01  -02.73660000e-03
  07.04114000e+01   05.98249000e+01   04.45174000e+01   06.65000000e-04
  07.01476000e+01   05.91347000e+01   04.31135000e+01  -04.07950000e-03
  07.69084000e+01   05.84939000e+01   03.50507000e+01   01.58140000e-02
  07.74264000e+01   05.99741000e+01   03.54441000e+01   09.11190000e-03
  08.03132000e+01   06.37261000e+01   04.59646000e+01   00.00000000e+00
  07.97102000e+01   06.20738000e+01   04.62238000e+01   00.00000000e+00
  07.94199000e+01   06.33026000e+01   04.74426000e+01   00.00000000e+00
  08.18664000e+01   06.45814000e+01   04.79804000e+01   00.00000000e+00
  08.10073000e+01   06.38501000e+01   04.92757000e+01   00.00000000e+00
  08.27486000e+01   06.33995000e+01   04.89783000e+01   00.00000000e+00
  08.34146000e+01   06.21345000e+01   04.71732000e+01   00.00000000e+00
  08.27779000e+01   06.32945000e+01   04.60239000e+01   00.00000000e+00
  08.17004000e+01   06.11855000e+01   04.49481000e+01   00.00000000e+00
  08.25804000e+01   06.02330000e+01   04.60671000e+01   00.00000000e+00
  08.47528000e+01   06.11244000e+01   04.53249000e+01   00.00000000e+00
  08.39303000e+01   06.21979000e+01   04.41130000e+01   00.00000000e+00
  08.41306000e+01   05.79320000e+01   04.35028000e+01   00.00000000e+00
  08.42701000e+01   05.84009000e+01   04.52297000e+01   00.00000000e+00
  08.27394000e+01   05.83924000e+01   04.42508000e+01   00.00000000e+00
  08.34519000e+01   06.13496000e+01   04.20244000e+01   00.00000000e+00
  08.20859000e+01   06.04224000e+01   04.28641000e+01   00.00000000e+00
  08.23554000e+01   06.00668000e+01   04.04810000e+01   00.00000000e+00
  08.24394000e+01   05.84987000e+01   04.15113000e+01   00.00000000e+00
  08.47498000e+01   05.81988000e+01   04.11873000e+01   00.00000000e+00
  08.48317000e+01   05.98009000e+01   04.04351000e+01   00.00000000e+00
  07.11253000e+01   05.82339000e+01   04.12432000e+01   07.20400000e-04
  07.52820000e+01   06.19867000e+01   04.41798000e+01  -02.39543000e-02
  07.95367000e+01   06.13463000e+01   03.93649000e+01   04.89340000e-03
  07.52631000e+01   05.71268000e+01   03.54147000e+01  -02.28199000e-02
  07.89364000e+01   06.32507000e+01   04.43483000e+01  -01.51750000e-03
  08.62550000e+01   05.76850000e+01   03.84673000e+01   00.00000000e+00
  08.50031000e+01   05.83587000e+01   03.72535000e+01   00.00000000e+00
  08.58188000e+01   05.94560000e+01   03.82378000e+01   00.00000000e+00
  08.34952000e+01   05.90306000e+01   03.87246000e+01   00.00000000e+00
  08.23835000e+01   05.71352000e+01   03.95036000e+01   00.00000000e+00
  08.38611000e+01   05.62501000e+01   03.98080000e+01   00.00000000e+00
  08.39757000e+01   05.57250000e+01   03.75187000e+01   00.00000000e+00
  08.28697000e+01   05.71835000e+01   03.70790000e+01   00.00000000e+00
  08.10113000e+01   05.57603000e+01   03.81605000e+01   00.00000000e+00
  08.24571000e+01   05.46969000e+01   03.86779000e+01   00.00000000e+00
  08.22674000e+01   05.24125000e+01   03.68964000e+01   00.00000000e+00
  08.23759000e+01   05.28600000e+01   03.52384000e+01   00.00000000e+00
  08.36430000e+01   05.34097000e+01   03.63675000e+01   00.00000000e+00
  07.93388000e+01   06.02372000e+01   03.70431000e+01   05.57290000e-03
  07.82553000e+01   05.74917000e+01   03.67442000e+01  -01.28866000e-02
  07.96784000e+01   05.41657000e+01   03.61700000e+01   00.00000000e+00
  08.11581000e+01   06.15967000e+01   04.80123000e+01   00.00000000e+00
  08.50526000e+01   06.00146000e+01   04.32602000e+01   00.00000000e+00
  07.99318000e+01   05.51787000e+01   03.38153000e+01  -01.99830000e-03
  08.15106000e+01   05.56767000e+01   03.43152000e+01  -01.85290000e-03
