  07.83031000e+01   05.68686000e+01   03.49078000e+01  -06.11779000e-02
  07.84316000e+01   06.13912000e+01   04.34289000e+01   01.75852000e-02
  07.13384000e+01   05.73900000e+01   04.33304000e+01   01.01800000e-02
  07.40050000e+01   05.46224000e+01   03.61362000e+01  -01.32723000e-02
  07.72914000e+01   05.75050000e+01   03.82648000e+01  -04.57645000e-02
  07.96454000e+01   05.67524000e+01   03.40962000e+01   02.46758000e-02
  07.95237000e+01   06.10864000e+01   04.41557000e+01  -01.71993000e-02
  07.09532000e+01   05.58853000e+01   04.32497000e+01  -09.39340000e-03
  07.54407000e+01   05.50151000e+01   03.58604000e+01   07.66074000e-02
  07.71358000e+01   05.93092000e+01   04.05209000e+01   09.44338000e-02
  07.32750000e+01   05.38690000e+01   03.54337000e+01   01.54319000e-02
  08.00300000e+01   05.53297000e+01   03.37873000e+01  -01.56515000e-02
  07.63023000e+01   05.38235000e+01   03.54576000e+01  -02.00050000e-02
  07.46096000e+01   05.65496000e+01   03.89840000e+01  -08.09918000e-02
  07.69570000e+01   05.16910000e+01   03.62741000e+01   04.03650000e-03
  07.59444000e+01   05.59849000e+01   03.69947000e+01  -01.43447000e-01
  07.90817000e+01   05.89402000e+01   03.90440000e+01   01.23287000e-02
  07.59145000e+01   05.95825000e+01   04.27101000e+01   02.21683000e-01
  07.27027000e+01   05.67379000e+01   04.04546000e+01  -05.42921000e-02
  08.07173000e+01   05.65566000e+01   03.77592000e+01   02.66866000e-02
  08.03290000e+01   06.11268000e+01   04.07761000e+01   04.35609000e-02
  07.34284000e+01   05.95114000e+01   04.47533000e+01   02.36507000e-02
  07.13078000e+01   05.49437000e+01   03.81202000e+01  -06.09964000e-02
  08.08053000e+01   05.33653000e+01   03.49296000e+01   08.71130000e-03
  07.71362000e+01   05.66494000e+01   03.71981000e+01   01.26858000e-01
  07.83900000e+01   05.96651000e+01   04.00925000e+01  -03.45042000e-02
  07.46820000e+01   05.89655000e+01   04.24411000e+01  -02.04376000e-01
  07.32794000e+01   05.62743000e+01   03.93322000e+01   07.60142000e-02
  07.98879000e+01   05.46882000e+01   03.27760000e+01   05.08730000e-03
  07.68042000e+01   05.36349000e+01   03.43446000e+01   06.92200000e-04
  08.11181000e+01   05.29762000e+01   03.63321000e+01   00.00000000e+00
  07.83872000e+01   05.64317000e+01   03.64147000e+01   07.64245000e-02
  07.89719000e+01   06.06315000e+01   04.10351000e+01  -04.66821000e-02
  07.35787000e+01   05.87903000e+01   04.34087000e+01   01.65461000e-02
  07.26782000e+01   05.54990000e+01   03.82804000e+01   05.49912000e-02
  08.05642000e+01   05.48050000e+01   03.48504000e+01   03.30200000e-04
  07.62579000e+01   05.29243000e+01   03.64872000e+01   04.02810000e-03
  08.18215000e+01   05.18723000e+01   03.68349000e+01   00.00000000e+00
  07.93933000e+01   05.72952000e+01   03.72149000e+01  -04.69336000e-02
  07.81263000e+01   06.07494000e+01   04.21177000e+01  -07.68710000e-03
  07.26785000e+01   05.78677000e+01   04.28183000e+01  -03.37389000e-02
  07.36708000e+01   05.52862000e+01   03.73360000e+01   03.64969000e-02
  08.11130000e+01   05.05520000e+01   03.71966000e+01   00.00000000e+00
  07.85364000e+01   05.79181000e+01   03.82603000e+01  -09.58259000e-02
  07.69628000e+01   05.98750000e+01   04.18129000e+01  -01.77941000e-01
  07.32260000e+01   05.75595000e+01   04.14791000e+01   06.74294000e-02
  07.48245000e+01   05.59494000e+01   03.78172000e+01   01.44326000e-01
  08.33104000e+01   05.20136000e+01   03.69760000e+01   00.00000000e+00
  08.35904000e+01   05.31620000e+01   03.79826000e+01   00.00000000e+00
  08.50826000e+01   05.32958000e+01   03.83240000e+01   00.00000000e+00
  08.55832000e+01   05.46862000e+01   03.88177000e+01   00.00000000e+00
  08.71302000e+01   05.49096000e+01   03.84444000e+01   00.00000000e+00
  08.54389000e+01   05.50149000e+01   04.03730000e+01   00.00000000e+00
  08.39857000e+01   05.52513000e+01   04.07820000e+01   00.00000000e+00
  08.39057000e+01   05.60769000e+01   04.21046000e+01   00.00000000e+00
  08.24914000e+01   05.64430000e+01   04.26074000e+01   00.00000000e+00
  08.19023000e+01   05.76337000e+01   04.17689000e+01   00.00000000e+00
  08.24752000e+01   05.65427000e+01   04.41177000e+01   00.00000000e+00
  08.30583000e+01   05.78210000e+01   04.46798000e+01   00.00000000e+00
  08.33298000e+01   05.76526000e+01   04.62088000e+01   00.00000000e+00
  08.40385000e+01   05.89041000e+01   04.67758000e+01   00.00000000e+00
  08.29719000e+01   05.99672000e+01   04.70469000e+01   00.00000000e+00
  08.48382000e+01   05.84442000e+01   04.80973000e+01   00.00000000e+00
  07.44517000e+01   05.82692000e+01   04.13287000e+01   03.65717000e-02
  07.58436000e+01   05.80887000e+01   03.96757000e+01  -06.37550000e-03
  07.06822000e+01   05.46366000e+01   03.89463000e+01   01.79582000e-02
  07.07727000e+01   05.56907000e+01   03.75149000e+01   01.23366000e-02
  07.12950000e+01   05.40531000e+01   03.74932000e+01   01.80857000e-02
  07.39060000e+01   05.89566000e+01   04.55893000e+01  -03.55350000e-03
  07.38340000e+01   06.04674000e+01   04.45321000e+01  -05.48890000e-03
  07.23750000e+01   05.96936000e+01   04.49623000e+01  -05.73590000e-03
  08.09784000e+01   06.02160000e+01   04.08026000e+01  -01.16015000e-02
  08.04629000e+01   06.16478000e+01   03.98162000e+01  -01.03548000e-02
  08.05618000e+01   06.18874000e+01   04.15778000e+01  -01.10806000e-02
  08.13896000e+01   05.72004000e+01   03.83452000e+01  -06.50300000e-03
  08.04927000e+01   05.56630000e+01   03.83021000e+01  -03.84930000e-03
  08.12535000e+01   05.62618000e+01   03.68246000e+01  -06.75510000e-03
  07.65702000e+01   05.12385000e+01   03.53317000e+01   06.96000000e-05
  07.80190000e+01   05.19088000e+01   03.63053000e+01  -02.56130000e-03
  07.66641000e+01   05.09977000e+01   03.70638000e+01  -08.86000000e-04
  07.19459000e+01   05.54401000e+01   04.31123000e+01   02.66600000e-04
  07.03003000e+01   05.55598000e+01   04.39708000e+01   02.07780000e-03
  07.05271000e+01   05.57615000e+01   04.22533000e+01   03.44650000e-03
  07.98159000e+01   06.16331000e+01   04.51012000e+01   02.98050000e-03
  08.02893000e+01   06.04204000e+01   04.37406000e+01  -05.01900000e-04
  07.96329000e+01   05.73015000e+01   03.31478000e+01  -05.40000000e-06
  08.03715000e+01   05.71375000e+01   03.48267000e+01  -02.73660000e-03
  07.12957000e+01   05.75576000e+01   04.44277000e+01   06.65000000e-04
  07.05814000e+01   05.80695000e+01   04.28369000e+01  -04.07950000e-03
  07.74722000e+01   05.62776000e+01   03.44277000e+01   01.58140000e-02
  07.79822000e+01   05.79011000e+01   03.49364000e+01   09.11190000e-03
  08.57259000e+01   05.78786000e+01   04.78306000e+01   00.00000000e+00
  08.51672000e+01   05.92896000e+01   04.87284000e+01   00.00000000e+00
  08.42177000e+01   05.77156000e+01   04.86656000e+01   00.00000000e+00
  08.34672000e+01   06.08405000e+01   04.74084000e+01   00.00000000e+00
  08.24777000e+01   06.02592000e+01   04.61374000e+01   00.00000000e+00
  08.23304000e+01   05.96472000e+01   04.78633000e+01   00.00000000e+00
  08.24813000e+01   05.74204000e+01   04.67885000e+01   00.00000000e+00
  08.40032000e+01   05.67783000e+01   04.64968000e+01   00.00000000e+00
  08.39038000e+01   05.81860000e+01   04.40478000e+01   00.00000000e+00
  08.22512000e+01   05.84893000e+01   04.44983000e+01   00.00000000e+00
  08.14667000e+01   05.64340000e+01   04.43707000e+01   00.00000000e+00
  08.30290000e+01   05.57057000e+01   04.44770000e+01   00.00000000e+00
  08.23122000e+01   05.77283000e+01   04.07936000e+01   00.00000000e+00
  08.08358000e+01   05.73064000e+01   04.16471000e+01   00.00000000e+00
  08.17963000e+01   05.85662000e+01   04.22362000e+01   00.00000000e+00
  08.44013000e+01   05.54901000e+01   04.28689000e+01   00.00000000e+00
  08.43817000e+01   05.70094000e+01   04.18975000e+01   00.00000000e+00
  08.34258000e+01   05.58098000e+01   04.00621000e+01   00.00000000e+00
  08.35447000e+01   05.42809000e+01   04.09549000e+01   00.00000000e+00
  08.58814000e+01   05.41540000e+01   04.07819000e+01   00.00000000e+00
  08.59956000e+01   05.59758000e+01   04.06236000e+01   00.00000000e+00
  07.16701000e+01   05.65088000e+01   04.05691000e+01   07.20400000e-04
  07.60300000e+01   05.99659000e+01   04.37230000e+01  -02.39543000e-02
  08.00507000e+01   05.93162000e+01   03.87157000e+01   04.89340000e-03
  07.54753000e+01   05.57202000e+01   03.50216000e+01  -02.28199000e-02
  07.77302000e+01   06.21500000e+01   04.38353000e+01  -01.51750000e-03
  08.76536000e+01   05.58131000e+01   03.88872000e+01   00.00000000e+00
  08.76664000e+01   05.40024000e+01   03.87936000e+01   00.00000000e+00
  08.72674000e+01   05.49138000e+01   03.73856000e+01   00.00000000e+00
  08.50356000e+01   05.54092000e+01   03.82288000e+01   00.00000000e+00
  08.55077000e+01   05.25106000e+01   03.89046000e+01   00.00000000e+00
  08.55042000e+01   05.31065000e+01   03.73714000e+01   00.00000000e+00
  08.34238000e+01   05.41377000e+01   03.74685000e+01   00.00000000e+00
  08.29822000e+01   05.32722000e+01   03.88995000e+01   00.00000000e+00
  08.37057000e+01   05.11290000e+01   03.73942000e+01   00.00000000e+00
  08.38116000e+01   05.22472000e+01   03.60856000e+01   00.00000000e+00
  08.00024000e+01   05.07198000e+01   03.72696000e+01   00.00000000e+00
  08.13661000e+01   04.98510000e+01   03.63729000e+01   00.00000000e+00
  08.15069000e+01   05.01888000e+01   03.81543000e+01   00.00000000e+00
  07.97162000e+01   05.81315000e+01   03.65825000e+01   05.57290000e-03
  07.87286000e+01   05.53929000e+01   03.64227000e+01  -01.28866000e-02
  08.07200000e+01   05.36490000e+01   03.71403000e+01   00.00000000e+00
  08.46585000e+01   05.93251000e+01   04.59735000e+01   00.00000000e+00
  08.19252000e+01   05.54983000e+01   04.23154000e+01   00.00000000e+00
  07.99218000e+01   05.29458000e+01   03.45030000e+01  -01.99830000e-03
  08.16088000e+01   05.31373000e+01   03.42467000e+01  -01.85290000e-03
