  07.70863000e+01   05.74855000e+01   03.53152000e+01  -06.11779000e-02
  07.72685000e+01   06.19685000e+01   04.40631000e+01   01.75852000e-02
  07.04319000e+01   05.76024000e+01   04.40367000e+01   01.01800000e-02
  07.31674000e+01   05.50313000e+01   03.66433000e+01  -01.32723000e-02
  07.61939000e+01   05.82544000e+01   03.86907000e+01  -04.57645000e-02
  07.82019000e+01   05.77458000e+01   03.42631000e+01   02.46758000e-02
  07.79370000e+01   06.14075000e+01   04.50505000e+01  -01.71993000e-02
  07.03750000e+01   05.60566000e+01   04.41798000e+01  -09.39340000e-03
  07.47964000e+01   05.53262000e+01   03.66441000e+01   07.66074000e-02
  07.60447000e+01   05.99491000e+01   04.11335000e+01   09.44338000e-02
  07.25244000e+01   05.43834000e+01   03.58530000e+01   01.54319000e-02
  07.88585000e+01   05.64380000e+01   03.39169000e+01  -01.56515000e-02
  07.55832000e+01   05.40828000e+01   03.69422000e+01  -02.00050000e-02
  07.35004000e+01   05.72407000e+01   03.94324000e+01  -08.09918000e-02
  07.52038000e+01   05.17665000e+01   03.72625000e+01   04.03650000e-03
  07.50249000e+01   05.65137000e+01   03.75638000e+01  -01.43447000e-01
  07.78047000e+01   05.99991000e+01   03.94366000e+01   01.23287000e-02
  07.48109000e+01   06.01653000e+01   04.32837000e+01   02.21683000e-01
  07.16794000e+01   05.72470000e+01   04.10605000e+01  -05.42921000e-02
  07.97062000e+01   05.79971000e+01   03.79988000e+01   02.66866000e-02
  07.93588000e+01   06.16791000e+01   04.15720000e+01   04.35609000e-02
  07.26019000e+01   05.99050000e+01   04.54470000e+01   02.36507000e-02
  07.05018000e+01   05.52064000e+01   03.89835000e+01  -06.09964000e-02
  07.95985000e+01   05.44698000e+01   03.51039000e+01   08.71130000e-03
  07.61881000e+01   05.73089000e+01   03.77229000e+01   01.26858000e-01
  07.73170000e+01   06.03136000e+01   04.07581000e+01  -03.45042000e-02
  07.36778000e+01   05.93062000e+01   04.30982000e+01  -02.04376000e-01
  07.22894000e+01   05.68494000e+01   03.98644000e+01   07.60142000e-02
  07.87336000e+01   05.57920000e+01   03.28978000e+01   05.08730000e-03
  07.67991000e+01   05.38937000e+01   03.67463000e+01   06.92200000e-04
  08.04556000e+01   05.42142000e+01   03.63257000e+01   00.00000000e+00
  07.74659000e+01   05.73192000e+01   03.68341000e+01   07.64245000e-02
  07.79454000e+01   06.12237000e+01   04.17177000e+01  -04.66821000e-02
  07.26030000e+01   05.91779000e+01   04.40305000e+01   01.65461000e-02
  07.17874000e+01   05.59360000e+01   03.88685000e+01   05.49912000e-02
  07.93088000e+01   05.59077000e+01   03.51237000e+01   03.30200000e-04
  07.46790000e+01   05.30922000e+01   03.74257000e+01   04.02810000e-03
  08.12769000e+01   05.31667000e+01   03.64741000e+01   00.00000000e+00
  07.82787000e+01   05.84582000e+01   03.74855000e+01  -04.69336000e-02
  07.70407000e+01   06.12550000e+01   04.27742000e+01  -07.68710000e-03
  07.16831000e+01   05.82222000e+01   04.34718000e+01  -03.37389000e-02
  07.28104000e+01   05.57572000e+01   03.79416000e+01   03.64969000e-02
  08.07539000e+01   05.19199000e+01   03.70430000e+01   00.00000000e+00
  07.73074000e+01   05.90625000e+01   03.85299000e+01  -09.58259000e-02
  07.58850000e+01   06.04251000e+01   04.24744000e+01  -01.77941000e-01
  07.22143000e+01   05.79915000e+01   04.20965000e+01   06.74294000e-02
  07.38196000e+01   05.65502000e+01   03.83185000e+01   01.44326000e-01
  08.27422000e+01   05.32105000e+01   03.60021000e+01   00.00000000e+00
  08.34602000e+01   05.45563000e+01   03.62130000e+01   00.00000000e+00
  08.36414000e+01   05.48654000e+01   03.77046000e+01   00.00000000e+00
  08.40043000e+01   05.63587000e+01   03.80890000e+01   00.00000000e+00
  08.52013000e+01   05.69757000e+01   03.72809000e+01   00.00000000e+00
  08.42340000e+01   05.64904000e+01   03.96157000e+01   00.00000000e+00
  08.30283000e+01   05.65836000e+01   04.05233000e+01   00.00000000e+00
  08.31967000e+01   05.75711000e+01   04.17003000e+01   00.00000000e+00
  08.42665000e+01   05.72078000e+01   04.28158000e+01   00.00000000e+00
  08.39633000e+01   05.58478000e+01   04.35869000e+01   00.00000000e+00
  08.44584000e+01   05.82430000e+01   04.39331000e+01   00.00000000e+00
  08.31700000e+01   05.87731000e+01   04.46073000e+01   00.00000000e+00
  08.34315000e+01   05.98357000e+01   04.56701000e+01   00.00000000e+00
  08.20947000e+01   06.04739000e+01   04.62995000e+01   00.00000000e+00
  08.23919000e+01   06.12931000e+01   04.75438000e+01   00.00000000e+00
  08.11853000e+01   06.13285000e+01   04.53679000e+01   00.00000000e+00
  07.34734000e+01   05.86415000e+01   04.19612000e+01   03.65717000e-02
  07.47204000e+01   05.86352000e+01   04.02260000e+01  -06.37550000e-03
  07.03249000e+01   05.46890000e+01   03.80726000e+01   01.79582000e-02
  07.04881000e+01   05.45777000e+01   03.98519000e+01   01.23366000e-02
  06.97234000e+01   05.58947000e+01   03.91626000e+01   01.80857000e-02
  07.31376000e+01   06.07847000e+01   04.55020000e+01  -03.55350000e-03
  07.15913000e+01   06.02880000e+01   04.56963000e+01  -05.48890000e-03
  07.28922000e+01   05.92498000e+01   04.62428000e+01  -05.73590000e-03
  07.95908000e+01   06.23533000e+01   04.24207000e+01  -01.16015000e-02
  08.01006000e+01   06.08381000e+01   04.15448000e+01  -01.03548000e-02
  07.94744000e+01   06.23096000e+01   04.06916000e+01  -01.10806000e-02
  08.02853000e+01   05.76111000e+01   03.71669000e+01  -06.50300000e-03
  08.01112000e+01   05.89447000e+01   03.84088000e+01  -03.84930000e-03
  07.97231000e+01   05.71546000e+01   03.86817000e+01  -06.75510000e-03
  07.56332000e+01   05.16365000e+01   03.62491000e+01   06.96000000e-05
  07.59940000e+01   05.16971000e+01   03.80441000e+01  -02.56130000e-03
  07.43348000e+01   05.11483000e+01   03.75365000e+01  -08.86000000e-04
  07.07459000e+01   05.57822000e+01   04.51922000e+01   02.66600000e-04
  06.93040000e+01   05.57654000e+01   04.40372000e+01   02.07780000e-03
  07.09393000e+01   05.56728000e+01   04.34341000e+01   03.44650000e-03
  07.80797000e+01   06.18440000e+01   04.60467000e+01   02.98050000e-03
  07.83631000e+01   06.03849000e+01   04.49698000e+01  -05.01900000e-04
  07.78562000e+01   05.80703000e+01   03.33079000e+01  -05.40000000e-06
  07.88906000e+01   05.85324000e+01   03.46442000e+01  -02.73660000e-03
  07.01746000e+01   05.80151000e+01   04.50062000e+01   06.65000000e-04
  06.96345000e+01   05.78328000e+01   04.33910000e+01  -04.07950000e-03
  07.66648000e+01   05.65945000e+01   03.50475000e+01   01.58140000e-02
  07.62809000e+01   05.82624000e+01   03.51590000e+01   09.11190000e-03
  08.18446000e+01   06.17999000e+01   04.46628000e+01   00.00000000e+00
  08.05229000e+01   06.07775000e+01   04.47037000e+01   00.00000000e+00
  08.06180000e+01   06.19375000e+01   04.60327000e+01   00.00000000e+00
  08.31233000e+01   06.21501000e+01   04.74725000e+01   00.00000000e+00
  08.14034000e+01   06.17245000e+01   04.78882000e+01   00.00000000e+00
  08.28425000e+01   06.06290000e+01   04.83026000e+01   00.00000000e+00
  08.41932000e+01   05.94696000e+01   04.63602000e+01   00.00000000e+00
  08.39823000e+01   06.05611000e+01   04.51364000e+01   00.00000000e+00
  08.24918000e+01   05.91834000e+01   04.38279000e+01   00.00000000e+00
  08.26855000e+01   05.79678000e+01   04.51161000e+01   00.00000000e+00
  08.51420000e+01   05.78037000e+01   04.46518000e+01   00.00000000e+00
  08.49015000e+01   05.92114000e+01   04.36040000e+01   00.00000000e+00
  08.30454000e+01   05.59384000e+01   04.41626000e+01   00.00000000e+00
  08.37011000e+01   05.51117000e+01   04.28531000e+01   00.00000000e+00
  08.47899000e+01   05.54861000e+01   04.42330000e+01   00.00000000e+00
  08.34500000e+01   05.84639000e+01   04.12907000e+01   00.00000000e+00
  08.22152000e+01   05.75748000e+01   04.20915000e+01   00.00000000e+00
  08.23197000e+01   05.71627000e+01   03.99438000e+01   00.00000000e+00
  08.25616000e+01   05.56621000e+01   04.08701000e+01   00.00000000e+00
  08.48130000e+01   05.56956000e+01   03.99574000e+01   00.00000000e+00
  08.47588000e+01   05.74464000e+01   03.96602000e+01   00.00000000e+00
  07.06415000e+01   05.69004000e+01   04.12300000e+01   07.20400000e-04
  07.49059000e+01   06.06846000e+01   04.42824000e+01  -02.39543000e-02
  07.87708000e+01   06.03906000e+01   03.91172000e+01   04.89340000e-03
  07.49784000e+01   05.56416000e+01   03.56149000e+01  -02.28199000e-02
  07.68230000e+01   06.29642000e+01   04.41504000e+01  -01.51750000e-03
  08.60974000e+01   05.64059000e+01   03.75062000e+01   00.00000000e+00
  08.49971000e+01   05.70215000e+01   03.62371000e+01   00.00000000e+00
  08.54914000e+01   05.79729000e+01   03.75604000e+01   00.00000000e+00
  08.31695000e+01   05.69410000e+01   03.78504000e+01   00.00000000e+00
  08.27042000e+01   05.45961000e+01   03.82226000e+01   00.00000000e+00
  08.43918000e+01   05.41336000e+01   03.79888000e+01   00.00000000e+00
  08.43651000e+01   05.43656000e+01   03.56900000e+01   00.00000000e+00
  08.29157000e+01   05.53184000e+01   03.56210000e+01   00.00000000e+00
  08.33308000e+01   05.23789000e+01   03.63918000e+01   00.00000000e+00
  08.28185000e+01   05.31076000e+01   03.49513000e+01   00.00000000e+00
  08.10950000e+01   05.16825000e+01   03.80749000e+01   00.00000000e+00
  07.97081000e+01   05.20470000e+01   03.72608000e+01   00.00000000e+00
  08.09108000e+01   05.10828000e+01   03.63598000e+01   00.00000000e+00
  07.84789000e+01   05.92323000e+01   03.67535000e+01   05.57290000e-03
  07.80192000e+01   05.64166000e+01   03.70224000e+01  -01.28866000e-02
  08.04740000e+01   05.49606000e+01   03.70780000e+01   00.00000000e+00
  08.14556000e+01   05.96673000e+01   04.65590000e+01   00.00000000e+00
  08.52717000e+01   05.71697000e+01   04.23506000e+01   00.00000000e+00
  07.86685000e+01   05.38906000e+01   03.51730000e+01  -01.99830000e-03
  08.01612000e+01   05.42155000e+01   03.42161000e+01  -01.85290000e-03
