  07.85025000e+01   05.88358000e+01   03.37011000e+01  -06.11779000e-02
  07.89706000e+01   06.16001000e+01   04.31921000e+01   01.75852000e-02
  07.20484000e+01   05.73669000e+01   04.25234000e+01   01.01800000e-02
  07.41989000e+01   05.61781000e+01   03.48548000e+01  -01.32723000e-02
  07.75729000e+01   05.89665000e+01   03.72188000e+01  -04.57645000e-02
  07.97718000e+01   05.89076000e+01   03.28429000e+01   02.46758000e-02
  08.01304000e+01   06.14450000e+01   04.38573000e+01  -01.71993000e-02
  07.22528000e+01   05.58279000e+01   04.25273000e+01  -09.39340000e-03
  07.56748000e+01   05.67280000e+01   03.45009000e+01   07.66074000e-02
  07.76728000e+01   05.99446000e+01   03.99724000e+01   09.44338000e-02
  07.34656000e+01   05.55147000e+01   03.40977000e+01   01.54319000e-02
  08.02503000e+01   05.75312000e+01   03.22896000e+01  -01.56515000e-02
  07.65367000e+01   05.56066000e+01   03.39516000e+01  -02.00050000e-02
  07.48467000e+01   05.80038000e+01   03.78093000e+01  -08.09918000e-02
  07.67298000e+01   05.32172000e+01   03.34411000e+01   04.03650000e-03
  07.61140000e+01   05.76247000e+01   03.56488000e+01  -01.43447000e-01
  07.94159000e+01   06.01369000e+01   03.82747000e+01   01.23287000e-02
  07.64485000e+01   05.99115000e+01   04.20666000e+01   02.21683000e-01
  07.30870000e+01   05.76590000e+01   03.95362000e+01  -05.42921000e-02
  08.08948000e+01   05.80082000e+01   03.64456000e+01   02.66866000e-02
  08.09304000e+01   06.16974000e+01   04.04634000e+01   04.35609000e-02
  07.44158000e+01   05.87628000e+01   04.42206000e+01   02.36507000e-02
  07.16186000e+01   05.60428000e+01   03.70507000e+01  -06.09964000e-02
  08.09796000e+01   05.52546000e+01   03.28907000e+01   08.71130000e-03
  07.73385000e+01   05.82556000e+01   03.59877000e+01   01.26858000e-01
  07.88654000e+01   06.05041000e+01   03.95366000e+01  -03.45042000e-02
  07.53442000e+01   05.90670000e+01   04.18035000e+01  -02.04376000e-01
  07.35752000e+01   05.74720000e+01   03.82257000e+01   07.60142000e-02
  08.02034000e+01   05.71413000e+01   03.11504000e+01   05.08730000e-03
  07.75375000e+01   05.57896000e+01   03.32651000e+01   06.92200000e-04
  08.15783000e+01   05.47773000e+01   03.42150000e+01   00.00000000e+00
  07.85984000e+01   05.82289000e+01   03.51106000e+01   07.64245000e-02
  07.95551000e+01   06.11634000e+01   04.06251000e+01  -04.66821000e-02
  07.43142000e+01   05.86452000e+01   04.27359000e+01   01.65461000e-02
  07.29326000e+01   05.67392000e+01   03.71342000e+01   05.49912000e-02
  08.07715000e+01   05.66365000e+01   03.32675000e+01   03.30200000e-04
  07.61611000e+01   05.43193000e+01   03.42359000e+01   04.02810000e-03
  08.27448000e+01   05.41251000e+01   03.42616000e+01   00.00000000e+00
  07.96663000e+01   05.88888000e+01   03.60109000e+01  -04.69336000e-02
  07.87334000e+01   06.11027000e+01   04.17706000e+01  -07.68710000e-03
  07.32610000e+01   05.80985000e+01   04.19829000e+01  -03.37389000e-02
  07.39647000e+01   05.67264000e+01   03.61378000e+01   03.64969000e-02
  08.28008000e+01   05.26851000e+01   03.46313000e+01   00.00000000e+00
  07.88535000e+01   05.93713000e+01   03.72224000e+01  -09.58259000e-02
  07.75392000e+01   06.03058000e+01   04.12816000e+01  -01.77941000e-01
  07.37598000e+01   05.81852000e+01   04.06140000e+01   06.74294000e-02
  07.51086000e+01   05.74572000e+01   03.65766000e+01   01.44326000e-01
  08.40190000e+01   05.49235000e+01   03.40606000e+01   00.00000000e+00
  08.42248000e+01   05.59054000e+01   03.52482000e+01   00.00000000e+00
  08.42599000e+01   05.53083000e+01   03.66010000e+01   00.00000000e+00
  08.47331000e+01   05.63676000e+01   03.76918000e+01   00.00000000e+00
  08.62752000e+01   05.65081000e+01   03.75963000e+01   00.00000000e+00
  08.43434000e+01   05.60494000e+01   03.91593000e+01   00.00000000e+00
  08.28501000e+01   05.63303000e+01   03.95562000e+01   00.00000000e+00
  08.26870000e+01   05.65324000e+01   04.10635000e+01   00.00000000e+00
  08.12687000e+01   05.65844000e+01   04.15857000e+01   00.00000000e+00
  08.05793000e+01   05.78082000e+01   04.13536000e+01   00.00000000e+00
  08.11921000e+01   05.62057000e+01   04.30903000e+01   00.00000000e+00
  08.16736000e+01   05.73004000e+01   04.39926000e+01   00.00000000e+00
  08.22016000e+01   05.68638000e+01   04.53076000e+01   00.00000000e+00
  08.25163000e+01   05.80614000e+01   04.62419000e+01   00.00000000e+00
  08.26697000e+01   05.75069000e+01   04.76926000e+01   00.00000000e+00
  08.37089000e+01   05.88669000e+01   04.57293000e+01   00.00000000e+00
  07.49898000e+01   05.87772000e+01   04.05257000e+01   03.65717000e-02
  07.62210000e+01   05.91495000e+01   03.88240000e+01  -06.37550000e-03
  07.09632000e+01   05.66757000e+01   03.64742000e+01   01.79582000e-02
  07.17207000e+01   05.51519000e+01   03.64898000e+01   01.23366000e-02
  07.12979000e+01   05.57983000e+01   03.80236000e+01   01.80857000e-02
  07.41927000e+01   05.98185000e+01   04.45051000e+01  -03.55350000e-03
  07.38084000e+01   05.79328000e+01   04.46613000e+01  -05.48890000e-03
  07.54263000e+01   05.86200000e+01   04.45922000e+01  -05.73590000e-03
  08.15776000e+01   06.07927000e+01   04.03074000e+01  -01.16015000e-02
  08.08811000e+01   06.22601000e+01   03.95813000e+01  -01.03548000e-02
  08.13784000e+01   06.22073000e+01   04.13218000e+01  -01.10806000e-02
  08.15923000e+01   05.84526000e+01   03.71904000e+01  -06.50300000e-03
  08.04251000e+01   05.71096000e+01   03.69651000e+01  -03.84930000e-03
  08.13259000e+01   05.77885000e+01   03.54975000e+01  -06.75510000e-03
  07.78055000e+01   05.30966000e+01   03.36781000e+01   06.96000000e-05
  07.63690000e+01   05.22604000e+01   03.37941000e+01  -02.56130000e-03
  07.65313000e+01   05.32938000e+01   03.23175000e+01  -08.86000000e-04
  07.28553000e+01   05.54822000e+01   04.16257000e+01   02.66600000e-04
  07.27559000e+01   05.54138000e+01   04.33706000e+01   02.07780000e-03
  07.12594000e+01   05.54491000e+01   04.24718000e+01   03.44650000e-03
  08.03252000e+01   06.17676000e+01   04.49382000e+01   02.98050000e-03
  08.10091000e+01   06.09724000e+01   04.33965000e+01  -05.01900000e-04
  07.96350000e+01   05.95296000e+01   03.19737000e+01  -05.40000000e-06
  08.04882000e+01   05.94311000e+01   03.34800000e+01  -02.73660000e-03
  07.19271000e+01   05.75662000e+01   04.35455000e+01   06.65000000e-04
  07.11560000e+01   05.76866000e+01   04.19671000e+01  -04.07950000e-03
  07.77180000e+01   05.83991000e+01   03.32136000e+01   01.58140000e-02
  07.82206000e+01   05.98267000e+01   03.38088000e+01   09.11190000e-03
  08.34930000e+01   05.93845000e+01   04.48404000e+01   00.00000000e+00
  08.38743000e+01   05.97031000e+01   04.64127000e+01   00.00000000e+00
  08.46272000e+01   05.81701000e+01   04.56836000e+01   00.00000000e+00
  08.17322000e+01   05.76911000e+01   04.82110000e+01   00.00000000e+00
  08.28679000e+01   05.64263000e+01   04.76668000e+01   00.00000000e+00
  08.34283000e+01   05.79767000e+01   04.82563000e+01   00.00000000e+00
  08.14429000e+01   05.62156000e+01   04.57495000e+01   00.00000000e+00
  08.31128000e+01   05.62637000e+01   04.50498000e+01   00.00000000e+00
  08.25328000e+01   05.76970000e+01   04.34056000e+01   00.00000000e+00
  08.09411000e+01   05.80645000e+01   04.41243000e+01   00.00000000e+00
  08.01347000e+01   05.59646000e+01   04.33167000e+01   00.00000000e+00
  08.18341000e+01   05.53402000e+01   04.33197000e+01   00.00000000e+00
  07.96254000e+01   05.78747000e+01   04.18666000e+01   00.00000000e+00
  08.12252000e+01   05.86277000e+01   04.15161000e+01   00.00000000e+00
  08.04464000e+01   05.78479000e+01   04.03051000e+01   00.00000000e+00
  08.31575000e+01   05.57151000e+01   04.15505000e+01   00.00000000e+00
  08.30994000e+01   05.74229000e+01   04.14098000e+01   00.00000000e+00
  08.25300000e+01   05.72491000e+01   03.90410000e+01   00.00000000e+00
  08.22425000e+01   05.54728000e+01   03.91100000e+01   00.00000000e+00
  08.46828000e+01   05.50939000e+01   03.92835000e+01   00.00000000e+00
  08.49906000e+01   05.65763000e+01   03.97639000e+01   00.00000000e+00
  07.20341000e+01   05.72712000e+01   03.97541000e+01   07.20400000e-04
  07.65622000e+01   06.00612000e+01   04.30750000e+01  -02.39543000e-02
  08.05101000e+01   06.02548000e+01   03.81558000e+01   04.89340000e-03
  07.55049000e+01   05.74159000e+01   03.37190000e+01  -02.28199000e-02
  07.82264000e+01   06.20979000e+01   04.37700000e+01  -01.51750000e-03
  08.66546000e+01   05.66559000e+01   03.65728000e+01   00.00000000e+00
  08.67870000e+01   05.72768000e+01   03.82522000e+01   00.00000000e+00
  08.66359000e+01   05.55223000e+01   03.76930000e+01   00.00000000e+00
  08.42703000e+01   05.73993000e+01   03.75513000e+01   00.00000000e+00
  08.32427000e+01   05.49663000e+01   03.67635000e+01   00.00000000e+00
  08.48113000e+01   05.43493000e+01   03.66979000e+01   00.00000000e+00
  08.51866000e+01   05.63575000e+01   03.50839000e+01   00.00000000e+00
  08.35831000e+01   05.67282000e+01   03.52803000e+01   00.00000000e+00
  08.48259000e+01   05.42761000e+01   03.39512000e+01   00.00000000e+00
  08.41436000e+01   05.54530000e+01   03.30986000e+01   00.00000000e+00
  08.17920000e+01   05.23376000e+01   03.45285000e+01   00.00000000e+00
  08.33701000e+01   05.21134000e+01   03.39511000e+01   00.00000000e+00
  08.30984000e+01   05.27409000e+01   03.56762000e+01   00.00000000e+00
  07.99336000e+01   05.97797000e+01   03.55719000e+01   05.57290000e-03
  07.89352000e+01   05.72193000e+01   03.48723000e+01  -01.28866000e-02
  08.12962000e+01   05.52022000e+01   03.51850000e+01   00.00000000e+00
  08.17225000e+01   05.87377000e+01   04.63233000e+01   00.00000000e+00
  08.08622000e+01   05.57476000e+01   04.10308000e+01   00.00000000e+00
  08.00025000e+01   05.48373000e+01   03.28427000e+01  -01.99830000e-03
  08.16870000e+01   05.51288000e+01   03.20795000e+01  -01.85290000e-03
