  07.72853000e+01   05.74282000e+01   03.51755000e+01  -06.11779000e-02
  07.68890000e+01   06.12578000e+01   04.42797000e+01   01.75852000e-02
  07.02084000e+01   05.70550000e+01   04.33798000e+01   01.01800000e-02
  07.31076000e+01   05.48902000e+01   03.61791000e+01  -01.32723000e-02
  07.61525000e+01   05.81890000e+01   03.84641000e+01  -04.57645000e-02
  07.85500000e+01   05.72202000e+01   03.43517000e+01   02.46758000e-02
  07.64196000e+01   06.06400000e+01   04.53378000e+01  -01.71993000e-02
  07.03566000e+01   05.55197000e+01   04.36329000e+01  -09.39340000e-03
  07.46267000e+01   05.54417000e+01   03.59996000e+01   07.66074000e-02
  07.58365000e+01   05.95994000e+01   04.10384000e+01   09.44338000e-02
  07.25741000e+01   05.40320000e+01   03.54618000e+01   01.54319000e-02
  07.90026000e+01   05.56942000e+01   03.41186000e+01  -01.56515000e-02
  07.55487000e+01   05.42156000e+01   03.62304000e+01  -02.00050000e-02
  07.32565000e+01   05.70630000e+01   03.89611000e+01  -08.09918000e-02
  07.59189000e+01   05.22105000e+01   03.75076000e+01   04.03650000e-03
  07.48533000e+01   05.64832000e+01   03.71021000e+01  -01.43447000e-01
  07.79392000e+01   05.95142000e+01   03.95615000e+01   01.23287000e-02
  07.43716000e+01   05.99219000e+01   04.29587000e+01   02.21683000e-01
  07.13932000e+01   05.69007000e+01   04.04618000e+01  -05.42921000e-02
  07.96622000e+01   05.74210000e+01   03.78978000e+01   02.66866000e-02
  07.91423000e+01   06.13817000e+01   04.18125000e+01   04.35609000e-02
  07.19783000e+01   05.92802000e+01   04.49160000e+01   02.36507000e-02
  07.02216000e+01   05.49488000e+01   03.83518000e+01  -06.09964000e-02
  08.01092000e+01   05.39126000e+01   03.52214000e+01   08.71130000e-03
  07.60241000e+01   05.72811000e+01   03.73920000e+01   01.26858000e-01
  07.72075000e+01   05.99259000e+01   04.07445000e+01  -03.45042000e-02
  07.32848000e+01   05.90608000e+01   04.26808000e+01  -02.04376000e-01
  07.20349000e+01   05.65499000e+01   03.92698000e+01   07.60142000e-02
  07.84991000e+01   05.49088000e+01   03.33540000e+01   05.08730000e-03
  07.66122000e+01   05.40245000e+01   03.56719000e+01   06.92200000e-04
  08.07227000e+01   05.36833000e+01   03.65506000e+01   00.00000000e+00
  07.73717000e+01   05.71195000e+01   03.66730000e+01   07.64245000e-02
  07.77340000e+01   06.07449000e+01   04.18389000e+01  -04.66821000e-02
  07.21693000e+01   05.87712000e+01   04.35157000e+01   01.65461000e-02
  07.15382000e+01   05.56049000e+01   03.83035000e+01   05.49912000e-02
  07.98474000e+01   05.53337000e+01   03.51635000e+01   03.30200000e-04
  07.50395000e+01   05.33739000e+01   03.71922000e+01   04.02810000e-03
  08.17449000e+01   05.27874000e+01   03.68385000e+01   00.00000000e+00
  07.83708000e+01   05.81125000e+01   03.74441000e+01  -04.69336000e-02
  07.67851000e+01   06.07815000e+01   04.28903000e+01  -07.68710000e-03
  07.13806000e+01   05.78164000e+01   04.28193000e+01  -03.37389000e-02
  07.26255000e+01   05.54856000e+01   03.74361000e+01   03.64969000e-02
  08.14438000e+01   05.13734000e+01   03.72545000e+01   00.00000000e+00
  07.74501000e+01   05.86495000e+01   03.85699000e+01  -09.58259000e-02
  07.56089000e+01   06.00835000e+01   04.22889000e+01  -01.77941000e-01
  07.19140000e+01   05.77337000e+01   04.15163000e+01   06.74294000e-02
  07.36294000e+01   05.63880000e+01   03.78619000e+01   01.44326000e-01
  08.32072000e+01   05.30732000e+01   03.65448000e+01   00.00000000e+00
  08.37475000e+01   05.45101000e+01   03.67678000e+01   00.00000000e+00
  08.36983000e+01   05.48818000e+01   03.82755000e+01   00.00000000e+00
  08.39926000e+01   05.63251000e+01   03.86083000e+01   00.00000000e+00
  08.50955000e+01   05.69441000e+01   03.77949000e+01   00.00000000e+00
  08.40696000e+01   05.67438000e+01   04.00744000e+01   00.00000000e+00
  08.28706000e+01   05.63811000e+01   04.09857000e+01   00.00000000e+00
  08.28261000e+01   05.73828000e+01   04.22229000e+01   00.00000000e+00
  08.41053000e+01   05.76272000e+01   04.32034000e+01   00.00000000e+00
  08.43624000e+01   05.63364000e+01   04.40205000e+01   00.00000000e+00
  08.39096000e+01   05.88309000e+01   04.42027000e+01   00.00000000e+00
  08.25817000e+01   05.88188000e+01   04.49449000e+01   00.00000000e+00
  08.25959000e+01   05.99498000e+01   04.59447000e+01   00.00000000e+00
  08.12528000e+01   06.04814000e+01   04.64691000e+01   00.00000000e+00
  08.14669000e+01   06.13537000e+01   04.77292000e+01   00.00000000e+00
  08.03151000e+01   06.10724000e+01   04.53430000e+01   00.00000000e+00
  07.30975000e+01   05.84034000e+01   04.14815000e+01   03.65717000e-02
  07.45120000e+01   05.85290000e+01   03.98816000e+01  -06.37550000e-03
  06.96273000e+01   05.55625000e+01   03.76908000e+01   01.79582000e-02
  07.04169000e+01   05.40167000e+01   03.78125000e+01   01.23366000e-02
  06.98588000e+01   05.46739000e+01   03.93659000e+01   01.80857000e-02
  07.22945000e+01   05.85879000e+01   04.57470000e+01  -03.55350000e-03
  07.25261000e+01   06.02125000e+01   04.50342000e+01  -05.48890000e-03
  07.09094000e+01   05.95311000e+01   04.51861000e+01  -05.73590000e-03
  07.91688000e+01   06.22490000e+01   04.24021000e+01  -01.16015000e-02
  07.98027000e+01   06.05899000e+01   04.20276000e+01  -01.03548000e-02
  07.92411000e+01   06.18073000e+01   04.07949000e+01  -01.10806000e-02
  08.01219000e+01   05.69008000e+01   03.71097000e+01  -06.50300000e-03
  08.03315000e+01   05.82604000e+01   03.82023000e+01  -03.84930000e-03
  07.96110000e+01   05.67638000e+01   03.87956000e+01  -06.75510000e-03
  07.59722000e+01   05.16348000e+01   03.66331000e+01   06.96000000e-05
  07.69877000e+01   05.24812000e+01   03.76032000e+01  -02.56130000e-03
  07.54084000e+01   05.17549000e+01   03.83627000e+01  -08.86000000e-04
  07.13770000e+01   05.52551000e+01   04.39778000e+01   02.66600000e-04
  06.94985000e+01   05.52761000e+01   04.43572000e+01   02.07780000e-03
  07.01553000e+01   05.49578000e+01   04.27788000e+01   03.44650000e-03
  07.65652000e+01   06.10864000e+01   04.63554000e+01   02.98050000e-03
  07.59095000e+01   05.96373000e+01   04.52866000e+01  -05.01900000e-04
  07.84571000e+01   05.76711000e+01   03.33056000e+01  -05.40000000e-06
  07.93937000e+01   05.76459000e+01   03.48512000e+01  -02.73660000e-03
  07.00325000e+01   05.74179000e+01   04.44059000e+01   06.65000000e-04
  06.92549000e+01   05.71573000e+01   04.28124000e+01  -04.07950000e-03
  07.64573000e+01   05.68902000e+01   03.46926000e+01   01.58140000e-02
  07.69669000e+01   05.84697000e+01   03.48915000e+01   09.11190000e-03
  08.01840000e+01   06.03665000e+01   04.45711000e+01   00.00000000e+00
  07.93219000e+01   06.12546000e+01   04.57470000e+01   00.00000000e+00
  08.07837000e+01   06.19573000e+01   04.49047000e+01   00.00000000e+00
  08.05036000e+01   06.19084000e+01   04.78297000e+01   00.00000000e+00
  08.17457000e+01   06.07266000e+01   04.85761000e+01   00.00000000e+00
  08.22905000e+01   06.20250000e+01   04.75230000e+01   00.00000000e+00
  08.31165000e+01   05.96542000e+01   04.68838000e+01   00.00000000e+00
  08.31012000e+01   06.08883000e+01   04.55355000e+01   00.00000000e+00
  08.18028000e+01   05.88524000e+01   04.41984000e+01   00.00000000e+00
  08.24720000e+01   05.78553000e+01   04.54996000e+01   00.00000000e+00
  08.47695000e+01   05.87880000e+01   04.49580000e+01   00.00000000e+00
  08.39577000e+01   05.97709000e+01   04.37011000e+01   00.00000000e+00
  08.45889000e+01   05.55835000e+01   04.33341000e+01   00.00000000e+00
  08.52545000e+01   05.65119000e+01   04.46736000e+01   00.00000000e+00
  08.35415000e+01   05.60322000e+01   04.46876000e+01   00.00000000e+00
  08.25419000e+01   05.82474000e+01   04.16421000e+01   00.00000000e+00
  08.19797000e+01   05.70829000e+01   04.28866000e+01   00.00000000e+00
  08.19801000e+01   05.64510000e+01   04.03625000e+01   00.00000000e+00
  08.29104000e+01   05.52796000e+01   04.13353000e+01   00.00000000e+00
  08.49137000e+01   05.62874000e+01   04.05512000e+01   00.00000000e+00
  08.42212000e+01   05.78646000e+01   04.00510000e+01   00.00000000e+00
  07.04602000e+01   05.63919000e+01   04.05716000e+01   07.20400000e-04
  07.43383000e+01   06.05723000e+01   04.38454000e+01  -02.39543000e-02
  07.89434000e+01   05.99508000e+01   03.94657000e+01   04.89340000e-03
  07.45587000e+01   05.58548000e+01   03.49977000e+01  -02.28199000e-02
  07.74373000e+01   06.22041000e+01   04.43392000e+01  -01.51750000e-03
  08.58055000e+01   05.61287000e+01   03.76406000e+01   00.00000000e+00
  08.46580000e+01   05.71468000e+01   03.68272000e+01   00.00000000e+00
  08.54706000e+01   05.78874000e+01   03.82523000e+01   00.00000000e+00
  08.30827000e+01   05.68903000e+01   03.82672000e+01   00.00000000e+00
  08.28292000e+01   05.44609000e+01   03.87368000e+01   00.00000000e+00
  08.44379000e+01   05.42858000e+01   03.87561000e+01   00.00000000e+00
  08.48009000e+01   05.45775000e+01   03.64968000e+01   00.00000000e+00
  08.31051000e+01   05.52260000e+01   03.61925000e+01   00.00000000e+00
  08.38123000e+01   05.24025000e+01   03.71215000e+01   00.00000000e+00
  08.33144000e+01   05.27540000e+01   03.55093000e+01   00.00000000e+00
  08.13127000e+01   05.07592000e+01   03.63483000e+01   00.00000000e+00
  08.22863000e+01   05.09962000e+01   03.78874000e+01   00.00000000e+00
  08.05009000e+01   05.13621000e+01   03.78420000e+01   00.00000000e+00
  07.86090000e+01   05.89065000e+01   03.67212000e+01   05.57290000e-03
  07.77162000e+01   05.60937000e+01   03.67562000e+01  -01.28866000e-02
  08.05401000e+01   05.43880000e+01   03.73288000e+01   00.00000000e+00
  08.06553000e+01   05.96139000e+01   04.68469000e+01   00.00000000e+00
  08.50072000e+01   05.78931000e+01   04.26107000e+01   00.00000000e+00
  07.92554000e+01   05.33047000e+01   03.50930000e+01  -01.99830000e-03
  08.07346000e+01   05.35133000e+01   03.43566000e+01  -01.85290000e-03
