  07.86455000e+01   05.86634000e+01   03.46758000e+01  -06.11779000e-02
  07.86626000e+01   06.25082000e+01   04.36703000e+01   01.75852000e-02
  07.17248000e+01   05.82377000e+01   04.31595000e+01   01.01800000e-02
  07.43650000e+01   05.62668000e+01   03.57491000e+01  -01.32723000e-02
  07.76196000e+01   05.90551000e+01   03.80372000e+01  -04.57645000e-02
  07.98542000e+01   05.86006000e+01   03.37251000e+01   02.46758000e-02
  07.97879000e+01   06.30085000e+01   04.42189000e+01  -01.71993000e-02
  07.16944000e+01   05.67860000e+01   04.31159000e+01  -09.39340000e-03
  07.57784000e+01   05.68003000e+01   03.54308000e+01   07.66074000e-02
  07.74226000e+01   06.05501000e+01   04.06807000e+01   09.44338000e-02
  07.38403000e+01   05.53311000e+01   03.51209000e+01   01.54319000e-02
  08.03029000e+01   05.71616000e+01   03.34542000e+01  -01.56515000e-02
  07.66155000e+01   05.54944000e+01   03.51124000e+01  -02.00050000e-02
  07.47367000e+01   05.82075000e+01   03.86247000e+01  -08.09918000e-02
  07.69986000e+01   05.31931000e+01   03.58002000e+01   04.03650000e-03
  07.61713000e+01   05.76823000e+01   03.66410000e+01  -01.43447000e-01
  07.93888000e+01   06.02465000e+01   03.91972000e+01   01.23287000e-02
  07.60993000e+01   06.08917000e+01   04.26254000e+01   02.21683000e-01
  07.28588000e+01   05.80973000e+01   04.01829000e+01  -05.42921000e-02
  08.10020000e+01   05.80488000e+01   03.75171000e+01   02.66866000e-02
  08.05743000e+01   06.25242000e+01   04.11360000e+01   04.35609000e-02
  07.38466000e+01   06.04340000e+01   04.46629000e+01   02.36507000e-02
  07.16460000e+01   05.61973000e+01   03.77624000e+01  -06.09964000e-02
  08.15296000e+01   05.53321000e+01   03.44337000e+01   08.71130000e-03
  07.74535000e+01   05.82260000e+01   03.69259000e+01   01.26858000e-01
  07.87628000e+01   06.07794000e+01   04.03445000e+01  -03.45042000e-02
  07.49502000e+01   06.01026000e+01   04.23447000e+01  -02.04376000e-01
  07.33991000e+01   05.78530000e+01   03.89443000e+01   07.60142000e-02
  08.01103000e+01   05.65501000e+01   03.24128000e+01   05.08730000e-03
  07.73029000e+01   05.53984000e+01   03.40608000e+01   06.92200000e-04
  08.21998000e+01   05.50460000e+01   03.57196000e+01   00.00000000e+00
  07.87263000e+01   05.80939000e+01   03.61412000e+01   07.64245000e-02
  07.93796000e+01   06.16863000e+01   04.13425000e+01  -04.66821000e-02
  07.38355000e+01   05.98178000e+01   04.32603000e+01   01.65461000e-02
  07.29081000e+01   05.71277000e+01   03.78322000e+01   05.49912000e-02
  08.09790000e+01   05.66860000e+01   03.45010000e+01   03.30200000e-04
  07.64997000e+01   05.45322000e+01   03.61227000e+01   04.02810000e-03
  08.34287000e+01   05.43868000e+01   03.58986000e+01   00.00000000e+00
  07.97794000e+01   05.88487000e+01   03.70217000e+01  -04.69336000e-02
  07.84745000e+01   06.17745000e+01   04.24053000e+01  -07.68710000e-03
  07.29207000e+01   05.89430000e+01   04.25801000e+01  -03.37389000e-02
  07.39773000e+01   05.69336000e+01   03.69026000e+01   03.64969000e-02
  08.37004000e+01   05.28934000e+01   03.60883000e+01   00.00000000e+00
  07.89223000e+01   05.94356000e+01   03.81734000e+01  -09.58259000e-02
  07.72863000e+01   06.09878000e+01   04.19471000e+01  -01.77941000e-01
  07.33988000e+01   05.88789000e+01   04.12446000e+01   06.74294000e-02
  07.50558000e+01   05.77095000e+01   03.74512000e+01   01.44326000e-01
  08.46329000e+01   05.53738000e+01   03.57889000e+01   00.00000000e+00
  08.48501000e+01   05.66245000e+01   03.66247000e+01   00.00000000e+00
  08.50509000e+01   05.61422000e+01   03.80685000e+01   00.00000000e+00
  08.54894000e+01   05.72466000e+01   03.90932000e+01   00.00000000e+00
  08.67907000e+01   05.79746000e+01   03.86239000e+01   00.00000000e+00
  08.57325000e+01   05.66685000e+01   04.05649000e+01   00.00000000e+00
  08.57548000e+01   05.77390000e+01   04.16429000e+01   00.00000000e+00
  08.60864000e+01   05.73024000e+01   04.30340000e+01   00.00000000e+00
  08.60796000e+01   05.85185000e+01   04.40397000e+01   00.00000000e+00
  08.72520000e+01   05.95665000e+01   04.39409000e+01   00.00000000e+00
  08.59840000e+01   05.79438000e+01   04.54927000e+01   00.00000000e+00
  08.58825000e+01   05.90214000e+01   04.66099000e+01   00.00000000e+00
  08.54042000e+01   05.84902000e+01   04.79899000e+01   00.00000000e+00
  08.57052000e+01   05.93738000e+01   04.91567000e+01   00.00000000e+00
  08.50958000e+01   06.08655000e+01   04.89175000e+01   00.00000000e+00
  08.51244000e+01   05.88178000e+01   05.04529000e+01   00.00000000e+00
  07.46950000e+01   05.94933000e+01   04.11370000e+01   03.65717000e-02
  07.60644000e+01   05.93905000e+01   03.96365000e+01  -06.37550000e-03
  07.17320000e+01   05.53055000e+01   03.70378000e+01   01.79582000e-02
  07.13469000e+01   05.58710000e+01   03.87567000e+01   01.23366000e-02
  07.08277000e+01   05.69133000e+01   03.73815000e+01   01.80857000e-02
  07.42229000e+01   05.96821000e+01   04.53725000e+01  -03.55350000e-03
  07.43303000e+01   06.14670000e+01   04.47963000e+01  -05.48890000e-03
  07.28161000e+01   06.06088000e+01   04.49310000e+01  -05.73590000e-03
  08.03372000e+01   06.35039000e+01   04.14085000e+01  -01.16015000e-02
  08.13289000e+01   06.20543000e+01   04.17817000e+01  -01.03548000e-02
  08.09451000e+01   06.24740000e+01   04.01036000e+01  -01.10806000e-02
  08.07154000e+01   05.72697000e+01   03.81622000e+01  -06.50300000e-03
  08.14607000e+01   05.75922000e+01   03.66670000e+01  -03.84930000e-03
  08.16658000e+01   05.87131000e+01   03.80483000e+01  -06.75510000e-03
  07.79686000e+01   05.32301000e+01   03.53479000e+01   06.96000000e-05
  07.72627000e+01   05.27454000e+01   03.67632000e+01  -02.56130000e-03
  07.62356000e+01   05.26033000e+01   03.52467000e+01  -08.86000000e-04
  07.25599000e+01   05.63643000e+01   04.36754000e+01   02.66600000e-04
  07.08033000e+01   05.63714000e+01   04.35373000e+01   02.07780000e-03
  07.17598000e+01   05.64152000e+01   04.21465000e+01   03.44650000e-03
  07.97156000e+01   06.34475000e+01   04.52144000e+01   02.98050000e-03
  08.08324000e+01   06.29583000e+01   04.37287000e+01  -05.01900000e-04
  07.96811000e+01   05.90698000e+01   03.27613000e+01  -05.40000000e-06
  08.07994000e+01   05.89308000e+01   03.41066000e+01  -02.73660000e-03
  07.15306000e+01   05.85308000e+01   04.41721000e+01   06.65000000e-04
  07.09049000e+01   05.86109000e+01   04.25590000e+01  -04.07950000e-03
  07.77296000e+01   05.81586000e+01   03.41647000e+01   01.58140000e-02
  07.83976000e+01   05.97125000e+01   03.47899000e+01   09.11190000e-03
  08.41126000e+01   05.84289000e+01   05.02183000e+01   00.00000000e+00
  08.57041000e+01   05.80242000e+01   05.10249000e+01   00.00000000e+00
  08.50427000e+01   05.96024000e+01   05.12802000e+01   00.00000000e+00
  08.40015000e+01   06.06824000e+01   04.88050000e+01   00.00000000e+00
  08.52298000e+01   06.15658000e+01   04.97508000e+01   00.00000000e+00
  08.56299000e+01   06.12739000e+01   04.80622000e+01   00.00000000e+00
  08.43339000e+01   05.83716000e+01   04.78978000e+01   00.00000000e+00
  08.57839000e+01   05.75127000e+01   04.83134000e+01   00.00000000e+00
  08.68534000e+01   05.94484000e+01   04.67807000e+01   00.00000000e+00
  08.52666000e+01   05.97665000e+01   04.62733000e+01   00.00000000e+00
  08.50824000e+01   05.73518000e+01   04.57026000e+01   00.00000000e+00
  08.68801000e+01   05.73192000e+01   04.56592000e+01   00.00000000e+00
  08.72089000e+01   06.02720000e+01   04.47271000e+01   00.00000000e+00
  08.80859000e+01   05.90113000e+01   04.39539000e+01   00.00000000e+00
  08.72602000e+01   05.99778000e+01   04.29664000e+01   00.00000000e+00
  08.53034000e+01   05.65906000e+01   04.33988000e+01   00.00000000e+00
  08.70524000e+01   05.67110000e+01   04.30670000e+01   00.00000000e+00
  08.64963000e+01   05.84027000e+01   04.13733000e+01   00.00000000e+00
  08.47347000e+01   05.81738000e+01   04.16242000e+01   00.00000000e+00
  08.49103000e+01   05.58953000e+01   04.06766000e+01   00.00000000e+00
  08.66869000e+01   05.62195000e+01   04.05738000e+01   00.00000000e+00
  07.18666000e+01   05.76563000e+01   04.02593000e+01   07.20400000e-04
  07.61359000e+01   06.13679000e+01   04.36163000e+01  -02.39543000e-02
  08.04581000e+01   06.04077000e+01   03.91072000e+01   04.89340000e-03
  07.57218000e+01   05.73706000e+01   03.45326000e+01  -02.28199000e-02
  07.77503000e+01   06.26075000e+01   04.41925000e+01  -01.51750000e-03
  08.67002000e+01   05.85900000e+01   03.76806000e+01   00.00000000e+00
  08.71330000e+01   05.86326000e+01   03.94395000e+01   00.00000000e+00
  08.75926000e+01   05.72909000e+01   03.85591000e+01   00.00000000e+00
  08.46527000e+01   05.79306000e+01   03.90567000e+01   00.00000000e+00
  08.41097000e+01   05.57281000e+01   03.84563000e+01   00.00000000e+00
  08.58353000e+01   05.53775000e+01   03.80505000e+01   00.00000000e+00
  08.57146000e+01   05.71078000e+01   03.61172000e+01   00.00000000e+00
  08.39924000e+01   05.73531000e+01   03.65882000e+01   00.00000000e+00
  08.55946000e+01   05.47901000e+01   03.57322000e+01   00.00000000e+00
  08.47081000e+01   05.57525000e+01   03.47861000e+01   00.00000000e+00
  08.38488000e+01   05.28259000e+01   03.71912000e+01   00.00000000e+00
  08.28422000e+01   05.23506000e+01   03.57980000e+01   00.00000000e+00
  08.45629000e+01   05.24839000e+01   03.55433000e+01   00.00000000e+00
  08.00695000e+01   05.97662000e+01   03.64750000e+01   05.57290000e-03
  07.91120000e+01   05.70918000e+01   03.59663000e+01  -01.28866000e-02
  08.16639000e+01   05.53710000e+01   03.65794000e+01   00.00000000e+00
  08.68282000e+01   05.95239000e+01   04.94199000e+01   00.00000000e+00
  08.51968000e+01   05.90359000e+01   04.37437000e+01   00.00000000e+00
  08.08203000e+01   05.45467000e+01   03.41635000e+01  -01.99830000e-03
  08.22671000e+01   05.54012000e+01   03.36788000e+01  -01.85290000e-03
