  07.95040000e+01   05.92322000e+01   03.36992000e+01  -06.11779000e-02
  07.91755000e+01   06.27668000e+01   04.27151000e+01   01.75852000e-02
  07.23574000e+01   05.84408000e+01   04.21398000e+01   01.01800000e-02
  07.53221000e+01   05.62710000e+01   03.47516000e+01  -01.32723000e-02
  07.83839000e+01   05.92367000e+01   03.71115000e+01  -04.57645000e-02
  08.07199000e+01   05.91545000e+01   03.27466000e+01   02.46758000e-02
  08.02326000e+01   06.33835000e+01   04.32743000e+01  -01.71993000e-02
  07.25087000e+01   05.70740000e+01   04.27668000e+01  -09.39340000e-03
  07.66647000e+01   05.69408000e+01   03.44351000e+01   07.66074000e-02
  07.82134000e+01   06.07484000e+01   03.97268000e+01   09.44338000e-02
  07.47606000e+01   05.55723000e+01   03.39467000e+01   01.54319000e-02
  08.12223000e+01   05.77603000e+01   03.24656000e+01  -01.56515000e-02
  07.77431000e+01   05.59655000e+01   03.39691000e+01  -02.00050000e-02
  07.56245000e+01   05.81602000e+01   03.77274000e+01  -08.09918000e-02
  07.89974000e+01   05.40390000e+01   03.46364000e+01   04.03650000e-03
  07.70477000e+01   05.77468000e+01   03.57072000e+01  -01.43447000e-01
  08.01356000e+01   06.05820000e+01   03.82181000e+01   01.23287000e-02
  07.67712000e+01   06.10123000e+01   04.17097000e+01   02.21683000e-01
  07.38234000e+01   05.77965000e+01   03.94576000e+01  -05.42921000e-02
  08.17764000e+01   05.86381000e+01   03.64976000e+01   02.66866000e-02
  08.15039000e+01   06.25327000e+01   04.03163000e+01   04.35609000e-02
  07.42200000e+01   06.05310000e+01   04.36497000e+01   02.36507000e-02
  07.26867000e+01   05.57910000e+01   03.72962000e+01  -06.09964000e-02
  08.24739000e+01   05.59198000e+01   03.33443000e+01   08.71130000e-03
  07.82546000e+01   05.84633000e+01   03.59713000e+01   01.26858000e-01
  07.95023000e+01   06.10603000e+01   03.93837000e+01  -03.45042000e-02
  07.56694000e+01   06.01767000e+01   04.14650000e+01  -02.04376000e-01
  07.44768000e+01   05.75627000e+01   03.81869000e+01   07.60142000e-02
  08.09711000e+01   05.70239000e+01   03.14797000e+01   05.08730000e-03
  07.85093000e+01   05.61586000e+01   03.30242000e+01   06.92200000e-04
  08.32601000e+01   05.55903000e+01   03.46938000e+01   00.00000000e+00
  07.95827000e+01   05.86052000e+01   03.51194000e+01   07.64245000e-02
  08.00586000e+01   06.19279000e+01   04.03874000e+01  -04.66821000e-02
  07.44906000e+01   05.99411000e+01   04.23003000e+01   01.65461000e-02
  07.39487000e+01   05.66626000e+01   03.71525000e+01   05.49912000e-02
  08.19179000e+01   05.72914000e+01   03.35405000e+01   03.30200000e-04
  07.78833000e+01   05.49369000e+01   03.48496000e+01   04.02810000e-03
  08.44032000e+01   05.48149000e+01   03.46958000e+01   00.00000000e+00
  08.05546000e+01   05.94674000e+01   03.60302000e+01  -04.69336000e-02
  07.90801000e+01   06.20877000e+01   04.13797000e+01  -07.68710000e-03
  07.36441000e+01   05.90096000e+01   04.16578000e+01  -03.37389000e-02
  07.49124000e+01   05.67609000e+01   03.60739000e+01   03.64969000e-02
  08.42141000e+01   05.33113000e+01   03.48937000e+01   00.00000000e+00
  07.96199000e+01   05.98443000e+01   03.71849000e+01  -09.58259000e-02
  07.79377000e+01   06.13199000e+01   04.09372000e+01  -01.77941000e-01
  07.43226000e+01   05.86826000e+01   04.04701000e+01   06.74294000e-02
  07.59436000e+01   05.76638000e+01   03.65733000e+01   01.44326000e-01
  08.58273000e+01   05.54305000e+01   03.46150000e+01   00.00000000e+00
  08.60687000e+01   05.66314000e+01   03.54687000e+01   00.00000000e+00
  08.58347000e+01   05.63931000e+01   03.69496000e+01   00.00000000e+00
  08.57345000e+01   05.77098000e+01   03.77558000e+01   00.00000000e+00
  08.71392000e+01   05.83612000e+01   03.77812000e+01   00.00000000e+00
  08.51263000e+01   05.74042000e+01   03.91628000e+01   00.00000000e+00
  08.50985000e+01   05.85344000e+01   04.01667000e+01   00.00000000e+00
  08.41611000e+01   05.83389000e+01   04.14058000e+01   00.00000000e+00
  08.41111000e+01   05.95213000e+01   04.23654000e+01   00.00000000e+00
  08.55321000e+01   05.98094000e+01   04.30371000e+01   00.00000000e+00
  08.30476000e+01   05.93046000e+01   04.35290000e+01   00.00000000e+00
  08.16084000e+01   05.89801000e+01   04.30885000e+01   00.00000000e+00
  08.05953000e+01   05.90672000e+01   04.42440000e+01   00.00000000e+00
  07.91047000e+01   05.87123000e+01   04.38832000e+01   00.00000000e+00
  07.89189000e+01   05.71483000e+01   04.35482000e+01   00.00000000e+00
  07.81793000e+01   05.91507000e+01   04.50175000e+01   00.00000000e+00
  07.55125000e+01   05.94236000e+01   04.03635000e+01   03.65717000e-02
  07.68720000e+01   05.95375000e+01   03.86363000e+01  -06.37550000e-03
  07.26505000e+01   05.50411000e+01   03.65565000e+01   01.79582000e-02
  07.25847000e+01   05.53126000e+01   03.82651000e+01   01.23366000e-02
  07.18451000e+01   05.64789000e+01   03.71823000e+01   01.80857000e-02
  07.42054000e+01   05.97042000e+01   04.43968000e+01  -03.55350000e-03
  07.49093000e+01   06.11910000e+01   04.40128000e+01  -05.48890000e-03
  07.32792000e+01   06.10585000e+01   04.37183000e+01  -05.73590000e-03
  08.19954000e+01   06.20267000e+01   03.95021000e+01  -01.16015000e-02
  08.13928000e+01   06.36229000e+01   04.02723000e+01  -01.03548000e-02
  08.19880000e+01   06.22455000e+01   04.11857000e+01  -01.10806000e-02
  08.22735000e+01   05.89886000e+01   03.73663000e+01  -06.50300000e-03
  08.15334000e+01   05.76014000e+01   03.67062000e+01  -03.84930000e-03
  08.24046000e+01   05.88149000e+01   03.56036000e+01  -06.75510000e-03
  07.88962000e+01   05.36580000e+01   03.36789000e+01   06.96000000e-05
  07.99640000e+01   05.45430000e+01   03.47664000e+01  -02.56130000e-03
  07.90025000e+01   05.31465000e+01   03.52692000e+01  -08.86000000e-04
  07.31102000e+01   05.64679000e+01   04.20549000e+01   02.66600000e-04
  07.30739000e+01   05.71076000e+01   04.37657000e+01   02.07780000e-03
  07.15308000e+01   05.65513000e+01   04.28001000e+01   03.44650000e-03
  08.02670000e+01   06.38175000e+01   04.43066000e+01   02.98050000e-03
  08.12522000e+01   06.33973000e+01   04.28251000e+01  -05.01900000e-04
  08.04558000e+01   05.95784000e+01   03.18203000e+01  -05.40000000e-06
  08.14862000e+01   05.98359000e+01   03.30786000e+01  -02.73660000e-03
  07.19680000e+01   05.90273000e+01   04.29521000e+01   06.65000000e-04
  07.16418000e+01   05.84910000e+01   04.13502000e+01  -04.07950000e-03
  07.87824000e+01   05.86930000e+01   03.30553000e+01   01.58140000e-02
  07.91908000e+01   06.02070000e+01   03.37625000e+01   09.11190000e-03
  07.84155000e+01   06.01457000e+01   04.52630000e+01   00.00000000e+00
  07.71453000e+01   05.90927000e+01   04.45929000e+01   00.00000000e+00
  07.82180000e+01   05.85831000e+01   04.59076000e+01   00.00000000e+00
  07.78661000e+01   05.69036000e+01   04.34092000e+01   00.00000000e+00
  07.94496000e+01   05.67717000e+01   04.26272000e+01   00.00000000e+00
  07.91912000e+01   05.64937000e+01   04.43455000e+01   00.00000000e+00
  08.08705000e+01   05.84510000e+01   04.50775000e+01   00.00000000e+00
  08.06146000e+01   06.00810000e+01   04.45083000e+01   00.00000000e+00
  08.13908000e+01   05.95775000e+01   04.22259000e+01   00.00000000e+00
  08.15636000e+01   05.79061000e+01   04.27808000e+01   00.00000000e+00
  08.32978000e+01   05.84628000e+01   04.42000000e+01   00.00000000e+00
  08.29570000e+01   06.01376000e+01   04.41424000e+01   00.00000000e+00
  08.55175000e+01   06.02930000e+01   04.40252000e+01   00.00000000e+00
  08.60884000e+01   05.89292000e+01   04.29722000e+01   00.00000000e+00
  08.60136000e+01   06.05096000e+01   04.23517000e+01   00.00000000e+00
  08.31824000e+01   05.82041000e+01   04.09627000e+01   00.00000000e+00
  08.43031000e+01   05.73217000e+01   04.18225000e+01   00.00000000e+00
  08.61344000e+01   05.88022000e+01   04.04568000e+01   00.00000000e+00
  08.46157000e+01   05.93539000e+01   03.95706000e+01   00.00000000e+00
  08.40846000e+01   05.70431000e+01   03.90185000e+01   00.00000000e+00
  08.55296000e+01   05.65537000e+01   03.96363000e+01   00.00000000e+00
  07.27706000e+01   05.74803000e+01   03.96515000e+01   07.20400000e-04
  07.65882000e+01   06.15387000e+01   04.25868000e+01  -02.39543000e-02
  08.11711000e+01   06.07902000e+01   03.81302000e+01   04.89340000e-03
  07.64155000e+01   05.76285000e+01   03.36276000e+01  -02.28199000e-02
  07.82511000e+01   06.26919000e+01   04.33739000e+01  -01.51750000e-03
  08.76187000e+01   05.82851000e+01   03.87690000e+01   00.00000000e+00
  08.78508000e+01   05.81167000e+01   03.70278000e+01   00.00000000e+00
  08.70311000e+01   05.94417000e+01   03.76940000e+01   00.00000000e+00
  08.51561000e+01   05.85444000e+01   03.73077000e+01   00.00000000e+00
  08.49578000e+01   05.58448000e+01   03.71094000e+01   00.00000000e+00
  08.66586000e+01   05.57460000e+01   03.73588000e+01   00.00000000e+00
  08.69689000e+01   05.70740000e+01   03.52846000e+01   00.00000000e+00
  08.53783000e+01   05.74023000e+01   03.50830000e+01   00.00000000e+00
  08.65789000e+01   05.47235000e+01   03.49450000e+01   00.00000000e+00
  08.59651000e+01   05.56651000e+01   03.35540000e+01   00.00000000e+00
  08.49455000e+01   05.28071000e+01   03.41819000e+01   00.00000000e+00
  08.44975000e+01   05.32428000e+01   03.59477000e+01   00.00000000e+00
  08.31880000e+01   05.29466000e+01   03.48876000e+01   00.00000000e+00
  08.08849000e+01   06.04363000e+01   03.56661000e+01   05.57290000e-03
  08.00229000e+01   05.76068000e+01   03.50158000e+01  -01.28866000e-02
  08.29657000e+01   05.59612000e+01   03.56674000e+01   00.00000000e+00
  07.88132000e+01   05.92871000e+01   04.30314000e+01   00.00000000e+00
  08.38383000e+01   06.04404000e+01   04.18945000e+01   00.00000000e+00
  08.17390000e+01   05.51865000e+01   03.31550000e+01  -01.99830000e-03
  08.32088000e+01   05.58953000e+01   03.25722000e+01  -01.85290000e-03
