  07.91149000e+01   05.74363000e+01   03.49786000e+01  -06.11779000e-02
  07.87661000e+01   06.20838000e+01   04.37354000e+01   01.75852000e-02
  07.18494000e+01   05.77255000e+01   04.34353000e+01   01.01800000e-02
  07.49249000e+01   05.49044000e+01   03.64723000e+01  -01.32723000e-02
  07.79461000e+01   05.81086000e+01   03.84146000e+01  -04.57645000e-02
  08.04947000e+01   05.73621000e+01   03.42674000e+01   02.46758000e-02
  07.99947000e+01   06.22985000e+01   04.42414000e+01  -01.71993000e-02
  07.19441000e+01   05.61894000e+01   04.37414000e+01  -09.39340000e-03
  07.63832000e+01   05.54931000e+01   03.61300000e+01   07.66074000e-02
  07.76983000e+01   05.98625000e+01   04.08605000e+01   09.44338000e-02
  07.43218000e+01   05.40507000e+01   03.58481000e+01   01.54319000e-02
  08.09014000e+01   05.58770000e+01   03.40015000e+01  -01.56515000e-02
  07.73975000e+01   05.44894000e+01   03.58630000e+01  -02.00050000e-02
  07.52275000e+01   05.72103000e+01   03.91621000e+01  -08.09918000e-02
  07.78746000e+01   05.23042000e+01   03.63681000e+01   04.03650000e-03
  07.67017000e+01   05.64339000e+01   03.72411000e+01  -01.43447000e-01
  07.95898000e+01   05.98836000e+01   03.91943000e+01   01.23287000e-02
  07.63583000e+01   06.01822000e+01   04.29773000e+01   02.21683000e-01
  07.32437000e+01   05.71994000e+01   04.06321000e+01  -05.42921000e-02
  08.13269000e+01   05.77705000e+01   03.80205000e+01   02.66866000e-02
  08.08071000e+01   06.19877000e+01   04.11128000e+01   04.35609000e-02
  07.41164000e+01   05.96332000e+01   04.50872000e+01   02.36507000e-02
  07.19963000e+01   05.52465000e+01   03.84598000e+01  -06.09964000e-02
  08.15462000e+01   05.37580000e+01   03.48851000e+01   08.71130000e-03
  07.78520000e+01   05.72559000e+01   03.73964000e+01   01.26858000e-01
  07.89443000e+01   06.02769000e+01   04.04248000e+01  -03.45042000e-02
  07.52472000e+01   05.93295000e+01   04.27389000e+01  -02.04376000e-01
  07.39297000e+01   05.67976000e+01   03.94735000e+01   07.60142000e-02
  08.08811000e+01   05.53497000e+01   03.29008000e+01   05.08730000e-03
  07.81889000e+01   05.44957000e+01   03.49427000e+01   06.92200000e-04
  08.19299000e+01   05.31344000e+01   03.62201000e+01   00.00000000e+00
  07.91987000e+01   05.71860000e+01   03.65727000e+01   07.64245000e-02
  07.94478000e+01   06.12253000e+01   04.13577000e+01  -04.66821000e-02
  07.41696000e+01   05.90113000e+01   04.36575000e+01   01.65461000e-02
  07.34020000e+01   05.58476000e+01   03.85045000e+01   05.49912000e-02
  08.13458000e+01   05.52026000e+01   03.50768000e+01   03.30200000e-04
  07.73251000e+01   05.35086000e+01   03.68345000e+01   04.02810000e-03
  08.31813000e+01   05.32988000e+01   03.67704000e+01   00.00000000e+00
  08.00947000e+01   05.82695000e+01   03.72627000e+01  -04.69336000e-02
  07.85628000e+01   06.13074000e+01   04.24572000e+01  -07.68710000e-03
  07.32158000e+01   05.82646000e+01   04.29893000e+01  -03.37389000e-02
  07.44951000e+01   05.56237000e+01   03.76375000e+01   03.64969000e-02
  08.44044000e+01   05.24699000e+01   03.65253000e+01   00.00000000e+00
  07.91196000e+01   05.88696000e+01   03.83697000e+01  -09.58259000e-02
  07.74421000e+01   06.04514000e+01   04.20835000e+01  -01.77941000e-01
  07.37650000e+01   05.80787000e+01   04.16177000e+01   06.74294000e-02
  07.55461000e+01   05.65227000e+01   03.80404000e+01   01.44326000e-01
  08.31268000e+01   05.41829000e+01   03.80035000e+01   00.00000000e+00
  08.42695000e+01   05.52115000e+01   03.82309000e+01   00.00000000e+00
  08.42462000e+01   05.57128000e+01   03.97317000e+01   00.00000000e+00
  08.49282000e+01   05.71257000e+01   03.98236000e+01   00.00000000e+00
  08.64621000e+01   05.72107000e+01   03.93312000e+01   00.00000000e+00
  08.48092000e+01   05.77747000e+01   04.11751000e+01   00.00000000e+00
  08.34276000e+01   05.79871000e+01   04.17987000e+01   00.00000000e+00
  08.34471000e+01   05.90151000e+01   04.28903000e+01   00.00000000e+00
  08.44540000e+01   05.88809000e+01   04.41060000e+01   00.00000000e+00
  08.42887000e+01   05.76178000e+01   04.49123000e+01   00.00000000e+00
  08.45931000e+01   06.02067000e+01   04.49440000e+01   00.00000000e+00
  08.34367000e+01   06.06796000e+01   04.57793000e+01   00.00000000e+00
  08.38501000e+01   06.19622000e+01   04.65687000e+01   00.00000000e+00
  08.28418000e+01   06.27026000e+01   04.74274000e+01   00.00000000e+00
  08.20450000e+01   06.18988000e+01   04.84848000e+01   00.00000000e+00
  08.36308000e+01   06.38390000e+01   04.81022000e+01   00.00000000e+00
  07.49773000e+01   05.87249000e+01   04.15045000e+01   03.65717000e-02
  07.63333000e+01   05.86084000e+01   03.98627000e+01  -06.37550000e-03
  07.13762000e+01   05.58235000e+01   03.77503000e+01   01.79582000e-02
  07.20197000e+01   05.42667000e+01   03.79226000e+01   01.23366000e-02
  07.16243000e+01   05.51621000e+01   03.94907000e+01   01.80857000e-02
  07.37892000e+01   06.06896000e+01   04.51271000e+01  -03.55350000e-03
  07.35508000e+01   05.90709000e+01   04.58163000e+01  -05.48890000e-03
  07.50531000e+01   05.96841000e+01   04.55205000e+01  -05.73590000e-03
  08.09475000e+01   06.27906000e+01   04.18142000e+01  -01.16015000e-02
  08.17108000e+01   06.13044000e+01   04.12320000e+01  -01.03548000e-02
  08.09022000e+01   06.22348000e+01   04.01084000e+01  -01.10806000e-02
  08.11117000e+01   05.67022000e+01   03.84132000e+01  -06.50300000e-03
  08.21129000e+01   05.77555000e+01   03.73524000e+01  -03.84930000e-03
  08.15507000e+01   05.83831000e+01   03.88739000e+01  -06.75510000e-03
  07.89476000e+01   05.24115000e+01   03.62126000e+01   06.96000000e-05
  07.76783000e+01   05.15870000e+01   03.71576000e+01  -02.56130000e-03
  07.74910000e+01   05.19688000e+01   03.54553000e+01  -08.86000000e-04
  07.23094000e+01   05.57349000e+01   04.27932000e+01   02.66600000e-04
  07.26672000e+01   05.59462000e+01   04.46083000e+01   02.07780000e-03
  07.09248000e+01   05.58930000e+01   04.39992000e+01   03.44650000e-03
  08.02205000e+01   06.27780000e+01   04.52399000e+01   02.98050000e-03
  08.08385000e+01   06.17930000e+01   04.37651000e+01  -05.01900000e-04
  08.02941000e+01   05.79125000e+01   03.33407000e+01  -05.40000000e-06
  08.12586000e+01   05.79544000e+01   03.48635000e+01  -02.73660000e-03
  07.14320000e+01   05.82497000e+01   04.43202000e+01   06.65000000e-04
  07.11313000e+01   05.78188000e+01   04.26056000e+01  -04.07950000e-03
  07.84261000e+01   05.67835000e+01   03.43853000e+01   01.58140000e-02
  07.87314000e+01   05.83316000e+01   03.47158000e+01   09.11190000e-03
  08.41420000e+01   06.34262000e+01   04.90101000e+01   00.00000000e+00
  08.43550000e+01   06.42860000e+01   04.74378000e+01   00.00000000e+00
  08.27999000e+01   06.45173000e+01   04.83989000e+01   00.00000000e+00
  08.13449000e+01   06.12655000e+01   04.79506000e+01   00.00000000e+00
  08.26857000e+01   06.13105000e+01   04.92179000e+01   00.00000000e+00
  08.15916000e+01   06.26499000e+01   04.91206000e+01   00.00000000e+00
  08.45577000e+01   06.15308000e+01   04.72633000e+01   00.00000000e+00
  08.43357000e+01   06.27021000e+01   04.59092000e+01   00.00000000e+00
  08.25703000e+01   06.10195000e+01   04.51752000e+01   00.00000000e+00
  08.30355000e+01   05.98254000e+01   04.62947000e+01   00.00000000e+00
  08.53281000e+01   06.01516000e+01   04.56911000e+01   00.00000000e+00
  08.48639000e+01   06.10478000e+01   04.43029000e+01   00.00000000e+00
  08.47212000e+01   05.76620000e+01   04.59698000e+01   00.00000000e+00
  08.31859000e+01   05.74185000e+01   04.48773000e+01   00.00000000e+00
  08.47253000e+01   05.67949000e+01   04.44563000e+01   00.00000000e+00
  08.36749000e+01   05.99716000e+01   04.24767000e+01   00.00000000e+00
  08.24876000e+01   05.89497000e+01   04.34046000e+01   00.00000000e+00
  08.26701000e+01   05.81468000e+01   04.10385000e+01   00.00000000e+00
  08.32106000e+01   05.70496000e+01   04.22368000e+01   00.00000000e+00
  08.55114000e+01   05.73023000e+01   04.19167000e+01   00.00000000e+00
  08.52461000e+01   05.87679000e+01   04.11470000e+01   00.00000000e+00
  07.23071000e+01   05.67699000e+01   04.07894000e+01   07.20400000e-04
  07.64549000e+01   06.06936000e+01   04.39284000e+01  -02.39543000e-02
  08.06297000e+01   06.02589000e+01   03.90211000e+01   04.89340000e-03
  07.62814000e+01   05.60048000e+01   03.51848000e+01  -02.28199000e-02
  07.78990000e+01   06.24091000e+01   04.43150000e+01  -01.51750000e-03
  08.69697000e+01   05.65580000e+01   04.00702000e+01   00.00000000e+00
  08.66670000e+01   05.66557000e+01   03.84500000e+01   00.00000000e+00
  08.67799000e+01   05.82505000e+01   03.91579000e+01   00.00000000e+00
  08.43064000e+01   05.76106000e+01   03.90719000e+01   00.00000000e+00
  08.31841000e+01   05.59791000e+01   03.98762000e+01   00.00000000e+00
  08.45017000e+01   05.49276000e+01   04.04206000e+01   00.00000000e+00
  08.51804000e+01   05.47525000e+01   03.79937000e+01   00.00000000e+00
  08.40586000e+01   05.59969000e+01   03.74956000e+01   00.00000000e+00
  08.21463000e+01   05.46166000e+01   03.80483000e+01   00.00000000e+00
  08.32699000e+01   05.34478000e+01   03.87811000e+01   00.00000000e+00
  08.50459000e+01   05.32549000e+01   03.60405000e+01   00.00000000e+00
  08.49126000e+01   05.20186000e+01   03.74518000e+01   00.00000000e+00
  08.42544000e+01   05.16893000e+01   03.57117000e+01   00.00000000e+00
  08.03055000e+01   05.91078000e+01   03.65417000e+01   05.57290000e-03
  07.95971000e+01   05.61218000e+01   03.66889000e+01  -01.28866000e-02
  08.14492000e+01   05.23351000e+01   03.66618000e+01   00.00000000e+00
  08.21702000e+01   06.31841000e+01   04.67139000e+01   00.00000000e+00
  08.54019000e+01   05.88335000e+01   04.36544000e+01   00.00000000e+00
  08.05874000e+01   05.33252000e+01   03.45852000e+01  -01.99830000e-03
  08.22558000e+01   05.35189000e+01   03.40598000e+01  -01.85290000e-03
