  07.86232000e+01   05.89129000e+01   03.40489000e+01  -06.11779000e-02
  07.87320000e+01   06.19534000e+01   04.34409000e+01   01.75852000e-02
  07.16308000e+01   05.81573000e+01   04.26097000e+01   01.01800000e-02
  07.45345000e+01   05.60019000e+01   03.51332000e+01  -01.32723000e-02
  07.75953000e+01   05.90589000e+01   03.75569000e+01  -04.57645000e-02
  07.99205000e+01   05.89296000e+01   03.31644000e+01   02.46758000e-02
  07.99517000e+01   06.20025000e+01   04.39940000e+01  -01.71993000e-02
  07.14780000e+01   05.66036000e+01   04.27236000e+01  -09.39340000e-03
  07.59953000e+01   05.66411000e+01   03.48044000e+01   07.66074000e-02
  07.75231000e+01   06.04404000e+01   04.02879000e+01   09.44338000e-02
  07.39385000e+01   05.51922000e+01   03.44283000e+01   01.54319000e-02
  08.04516000e+01   05.75440000e+01   03.27163000e+01  -01.56515000e-02
  07.70273000e+01   05.56480000e+01   03.44150000e+01  -02.00050000e-02
  07.48899000e+01   05.79035000e+01   03.81790000e+01  -08.09918000e-02
  07.81748000e+01   05.36240000e+01   03.48763000e+01   04.03650000e-03
  07.64126000e+01   05.75122000e+01   03.60876000e+01  -01.43447000e-01
  07.92426000e+01   06.06090000e+01   03.85575000e+01   01.23287000e-02
  07.61328000e+01   06.04553000e+01   04.22896000e+01   02.21683000e-01
  07.30837000e+01   05.76941000e+01   03.96942000e+01  -05.42921000e-02
  08.11122000e+01   05.87558000e+01   03.67974000e+01   02.66866000e-02
  08.05855000e+01   06.22623000e+01   04.08328000e+01   04.35609000e-02
  07.38256000e+01   06.00184000e+01   04.42905000e+01   02.36507000e-02
  07.17189000e+01   05.60498000e+01   03.73040000e+01  -06.09964000e-02
  08.12038000e+01   05.54583000e+01   03.35485000e+01   08.71130000e-03
  07.75545000e+01   05.83134000e+01   03.64006000e+01   01.26858000e-01
  07.87340000e+01   06.08645000e+01   03.98350000e+01  -03.45042000e-02
  07.49762000e+01   05.97822000e+01   04.18873000e+01  -02.04376000e-01
  07.36164000e+01   05.74933000e+01   03.84420000e+01   07.60142000e-02
  08.01932000e+01   05.70667000e+01   03.16205000e+01   05.08730000e-03
  07.77887000e+01   05.57629000e+01   03.34507000e+01   06.92200000e-04
  08.16875000e+01   05.50410000e+01   03.49209000e+01   00.00000000e+00
  07.88204000e+01   05.83371000e+01   03.54711000e+01   07.64245000e-02
  07.92813000e+01   06.16109000e+01   04.09379000e+01  -04.66821000e-02
  07.38242000e+01   05.95755000e+01   04.27901000e+01   01.65461000e-02
  07.31072000e+01   05.66391000e+01   03.73805000e+01   05.49912000e-02
  08.11273000e+01   05.68988000e+01   03.37697000e+01   03.30200000e-04
  07.70653000e+01   05.45151000e+01   03.51822000e+01   04.02810000e-03
  08.25727000e+01   05.41060000e+01   03.53236000e+01   00.00000000e+00
  07.96917000e+01   05.93413000e+01   03.63232000e+01  -04.69336000e-02
  07.84277000e+01   06.14800000e+01   04.20686000e+01  -07.68710000e-03
  07.29346000e+01   05.86803000e+01   04.20435000e+01  -03.37389000e-02
  07.41924000e+01   05.65618000e+01   03.64754000e+01   03.64969000e-02
  08.20790000e+01   05.27046000e+01   03.58112000e+01   00.00000000e+00
  07.87871000e+01   05.96882000e+01   03.75846000e+01  -09.58259000e-02
  07.72773000e+01   06.07904000e+01   04.16113000e+01  -01.77941000e-01
  07.35789000e+01   05.84716000e+01   04.07838000e+01   06.74294000e-02
  07.52414000e+01   05.74304000e+01   03.69356000e+01   01.44326000e-01
  08.41024000e+01   05.43106000e+01   03.50673000e+01   00.00000000e+00
  08.46853000e+01   05.57242000e+01   03.53940000e+01   00.00000000e+00
  08.46020000e+01   05.60202000e+01   03.68453000e+01   00.00000000e+00
  08.50329000e+01   05.75013000e+01   03.73505000e+01   00.00000000e+00
  08.65091000e+01   05.76809000e+01   03.69447000e+01   00.00000000e+00
  08.50072000e+01   05.74794000e+01   03.89099000e+01   00.00000000e+00
  08.36385000e+01   05.73253000e+01   03.95450000e+01   00.00000000e+00
  08.37758000e+01   05.72247000e+01   04.10933000e+01   00.00000000e+00
  08.24593000e+01   05.69297000e+01   04.18542000e+01   00.00000000e+00
  08.16881000e+01   05.82388000e+01   04.19822000e+01   00.00000000e+00
  08.28622000e+01   05.63005000e+01   04.32233000e+01   00.00000000e+00
  08.37323000e+01   05.72052000e+01   04.41967000e+01   00.00000000e+00
  08.34976000e+01   05.67613000e+01   04.56362000e+01   00.00000000e+00
  08.45775000e+01   05.73123000e+01   04.66834000e+01   00.00000000e+00
  08.47201000e+01   05.88836000e+01   04.65578000e+01   00.00000000e+00
  08.40642000e+01   05.69420000e+01   04.81113000e+01   00.00000000e+00
  07.47518000e+01   05.91748000e+01   04.06679000e+01   03.65717000e-02
  07.61220000e+01   05.92458000e+01   03.90596000e+01  -06.37550000e-03
  07.11939000e+01   05.60139000e+01   03.82882000e+01   01.79582000e-02
  07.10568000e+01   05.65921000e+01   03.66836000e+01   01.23366000e-02
  07.19538000e+01   05.50375000e+01   03.68592000e+01   01.80857000e-02
  07.28148000e+01   05.99908000e+01   04.46114000e+01  -03.55350000e-03
  07.43897000e+01   05.93030000e+01   04.48956000e+01  -05.48890000e-03
  07.42024000e+01   06.10498000e+01   04.43677000e+01  -05.73590000e-03
  08.13935000e+01   06.15469000e+01   04.11323000e+01  -01.16015000e-02
  08.07450000e+01   06.27701000e+01   03.98609000e+01  -01.03548000e-02
  08.05788000e+01   06.30933000e+01   04.15157000e+01  -01.10806000e-02
  08.08873000e+01   05.79013000e+01   03.74879000e+01  -06.50300000e-03
  08.16608000e+01   05.83745000e+01   03.59412000e+01  -03.84930000e-03
  08.17187000e+01   05.94872000e+01   03.73003000e+01  -06.75510000e-03
  07.91692000e+01   05.41196000e+01   03.50483000e+01   06.96000000e-05
  07.80099000e+01   05.27713000e+01   03.54564000e+01  -02.56130000e-03
  07.81377000e+01   05.32071000e+01   03.38377000e+01  -08.86000000e-04
  07.14974000e+01   05.61006000e+01   04.18086000e+01   02.66600000e-04
  07.23315000e+01   05.62327000e+01   04.32338000e+01   02.07780000e-03
  07.05478000e+01   05.63960000e+01   04.33660000e+01   03.44650000e-03
  08.00525000e+01   06.24088000e+01   04.50302000e+01   02.98050000e-03
  08.08599000e+01   06.18578000e+01   04.33947000e+01  -05.01900000e-04
  07.97093000e+01   05.95854000e+01   03.23198000e+01  -05.40000000e-06
  08.08529000e+01   05.92450000e+01   03.37475000e+01  -02.73660000e-03
  07.14113000e+01   05.85862000e+01   04.35674000e+01   06.65000000e-04
  07.08586000e+01   05.84559000e+01   04.18868000e+01  -04.07950000e-03
  07.77924000e+01   05.83844000e+01   03.35310000e+01   01.58140000e-02
  07.84069000e+01   05.99515000e+01   03.41118000e+01   09.11190000e-03
  08.45483000e+01   05.75223000e+01   04.88285000e+01   00.00000000e+00
  08.29644000e+01   05.71149000e+01   04.83145000e+01   00.00000000e+00
  08.43396000e+01   05.59331000e+01   04.83139000e+01   00.00000000e+00
  08.37316000e+01   05.93940000e+01   04.66910000e+01   00.00000000e+00
  08.54604000e+01   05.91239000e+01   04.73225000e+01   00.00000000e+00
  08.50954000e+01   05.90740000e+01   04.55431000e+01   00.00000000e+00
  08.25093000e+01   05.71415000e+01   04.59980000e+01   00.00000000e+00
  08.35774000e+01   05.56901000e+01   04.57663000e+01   00.00000000e+00
  08.47875000e+01   05.70830000e+01   04.39183000e+01   00.00000000e+00
  08.36042000e+01   05.83142000e+01   04.41250000e+01   00.00000000e+00
  08.18565000e+01   05.60581000e+01   04.35372000e+01   00.00000000e+00
  08.33135000e+01   05.52979000e+01   04.30110000e+01   00.00000000e+00
  08.20167000e+01   05.89256000e+01   04.27405000e+01   00.00000000e+00
  08.16568000e+01   05.88814000e+01   04.10585000e+01   00.00000000e+00
  08.06168000e+01   05.81030000e+01   04.21636000e+01   00.00000000e+00
  08.44094000e+01   05.63623000e+01   04.13268000e+01   00.00000000e+00
  08.41437000e+01   05.82090000e+01   04.13544000e+01   00.00000000e+00
  08.30591000e+01   05.82256000e+01   03.93192000e+01   00.00000000e+00
  08.32053000e+01   05.64100000e+01   03.92788000e+01   00.00000000e+00
  08.57500000e+01   05.67999000e+01   03.93541000e+01   00.00000000e+00
  08.51400000e+01   05.85156000e+01   03.91287000e+01   00.00000000e+00
  07.20591000e+01   05.73802000e+01   03.98459000e+01   07.20400000e-04
  07.61985000e+01   06.07931000e+01   04.33569000e+01  -02.39543000e-02
  08.01837000e+01   06.10035000e+01   03.82587000e+01   04.89340000e-03
  07.59059000e+01   05.72299000e+01   03.39415000e+01  -02.28199000e-02
  07.78374000e+01   06.22910000e+01   04.39707000e+01  -01.51750000e-03
  08.69216000e+01   05.84265000e+01   03.75585000e+01   00.00000000e+00
  08.71410000e+01   05.68152000e+01   03.71817000e+01   00.00000000e+00
  08.65857000e+01   05.80017000e+01   03.59087000e+01   00.00000000e+00
  08.44565000e+01   05.82723000e+01   03.68144000e+01   00.00000000e+00
  08.36031000e+01   05.58771000e+01   03.71843000e+01   00.00000000e+00
  08.53500000e+01   05.53979000e+01   03.73179000e+01   00.00000000e+00
  08.57335000e+01   05.58026000e+01   03.50232000e+01   00.00000000e+00
  08.39942000e+01   05.63517000e+01   03.49289000e+01   00.00000000e+00
  08.47498000e+01   05.35546000e+01   03.55795000e+01   00.00000000e+00
  08.42290000e+01   05.42218000e+01   03.39922000e+01   00.00000000e+00
  08.21866000e+01   05.25648000e+01   03.69149000e+01   00.00000000e+00
  08.10055000e+01   05.26873000e+01   03.56291000e+01   00.00000000e+00
  08.27236000e+01   05.19655000e+01   03.53913000e+01   00.00000000e+00
  07.98195000e+01   06.02190000e+01   03.57362000e+01   05.57290000e-03
  07.92680000e+01   05.73533000e+01   03.54194000e+01  -01.28866000e-02
  08.13783000e+01   05.55605000e+01   03.58584000e+01   00.00000000e+00
  08.55562000e+01   05.68776000e+01   04.63284000e+01   00.00000000e+00
  08.19172000e+01   05.61632000e+01   04.13020000e+01   00.00000000e+00
  08.01825000e+01   05.49996000e+01   03.32722000e+01  -01.99830000e-03
  08.19079000e+01   05.51201000e+01   03.27740000e+01  -01.85290000e-03
