  07.80449000e+01   05.74762000e+01   03.37805000e+01  -06.11779000e-02
  07.83533000e+01   06.15423000e+01   04.26672000e+01   01.75852000e-02
  07.13416000e+01   05.75390000e+01   04.23335000e+01   01.01800000e-02
  07.37258000e+01   05.53732000e+01   03.48702000e+01  -01.32723000e-02
  07.70718000e+01   05.81856000e+01   03.70917000e+01  -04.57645000e-02
  07.92457000e+01   05.70998000e+01   03.29014000e+01   02.46758000e-02
  07.95383000e+01   06.15009000e+01   04.32469000e+01  -01.71993000e-02
  07.13209000e+01   05.60391000e+01   04.24449000e+01  -09.39340000e-03
  07.52084000e+01   05.58318000e+01   03.46031000e+01   07.66074000e-02
  07.70752000e+01   05.95861000e+01   03.97229000e+01   09.44338000e-02
  07.30618000e+01   05.47129000e+01   03.40794000e+01   01.54319000e-02
  07.94843000e+01   05.56838000e+01   03.26431000e+01  -01.56515000e-02
  07.60396000e+01   05.45481000e+01   03.44768000e+01  -02.00050000e-02
  07.42773000e+01   05.74303000e+01   03.77168000e+01  -08.09918000e-02
  07.65170000e+01   05.24635000e+01   03.56647000e+01   04.03650000e-03
  07.56194000e+01   05.67305000e+01   03.58102000e+01  -01.43447000e-01
  07.89078000e+01   05.94513000e+01   03.80391000e+01   01.23287000e-02
  07.58912000e+01   05.99429000e+01   04.18626000e+01   02.21683000e-01
  07.25706000e+01   05.72186000e+01   03.94564000e+01  -05.42921000e-02
  08.04995000e+01   05.72308000e+01   03.64580000e+01   02.66866000e-02
  08.04162000e+01   06.12237000e+01   04.00719000e+01   04.35609000e-02
  07.35229000e+01   05.95174000e+01   04.38381000e+01   02.36507000e-02
  07.10441000e+01   05.55697000e+01   03.70913000e+01  -06.09964000e-02
  08.00793000e+01   05.35496000e+01   03.35828000e+01   08.71130000e-03
  07.68631000e+01   05.73212000e+01   03.60396000e+01   01.26858000e-01
  07.82830000e+01   05.99445000e+01   03.92026000e+01  -03.45042000e-02
  07.47131000e+01   05.91489000e+01   04.15817000e+01  -02.04376000e-01
  07.29791000e+01   05.69883000e+01   03.81542000e+01   07.60142000e-02
  07.92828000e+01   05.51398000e+01   03.15538000e+01   05.08730000e-03
  07.67266000e+01   05.42022000e+01   03.35588000e+01   06.92200000e-04
  08.09184000e+01   05.31452000e+01   03.47825000e+01   00.00000000e+00
  07.81553000e+01   05.71345000e+01   03.52778000e+01   07.64245000e-02
  07.89852000e+01   06.07367000e+01   04.02403000e+01  -04.66821000e-02
  07.36152000e+01   05.88864000e+01   04.24974000e+01   01.65461000e-02
  07.23759000e+01   05.62325000e+01   03.70988000e+01   05.49912000e-02
  07.98784000e+01   05.50210000e+01   03.37351000e+01   03.30200000e-04
  07.58394000e+01   05.37619000e+01   03.55820000e+01   04.02810000e-03
  08.18198000e+01   05.21521000e+01   03.50160000e+01   00.00000000e+00
  07.91974000e+01   05.79760000e+01   03.60187000e+01  -04.69336000e-02
  07.81348000e+01   06.08467000e+01   04.13467000e+01  -07.68710000e-03
  07.26705000e+01   05.81508000e+01   04.17552000e+01  -03.37389000e-02
  07.33925000e+01   05.60022000e+01   03.61748000e+01   03.64969000e-02
  08.14163000e+01   05.08424000e+01   03.56727000e+01   00.00000000e+00
  07.83557000e+01   05.85336000e+01   03.71300000e+01  -09.58259000e-02
  07.69333000e+01   06.01558000e+01   04.09922000e+01  -01.77941000e-01
  07.32257000e+01   05.79153000e+01   04.04636000e+01   06.74294000e-02
  07.45052000e+01   05.67737000e+01   03.66040000e+01   01.44326000e-01
  08.32524000e+01   05.23263000e+01   03.46773000e+01   00.00000000e+00
  08.40264000e+01   05.34091000e+01   03.53793000e+01   00.00000000e+00
  08.39842000e+01   05.33184000e+01   03.68562000e+01   00.00000000e+00
  08.48948000e+01   05.43230000e+01   03.76556000e+01   00.00000000e+00
  08.64203000e+01   05.41393000e+01   03.74288000e+01   00.00000000e+00
  08.45717000e+01   05.42897000e+01   03.92361000e+01   00.00000000e+00
  08.31905000e+01   05.47757000e+01   03.96168000e+01   00.00000000e+00
  08.31040000e+01   05.54015000e+01   04.09500000e+01   00.00000000e+00
  08.17272000e+01   05.60069000e+01   04.12793000e+01   00.00000000e+00
  08.12715000e+01   05.71507000e+01   04.03413000e+01   00.00000000e+00
  08.16632000e+01   05.66037000e+01   04.26547000e+01   00.00000000e+00
  08.24344000e+01   05.78659000e+01   04.31183000e+01   00.00000000e+00
  08.23222000e+01   05.80926000e+01   04.46646000e+01   00.00000000e+00
  08.30238000e+01   05.93890000e+01   04.51787000e+01   00.00000000e+00
  08.27052000e+01   05.96820000e+01   04.66390000e+01   00.00000000e+00
  08.45762000e+01   05.92664000e+01   04.50236000e+01   00.00000000e+00
  07.44316000e+01   05.85551000e+01   04.03752000e+01   03.65717000e-02
  07.56758000e+01   05.86107000e+01   03.86483000e+01  -06.37550000e-03
  07.02840000e+01   05.63310000e+01   03.67744000e+01   01.79582000e-02
  07.10080000e+01   05.47049000e+01   03.64149000e+01   01.23366000e-02
  07.07972000e+01   05.51824000e+01   03.80973000e+01   01.80857000e-02
  07.34204000e+01   05.87116000e+01   04.46139000e+01  -03.55350000e-03
  07.43940000e+01   06.00323000e+01   04.41132000e+01  -05.48890000e-03
  07.27189000e+01   06.02183000e+01   04.39548000e+01  -05.73590000e-03
  08.06437000e+01   06.21551000e+01   04.05747000e+01  -01.16015000e-02
  08.10591000e+01   06.05153000e+01   04.06268000e+01  -01.03548000e-02
  08.08119000e+01   06.12134000e+01   03.90685000e+01  -01.10806000e-02
  08.12725000e+01   05.79990000e+01   03.67778000e+01  -06.50300000e-03
  08.02406000e+01   05.66669000e+01   03.73635000e+01  -03.84930000e-03
  08.09585000e+01   05.65705000e+01   03.57281000e+01  -06.75510000e-03
  07.59583000e+01   05.17618000e+01   03.62395000e+01   06.96000000e-05
  07.64701000e+01   05.20937000e+01   03.46513000e+01  -02.56130000e-03
  07.75203000e+01   05.26310000e+01   03.59488000e+01  -08.86000000e-04
  07.05764000e+01   05.56065000e+01   04.31201000e+01   02.66600000e-04
  07.12410000e+01   05.56205000e+01   04.14729000e+01   02.07780000e-03
  07.22867000e+01   05.57913000e+01   04.28096000e+01   03.44650000e-03
  07.97263000e+01   06.20559000e+01   04.42025000e+01   02.98050000e-03
  08.03857000e+01   06.08433000e+01   04.28250000e+01  -05.01900000e-04
  07.91616000e+01   05.76724000e+01   03.19697000e+01  -05.40000000e-06
  08.01578000e+01   05.74696000e+01   03.32556000e+01  -02.73660000e-03
  07.12195000e+01   05.78095000e+01   04.34030000e+01   06.65000000e-04
  07.04730000e+01   05.79143000e+01   04.18170000e+01  -04.07950000e-03
  07.71561000e+01   05.70305000e+01   03.33233000e+01   01.58140000e-02
  07.78614000e+01   05.85384000e+01   03.37313000e+01   09.11190000e-03
  08.50095000e+01   05.93178000e+01   04.40054000e+01   00.00000000e+00
  08.49401000e+01   06.01250000e+01   04.55849000e+01   00.00000000e+00
  08.50298000e+01   05.83602000e+01   04.55292000e+01   00.00000000e+00
  08.29683000e+01   05.88855000e+01   04.72964000e+01   00.00000000e+00
  08.31667000e+01   06.05937000e+01   04.70457000e+01   00.00000000e+00
  08.16363000e+01   05.98783000e+01   04.66690000e+01   00.00000000e+00
  08.12611000e+01   05.81897000e+01   04.49264000e+01   00.00000000e+00
  08.27741000e+01   05.73301000e+01   04.52159000e+01   00.00000000e+00
  08.34438000e+01   05.78906000e+01   04.28710000e+01   00.00000000e+00
  08.19113000e+01   05.87839000e+01   04.26797000e+01   00.00000000e+00
  08.06391000e+01   05.67240000e+01   04.28473000e+01   00.00000000e+00
  08.19550000e+01   05.58495000e+01   04.33532000e+01   00.00000000e+00
  08.20142000e+01   05.79459000e+01   04.01905000e+01   00.00000000e+00
  08.10332000e+01   05.67420000e+01   03.93189000e+01   00.00000000e+00
  08.03631000e+01   05.75403000e+01   04.07524000e+01   00.00000000e+00
  08.33652000e+01   05.46054000e+01   04.16136000e+01   00.00000000e+00
  08.37574000e+01   05.62102000e+01   04.09674000e+01   00.00000000e+00
  08.29610000e+01   05.55158000e+01   03.87958000e+01   00.00000000e+00
  08.25174000e+01   05.38814000e+01   03.96424000e+01   00.00000000e+00
  08.46489000e+01   05.32683000e+01   03.96073000e+01   00.00000000e+00
  08.52849000e+01   05.48909000e+01   03.97593000e+01   00.00000000e+00
  07.15561000e+01   05.68385000e+01   03.97195000e+01   07.20400000e-04
  07.59542000e+01   06.04161000e+01   04.28092000e+01  -02.39543000e-02
  07.99100000e+01   05.98389000e+01   03.77263000e+01   04.89340000e-03
  07.51548000e+01   05.64031000e+01   03.37074000e+01  -02.28199000e-02
  07.75733000e+01   06.20951000e+01   04.31770000e+01  -01.51750000e-03
  08.68714000e+01   05.33753000e+01   03.80735000e+01   00.00000000e+00
  08.66834000e+01   05.38651000e+01   03.63925000e+01   00.00000000e+00
  08.69871000e+01   05.51509000e+01   03.76253000e+01   00.00000000e+00
  08.45755000e+01   05.53290000e+01   03.72682000e+01   00.00000000e+00
  08.29743000e+01   05.34653000e+01   03.71914000e+01   00.00000000e+00
  08.43141000e+01   05.22904000e+01   03.71250000e+01   00.00000000e+00
  08.50768000e+01   05.32012000e+01   03.50792000e+01   00.00000000e+00
  08.37120000e+01   05.44208000e+01   03.50375000e+01   00.00000000e+00
  08.38610000e+01   05.15018000e+01   03.49132000e+01   00.00000000e+00
  08.33161000e+01   05.24625000e+01   03.36070000e+01   00.00000000e+00
  08.18208000e+01   05.07851000e+01   03.67385000e+01   00.00000000e+00
  08.03399000e+01   05.05893000e+01   03.54752000e+01   00.00000000e+00
  08.18423000e+01   05.01136000e+01   03.49990000e+01   00.00000000e+00
  07.95275000e+01   05.88510000e+01   03.54877000e+01   05.57290000e-03
  07.84089000e+01   05.60226000e+01   03.53837000e+01  -01.28866000e-02
  08.09298000e+01   05.37953000e+01   03.55641000e+01   00.00000000e+00
  08.27058000e+01   06.03027000e+01   04.46186000e+01   00.00000000e+00
  08.10149000e+01   05.51096000e+01   04.12077000e+01   00.00000000e+00
  07.90631000e+01   05.31412000e+01   03.34560000e+01  -01.99830000e-03
  08.06596000e+01   05.33148000e+01   03.26868000e+01  -01.85290000e-03
