  08.04007000e+01   05.87983000e+01   03.43967000e+01  -06.11779000e-02
  07.96823000e+01   06.21747000e+01   04.34805000e+01   01.75852000e-02
  07.29358000e+01   05.80019000e+01   04.24416000e+01   01.01800000e-02
  07.58257000e+01   05.60730000e+01   03.51590000e+01  -01.32723000e-02
  07.90027000e+01   05.89753000e+01   03.77412000e+01  -04.57645000e-02
  08.17214000e+01   05.85655000e+01   03.37100000e+01   02.46758000e-02
  08.07513000e+01   06.21656000e+01   04.42877000e+01  -01.71993000e-02
  07.32837000e+01   05.66150000e+01   04.29573000e+01  -09.39340000e-03
  07.72872000e+01   05.67670000e+01   03.48471000e+01   07.66074000e-02
  07.87879000e+01   06.04052000e+01   04.03427000e+01   09.44338000e-02
  07.52479000e+01   05.53029000e+01   03.43621000e+01   01.54319000e-02
  08.20437000e+01   05.71412000e+01   03.32686000e+01  -01.56515000e-02
  07.82846000e+01   05.56888000e+01   03.46117000e+01  -02.00050000e-02
  07.62082000e+01   05.81652000e+01   03.80174000e+01  -08.09918000e-02
  07.94246000e+01   05.38198000e+01   03.54344000e+01   04.03650000e-03
  07.77252000e+01   05.76362000e+01   03.61434000e+01  -01.43447000e-01
  08.08091000e+01   06.02063000e+01   03.89351000e+01   01.23287000e-02
  07.73961000e+01   06.06119000e+01   04.22972000e+01   02.21683000e-01
  07.43379000e+01   05.79635000e+01   03.96802000e+01  -05.42921000e-02
  08.24438000e+01   05.80732000e+01   03.73588000e+01   02.66866000e-02
  08.19011000e+01   06.21836000e+01   04.10785000e+01   04.35609000e-02
  07.48990000e+01   05.98369000e+01   04.41296000e+01   02.36507000e-02
  07.33255000e+01   05.56875000e+01   03.76018000e+01  -06.09964000e-02
  08.33006000e+01   05.51569000e+01   03.39649000e+01   08.71130000e-03
  07.89228000e+01   05.83326000e+01   03.65095000e+01   01.26858000e-01
  08.01218000e+01   06.06499000e+01   04.00660000e+01  -03.45042000e-02
  07.62242000e+01   05.99282000e+01   04.19163000e+01  -02.04376000e-01
  07.49245000e+01   05.76560000e+01   03.84002000e+01   07.60142000e-02
  08.16617000e+01   05.65492000e+01   03.22673000e+01   05.08730000e-03
  07.90824000e+01   05.57985000e+01   03.36806000e+01   06.92200000e-04
  08.34597000e+01   05.45786000e+01   03.53462000e+01   00.00000000e+00
  08.03315000e+01   05.82403000e+01   03.58604000e+01   07.64245000e-02
  08.06259000e+01   06.15234000e+01   04.11146000e+01  -04.66821000e-02
  07.51080000e+01   05.94961000e+01   04.27312000e+01   01.65461000e-02
  07.44700000e+01   05.66551000e+01   03.73963000e+01   05.49912000e-02
  08.28276000e+01   05.65167000e+01   03.42291000e+01   03.30200000e-04
  07.83879000e+01   05.48321000e+01   03.56130000e+01   04.02810000e-03
  08.46012000e+01   05.41063000e+01   03.58592000e+01   00.00000000e+00
  08.12568000e+01   05.89202000e+01   03.68608000e+01  -04.69336000e-02
  07.96906000e+01   06.15470000e+01   04.21348000e+01  -07.68710000e-03
  07.41977000e+01   05.88194000e+01   04.19271000e+01  -03.37389000e-02
  07.54368000e+01   05.66612000e+01   03.64531000e+01   03.64969000e-02
  08.48960000e+01   05.26099000e+01   03.59173000e+01   00.00000000e+00
  08.03468000e+01   05.93492000e+01   03.79446000e+01  -09.58259000e-02
  07.85538000e+01   06.08220000e+01   04.15787000e+01  -01.77941000e-01
  07.48500000e+01   05.87915000e+01   04.07054000e+01   06.74294000e-02
  07.65022000e+01   05.75971000e+01   03.68753000e+01   01.44326000e-01
  08.56456000e+01   05.49969000e+01   03.63874000e+01   00.00000000e+00
  08.55338000e+01   05.55085000e+01   03.78364000e+01   00.00000000e+00
  08.67469000e+01   05.62665000e+01   03.82896000e+01   00.00000000e+00
  08.67550000e+01   05.70161000e+01   03.96121000e+01   00.00000000e+00
  08.59144000e+01   05.83324000e+01   03.94772000e+01   00.00000000e+00
  08.81947000e+01   05.72934000e+01   04.01067000e+01   00.00000000e+00
  08.83506000e+01   05.76988000e+01   04.15672000e+01   00.00000000e+00
  08.84901000e+01   05.65178000e+01   04.25602000e+01   00.00000000e+00
  08.85063000e+01   05.68992000e+01   04.40376000e+01   00.00000000e+00
  08.90706000e+01   05.55817000e+01   04.47421000e+01   00.00000000e+00
  08.71533000e+01   05.73584000e+01   04.46563000e+01   00.00000000e+00
  08.72277000e+01   05.77414000e+01   04.61403000e+01   00.00000000e+00
  08.60284000e+01   05.84564000e+01   04.67550000e+01   00.00000000e+00
  08.60669000e+01   05.83649000e+01   04.83339000e+01   00.00000000e+00
  08.51416000e+01   05.94652000e+01   04.89062000e+01   00.00000000e+00
  08.56437000e+01   05.70167000e+01   04.88360000e+01   00.00000000e+00
  07.60193000e+01   05.94630000e+01   04.06922000e+01   03.65717000e-02
  07.74368000e+01   05.93385000e+01   03.91416000e+01  -06.37550000e-03
  07.24025000e+01   05.61321000e+01   03.72826000e+01   01.79582000e-02
  07.34151000e+01   05.48835000e+01   03.68570000e+01   01.23366000e-02
  07.33129000e+01   05.51371000e+01   03.85253000e+01   01.80857000e-02
  07.38622000e+01   06.01415000e+01   04.42935000e+01  -03.55350000e-03
  07.50051000e+01   05.89336000e+01   04.47453000e+01  -05.48890000e-03
  07.55452000e+01   06.06853000e+01   04.44028000e+01  -05.73590000e-03
  08.27386000e+01   06.14851000e+01   04.10065000e+01  -01.16015000e-02
  08.18246000e+01   06.28987000e+01   04.02685000e+01  -01.03548000e-02
  08.19279000e+01   06.27850000e+01   04.19958000e+01  -01.10806000e-02
  08.30681000e+01   05.77530000e+01   03.66102000e+01  -06.50300000e-03
  08.30332000e+01   05.86264000e+01   03.81191000e+01  -03.84930000e-03
  08.20589000e+01   05.72450000e+01   03.79173000e+01  -06.75510000e-03
  07.88877000e+01   05.30055000e+01   03.59228000e+01   06.96000000e-05
  07.97139000e+01   05.36088000e+01   03.43982000e+01  -02.56130000e-03
  08.02007000e+01   05.41776000e+01   03.60557000e+01  -08.86000000e-04
  07.40996000e+01   05.61904000e+01   04.23823000e+01   02.66600000e-04
  07.37312000e+01   05.66467000e+01   04.39634000e+01   02.07780000e-03
  07.24453000e+01   05.59105000e+01   04.29615000e+01   03.44650000e-03
  08.07006000e+01   06.25711000e+01   04.53185000e+01   02.98050000e-03
  08.16342000e+01   06.16587000e+01   04.39349000e+01  -05.01900000e-04
  08.16167000e+01   05.92223000e+01   03.28966000e+01  -05.40000000e-06
  08.26021000e+01   05.88960000e+01   03.42951000e+01  -02.73660000e-03
  07.24422000e+01   05.85040000e+01   04.32589000e+01   06.65000000e-04
  07.22196000e+01   05.79203000e+01   04.16044000e+01  -04.07950000e-03
  07.96476000e+01   05.83319000e+01   03.37494000e+01   01.58140000e-02
  08.02751000e+01   05.98738000e+01   03.45318000e+01   09.11190000e-03
  08.56147000e+01   05.68099000e+01   04.98954000e+01   00.00000000e+00
  08.46436000e+01   05.68428000e+01   04.84506000e+01   00.00000000e+00
  08.62677000e+01   05.62182000e+01   04.84129000e+01   00.00000000e+00
  08.54065000e+01   06.04831000e+01   04.84938000e+01   00.00000000e+00
  08.40815000e+01   05.93602000e+01   04.86524000e+01   00.00000000e+00
  08.52917000e+01   05.95149000e+01   04.99565000e+01   00.00000000e+00
  08.62671000e+01   05.93799000e+01   04.63784000e+01   00.00000000e+00
  08.51024000e+01   05.80983000e+01   04.63115000e+01   00.00000000e+00
  08.74518000e+01   05.68347000e+01   04.66655000e+01   00.00000000e+00
  08.80760000e+01   05.84374000e+01   04.62701000e+01   00.00000000e+00
  08.68734000e+01   05.82184000e+01   04.39927000e+01   00.00000000e+00
  08.63261000e+01   05.66259000e+01   04.45713000e+01   00.00000000e+00
  09.00288000e+01   05.52425000e+01   04.43491000e+01   00.00000000e+00
  08.92685000e+01   05.58119000e+01   04.57767000e+01   00.00000000e+00
  08.83664000e+01   05.47690000e+01   04.46790000e+01   00.00000000e+00
  08.76446000e+01   05.58354000e+01   04.24270000e+01   00.00000000e+00
  08.93232000e+01   05.59140000e+01   04.22700000e+01   00.00000000e+00
  08.92569000e+01   05.83385000e+01   04.16389000e+01   00.00000000e+00
  08.74851000e+01   05.82474000e+01   04.18981000e+01   00.00000000e+00
  08.88281000e+01   05.64341000e+01   03.99778000e+01   00.00000000e+00
  08.86813000e+01   05.81036000e+01   03.94897000e+01   00.00000000e+00
  07.33160000e+01   05.74866000e+01   03.98936000e+01   07.20400000e-04
  07.74414000e+01   06.10283000e+01   04.33284000e+01  -02.39543000e-02
  08.18763000e+01   06.04163000e+01   03.89224000e+01   04.89340000e-03
  07.72070000e+01   05.73562000e+01   03.40032000e+01  -02.28199000e-02
  07.87647000e+01   06.26517000e+01   04.37362000e+01  -01.51750000e-03
  08.50883000e+01   05.80602000e+01   03.88279000e+01   00.00000000e+00
  08.55076000e+01   05.88051000e+01   04.03375000e+01   00.00000000e+00
  08.65092000e+01   05.91204000e+01   03.90034000e+01   00.00000000e+00
  08.61797000e+01   05.64354000e+01   04.03454000e+01   00.00000000e+00
  08.74779000e+01   05.54599000e+01   03.84827000e+01   00.00000000e+00
  08.72743000e+01   05.68663000e+01   03.75333000e+01   00.00000000e+00
  08.46505000e+01   05.61790000e+01   03.78520000e+01   00.00000000e+00
  08.53195000e+01   05.45619000e+01   03.83919000e+01   00.00000000e+00
  08.66708000e+01   05.45495000e+01   03.61778000e+01   00.00000000e+00
  08.56657000e+01   05.58943000e+01   03.57883000e+01   00.00000000e+00
  08.58728000e+01   05.23708000e+01   03.63060000e+01   00.00000000e+00
  08.41612000e+01   05.20195000e+01   03.65119000e+01   00.00000000e+00
  08.47789000e+01   05.23570000e+01   03.48831000e+01   00.00000000e+00
  08.16599000e+01   05.97648000e+01   03.63254000e+01   05.57290000e-03
  08.06898000e+01   05.71979000e+01   03.57966000e+01  -01.28866000e-02
  08.26805000e+01   05.48450000e+01   03.60608000e+01   00.00000000e+00
  08.71014000e+01   05.86025000e+01   04.86468000e+01   00.00000000e+00
  08.93286000e+01   05.75944000e+01   04.41801000e+01   00.00000000e+00
  08.25367000e+01   05.45445000e+01   03.35581000e+01  -01.99830000e-03
  08.41369000e+01   05.51514000e+01   03.32940000e+01  -01.85290000e-03
