  07.79903000e+01   05.83825000e+01   03.42023000e+01  -06.11779000e-02
  07.78300000e+01   06.21957000e+01   04.32113000e+01   01.75852000e-02
  07.09568000e+01   05.75902000e+01   04.25582000e+01   01.01800000e-02
  07.37902000e+01   05.57044000e+01   03.52423000e+01  -01.32723000e-02
  07.67286000e+01   05.88107000e+01   03.75783000e+01  -04.57645000e-02
  07.92928000e+01   05.84016000e+01   03.33271000e+01   02.46758000e-02
  07.69310000e+01   06.26154000e+01   04.40963000e+01  -01.71993000e-02
  07.12319000e+01   05.60823000e+01   04.26615000e+01  -09.39340000e-03
  07.51628000e+01   05.63594000e+01   03.49746000e+01   07.66074000e-02
  07.65642000e+01   06.01681000e+01   04.02398000e+01   09.44338000e-02
  07.32285000e+01   05.48395000e+01   03.45235000e+01   01.54319000e-02
  07.97714000e+01   05.70567000e+01   03.27970000e+01  -01.56515000e-02
  07.61540000e+01   05.52461000e+01   03.47076000e+01  -02.00050000e-02
  07.39817000e+01   05.78302000e+01   03.81527000e+01  -08.09918000e-02
  07.72382000e+01   05.33263000e+01   03.56319000e+01   04.03650000e-03
  07.55099000e+01   05.72448000e+01   03.61980000e+01  -01.43447000e-01
  07.84035000e+01   06.03452000e+01   03.86751000e+01   01.23287000e-02
  07.52812000e+01   06.02048000e+01   04.24089000e+01   02.21683000e-01
  07.22334000e+01   05.75369000e+01   03.97504000e+01  -05.42921000e-02
  08.01637000e+01   05.82882000e+01   03.72173000e+01   02.66866000e-02
  07.96698000e+01   06.23300000e+01   04.06238000e+01   04.35609000e-02
  07.30296000e+01   05.93691000e+01   04.43931000e+01   02.36507000e-02
  07.10369000e+01   05.53546000e+01   03.74815000e+01  -06.09964000e-02
  08.07593000e+01   05.49912000e+01   03.33206000e+01   08.71130000e-03
  07.66598000e+01   05.80051000e+01   03.64468000e+01   01.26858000e-01
  07.77569000e+01   06.07558000e+01   03.98194000e+01  -03.45042000e-02
  07.41982000e+01   05.94207000e+01   04.20465000e+01  -02.04376000e-01
  07.27889000e+01   05.71933000e+01   03.84731000e+01   07.60142000e-02
  07.95297000e+01   05.65988000e+01   03.17143000e+01   05.08730000e-03
  07.68283000e+01   05.51143000e+01   03.36909000e+01   06.92200000e-04
  08.12907000e+01   05.40507000e+01   03.44790000e+01   00.00000000e+00
  07.79928000e+01   05.79266000e+01   03.57073000e+01   07.64245000e-02
  07.83701000e+01   06.16305000e+01   04.07924000e+01  -04.66821000e-02
  07.30740000e+01   05.91009000e+01   04.29184000e+01   01.65461000e-02
  07.22850000e+01   05.62515000e+01   03.74965000e+01   05.49912000e-02
  08.04445000e+01   05.63500000e+01   03.37212000e+01   03.30200000e-04
  07.62933000e+01   05.44128000e+01   03.58338000e+01   04.02810000e-03
  08.23734000e+01   05.42928000e+01   03.52404000e+01   00.00000000e+00
  07.88753000e+01   05.88446000e+01   03.66371000e+01  -04.69336000e-02
  07.75253000e+01   06.15333000e+01   04.19087000e+01  -07.68710000e-03
  07.22238000e+01   05.83241000e+01   04.21439000e+01  -03.37389000e-02
  07.33491000e+01   05.62782000e+01   03.65619000e+01   03.64969000e-02
  08.37374000e+01   05.39086000e+01   03.47350000e+01   00.00000000e+00
  07.79640000e+01   05.93258000e+01   03.77284000e+01  -09.58259000e-02
  07.63961000e+01   06.06110000e+01   04.15724000e+01  -01.77941000e-01
  07.28017000e+01   05.82402000e+01   04.08454000e+01   06.74294000e-02
  07.43049000e+01   05.72363000e+01   03.69981000e+01   01.44326000e-01
  08.22713000e+01   05.51676000e+01   03.65014000e+01   00.00000000e+00
  08.31870000e+01   05.47102000e+01   03.77286000e+01   00.00000000e+00
  08.32023000e+01   05.57146000e+01   03.89006000e+01   00.00000000e+00
  08.35179000e+01   05.71594000e+01   03.86519000e+01   00.00000000e+00
  08.47969000e+01   05.72204000e+01   03.78163000e+01   00.00000000e+00
  08.35960000e+01   05.79819000e+01   03.99560000e+01   00.00000000e+00
  08.23160000e+01   05.79349000e+01   04.08819000e+01   00.00000000e+00
  08.22786000e+01   05.91741000e+01   04.18332000e+01   00.00000000e+00
  08.34071000e+01   05.94730000e+01   04.28723000e+01   00.00000000e+00
  08.32061000e+01   05.83757000e+01   04.39461000e+01   00.00000000e+00
  08.31564000e+01   06.09408000e+01   04.33741000e+01   00.00000000e+00
  08.41059000e+01   06.15186000e+01   04.44466000e+01   00.00000000e+00
  08.34726000e+01   06.27912000e+01   04.51149000e+01   00.00000000e+00
  08.26875000e+01   06.24692000e+01   04.64391000e+01   00.00000000e+00
  08.26080000e+01   06.37301000e+01   04.73213000e+01   00.00000000e+00
  08.12812000e+01   06.19568000e+01   04.61744000e+01   00.00000000e+00
  07.39868000e+01   05.88768000e+01   04.07777000e+01   03.65717000e-02
  07.52354000e+01   05.90689000e+01   03.91455000e+01  -06.37550000e-03
  07.02489000e+01   05.59899000e+01   03.71497000e+01   01.79582000e-02
  07.10635000e+01   05.43993000e+01   03.69060000e+01   01.23366000e-02
  07.06289000e+01   05.50736000e+01   03.84899000e+01   01.80857000e-02
  07.39618000e+01   05.91441000e+01   04.47951000e+01  -03.55350000e-03
  07.27937000e+01   06.04485000e+01   04.44743000e+01  -05.48890000e-03
  07.23274000e+01   05.87557000e+01   04.48881000e+01  -05.73590000e-03
  08.00321000e+01   06.26612000e+01   04.15331000e+01  -01.16015000e-02
  08.04135000e+01   06.16714000e+01   04.01720000e+01  -01.03548000e-02
  07.93675000e+01   06.31324000e+01   03.98753000e+01  -01.10806000e-02
  07.98554000e+01   05.76657000e+01   03.80958000e+01  -06.50300000e-03
  08.07638000e+01   05.77536000e+01   03.65136000e+01  -03.84930000e-03
  08.06132000e+01   05.91597000e+01   03.76040000e+01  -06.75510000e-03
  07.70429000e+01   05.27541000e+01   03.47139000e+01   06.96000000e-05
  07.82727000e+01   05.36557000e+01   03.57028000e+01  -02.56130000e-03
  07.69239000e+01   05.25675000e+01   03.63567000e+01  -08.86000000e-04
  07.13797000e+01   05.56381000e+01   04.17330000e+01   02.66600000e-04
  07.21403000e+01   05.58489000e+01   04.32192000e+01   02.07780000e-03
  07.03090000e+01   05.57466000e+01   04.31692000e+01   03.44650000e-03
  07.72311000e+01   06.31388000e+01   04.49846000e+01   02.98050000e-03
  07.58235000e+01   06.25347000e+01   04.40126000e+01  -05.01900000e-04
  07.91826000e+01   05.91872000e+01   03.25523000e+01  -05.40000000e-06
  08.00544000e+01   05.87987000e+01   03.40274000e+01  -02.73660000e-03
  07.05890000e+01   05.79461000e+01   04.35245000e+01   06.65000000e-04
  07.01732000e+01   05.77418000e+01   04.18144000e+01  -04.07950000e-03
  07.73372000e+01   05.76901000e+01   03.36525000e+01   01.58140000e-02
  07.74005000e+01   05.92797000e+01   03.40852000e+01   09.11190000e-03
  08.14591000e+01   06.10068000e+01   04.57801000e+01   00.00000000e+00
  08.07320000e+01   06.19223000e+01   04.70879000e+01   00.00000000e+00
  08.06972000e+01   06.24858000e+01   04.54178000e+01   00.00000000e+00
  08.18580000e+01   06.35732000e+01   04.80873000e+01   00.00000000e+00
  08.34981000e+01   06.38844000e+01   04.78646000e+01   00.00000000e+00
  08.22748000e+01   06.46143000e+01   04.67553000e+01   00.00000000e+00
  08.43758000e+01   06.33825000e+01   04.53433000e+01   00.00000000e+00
  08.28371000e+01   06.33377000e+01   04.44779000e+01   00.00000000e+00
  08.43826000e+01   06.08863000e+01   04.53283000e+01   00.00000000e+00
  08.50596000e+01   06.17828000e+01   04.38721000e+01   00.00000000e+00
  08.32969000e+01   06.15757000e+01   04.24988000e+01   00.00000000e+00
  08.21038000e+01   06.10144000e+01   04.36347000e+01   00.00000000e+00
  08.32834000e+01   05.73945000e+01   04.35404000e+01   00.00000000e+00
  08.40316000e+01   05.84487000e+01   04.46332000e+01   00.00000000e+00
  08.22807000e+01   05.84527000e+01   04.45349000e+01   00.00000000e+00
  08.22433000e+01   06.00775000e+01   04.12280000e+01   00.00000000e+00
  08.13144000e+01   05.92092000e+01   04.23913000e+01   00.00000000e+00
  08.14779000e+01   05.80795000e+01   04.02492000e+01   00.00000000e+00
  08.22085000e+01   05.70820000e+01   04.15585000e+01   00.00000000e+00
  08.46021000e+01   05.78723000e+01   04.05302000e+01   00.00000000e+00
  08.35663000e+01   05.90441000e+01   03.96689000e+01   00.00000000e+00
  07.11937000e+01   05.72214000e+01   03.97729000e+01   07.20400000e-04
  07.51046000e+01   06.07482000e+01   04.33268000e+01  -02.39543000e-02
  07.94068000e+01   06.06507000e+01   03.85505000e+01   04.89340000e-03
  07.50079000e+01   05.68981000e+01   03.40470000e+01  -02.28199000e-02
  07.89009000e+01   06.24218000e+01   04.34740000e+01  -01.51750000e-03
  08.47917000e+01   05.67154000e+01   03.69372000e+01   00.00000000e+00
  08.51370000e+01   05.83025000e+01   03.77011000e+01   00.00000000e+00
  08.55642000e+01   05.67234000e+01   03.84654000e+01   00.00000000e+00
  08.27349000e+01   05.75186000e+01   03.79673000e+01   00.00000000e+00
  08.21570000e+01   05.57099000e+01   03.92274000e+01   00.00000000e+00
  08.38005000e+01   05.53879000e+01   03.98168000e+01   00.00000000e+00
  08.27799000e+01   05.38052000e+01   03.81850000e+01   00.00000000e+00
  08.41657000e+01   05.44725000e+01   03.74629000e+01   00.00000000e+00
  08.23869000e+01   05.62027000e+01   03.61622000e+01   00.00000000e+00
  08.12929000e+01   05.50640000e+01   03.68740000e+01   00.00000000e+00
  08.41235000e+01   05.30600000e+01   03.53757000e+01   00.00000000e+00
  08.36792000e+01   05.36324000e+01   03.37006000e+01   00.00000000e+00
  08.43140000e+01   05.48182000e+01   03.49446000e+01   00.00000000e+00
  07.91099000e+01   05.96611000e+01   03.59190000e+01   05.57290000e-03
  07.84484000e+01   05.69349000e+01   03.57196000e+01  -01.28866000e-02
  08.07719000e+01   05.31456000e+01   03.47366000e+01   00.00000000e+00
  08.32863000e+01   06.18031000e+01   04.70666000e+01   00.00000000e+00
  08.44014000e+01   05.94930000e+01   04.25433000e+01   00.00000000e+00
  07.97920000e+01   05.45220000e+01   03.30724000e+01  -01.99830000e-03
  08.14071000e+01   05.49888000e+01   03.24594000e+01  -01.85290000e-03
