  07.72859000e+01   05.77689000e+01   03.34132000e+01  -06.11779000e-02
  07.70834000e+01   06.15101000e+01   04.24315000e+01   01.75852000e-02
  07.00112000e+01   05.75826000e+01   04.16347000e+01   01.01800000e-02
  07.30602000e+01   05.49834000e+01   03.45988000e+01  -01.32723000e-02
  07.60627000e+01   05.80700000e+01   03.67456000e+01  -04.57645000e-02
  07.86449000e+01   05.77384000e+01   03.27315000e+01   02.46758000e-02
  07.82096000e+01   06.13815000e+01   04.31280000e+01  -01.71993000e-02
  07.00396000e+01   05.61749000e+01   04.22339000e+01  -09.39340000e-03
  07.45409000e+01   05.55571000e+01   03.42454000e+01   07.66074000e-02
  07.59229000e+01   05.95805000e+01   03.93876000e+01   09.44338000e-02
  07.23940000e+01   05.41785000e+01   03.38917000e+01   01.54319000e-02
  07.90201000e+01   05.63153000e+01   03.23230000e+01  -01.56515000e-02
  07.55072000e+01   05.44111000e+01   03.41466000e+01  -02.00050000e-02
  07.34446000e+01   05.71177000e+01   03.73861000e+01  -08.09918000e-02
  07.60910000e+01   05.22098000e+01   03.48854000e+01   04.03650000e-03
  07.48501000e+01   05.64564000e+01   03.54089000e+01  -01.43447000e-01
  07.78744000e+01   05.93187000e+01   03.78834000e+01   01.23287000e-02
  07.45389000e+01   05.98467000e+01   04.14422000e+01   02.21683000e-01
  07.15590000e+01   05.70594000e+01   03.89797000e+01  -05.42921000e-02
  07.96062000e+01   05.71631000e+01   03.63009000e+01   02.66866000e-02
  07.91465000e+01   06.11446000e+01   04.00050000e+01   04.35609000e-02
  07.22376000e+01   05.93559000e+01   04.33730000e+01   02.36507000e-02
  07.02928000e+01   05.51359000e+01   03.68467000e+01  -06.09964000e-02
  07.98210000e+01   05.41382000e+01   03.29960000e+01   08.71130000e-03
  07.60101000e+01   05.72357000e+01   03.56785000e+01   01.26858000e-01
  07.72046000e+01   05.98078000e+01   03.90357000e+01  -03.45042000e-02
  07.33869000e+01   05.91423000e+01   04.11500000e+01  -02.04376000e-01
  07.21428000e+01   05.66918000e+01   03.77786000e+01   07.60142000e-02
  07.87793000e+01   05.58511000e+01   03.12236000e+01   05.08730000e-03
  07.66011000e+01   05.44613000e+01   03.34958000e+01   06.92200000e-04
  08.02998000e+01   05.34096000e+01   03.41989000e+01   00.00000000e+00
  07.73147000e+01   05.71883000e+01   03.49113000e+01   07.64245000e-02
  07.77713000e+01   06.07083000e+01   04.00470000e+01  -04.66821000e-02
  07.22675000e+01   05.89044000e+01   04.20458000e+01   01.65461000e-02
  07.16141000e+01   05.57832000e+01   03.67804000e+01   05.49912000e-02
  07.96475000e+01   05.55668000e+01   03.33221000e+01   03.30200000e-04
  07.51004000e+01   05.32979000e+01   03.48401000e+01   04.02810000e-03
  08.12512000e+01   05.24240000e+01   03.41642000e+01   00.00000000e+00
  07.83169000e+01   05.79537000e+01   03.58012000e+01  -04.69336000e-02
  07.69004000e+01   06.07502000e+01   04.11535000e+01  -07.68710000e-03
  07.13379000e+01   05.81406000e+01   04.12705000e+01  -03.37389000e-02
  07.26455000e+01   05.56232000e+01   03.58512000e+01   03.64969000e-02
  08.06594000e+01   05.10081000e+01   03.39886000e+01   00.00000000e+00
  07.74010000e+01   05.84623000e+01   03.68967000e+01  -09.58259000e-02
  07.57164000e+01   06.00657000e+01   04.07140000e+01  -01.77941000e-01
  07.19957000e+01   05.79101000e+01   03.99752000e+01   06.74294000e-02
  07.37175000e+01   05.64065000e+01   03.62454000e+01   01.44326000e-01
  08.27539000e+01   05.26320000e+01   03.43073000e+01   00.00000000e+00
  08.31528000e+01   05.41181000e+01   03.47095000e+01   00.00000000e+00
  08.31227000e+01   05.42422000e+01   03.62513000e+01   00.00000000e+00
  08.36001000e+01   05.56368000e+01   03.67551000e+01   00.00000000e+00
  08.52023000e+01   05.58673000e+01   03.65086000e+01   00.00000000e+00
  08.34321000e+01   05.57488000e+01   03.83049000e+01   00.00000000e+00
  08.20090000e+01   05.55544000e+01   03.88290000e+01   00.00000000e+00
  08.20858000e+01   05.59160000e+01   04.03869000e+01   00.00000000e+00
  08.07182000e+01   05.60013000e+01   04.11013000e+01   00.00000000e+00
  07.97182000e+01   05.70792000e+01   04.05669000e+01   00.00000000e+00
  08.08004000e+01   05.59914000e+01   04.26961000e+01   00.00000000e+00
  08.11069000e+01   05.73463000e+01   04.34004000e+01   00.00000000e+00
  08.25491000e+01   05.78934000e+01   04.31693000e+01   00.00000000e+00
  08.29318000e+01   05.90808000e+01   04.41358000e+01   00.00000000e+00
  08.20138000e+01   06.03500000e+01   04.40549000e+01   00.00000000e+00
  08.30950000e+01   05.85415000e+01   04.56814000e+01   00.00000000e+00
  07.31731000e+01   05.85764000e+01   03.99158000e+01   03.65717000e-02
  07.45836000e+01   05.84959000e+01   03.83124000e+01  -06.37550000e-03
  07.02642000e+01   05.41662000e+01   03.63848000e+01   01.79582000e-02
  07.00641000e+01   05.49950000e+01   03.78812000e+01   01.23366000e-02
  06.95135000e+01   05.58307000e+01   03.64569000e+01   01.80857000e-02
  07.12449000e+01   05.94346000e+01   04.37329000e+01  -03.55350000e-03
  07.26720000e+01   05.85513000e+01   04.40154000e+01  -05.48890000e-03
  07.28142000e+01   06.03089000e+01   04.35177000e+01  -05.73590000e-03
  07.92513000e+01   06.16823000e+01   03.90910000e+01  -01.16015000e-02
  07.93038000e+01   06.19221000e+01   04.07519000e+01  -01.03548000e-02
  07.97299000e+01   06.02307000e+01   03.99482000e+01  -01.10806000e-02
  07.91533000e+01   05.63237000e+01   03.69101000e+01  -06.50300000e-03
  08.01790000e+01   05.67693000e+01   03.55015000e+01  -03.84930000e-03
  08.01193000e+01   05.79054000e+01   03.68318000e+01  -06.75510000e-03
  07.71054000e+01   05.25221000e+01   03.52007000e+01   06.96000000e-05
  07.58396000e+01   05.15403000e+01   03.56478000e+01  -02.56130000e-03
  07.59790000e+01   05.16912000e+01   03.38655000e+01  -08.86000000e-04
  06.99534000e+01   05.54430000e+01   04.14303000e+01   02.66600000e-04
  07.09105000e+01   05.60280000e+01   04.28410000e+01   02.07780000e-03
  06.92354000e+01   05.58530000e+01   04.28841000e+01   03.44650000e-03
  07.83869000e+01   06.17345000e+01   04.41515000e+01   02.98050000e-03
  07.90287000e+01   06.07310000e+01   04.27250000e+01  -05.01900000e-04
  07.85244000e+01   05.83201000e+01   03.18395000e+01  -05.40000000e-06
  07.94635000e+01   05.81625000e+01   03.33108000e+01  -02.73660000e-03
  06.95499000e+01   05.82437000e+01   04.23410000e+01   06.65000000e-04
  06.92875000e+01   05.75641000e+01   04.08118000e+01  -04.07950000e-03
  07.65947000e+01   05.71328000e+01   03.28812000e+01   01.58140000e-02
  07.68748000e+01   05.88063000e+01   03.33900000e+01   09.11190000e-03
  08.34414000e+01   05.94194000e+01   04.62766000e+01   00.00000000e+00
  08.21963000e+01   05.80877000e+01   04.61819000e+01   00.00000000e+00
  08.38756000e+01   05.78390000e+01   04.57651000e+01   00.00000000e+00
  08.10108000e+01   05.99814000e+01   04.43984000e+01   00.00000000e+00
  08.23801000e+01   06.12249000e+01   04.46254000e+01   00.00000000e+00
  08.19561000e+01   06.06228000e+01   04.29823000e+01   00.00000000e+00
  08.32257000e+01   05.70325000e+01   04.32509000e+01   00.00000000e+00
  08.26099000e+01   05.82840000e+01   04.21459000e+01   00.00000000e+00
  08.04098000e+01   05.81205000e+01   04.30231000e+01   00.00000000e+00
  08.09597000e+01   05.72133000e+01   04.44079000e+01   00.00000000e+00
  07.98653000e+01   05.56014000e+01   04.31223000e+01   00.00000000e+00
  08.16036000e+01   05.52361000e+01   04.28687000e+01   00.00000000e+00
  08.01728000e+01   05.80310000e+01   04.08239000e+01   00.00000000e+00
  07.96732000e+01   05.69551000e+01   03.94598000e+01   00.00000000e+00
  07.87818000e+01   05.70104000e+01   04.10776000e+01   00.00000000e+00
  08.25676000e+01   05.50505000e+01   04.09297000e+01   00.00000000e+00
  08.26813000e+01   05.67291000e+01   04.05626000e+01   00.00000000e+00
  08.12576000e+01   05.60726000e+01   03.82219000e+01   00.00000000e+00
  08.17790000e+01   05.45435000e+01   03.86846000e+01   00.00000000e+00
  08.41965000e+01   05.51281000e+01   03.87295000e+01   00.00000000e+00
  08.36190000e+01   05.67671000e+01   03.85902000e+01   00.00000000e+00
  07.07164000e+01   05.64865000e+01   03.93781000e+01   07.20400000e-04
  07.46132000e+01   06.04561000e+01   04.23320000e+01  -02.39543000e-02
  07.88637000e+01   05.96123000e+01   03.78181000e+01   04.89340000e-03
  07.45978000e+01   05.62203000e+01   03.33450000e+01  -02.28199000e-02
  07.61815000e+01   06.19511000e+01   04.28596000e+01  -01.51750000e-03
  08.57822000e+01   05.50849000e+01   03.69971000e+01   00.00000000e+00
  08.53492000e+01   05.59494000e+01   03.54182000e+01   00.00000000e+00
  08.53779000e+01   05.68395000e+01   03.69334000e+01   00.00000000e+00
  08.29421000e+01   05.63745000e+01   03.63496000e+01   00.00000000e+00
  08.20882000e+01   05.40012000e+01   03.65599000e+01   00.00000000e+00
  08.37143000e+01   05.34208000e+01   03.67533000e+01   00.00000000e+00
  08.41963000e+01   05.42426000e+01   03.44822000e+01   00.00000000e+00
  08.24488000e+01   05.48680000e+01   03.42280000e+01   00.00000000e+00
  08.31951000e+01   05.19968000e+01   03.50626000e+01   00.00000000e+00
  08.31860000e+01   05.25114000e+01   03.33458000e+01   00.00000000e+00
  08.06478000e+01   05.05221000e+01   03.49525000e+01   00.00000000e+00
  07.95968000e+01   05.10488000e+01   03.36416000e+01   00.00000000e+00
  08.13043000e+01   05.03985000e+01   03.32962000e+01   00.00000000e+00
  07.86578000e+01   05.88835000e+01   03.53108000e+01   05.57290000e-03
  07.76383000e+01   05.61932000e+01   03.48077000e+01  -01.28866000e-02
  07.97921000e+01   05.37550000e+01   03.51626000e+01   00.00000000e+00
  08.38888000e+01   05.95175000e+01   04.38226000e+01   00.00000000e+00
  08.01634000e+01   05.50638000e+01   04.09079000e+01   00.00000000e+00
  07.89262000e+01   05.36663000e+01   03.24625000e+01  -01.99830000e-03
  08.06741000e+01   05.39432000e+01   03.22788000e+01  -01.85290000e-03
