  08.53881000e+01   06.60428000e+01   02.80647000e+01  -06.11779000e-02
  08.01070000e+01   06.45461000e+01   03.49742000e+01   01.75852000e-02
  08.21119000e+01   07.22407000e+01   03.56734000e+01   01.01800000e-02
  08.46354000e+01   07.12933000e+01   02.77823000e+01  -01.32723000e-02
  08.27333000e+01   06.71984000e+01   02.96913000e+01  -04.57645000e-02
  08.55995000e+01   06.53744000e+01   02.94462000e+01   02.46758000e-02
  07.91042000e+01   06.36288000e+01   03.50741000e+01  -01.71993000e-02
  08.35703000e+01   07.24218000e+01   03.61499000e+01  -09.39340000e-03
  08.48067000e+01   06.97823000e+01   02.74695000e+01   07.66074000e-02
  08.15759000e+01   06.65099000e+01   03.22173000e+01   09.44338000e-02
  08.51712000e+01   07.21382000e+01   02.70696000e+01   01.54319000e-02
  08.51028000e+01   06.40230000e+01   02.98012000e+01  -01.56515000e-02
  08.45784000e+01   06.94730000e+01   02.59728000e+01  -02.00050000e-02
  08.28188000e+01   06.99771000e+01   03.06414000e+01  -08.09918000e-02
  08.54908000e+01   06.96888000e+01   02.38097000e+01   04.03650000e-03
  08.38352000e+01   06.89987000e+01   02.84835000e+01  -01.43447000e-01
  08.17813000e+01   06.50141000e+01   03.02639000e+01   01.23287000e-02
  08.10977000e+01   06.73696000e+01   03.44858000e+01   02.21683000e-01
  08.27436000e+01   07.15099000e+01   03.25628000e+01  -05.42921000e-02
  08.16397000e+01   06.57814000e+01   02.68658000e+01   02.66866000e-02
  08.02446000e+01   06.29359000e+01   03.21175000e+01   04.35609000e-02
  08.08524000e+01   06.94932000e+01   03.69951000e+01   02.36507000e-02
  08.36809000e+01   07.36936000e+01   03.02843000e+01  -06.09964000e-02
  08.48661000e+01   06.25350000e+01   03.16939000e+01   08.71130000e-03
  08.34793000e+01   06.76675000e+01   02.86326000e+01   01.26858000e-01
  08.14228000e+01   06.52878000e+01   03.16017000e+01  -03.45042000e-02
  08.14596000e+01   06.87594000e+01   03.44130000e+01  -02.04376000e-01
  08.29657000e+01   07.12752000e+01   03.11960000e+01   07.60142000e-02
  08.47838000e+01   06.31052000e+01   02.90114000e+01   05.08730000e-03
  08.35286000e+01   06.90437000e+01   02.54494000e+01   06.92200000e-04
  08.52356000e+01   06.25442000e+01   03.31420000e+01   00.00000000e+00
  08.39336000e+01   06.65234000e+01   02.77032000e+01   07.64245000e-02
  08.06961000e+01   06.43061000e+01   03.24724000e+01  -04.66821000e-02
  08.13527000e+01   06.97584000e+01   03.54892000e+01   01.65461000e-02
  08.34909000e+01   07.21715000e+01   03.01373000e+01   05.49912000e-02
  08.52520000e+01   06.38049000e+01   03.11416000e+01   03.30200000e-04
  08.56533000e+01   06.98377000e+01   02.52549000e+01   04.02810000e-03
  08.45625000e+01   06.19060000e+01   03.40990000e+01   00.00000000e+00
  08.27587000e+01   06.55458000e+01   02.79045000e+01  -04.69336000e-02
  08.05873000e+01   06.50205000e+01   03.36707000e+01  -07.68710000e-03
  08.19029000e+01   07.09321000e+01   03.49336000e+01  -03.37389000e-02
  08.38589000e+01   07.13331000e+01   02.90387000e+01   03.64969000e-02
  08.49216000e+01   06.04836000e+01   03.43939000e+01   00.00000000e+00
  08.24042000e+01   06.58866000e+01   02.93456000e+01  -09.58259000e-02
  08.12290000e+01   06.63242000e+01   03.35102000e+01  -01.77941000e-01
  08.22253000e+01   07.06539000e+01   03.35444000e+01   06.74294000e-02
  08.34196000e+01   07.00268000e+01   02.94247000e+01   01.44326000e-01
  08.35196000e+01   06.25317000e+01   03.50278000e+01   00.00000000e+00
  08.38414000e+01   06.26046000e+01   03.65559000e+01   00.00000000e+00
  08.51912000e+01   06.33799000e+01   03.68888000e+01   00.00000000e+00
  08.55665000e+01   06.30716000e+01   03.83804000e+01   00.00000000e+00
  08.59565000e+01   06.15430000e+01   03.87135000e+01   00.00000000e+00
  08.45921000e+01   06.37149000e+01   03.93910000e+01   00.00000000e+00
  08.49894000e+01   06.36830000e+01   04.07808000e+01   00.00000000e+00
  08.37477000e+01   06.41634000e+01   04.15767000e+01   00.00000000e+00
  08.37589000e+01   06.42257000e+01   04.31211000e+01   00.00000000e+00
  08.37395000e+01   06.28545000e+01   04.38817000e+01   00.00000000e+00
  08.48117000e+01   06.51363000e+01   04.37919000e+01   00.00000000e+00
  08.49331000e+01   06.65556000e+01   04.31947000e+01   00.00000000e+00
  08.56639000e+01   06.76454000e+01   04.40001000e+01   00.00000000e+00
  08.60829000e+01   06.88571000e+01   04.31190000e+01   00.00000000e+00
  08.48833000e+01   06.94841000e+01   04.24151000e+01   00.00000000e+00
  08.69202000e+01   06.97527000e+01   04.40020000e+01   00.00000000e+00
  08.19634000e+01   06.93230000e+01   03.33317000e+01   03.65717000e-02
  08.20794000e+01   06.83412000e+01   03.14048000e+01  -06.37550000e-03
  08.32246000e+01   07.41172000e+01   02.93309000e+01   01.79582000e-02
  08.32187000e+01   07.40371000e+01   03.12498000e+01   01.23366000e-02
  08.47238000e+01   07.38229000e+01   03.02761000e+01   01.80857000e-02
  07.98753000e+01   06.99460000e+01   03.69958000e+01  -03.55350000e-03
  08.07523000e+01   06.84418000e+01   03.71022000e+01  -05.48890000e-03
  08.14963000e+01   06.98926000e+01   03.77322000e+01  -05.73590000e-03
  08.05273000e+01   06.27249000e+01   03.11166000e+01  -01.16015000e-02
  08.07894000e+01   06.22931000e+01   03.28169000e+01  -01.03548000e-02
  07.91994000e+01   06.29692000e+01   03.22922000e+01  -01.10806000e-02
  08.19300000e+01   06.54247000e+01   02.59235000e+01  -06.50300000e-03
  08.08514000e+01   06.52178000e+01   02.73691000e+01  -03.84930000e-03
  08.12828000e+01   06.67903000e+01   02.67775000e+01  -06.75510000e-03
  08.46835000e+01   07.02553000e+01   02.33733000e+01   06.96000000e-05
  08.64927000e+01   06.99543000e+01   02.34678000e+01  -02.56130000e-03
  08.54608000e+01   06.86414000e+01   02.35350000e+01  -08.86000000e-04
  08.35476000e+01   07.32633000e+01   03.68627000e+01   02.66600000e-04
  08.38483000e+01   07.14850000e+01   03.65385000e+01   02.07780000e-03
  08.41511000e+01   07.26286000e+01   03.52264000e+01   03.44650000e-03
  07.89364000e+01   06.33444000e+01   03.61161000e+01   02.98050000e-03
  07.86120000e+01   06.31356000e+01   03.42799000e+01  -05.01900000e-04
  08.66641000e+01   06.52578000e+01   02.95595000e+01  -05.40000000e-06
  08.53082000e+01   06.60631000e+01   03.02642000e+01  -02.73660000e-03
  08.18432000e+01   07.30753000e+01   03.50364000e+01   06.65000000e-04
  08.14859000e+01   07.22098000e+01   03.65947000e+01  -04.07950000e-03
  08.57102000e+01   06.53346000e+01   02.73040000e+01   01.58140000e-02
  08.61199000e+01   06.68792000e+01   02.79606000e+01   09.11190000e-03
  08.77951000e+01   06.90860000e+01   04.39650000e+01   00.00000000e+00
  08.72686000e+01   07.07798000e+01   04.36956000e+01   00.00000000e+00
  08.64162000e+01   06.98301000e+01   04.49550000e+01   00.00000000e+00
  08.39656000e+01   06.93859000e+01   04.29632000e+01   00.00000000e+00
  08.52225000e+01   07.04404000e+01   04.20981000e+01   00.00000000e+00
  08.45945000e+01   06.88857000e+01   04.15611000e+01   00.00000000e+00
  08.50691000e+01   06.80083000e+01   04.48691000e+01   00.00000000e+00
  08.66126000e+01   06.72698000e+01   04.44239000e+01   00.00000000e+00
  08.55045000e+01   06.63455000e+01   04.22811000e+01   00.00000000e+00
  08.39182000e+01   06.68150000e+01   04.29538000e+01   00.00000000e+00
  08.47655000e+01   06.52199000e+01   04.48812000e+01   00.00000000e+00
  08.57577000e+01   06.45765000e+01   04.36570000e+01   00.00000000e+00
  08.39216000e+01   06.30915000e+01   04.49212000e+01   00.00000000e+00
  08.27482000e+01   06.24975000e+01   04.37828000e+01   00.00000000e+00
  08.44779000e+01   06.21093000e+01   04.35405000e+01   00.00000000e+00
  08.34946000e+01   06.51921000e+01   04.11854000e+01   00.00000000e+00
  08.29581000e+01   06.34379000e+01   04.14046000e+01   00.00000000e+00
  08.52270000e+01   06.26362000e+01   04.11303000e+01   00.00000000e+00
  08.58027000e+01   06.43461000e+01   04.08911000e+01   00.00000000e+00
  08.42643000e+01   06.47143000e+01   03.90083000e+01   00.00000000e+00
  08.36857000e+01   06.30687000e+01   03.92605000e+01   00.00000000e+00
  08.29116000e+01   07.25995000e+01   03.28394000e+01   07.20400000e-04
  08.07118000e+01   06.70123000e+01   03.54049000e+01  -02.39543000e-02
  08.16843000e+01   06.40478000e+01   02.98789000e+01   04.89340000e-03
  08.58329000e+01   06.95808000e+01   02.75432000e+01  -02.28199000e-02
  08.04954000e+01   06.50132000e+01   03.58621000e+01  -01.51750000e-03
  08.65985000e+01   06.13796000e+01   03.95488000e+01   00.00000000e+00
  08.50103000e+01   06.10446000e+01   03.89457000e+01   00.00000000e+00
  08.64571000e+01   06.09714000e+01   03.78821000e+01   00.00000000e+00
  08.65168000e+01   06.35865000e+01   03.84839000e+01   00.00000000e+00
  08.60117000e+01   06.29504000e+01   03.63868000e+01   00.00000000e+00
  08.50118000e+01   06.44751000e+01   03.68022000e+01   00.00000000e+00
  08.29924000e+01   06.30724000e+01   03.71284000e+01   00.00000000e+00
  08.39179000e+01   06.15302000e+01   03.69827000e+01   00.00000000e+00
  08.32561000e+01   06.35000000e+01   03.46505000e+01   00.00000000e+00
  08.26124000e+01   06.19124000e+01   03.49315000e+01   00.00000000e+00
  08.58846000e+01   06.02507000e+01   03.39331000e+01   00.00000000e+00
  08.50009000e+01   06.02560000e+01   03.54109000e+01   00.00000000e+00
  08.41573000e+01   05.97929000e+01   03.39489000e+01   00.00000000e+00
  08.31799000e+01   06.45092000e+01   02.78239000e+01   05.57290000e-03
  08.39121000e+01   06.68271000e+01   02.66885000e+01  -01.28866000e-02
  08.61795000e+01   06.30587000e+01   03.33828000e+01   00.00000000e+00
  08.67913000e+01   06.85299000e+01   04.23534000e+01   00.00000000e+00
  08.38098000e+01   06.22800000e+01   03.15133000e+01  -01.99830000e-03
  08.54205000e+01   06.17550000e+01   03.11882000e+01  -01.85290000e-03
