  08.33562000e+01   06.53804000e+01   02.88387000e+01  -06.11779000e-02
  07.74907000e+01   06.40353000e+01   03.57709000e+01   01.75852000e-02
  07.97716000e+01   07.16372000e+01   03.65241000e+01   01.01800000e-02
  08.33027000e+01   07.04432000e+01   02.91060000e+01  -01.32723000e-02
  08.06828000e+01   06.66096000e+01   03.06507000e+01  -04.57645000e-02
  08.38349000e+01   06.51193000e+01   03.03226000e+01   02.46758000e-02
  07.78503000e+01   06.42069000e+01   03.70501000e+01  -01.71993000e-02
  08.11723000e+01   07.16757000e+01   03.71738000e+01  -09.39340000e-03
  08.32054000e+01   06.89254000e+01   02.86946000e+01   07.66074000e-02
  07.92995000e+01   06.58517000e+01   03.32494000e+01   09.44338000e-02
  08.39419000e+01   07.12978000e+01   02.84571000e+01   01.54319000e-02
  08.32056000e+01   06.40839000e+01   03.13094000e+01  -01.56515000e-02
  08.29995000e+01   06.87592000e+01   02.72121000e+01  -02.00050000e-02
  08.09522000e+01   06.93963000e+01   03.16432000e+01  -08.09918000e-02
  08.39197000e+01   06.83995000e+01   02.50834000e+01   04.03650000e-03
  08.20896000e+01   06.83111000e+01   02.96427000e+01  -01.43447000e-01
  07.95536000e+01   06.45064000e+01   03.12459000e+01   01.23287000e-02
  07.85347000e+01   06.69182000e+01   03.53522000e+01   02.21683000e-01
  08.08415000e+01   07.08821000e+01   03.35927000e+01  -05.42921000e-02
  07.94275000e+01   06.49215000e+01   02.80727000e+01   02.66866000e-02
  07.82275000e+01   06.22937000e+01   03.28620000e+01   04.35609000e-02
  07.80716000e+01   06.90846000e+01   03.75589000e+01   02.36507000e-02
  08.23845000e+01   07.29338000e+01   03.13733000e+01  -06.09964000e-02
  08.22353000e+01   06.39001000e+01   03.36399000e+01   08.71130000e-03
  08.15130000e+01   06.70314000e+01   02.96150000e+01   01.26858000e-01
  07.91627000e+01   06.46403000e+01   03.25933000e+01  -03.45042000e-02
  07.90516000e+01   06.82092000e+01   03.52260000e+01  -02.04376000e-01
  08.12537000e+01   07.06856000e+01   03.22024000e+01   07.60142000e-02
  08.29900000e+01   06.29256000e+01   03.10286000e+01   05.08730000e-03
  08.19426000e+01   06.88861000e+01   02.66570000e+01   06.92200000e-04
  08.32861000e+01   06.31492000e+01   03.44437000e+01   00.00000000e+00
  08.18782000e+01   06.58510000e+01   02.87147000e+01   07.64245000e-02
  07.86029000e+01   06.36815000e+01   03.33976000e+01  -04.66821000e-02
  07.88731000e+01   06.92295000e+01   03.62486000e+01   01.65461000e-02
  08.20641000e+01   07.15006000e+01   03.12690000e+01   05.49912000e-02
  08.29299000e+01   06.46980000e+01   03.25803000e+01   03.30200000e-04
  08.41221000e+01   06.84408000e+01   02.64886000e+01   04.02810000e-03
  08.31293000e+01   06.20449000e+01   03.51937000e+01   00.00000000e+00
  08.06840000e+01   06.48722000e+01   02.90284000e+01  -04.69336000e-02
  07.83134000e+01   06.43605000e+01   03.46138000e+01  -07.68710000e-03
  07.95692000e+01   07.03361000e+01   03.57716000e+01  -03.37389000e-02
  08.24775000e+01   07.05957000e+01   03.03354000e+01   03.64969000e-02
  08.31655000e+01   06.06236000e+01   03.46442000e+01   00.00000000e+00
  08.02813000e+01   06.53694000e+01   03.04052000e+01  -09.58259000e-02
  07.86840000e+01   06.58103000e+01   03.44621000e+01  -01.77941000e-01
  08.01067000e+01   07.00620000e+01   03.44329000e+01   06.74294000e-02
  08.17832000e+01   06.93279000e+01   03.05819000e+01   01.44326000e-01
  08.27521000e+01   06.22759000e+01   03.66737000e+01   00.00000000e+00
  08.37729000e+01   06.31814000e+01   03.74533000e+01   00.00000000e+00
  08.33405000e+01   06.34913000e+01   03.89061000e+01   00.00000000e+00
  08.42009000e+01   06.45143000e+01   03.96762000e+01   00.00000000e+00
  08.56149000e+01   06.40140000e+01   04.00256000e+01   00.00000000e+00
  08.34833000e+01   06.49495000e+01   04.10210000e+01   00.00000000e+00
  08.41453000e+01   06.59283000e+01   04.19868000e+01   00.00000000e+00
  08.31152000e+01   06.67400000e+01   04.28111000e+01   00.00000000e+00
  08.36113000e+01   06.79903000e+01   04.36727000e+01   00.00000000e+00
  08.35367000e+01   06.93931000e+01   04.29834000e+01   00.00000000e+00
  08.49084000e+01   06.77394000e+01   04.44939000e+01   00.00000000e+00
  08.50916000e+01   06.88689000e+01   04.55893000e+01   00.00000000e+00
  08.60509000e+01   06.99875000e+01   04.51492000e+01   00.00000000e+00
  08.65579000e+01   07.09363000e+01   04.62441000e+01   00.00000000e+00
  08.69758000e+01   07.02320000e+01   04.75346000e+01   00.00000000e+00
  08.78373000e+01   07.17227000e+01   04.58212000e+01   00.00000000e+00
  07.96529000e+01   06.87962000e+01   03.41545000e+01   03.65717000e-02
  07.99720000e+01   06.77015000e+01   03.23290000e+01  -06.37550000e-03
  08.15048000e+01   07.33272000e+01   03.10662000e+01   01.79582000e-02
  08.25936000e+01   07.33052000e+01   03.23749000e+01   01.23366000e-02
  08.31760000e+01   07.31510000e+01   03.07338000e+01   01.80857000e-02
  07.86976000e+01   06.95947000e+01   03.83078000e+01  -03.55350000e-03
  07.71596000e+01   06.96482000e+01   03.75861000e+01  -05.48890000e-03
  07.79120000e+01   06.80548000e+01   03.78186000e+01  -05.73590000e-03
  07.78467000e+01   06.24145000e+01   03.18294000e+01  -01.16015000e-02
  07.91344000e+01   06.17997000e+01   03.27568000e+01  -01.03548000e-02
  07.74502000e+01   06.19520000e+01   03.34782000e+01  -01.10806000e-02
  07.96524000e+01   06.42656000e+01   02.72494000e+01  -06.50300000e-03
  07.85136000e+01   06.47113000e+01   02.86159000e+01  -03.84930000e-03
  07.93921000e+01   06.59543000e+01   02.76408000e+01  -06.75510000e-03
  08.37866000e+01   06.93683000e+01   02.46448000e+01   06.96000000e-05
  08.48600000e+01   06.80430000e+01   02.47008000e+01  -02.56130000e-03
  08.30157000e+01   06.77700000e+01   02.49347000e+01  -08.86000000e-04
  08.12995000e+01   07.07531000e+01   03.76823000e+01   02.66600000e-04
  08.19871000e+01   07.16954000e+01   03.64485000e+01   02.07780000e-03
  08.11875000e+01   07.25202000e+01   03.78602000e+01   03.44650000e-03
  07.72554000e+01   06.38567000e+01   03.79023000e+01   02.98050000e-03
  07.89340000e+01   06.44214000e+01   03.72329000e+01  -05.01900000e-04
  08.48318000e+01   06.46257000e+01   03.01808000e+01  -05.40000000e-06
  08.40764000e+01   06.60846000e+01   03.07489000e+01  -02.73660000e-03
  07.97163000e+01   07.24451000e+01   03.57913000e+01   06.65000000e-04
  07.90528000e+01   07.17621000e+01   03.73519000e+01  -04.07950000e-03
  08.36316000e+01   06.44841000e+01   02.83223000e+01   01.58140000e-02
  08.39583000e+01   06.62175000e+01   02.84767000e+01   09.11190000e-03
  08.88110000e+01   07.12130000e+01   04.58625000e+01   00.00000000e+00
  08.75843000e+01   07.20693000e+01   04.48040000e+01   00.00000000e+00
  08.79689000e+01   07.24633000e+01   04.65843000e+01   00.00000000e+00
  08.78021000e+01   06.96390000e+01   04.72921000e+01   00.00000000e+00
  08.73074000e+01   07.10568000e+01   04.81879000e+01   00.00000000e+00
  08.60604000e+01   06.97876000e+01   04.79085000e+01   00.00000000e+00
  08.70022000e+01   06.94082000e+01   04.49477000e+01   00.00000000e+00
  08.58121000e+01   07.05061000e+01   04.42337000e+01   00.00000000e+00
  08.41732000e+01   06.91854000e+01   04.60433000e+01   00.00000000e+00
  08.55999000e+01   06.84462000e+01   04.64744000e+01   00.00000000e+00
  08.46725000e+01   06.68356000e+01   04.50722000e+01   00.00000000e+00
  08.57724000e+01   06.76473000e+01   04.38471000e+01   00.00000000e+00
  08.32696000e+01   07.00946000e+01   04.37503000e+01   00.00000000e+00
  08.44441000e+01   06.96161000e+01   04.24478000e+01   00.00000000e+00
  08.27237000e+01   06.92664000e+01   04.23108000e+01   00.00000000e+00
  08.22162000e+01   06.69897000e+01   04.22610000e+01   00.00000000e+00
  08.26334000e+01   06.60371000e+01   04.35420000e+01   00.00000000e+00
  08.47123000e+01   06.54174000e+01   04.27354000e+01   00.00000000e+00
  08.47899000e+01   06.66286000e+01   04.14730000e+01   00.00000000e+00
  08.25850000e+01   06.54472000e+01   04.07799000e+01   00.00000000e+00
  08.32128000e+01   06.40787000e+01   04.15898000e+01   00.00000000e+00
  08.10751000e+01   07.18693000e+01   03.39256000e+01   07.20400000e-04
  07.78602000e+01   06.66781000e+01   03.61964000e+01  -02.39543000e-02
  07.93178000e+01   06.35809000e+01   03.08063000e+01   04.89340000e-03
  08.41536000e+01   06.85457000e+01   02.90445000e+01  -02.28199000e-02
  07.64969000e+01   06.37365000e+01   03.56320000e+01  -01.51750000e-03
  08.55297000e+01   06.33669000e+01   04.09237000e+01   00.00000000e+00
  08.60666000e+01   06.36070000e+01   03.90446000e+01   00.00000000e+00
  08.63272000e+01   06.48613000e+01   04.01759000e+01   00.00000000e+00
  08.43646000e+01   06.53979000e+01   03.91330000e+01   00.00000000e+00
  08.24333000e+01   06.39336000e+01   03.88570000e+01   00.00000000e+00
  08.32267000e+01   06.24979000e+01   03.92778000e+01   00.00000000e+00
  08.47830000e+01   06.28259000e+01   03.73065000e+01   00.00000000e+00
  08.38030000e+01   06.41352000e+01   03.69485000e+01   00.00000000e+00
  08.17538000e+01   06.26862000e+01   03.67560000e+01   00.00000000e+00
  08.27196000e+01   06.13325000e+01   03.71862000e+01   00.00000000e+00
  08.23075000e+01   06.00808000e+01   03.49372000e+01   00.00000000e+00
  08.31733000e+01   06.07819000e+01   03.35711000e+01   00.00000000e+00
  08.40977000e+01   06.02250000e+01   03.50386000e+01   00.00000000e+00
  08.11150000e+01   06.39062000e+01   02.89683000e+01   05.57290000e-03
  08.16524000e+01   06.61468000e+01   02.76780000e+01  -01.28866000e-02
  08.42918000e+01   06.35127000e+01   03.42790000e+01   00.00000000e+00
  08.57735000e+01   07.16726000e+01   04.64576000e+01   00.00000000e+00
  08.17570000e+01   06.46394000e+01   03.41977000e+01  -01.99830000e-03
  08.15161000e+01   06.32770000e+01   03.30996000e+01  -01.85290000e-03
