  08.25180000e+01   06.45421000e+01   02.73850000e+01  -06.11779000e-02
  07.75530000e+01   06.32678000e+01   03.45557000e+01   01.75852000e-02
  08.01682000e+01   07.07972000e+01   03.53598000e+01   01.01800000e-02
  08.26203000e+01   06.96511000e+01   02.76692000e+01  -01.32723000e-02
  08.00234000e+01   06.59052000e+01   02.91621000e+01  -04.57645000e-02
  08.30506000e+01   06.43280000e+01   02.88126000e+01   02.46758000e-02
  07.68069000e+01   06.21599000e+01   03.47686000e+01  -01.71993000e-02
  08.16564000e+01   07.05936000e+01   03.56919000e+01  -09.39340000e-03
  08.25916000e+01   06.81052000e+01   02.72658000e+01   07.66074000e-02
  07.88541000e+01   06.52244000e+01   03.17672000e+01   09.44338000e-02
  08.32736000e+01   07.04877000e+01   02.69980000e+01   01.54319000e-02
  08.23056000e+01   06.32750000e+01   02.96795000e+01  -01.56515000e-02
  08.21798000e+01   06.79262000e+01   02.58338000e+01  -02.00050000e-02
  08.05640000e+01   06.85933000e+01   03.02847000e+01  -08.09918000e-02
  08.32925000e+01   06.74681000e+01   02.36643000e+01   04.03650000e-03
  08.14846000e+01   06.75993000e+01   02.82106000e+01  -01.43447000e-01
  07.88002000e+01   06.38687000e+01   02.97291000e+01   01.23287000e-02
  07.85477000e+01   06.61004000e+01   03.40814000e+01   02.21683000e-01
  08.05228000e+01   07.01451000e+01   03.21971000e+01  -05.42921000e-02
  07.87974000e+01   06.46656000e+01   02.64554000e+01   02.66866000e-02
  07.76611000e+01   06.15354000e+01   03.16934000e+01   04.35609000e-02
  07.84245000e+01   06.81690000e+01   03.64849000e+01   02.36507000e-02
  08.18512000e+01   07.21180000e+01   03.00236000e+01  -06.09964000e-02
  08.17457000e+01   06.27458000e+01   03.19417000e+01   08.71130000e-03
  08.08651000e+01   06.63388000e+01   02.81449000e+01   01.26858000e-01
  07.85177000e+01   06.40373000e+01   03.11084000e+01  -03.45042000e-02
  07.89872000e+01   06.74867000e+01   03.39866000e+01  -02.04376000e-01
  08.08151000e+01   06.98658000e+01   03.08408000e+01   07.60142000e-02
  08.16904000e+01   06.23025000e+01   02.93220000e+01   05.08730000e-03
  08.10271000e+01   06.78599000e+01   02.53431000e+01   06.92200000e-04
  08.25660000e+01   06.15200000e+01   03.22044000e+01   00.00000000e+00
  08.11627000e+01   06.51660000e+01   02.71753000e+01   07.64245000e-02
  07.79937000e+01   06.30361000e+01   03.20635000e+01  -04.66821000e-02
  07.89809000e+01   06.84951000e+01   03.50640000e+01   01.65461000e-02
  08.15080000e+01   07.06898000e+01   02.98525000e+01   05.49912000e-02
  08.23900000e+01   06.36468000e+01   03.09497000e+01   03.30200000e-04
  08.34123000e+01   06.77633000e+01   02.51051000e+01   04.02810000e-03
  08.19917000e+01   06.03995000e+01   03.26667000e+01   00.00000000e+00
  07.99521000e+01   06.42864000e+01   02.74254000e+01  -04.69336000e-02
  07.79696000e+01   06.37247000e+01   03.32985000e+01  -07.68710000e-03
  07.97005000e+01   06.96325000e+01   03.45406000e+01  -03.37389000e-02
  08.18271000e+01   06.97810000e+01   02.89040000e+01   03.64969000e-02
  08.14344000e+01   05.93964000e+01   03.16832000e+01   00.00000000e+00
  07.95455000e+01   06.46845000e+01   02.88713000e+01  -09.58259000e-02
  07.84815000e+01   06.50947000e+01   03.30696000e+01  -01.77941000e-01
  07.99375000e+01   06.93330000e+01   03.31573000e+01   06.74294000e-02
  08.12889000e+01   06.85204000e+01   02.92222000e+01   01.44326000e-01
  08.18300000e+01   06.02173000e+01   03.41720000e+01   00.00000000e+00
  08.26525000e+01   06.11868000e+01   03.50705000e+01   00.00000000e+00
  08.24187000e+01   06.10738000e+01   03.65802000e+01   00.00000000e+00
  08.32318000e+01   06.20068000e+01   03.74129000e+01   00.00000000e+00
  08.47109000e+01   06.14487000e+01   03.74886000e+01   00.00000000e+00
  08.26587000e+01   06.23023000e+01   03.87968000e+01   00.00000000e+00
  08.35824000e+01   06.31285000e+01   03.97903000e+01   00.00000000e+00
  08.28669000e+01   06.36395000e+01   04.10024000e+01   00.00000000e+00
  08.38737000e+01   06.43934000e+01   04.19627000e+01   00.00000000e+00
  08.46200000e+01   06.35192000e+01   04.30059000e+01   00.00000000e+00
  08.33341000e+01   06.57765000e+01   04.24763000e+01   00.00000000e+00
  08.44156000e+01   06.68582000e+01   04.25366000e+01   00.00000000e+00
  08.48092000e+01   06.74205000e+01   04.11865000e+01   00.00000000e+00
  08.60361000e+01   06.83899000e+01   04.12876000e+01   00.00000000e+00
  08.64394000e+01   06.89603000e+01   03.99294000e+01   00.00000000e+00
  08.59325000e+01   06.96292000e+01   04.21702000e+01   00.00000000e+00
  07.95056000e+01   06.80132000e+01   03.29159000e+01   03.65717000e-02
  07.95427000e+01   06.69644000e+01   03.09302000e+01  -06.37550000e-03
  08.16546000e+01   07.25058000e+01   03.09908000e+01   01.79582000e-02
  08.28771000e+01   07.23726000e+01   02.97562000e+01   01.23366000e-02
  08.12080000e+01   07.27621000e+01   02.93757000e+01   01.80857000e-02
  07.86294000e+01   06.88992000e+01   03.72217000e+01  -03.55350000e-03
  07.73503000e+01   06.80944000e+01   03.63990000e+01  -05.48890000e-03
  07.89074000e+01   06.72173000e+01   03.67276000e+01  -05.73590000e-03
  07.80427000e+01   06.13713000e+01   03.07178000e+01  -01.16015000e-02
  07.81493000e+01   06.08756000e+01   03.23988000e+01  -01.03548000e-02
  07.65645000e+01   06.14526000e+01   03.16848000e+01  -01.10806000e-02
  07.79606000e+01   06.40867000e+01   02.68267000e+01  -06.50300000e-03
  07.84774000e+01   06.57376000e+01   02.64884000e+01  -03.84930000e-03
  07.92054000e+01   06.43076000e+01   02.55159000e+01  -06.75510000e-03
  08.43129000e+01   06.74492000e+01   02.32758000e+01   06.96000000e-05
  08.28944000e+01   06.64402000e+01   02.36008000e+01  -02.56130000e-03
  08.26258000e+01   06.82414000e+01   02.33083000e+01  -08.86000000e-04
  08.17126000e+01   06.96715000e+01   03.63833000e+01   02.66600000e-04
  08.21869000e+01   07.04504000e+01   03.47388000e+01   02.07780000e-03
  08.20293000e+01   07.14967000e+01   03.62082000e+01   03.44650000e-03
  07.66060000e+01   06.16782000e+01   03.57610000e+01   02.98050000e-03
  07.62013000e+01   06.18192000e+01   03.38982000e+01  -05.01900000e-04
  08.40904000e+01   06.40228000e+01   02.85510000e+01  -05.40000000e-06
  08.30976000e+01   06.53146000e+01   02.93680000e+01  -02.73660000e-03
  08.02026000e+01   07.17240000e+01   03.47338000e+01   06.65000000e-04
  07.95750000e+01   07.09753000e+01   03.62732000e+01  -04.07950000e-03
  08.24718000e+01   06.36005000e+01   02.68963000e+01   01.58140000e-02
  08.32292000e+01   06.51273000e+01   02.68099000e+01   09.11190000e-03
  08.57591000e+01   06.93303000e+01   04.32315000e+01   00.00000000e+00
  08.69255000e+01   07.00950000e+01   04.22152000e+01   00.00000000e+00
  08.51706000e+01   07.02533000e+01   04.18465000e+01   00.00000000e+00
  08.55657000e+01   06.94530000e+01   03.94888000e+01   00.00000000e+00
  08.72749000e+01   06.96469000e+01   04.00428000e+01   00.00000000e+00
  08.67735000e+01   06.81010000e+01   03.93897000e+01   00.00000000e+00
  08.52185000e+01   06.65481000e+01   04.06483000e+01   00.00000000e+00
  08.39531000e+01   06.78745000e+01   04.06842000e+01   00.00000000e+00
  08.39083000e+01   06.76755000e+01   04.31123000e+01   00.00000000e+00
  08.52758000e+01   06.64290000e+01   04.31068000e+01   00.00000000e+00
  08.25105000e+01   06.61533000e+01   04.18816000e+01   00.00000000e+00
  08.29112000e+01   06.56456000e+01   04.34502000e+01   00.00000000e+00
  08.48619000e+01   06.25223000e+01   04.26489000e+01   00.00000000e+00
  08.54255000e+01   06.40230000e+01   04.33761000e+01   00.00000000e+00
  08.40139000e+01   06.33354000e+01   04.39040000e+01   00.00000000e+00
  08.20379000e+01   06.43361000e+01   04.07721000e+01   00.00000000e+00
  08.26038000e+01   06.27357000e+01   04.15101000e+01   00.00000000e+00
  08.44009000e+01   06.25196000e+01   04.01889000e+01   00.00000000e+00
  08.41576000e+01   06.40315000e+01   03.93500000e+01   00.00000000e+00
  08.17014000e+01   06.28715000e+01   03.87023000e+01   00.00000000e+00
  08.24375000e+01   06.13465000e+01   03.93472000e+01   00.00000000e+00
  08.08047000e+01   07.11202000e+01   03.25711000e+01   07.20400000e-04
  07.81798000e+01   06.58804000e+01   03.50099000e+01  -02.39543000e-02
  07.83403000e+01   06.30241000e+01   02.92141000e+01   04.89340000e-03
  08.34822000e+01   06.75040000e+01   02.75209000e+01  -02.28199000e-02
  07.79771000e+01   06.36971000e+01   03.54582000e+01  -01.51750000e-03
  08.55216000e+01   06.21304000e+01   03.77971000e+01   00.00000000e+00
  08.47169000e+01   06.06347000e+01   03.81713000e+01   00.00000000e+00
  08.50330000e+01   06.10416000e+01   03.64582000e+01   00.00000000e+00
  08.32372000e+01   06.29218000e+01   03.68174000e+01   00.00000000e+00
  08.13231000e+01   06.12448000e+01   03.66704000e+01   00.00000000e+00
  08.25779000e+01   06.00454000e+01   03.67666000e+01   00.00000000e+00
  08.37516000e+01   06.10437000e+01   03.48426000e+01   00.00000000e+00
  08.24752000e+01   06.22362000e+01   03.47453000e+01   00.00000000e+00
  08.07971000e+01   06.04126000e+01   03.44709000e+01   00.00000000e+00
  08.21075000e+01   05.91903000e+01   03.44520000e+01   00.00000000e+00
  08.16908000e+01   05.96360000e+01   03.06990000e+01   00.00000000e+00
  08.18156000e+01   05.83804000e+01   03.18338000e+01   00.00000000e+00
  08.03893000e+01   05.93963000e+01   03.18478000e+01   00.00000000e+00
  08.02401000e+01   06.32471000e+01   02.73390000e+01   05.57290000e-03
  08.12012000e+01   06.55929000e+01   02.61887000e+01  -01.28866000e-02
  08.35620000e+01   06.14411000e+01   03.17677000e+01   00.00000000e+00
  08.69456000e+01   06.77498000e+01   04.14444000e+01   00.00000000e+00
  08.16692000e+01   06.34163000e+01   03.28426000e+01  -01.99830000e-03
  08.07281000e+01   06.24924000e+01   03.16403000e+01  -01.85290000e-03
