  08.61468000e+01   06.45775000e+01   02.83288000e+01  -06.11779000e-02
  08.07131000e+01   06.35830000e+01   03.58430000e+01   01.75852000e-02
  08.25319000e+01   07.14287000e+01   03.58137000e+01   01.01800000e-02
  08.57169000e+01   06.97613000e+01   02.82569000e+01  -01.32723000e-02
  08.35321000e+01   06.59205000e+01   03.02043000e+01  -04.57645000e-02
  08.67354000e+01   06.43658000e+01   02.97690000e+01   02.46758000e-02
  08.03234000e+01   06.23434000e+01   03.62235000e+01  -01.71993000e-02
  08.38141000e+01   07.17247000e+01   03.65235000e+01  -09.39340000e-03
  08.56585000e+01   06.82203000e+01   02.79759000e+01   07.66074000e-02
  08.23122000e+01   06.53418000e+01   03.29113000e+01   09.44338000e-02
  08.61726000e+01   07.06224000e+01   02.75195000e+01   01.54319000e-02
  08.61399000e+01   06.31869000e+01   03.05673000e+01  -01.56515000e-02
  08.50610000e+01   06.79584000e+01   02.66339000e+01  -02.00050000e-02
  08.38335000e+01   06.86878000e+01   03.10399000e+01  -08.09918000e-02
  08.58012000e+01   06.76994000e+01   02.43521000e+01   04.03650000e-03
  08.47836000e+01   06.75928000e+01   02.90557000e+01  -01.43447000e-01
  08.25792000e+01   06.38036000e+01   03.09997000e+01   01.23287000e-02
  08.18953000e+01   06.64548000e+01   03.50770000e+01   02.21683000e-01
  08.34208000e+01   07.04354000e+01   03.28043000e+01  -05.42921000e-02
  08.21803000e+01   06.43884000e+01   02.79256000e+01   02.66866000e-02
  08.09050000e+01   06.18989000e+01   03.28378000e+01   04.35609000e-02
  08.15693000e+01   06.87428000e+01   03.71957000e+01   02.36507000e-02
  08.46813000e+01   07.24331000e+01   03.03359000e+01  -06.09964000e-02
  08.56857000e+01   06.22691000e+01   03.26964000e+01   08.71130000e-03
  08.43370000e+01   06.62907000e+01   02.91875000e+01   01.26858000e-01
  08.21460000e+01   06.41268000e+01   03.23233000e+01  -03.45042000e-02
  08.23097000e+01   06.77544000e+01   03.48557000e+01  -02.04376000e-01
  08.39034000e+01   07.00455000e+01   03.14714000e+01   07.60142000e-02
  08.55841000e+01   06.22491000e+01   03.00966000e+01   05.08730000e-03
  08.38405000e+01   06.79497000e+01   02.63352000e+01   06.92200000e-04
  08.62391000e+01   06.22691000e+01   03.40571000e+01   00.00000000e+00
  08.46248000e+01   06.51209000e+01   02.82556000e+01   07.64245000e-02
  08.14413000e+01   06.32650000e+01   03.32748000e+01  -04.66821000e-02
  08.20355000e+01   06.88551000e+01   03.57362000e+01   01.65461000e-02
  08.44713000e+01   07.08797000e+01   03.04368000e+01   05.49912000e-02
  08.62371000e+01   06.33409000e+01   03.19016000e+01   03.30200000e-04
  08.61447000e+01   06.78910000e+01   02.57554000e+01   04.02810000e-03
  08.57438000e+01   06.17127000e+01   03.51956000e+01   00.00000000e+00
  08.34618000e+01   06.41678000e+01   02.87415000e+01  -04.69336000e-02
  08.13946000e+01   06.39571000e+01   03.45118000e+01  -07.68710000e-03
  08.24657000e+01   07.00257000e+01   03.51787000e+01  -03.37389000e-02
  08.49510000e+01   06.99610000e+01   02.95037000e+01   03.64969000e-02
  08.59149000e+01   06.02771000e+01   03.56578000e+01   00.00000000e+00
  08.32095000e+01   06.46235000e+01   03.01030000e+01  -09.58259000e-02
  08.18927000e+01   06.53354000e+01   03.42092000e+01  -01.77941000e-01
  08.28617000e+01   06.96401000e+01   03.37881000e+01   06.74294000e-02
  08.44927000e+01   06.86525000e+01   02.99275000e+01   01.44326000e-01
  08.46645000e+01   06.24090000e+01   03.59947000e+01   00.00000000e+00
  08.49534000e+01   06.27374000e+01   03.74879000e+01   00.00000000e+00
  08.63889000e+01   06.32892000e+01   03.77498000e+01   00.00000000e+00
  08.69776000e+01   06.33206000e+01   03.90969000e+01   00.00000000e+00
  08.71620000e+01   06.18994000e+01   03.95435000e+01   00.00000000e+00
  08.60355000e+01   06.41164000e+01   03.99616000e+01   00.00000000e+00
  08.63752000e+01   06.40534000e+01   04.15103000e+01   00.00000000e+00
  08.53149000e+01   06.49261000e+01   04.22704000e+01   00.00000000e+00
  08.55063000e+01   06.51115000e+01   04.37785000e+01   00.00000000e+00
  08.52063000e+01   06.38830000e+01   04.46360000e+01   00.00000000e+00
  08.68350000e+01   06.57972000e+01   04.42411000e+01   00.00000000e+00
  08.70445000e+01   06.71949000e+01   04.37261000e+01   00.00000000e+00
  08.57982000e+01   06.80865000e+01   04.39144000e+01   00.00000000e+00
  08.59184000e+01   06.95779000e+01   04.35465000e+01   00.00000000e+00
  08.67227000e+01   07.04451000e+01   04.45387000e+01   00.00000000e+00
  08.66317000e+01   06.97711000e+01   04.21184000e+01   00.00000000e+00
  08.26743000e+01   06.82821000e+01   03.36023000e+01   03.65717000e-02
  08.28937000e+01   06.70774000e+01   03.18581000e+01  -06.37550000e-03
  08.50481000e+01   07.27425000e+01   02.94119000e+01   01.79582000e-02
  08.36740000e+01   07.29177000e+01   03.04117000e+01   01.23366000e-02
  08.52614000e+01   07.28021000e+01   03.12228000e+01   01.80857000e-02
  08.10920000e+01   06.78148000e+01   03.74958000e+01  -03.55350000e-03
  08.24094000e+01   06.88935000e+01   03.78684000e+01  -05.48890000e-03
  08.08514000e+01   06.94542000e+01   03.74007000e+01  -05.73590000e-03
  08.03981000e+01   06.19929000e+01   03.19168000e+01  -01.16015000e-02
  08.17133000e+01   06.11111000e+01   03.28396000e+01  -01.03548000e-02
  08.01216000e+01   06.17072000e+01   03.35851000e+01  -01.10806000e-02
  08.23725000e+01   06.39415000e+01   02.69415000e+01  -06.50300000e-03
  08.13005000e+01   06.39300000e+01   02.83512000e+01  -03.84930000e-03
  08.21332000e+01   06.54356000e+01   02.78251000e+01  -06.75510000e-03
  08.67276000e+01   06.74882000e+01   02.38981000e+01   06.96000000e-05
  08.52503000e+01   06.67558000e+01   02.42508000e+01  -02.56130000e-03
  08.52016000e+01   06.85049000e+01   02.39426000e+01  -08.86000000e-04
  08.36021000e+01   07.25721000e+01   03.71950000e+01   02.66600000e-04
  08.41424000e+01   07.07889000e+01   03.70557000e+01   02.07780000e-03
  08.46352000e+01   07.18646000e+01   03.58085000e+01   03.44650000e-03
  07.99171000e+01   06.22174000e+01   03.72421000e+01   02.98050000e-03
  08.04721000e+01   06.13906000e+01   03.56640000e+01  -05.01900000e-04
  08.77312000e+01   06.40428000e+01   02.95152000e+01  -05.40000000e-06
  08.66383000e+01   06.53314000e+01   03.03330000e+01  -02.73660000e-03
  08.23211000e+01   07.21267000e+01   03.50396000e+01   06.65000000e-04
  08.17438000e+01   07.15739000e+01   03.65724000e+01  -04.07950000e-03
  08.61376000e+01   06.36675000e+01   02.77392000e+01   01.58140000e-02
  08.68746000e+01   06.52958000e+01   02.79042000e+01   09.11190000e-03
  08.60355000e+01   06.91385000e+01   04.14464000e+01   00.00000000e+00
  08.67252000e+01   07.08449000e+01   04.17912000e+01   00.00000000e+00
  08.76004000e+01   06.92617000e+01   04.20804000e+01   00.00000000e+00
  08.75773000e+01   06.98882000e+01   04.48784000e+01   00.00000000e+00
  08.70160000e+01   07.14332000e+01   04.40714000e+01   00.00000000e+00
  08.59365000e+01   07.05359000e+01   04.53005000e+01   00.00000000e+00
  08.48543000e+01   06.76688000e+01   04.35261000e+01   00.00000000e+00
  08.55806000e+01   06.79302000e+01   04.49355000e+01   00.00000000e+00
  08.78826000e+01   06.76235000e+01   04.41935000e+01   00.00000000e+00
  08.74454000e+01   06.71240000e+01   04.27603000e+01   00.00000000e+00
  08.69089000e+01   06.57942000e+01   04.53200000e+01   00.00000000e+00
  08.76550000e+01   06.51857000e+01   04.38057000e+01   00.00000000e+00
  08.44242000e+01   06.32116000e+01   04.42075000e+01   00.00000000e+00
  08.60412000e+01   06.31858000e+01   04.46618000e+01   00.00000000e+00
  08.49370000e+01   06.42239000e+01   04.55947000e+01   00.00000000e+00
  08.51718000e+01   06.58699000e+01   04.17787000e+01   00.00000000e+00
  08.44220000e+01   06.44201000e+01   04.22237000e+01   00.00000000e+00
  08.62746000e+01   06.30196000e+01   04.18783000e+01   00.00000000e+00
  08.74106000e+01   06.44332000e+01   04.17433000e+01   00.00000000e+00
  08.59765000e+01   06.51471000e+01   03.95210000e+01   00.00000000e+00
  08.50361000e+01   06.36876000e+01   03.98484000e+01   00.00000000e+00
  08.36776000e+01   07.14860000e+01   03.30698000e+01   07.20400000e-04
  08.14410000e+01   06.61885000e+01   03.60045000e+01  -02.39543000e-02
  08.22830000e+01   06.28094000e+01   03.05198000e+01   04.89340000e-03
  08.66954000e+01   06.79736000e+01   02.80299000e+01  -02.28199000e-02
  08.05042000e+01   06.43478000e+01   03.65433000e+01  -01.51750000e-03
  08.62883000e+01   06.12266000e+01   03.94175000e+01   00.00000000e+00
  08.79942000e+01   06.14585000e+01   03.89733000e+01   00.00000000e+00
  08.75547000e+01   06.17962000e+01   04.05065000e+01   00.00000000e+00
  08.78961000e+01   06.38640000e+01   03.90564000e+01   00.00000000e+00
  08.70124000e+01   06.26404000e+01   03.71004000e+01   00.00000000e+00
  08.65306000e+01   06.43097000e+01   03.72744000e+01   00.00000000e+00
  08.41508000e+01   06.33139000e+01   03.79081000e+01   00.00000000e+00
  08.48654000e+01   06.17445000e+01   03.79667000e+01   00.00000000e+00
  08.44493000e+01   06.33509000e+01   03.55374000e+01   00.00000000e+00
  08.37835000e+01   06.18026000e+01   03.59766000e+01   00.00000000e+00
  08.65268000e+01   06.02839000e+01   03.65632000e+01   00.00000000e+00
  08.49673000e+01   05.97588000e+01   03.58702000e+01   00.00000000e+00
  08.65018000e+01   05.97329000e+01   03.48587000e+01   00.00000000e+00
  08.37194000e+01   06.30657000e+01   02.86931000e+01   05.57290000e-03
  08.43688000e+01   06.54340000e+01   02.72321000e+01  -01.28866000e-02
  08.71654000e+01   06.28071000e+01   03.41749000e+01   00.00000000e+00
  08.49239000e+01   06.99511000e+01   04.34203000e+01   00.00000000e+00
  08.46294000e+01   06.23811000e+01   03.27898000e+01  -01.99830000e-03
  08.59260000e+01   06.13419000e+01   03.22304000e+01  -01.85290000e-03
