  08.55320000e+01   06.66207000e+01   02.81784000e+01  -06.11779000e-02
  07.97930000e+01   06.47951000e+01   03.53580000e+01   01.75852000e-02
  08.19853000e+01   07.25022000e+01   03.64409000e+01   01.01800000e-02
  08.49178000e+01   07.17872000e+01   02.87741000e+01  -01.32723000e-02
  08.27684000e+01   06.77176000e+01   03.02376000e+01  -04.57645000e-02
  08.60416000e+01   06.60203000e+01   02.95613000e+01   02.46758000e-02
  07.99813000e+01   06.34845000e+01   03.57339000e+01  -01.71993000e-02
  08.34580000e+01   07.24600000e+01   03.69140000e+01  -09.39340000e-03
  08.49826000e+01   07.02780000e+01   02.84241000e+01   07.66074000e-02
  08.14290000e+01   06.70105000e+01   03.28448000e+01   09.44338000e-02
  08.53616000e+01   07.26627000e+01   02.80953000e+01   01.54319000e-02
  08.55648000e+01   06.46292000e+01   02.98850000e+01  -01.56515000e-02
  08.46339000e+01   07.01542000e+01   02.69763000e+01  -02.00050000e-02
  08.28921000e+01   07.04899000e+01   03.13412000e+01  -08.09918000e-02
  08.55440000e+01   07.01632000e+01   02.47697000e+01   04.03650000e-03
  08.39955000e+01   06.95719000e+01   02.93094000e+01  -01.43447000e-01
  08.18972000e+01   06.55590000e+01   03.07566000e+01   01.23287000e-02
  08.09440000e+01   06.77537000e+01   03.50954000e+01   02.21683000e-01
  08.26196000e+01   07.20721000e+01   03.32058000e+01  -05.42921000e-02
  08.16999000e+01   06.62412000e+01   02.73769000e+01   02.66866000e-02
  08.04436000e+01   06.34145000e+01   03.25222000e+01   04.35609000e-02
  08.08138000e+01   06.98484000e+01   03.75969000e+01   02.36507000e-02
  08.39730000e+01   07.41355000e+01   03.11101000e+01  -06.09964000e-02
  08.52530000e+01   06.30354000e+01   03.16225000e+01   08.71130000e-03
  08.36267000e+01   06.82262000e+01   02.92391000e+01   01.26858000e-01
  08.14332000e+01   06.57671000e+01   03.21461000e+01  -03.45042000e-02
  08.13116000e+01   06.92117000e+01   03.49962000e+01  -02.04376000e-01
  08.30338000e+01   07.17758000e+01   03.18883000e+01   07.60142000e-02
  08.53718000e+01   06.37223000e+01   02.90757000e+01   05.08730000e-03
  08.35097000e+01   06.98369000e+01   02.65815000e+01   06.92200000e-04
  08.56462000e+01   06.27887000e+01   03.30830000e+01   00.00000000e+00
  08.40264000e+01   06.71466000e+01   02.81332000e+01   07.64245000e-02
  08.07804000e+01   06.47766000e+01   03.29569000e+01  -04.66821000e-02
  08.11936000e+01   07.01733000e+01   03.61115000e+01   01.65461000e-02
  08.36617000e+01   07.26661000e+01   03.09680000e+01   05.49912000e-02
  08.55393000e+01   06.44104000e+01   03.12749000e+01   03.30200000e-04
  08.57245000e+01   07.03214000e+01   02.61770000e+01   04.02810000e-03
  08.49146000e+01   06.22134000e+01   03.40098000e+01   00.00000000e+00
  08.28633000e+01   06.61398000e+01   02.84121000e+01  -04.69336000e-02
  08.04599000e+01   06.53883000e+01   03.41737000e+01  -07.68710000e-03
  08.17321000e+01   07.13171000e+01   03.55540000e+01  -03.37389000e-02
  08.40655000e+01   07.18255000e+01   03.00155000e+01   03.64969000e-02
  08.48699000e+01   06.06714000e+01   03.40017000e+01   00.00000000e+00
  08.24370000e+01   06.64813000e+01   02.98942000e+01  -09.58259000e-02
  08.09338000e+01   06.67893000e+01   03.41260000e+01  -01.77941000e-01
  08.20417000e+01   07.10975000e+01   03.41698000e+01   06.74294000e-02
  08.36647000e+01   07.04772000e+01   03.02894000e+01   01.44326000e-01
  08.40110000e+01   06.30794000e+01   03.48500000e+01   00.00000000e+00
  08.38439000e+01   06.28511000e+01   03.63820000e+01   00.00000000e+00
  08.52614000e+01   06.26492000e+01   03.69899000e+01   00.00000000e+00
  08.52804000e+01   06.25045000e+01   03.85057000e+01   00.00000000e+00
  08.45616000e+01   06.11797000e+01   03.87956000e+01   00.00000000e+00
  08.47835000e+01   06.37745000e+01   03.93660000e+01   00.00000000e+00
  08.49481000e+01   06.35685000e+01   04.08755000e+01   00.00000000e+00
  08.44615000e+01   06.47393000e+01   04.16720000e+01   00.00000000e+00
  08.48187000e+01   06.46077000e+01   04.31639000e+01   00.00000000e+00
  08.44015000e+01   06.32614000e+01   04.38337000e+01   00.00000000e+00
  08.63170000e+01   06.49788000e+01   04.35587000e+01   00.00000000e+00
  08.66091000e+01   06.65078000e+01   04.34154000e+01   00.00000000e+00
  08.55364000e+01   06.75161000e+01   04.40053000e+01   00.00000000e+00
  08.58843000e+01   06.89879000e+01   04.36675000e+01   00.00000000e+00
  08.71393000e+01   06.96297000e+01   04.43377000e+01   00.00000000e+00
  08.57766000e+01   06.93832000e+01   04.21755000e+01   00.00000000e+00
  08.17301000e+01   06.98457000e+01   03.38167000e+01   03.65717000e-02
  08.20575000e+01   06.88521000e+01   03.20078000e+01  -06.37550000e-03
  08.36360000e+01   07.46917000e+01   03.02164000e+01   01.79582000e-02
  08.32949000e+01   07.45854000e+01   03.18669000e+01   01.23366000e-02
  08.50664000e+01   07.42884000e+01   03.13217000e+01   01.80857000e-02
  07.98180000e+01   06.94865000e+01   03.76242000e+01  -03.55350000e-03
  08.14483000e+01   06.90769000e+01   03.80273000e+01  -05.48890000e-03
  08.08351000e+01   07.07133000e+01   03.82306000e+01  -05.73590000e-03
  08.01109000e+01   06.34055000e+01   03.15550000e+01  -01.16015000e-02
  08.14105000e+01   06.29162000e+01   03.25240000e+01  -01.03548000e-02
  07.96484000e+01   06.29470000e+01   03.30882000e+01  -01.10806000e-02
  08.19092000e+01   06.57227000e+01   02.64493000e+01  -06.50300000e-03
  08.08059000e+01   06.57682000e+01   02.76943000e+01  -03.84930000e-03
  08.14669000e+01   06.72945000e+01   02.72430000e+01  -06.75510000e-03
  08.48708000e+01   06.92769000e+01   02.45208000e+01   06.96000000e-05
  08.49217000e+01   07.10600000e+01   02.45630000e+01  -02.56130000e-03
  08.64592000e+01   07.02789000e+01   02.40825000e+01  -08.86000000e-04
  08.41544000e+01   07.28578000e+01   03.62452000e+01   02.66600000e-04
  08.35811000e+01   07.30132000e+01   03.78647000e+01   02.07780000e-03
  08.37166000e+01   07.13851000e+01   03.70304000e+01   03.44650000e-03
  07.94412000e+01   06.29645000e+01   03.65109000e+01   02.98050000e-03
  08.05957000e+01   06.27311000e+01   03.51820000e+01  -05.01900000e-04
  08.71679000e+01   06.59439000e+01   02.95038000e+01  -05.40000000e-06
  08.57738000e+01   06.67258000e+01   03.03343000e+01  -02.73660000e-03
  08.17199000e+01   07.34565000e+01   03.59348000e+01   06.65000000e-04
  08.13260000e+01   07.24900000e+01   03.73519000e+01  -04.07950000e-03
  08.55666000e+01   06.58209000e+01   02.74239000e+01   01.58140000e-02
  08.61550000e+01   06.74913000e+01   02.79863000e+01   09.11190000e-03
  08.56198000e+01   07.04702000e+01   04.21056000e+01   00.00000000e+00
  08.66549000e+01   06.90415000e+01   04.17033000e+01   00.00000000e+00
  08.49461000e+01   06.87837000e+01   04.18111000e+01   00.00000000e+00
  08.80927000e+01   06.92925000e+01   04.38388000e+01   00.00000000e+00
  08.71253000e+01   07.06724000e+01   04.40921000e+01   00.00000000e+00
  08.72739000e+01   06.94461000e+01   04.54799000e+01   00.00000000e+00
  08.46043000e+01   06.72223000e+01   04.36195000e+01   00.00000000e+00
  08.55180000e+01   06.74218000e+01   04.50791000e+01   00.00000000e+00
  08.75054000e+01   06.66772000e+01   04.39698000e+01   00.00000000e+00
  08.66785000e+01   06.66543000e+01   04.23417000e+01   00.00000000e+00
  08.64020000e+01   06.47893000e+01   04.46303000e+01   00.00000000e+00
  08.70152000e+01   06.43787000e+01   04.30384000e+01   00.00000000e+00
  08.36115000e+01   06.29170000e+01   04.32237000e+01   00.00000000e+00
  08.52542000e+01   06.26191000e+01   04.39751000e+01   00.00000000e+00
  08.41402000e+01   06.34960000e+01   04.48314000e+01   00.00000000e+00
  08.48468000e+01   06.57117000e+01   04.12852000e+01   00.00000000e+00
  08.33699000e+01   06.46548000e+01   04.16533000e+01   00.00000000e+00
  08.43109000e+01   06.27086000e+01   04.09006000e+01   00.00000000e+00
  08.60450000e+01   06.34092000e+01   04.09976000e+01   00.00000000e+00
  08.54617000e+01   06.45268000e+01   03.91482000e+01   00.00000000e+00
  08.37528000e+01   06.39792000e+01   03.91312000e+01   00.00000000e+00
  08.27073000e+01   07.30609000e+01   03.37268000e+01   07.20400000e-04
  08.06151000e+01   06.73742000e+01   03.60620000e+01  -02.39543000e-02
  08.16758000e+01   06.45612000e+01   03.03331000e+01   04.89340000e-03
  08.60012000e+01   06.99380000e+01   02.87327000e+01  -02.28199000e-02
  07.90739000e+01   06.54316000e+01   03.58361000e+01  -01.51750000e-03
  08.47862000e+01   06.08822000e+01   03.98037000e+01   00.00000000e+00
  08.34947000e+01   06.13597000e+01   03.87214000e+01   00.00000000e+00
  08.49517000e+01   06.03131000e+01   03.80916000e+01   00.00000000e+00
  08.62764000e+01   06.22239000e+01   03.88480000e+01   00.00000000e+00
  08.57976000e+01   06.18205000e+01   03.65391000e+01   00.00000000e+00
  08.58901000e+01   06.34888000e+01   03.68239000e+01   00.00000000e+00
  08.32644000e+01   06.37064000e+01   03.67739000e+01   00.00000000e+00
  08.33380000e+01   06.18682000e+01   03.64531000e+01   00.00000000e+00
  08.42749000e+01   06.41088000e+01   03.47278000e+01   00.00000000e+00
  08.30283000e+01   06.29313000e+01   03.44384000e+01   00.00000000e+00
  08.56320000e+01   06.01696000e+01   03.46027000e+01   00.00000000e+00
  08.39646000e+01   06.03507000e+01   03.45451000e+01   00.00000000e+00
  08.48843000e+01   06.01292000e+01   03.30729000e+01   00.00000000e+00
  08.31991000e+01   06.50827000e+01   02.85413000e+01   05.57290000e-03
  08.39518000e+01   06.76201000e+01   02.71839000e+01  -01.28866000e-02
  08.66561000e+01   06.29393000e+01   03.34447000e+01   00.00000000e+00
  08.49963000e+01   06.94846000e+01   04.41415000e+01   00.00000000e+00
  08.41931000e+01   06.28595000e+01   03.14224000e+01  -01.99830000e-03
  08.58428000e+01   06.22647000e+01   03.10879000e+01  -01.85290000e-03
