  08.24728000e+01   06.47538000e+01   02.73453000e+01  -06.11779000e-02
  07.73963000e+01   06.29909000e+01   03.48910000e+01   01.75852000e-02
  08.00840000e+01   07.05055000e+01   03.57514000e+01   01.01800000e-02
  08.27493000e+01   06.96816000e+01   02.80598000e+01  -01.32723000e-02
  08.00404000e+01   06.59395000e+01   02.95696000e+01  -04.57645000e-02
  08.31957000e+01   06.43075000e+01   02.86402000e+01   02.46758000e-02
  07.64198000e+01   06.20331000e+01   03.49694000e+01  -01.71993000e-02
  08.16217000e+01   07.05232000e+01   03.59765000e+01  -09.39340000e-03
  08.24707000e+01   06.82600000e+01   02.75848000e+01   07.66074000e-02
  07.88246000e+01   06.51734000e+01   03.22198000e+01   09.44338000e-02
  08.34428000e+01   07.05089000e+01   02.74541000e+01   01.54319000e-02
  08.25232000e+01   06.32756000e+01   02.95802000e+01  -01.56515000e-02
  08.19469000e+01   06.82774000e+01   02.61934000e+01  -02.00050000e-02
  08.06369000e+01   06.86460000e+01   03.07653000e+01  -08.09918000e-02
  08.27531000e+01   06.79986000e+01   02.38158000e+01   04.03650000e-03
  08.14498000e+01   06.76674000e+01   02.86224000e+01  -01.43447000e-01
  07.88551000e+01   06.38372000e+01   03.01537000e+01   01.23287000e-02
  07.85284000e+01   06.59116000e+01   03.44420000e+01   02.21683000e-01
  08.05464000e+01   07.00278000e+01   03.27418000e+01  -05.42921000e-02
  07.86918000e+01   06.45530000e+01   02.68726000e+01   02.66866000e-02
  07.78470000e+01   06.14737000e+01   03.19939000e+01   04.35609000e-02
  07.87131000e+01   06.78495000e+01   03.68410000e+01   02.36507000e-02
  08.23476000e+01   07.20719000e+01   03.07321000e+01  -06.09964000e-02
  08.20090000e+01   06.28496000e+01   03.18759000e+01   08.71130000e-03
  08.09050000e+01   06.63895000e+01   02.85928000e+01   01.26858000e-01
  07.86168000e+01   06.39682000e+01   03.15435000e+01  -03.45042000e-02
  07.90132000e+01   06.71964000e+01   03.43706000e+01  -02.04376000e-01
  08.10669000e+01   06.98058000e+01   03.14704000e+01   07.60142000e-02
  08.18959000e+01   06.22762000e+01   02.91446000e+01   05.08730000e-03
  08.08017000e+01   06.81782000e+01   02.57899000e+01   06.92200000e-04
  08.30487000e+01   06.19364000e+01   03.24878000e+01   00.00000000e+00
  08.09750000e+01   06.53212000e+01   02.74718000e+01   07.64245000e-02
  07.81455000e+01   06.29294000e+01   03.24320000e+01  -04.66821000e-02
  07.90196000e+01   06.81392000e+01   03.54279000e+01   01.65461000e-02
  08.19153000e+01   07.06169000e+01   03.05271000e+01   05.49912000e-02
  08.26334000e+01   06.36930000e+01   03.08626000e+01   03.30200000e-04
  08.30308000e+01   06.82495000e+01   02.52918000e+01   04.02810000e-03
  08.26021000e+01   06.07625000e+01   03.29483000e+01   00.00000000e+00
  07.98379000e+01   06.43605000e+01   02.77783000e+01  -04.69336000e-02
  07.78089000e+01   06.35743000e+01   03.36312000e+01  -07.68710000e-03
  07.96171000e+01   06.92642000e+01   03.49739000e+01  -03.37389000e-02
  08.21046000e+01   06.97794000e+01   02.94133000e+01   03.64969000e-02
  08.21219000e+01   05.96727000e+01   03.20316000e+01   00.00000000e+00
  07.95506000e+01   06.47178000e+01   02.91892000e+01  -09.58259000e-02
  07.84033000e+01   06.49570000e+01   03.34841000e+01  -01.77941000e-01
  07.99213000e+01   06.90970000e+01   03.35642000e+01   06.74294000e-02
  08.12936000e+01   06.86317000e+01   02.96140000e+01   01.44326000e-01
  08.27328000e+01   06.04198000e+01   03.43909000e+01   00.00000000e+00
  08.17197000e+01   06.11506000e+01   03.53422000e+01   00.00000000e+00
  08.17065000e+01   06.06086000e+01   03.68115000e+01   00.00000000e+00
  08.28838000e+01   06.11925000e+01   03.76187000e+01   00.00000000e+00
  08.41821000e+01   06.03261000e+01   03.77683000e+01   00.00000000e+00
  08.23948000e+01   06.17267000e+01   03.90033000e+01   00.00000000e+00
  08.34596000e+01   06.23163000e+01   03.99584000e+01   00.00000000e+00
  08.28448000e+01   06.33242000e+01   04.09550000e+01   00.00000000e+00
  08.38446000e+01   06.41096000e+01   04.18847000e+01   00.00000000e+00
  08.44357000e+01   06.31635000e+01   04.29854000e+01   00.00000000e+00
  08.31018000e+01   06.52937000e+01   04.25685000e+01   00.00000000e+00
  08.39861000e+01   06.63183000e+01   04.33190000e+01   00.00000000e+00
  08.49992000e+01   06.69641000e+01   04.23516000e+01   00.00000000e+00
  08.55907000e+01   06.83302000e+01   04.27011000e+01   00.00000000e+00
  08.67093000e+01   06.88415000e+01   04.16640000e+01   00.00000000e+00
  08.45337000e+01   06.94357000e+01   04.30215000e+01   00.00000000e+00
  07.95241000e+01   06.78148000e+01   03.32458000e+01   03.65717000e-02
  07.96610000e+01   06.69793000e+01   03.13782000e+01  -06.37550000e-03
  08.19687000e+01   07.23403000e+01   03.17073000e+01   01.79582000e-02
  08.34486000e+01   07.21435000e+01   03.07809000e+01   01.23366000e-02
  08.20383000e+01   07.27645000e+01   03.00140000e+01   01.80857000e-02
  07.96238000e+01   06.74655000e+01   03.72909000e+01  -03.55350000e-03
  07.84220000e+01   06.88451000e+01   03.72734000e+01  -05.48890000e-03
  07.79073000e+01   06.71452000e+01   03.69926000e+01  -05.73590000e-03
  07.70873000e+01   06.13948000e+01   03.12106000e+01  -01.16015000e-02
  07.87511000e+01   06.10549000e+01   03.15447000e+01  -01.03548000e-02
  07.76754000e+01   06.08347000e+01   03.28387000e+01  -01.10806000e-02
  07.80330000e+01   06.37684000e+01   02.71584000e+01  -06.50300000e-03
  07.82253000e+01   06.54906000e+01   02.71250000e+01  -03.84930000e-03
  07.89233000e+01   06.44738000e+01   02.58570000e+01  -06.75510000e-03
  08.21251000e+01   06.71440000e+01   02.38002000e+01   06.96000000e-05
  08.21954000e+01   06.86269000e+01   02.31668000e+01  -02.56130000e-03
  08.37251000e+01   06.77746000e+01   02.33005000e+01  -08.86000000e-04
  08.19043000e+01   06.98847000e+01   03.68018000e+01   02.66600000e-04
  08.22080000e+01   07.03108000e+01   03.51095000e+01   02.07780000e-03
  08.17679000e+01   07.14821000e+01   03.63978000e+01   03.44650000e-03
  07.59642000e+01   06.17334000e+01   03.59087000e+01   02.98050000e-03
  07.59620000e+01   06.15456000e+01   03.41077000e+01  -05.01900000e-04
  08.41362000e+01   06.39288000e+01   02.83774000e+01  -05.40000000e-06
  08.33912000e+01   06.51521000e+01   02.92465000e+01  -02.73660000e-03
  07.96612000e+01   07.14034000e+01   03.52329000e+01   06.65000000e-04
  07.97210000e+01   07.04726000e+01   03.67634000e+01  -04.07950000e-03
  08.22971000e+01   06.38302000e+01   02.66787000e+01   01.58140000e-02
  08.30663000e+01   06.54991000e+01   02.68821000e+01   09.11190000e-03
  08.39401000e+01   06.91382000e+01   04.38927000e+01   00.00000000e+00
  08.48941000e+01   07.04263000e+01   04.34364000e+01   00.00000000e+00
  08.38779000e+01   06.95412000e+01   04.21733000e+01   00.00000000e+00
  08.61814000e+01   06.89846000e+01   04.07699000e+01   00.00000000e+00
  08.71481000e+01   06.97565000e+01   04.21272000e+01   00.00000000e+00
  08.75072000e+01   06.81193000e+01   04.16179000e+01   00.00000000e+00
  08.57705000e+01   06.62078000e+01   04.20899000e+01   00.00000000e+00
  08.44026000e+01   06.71247000e+01   04.14372000e+01   00.00000000e+00
  08.32110000e+01   06.70217000e+01   04.35926000e+01   00.00000000e+00
  08.45885000e+01   06.59404000e+01   04.41928000e+01   00.00000000e+00
  08.24778000e+01   06.58441000e+01   04.18600000e+01   00.00000000e+00
  08.24350000e+01   06.47558000e+01   04.32132000e+01   00.00000000e+00
  08.49982000e+01   06.23485000e+01   04.24663000e+01   00.00000000e+00
  08.52270000e+01   06.37242000e+01   04.35562000e+01   00.00000000e+00
  08.35581000e+01   06.28359000e+01   04.36553000e+01   00.00000000e+00
  08.22041000e+01   06.40331000e+01   04.04198000e+01   00.00000000e+00
  08.21300000e+01   06.27137000e+01   04.14274000e+01   00.00000000e+00
  08.39353000e+01   06.14643000e+01   04.04983000e+01   00.00000000e+00
  08.41014000e+01   06.29220000e+01   03.94199000e+01   00.00000000e+00
  08.16646000e+01   06.25601000e+01   03.88659000e+01   00.00000000e+00
  08.19152000e+01   06.10522000e+01   03.96138000e+01   00.00000000e+00
  08.09098000e+01   07.09329000e+01   03.32009000e+01   07.20400000e-04
  07.83405000e+01   06.56222000e+01   03.54895000e+01  -02.39543000e-02
  07.84584000e+01   06.28998000e+01   02.96973000e+01   04.89340000e-03
  08.34291000e+01   06.78077000e+01   02.76895000e+01  -02.28199000e-02
  07.76781000e+01   06.34415000e+01   03.58182000e+01  -01.51750000e-03
  08.49044000e+01   06.09325000e+01   03.82478000e+01   00.00000000e+00
  08.38318000e+01   05.94681000e+01   03.83083000e+01   00.00000000e+00
  08.45012000e+01   05.99925000e+01   03.68122000e+01   00.00000000e+00
  08.33240000e+01   06.20350000e+01   03.70289000e+01   00.00000000e+00
  08.07619000e+01   06.08086000e+01   03.72247000e+01   00.00000000e+00
  08.19170000e+01   05.95893000e+01   03.68027000e+01   00.00000000e+00
  08.18686000e+01   06.22566000e+01   03.52769000e+01   00.00000000e+00
  08.07046000e+01   06.08795000e+01   03.51431000e+01   00.00000000e+00
  08.25998000e+01   05.94345000e+01   03.45369000e+01   00.00000000e+00
  08.37965000e+01   06.06549000e+01   03.46383000e+01   00.00000000e+00
  08.12027000e+01   06.00771000e+01   03.15781000e+01   00.00000000e+00
  08.29699000e+01   05.94564000e+01   03.13456000e+01   00.00000000e+00
  08.18400000e+01   05.87429000e+01   03.25004000e+01   00.00000000e+00
  08.01966000e+01   06.33122000e+01   02.76956000e+01   05.57290000e-03
  08.07208000e+01   06.57219000e+01   02.64786000e+01  -01.28866000e-02
  08.41434000e+01   06.19943000e+01   03.22774000e+01   00.00000000e+00
  08.61698000e+01   06.81250000e+01   04.36635000e+01   00.00000000e+00
  08.14816000e+01   06.36078000e+01   03.24867000e+01  -01.99830000e-03
  08.13156000e+01   06.22184000e+01   03.13723000e+01  -01.85290000e-03
