  08.31786000e+01   06.42908000e+01   02.90130000e+01  -06.11779000e-02
  07.76999000e+01   06.28255000e+01   03.62273000e+01   01.75852000e-02
  07.94871000e+01   07.08242000e+01   03.62547000e+01   01.01800000e-02
  08.26950000e+01   06.93887000e+01   02.89829000e+01  -01.32723000e-02
  08.04869000e+01   06.54063000e+01   03.08334000e+01  -04.57645000e-02
  08.36275000e+01   06.41978000e+01   03.04563000e+01   02.46758000e-02
  07.70638000e+01   06.16868000e+01   03.64118000e+01  -01.71993000e-02
  08.09339000e+01   07.09881000e+01   03.69159000e+01  -09.39340000e-03
  08.27747000e+01   06.78592000e+01   02.87082000e+01   07.66074000e-02
  07.92170000e+01   06.47347000e+01   03.34239000e+01   09.44338000e-02
  08.31594000e+01   07.03086000e+01   02.82917000e+01   01.54319000e-02
  08.30406000e+01   06.29772000e+01   03.12286000e+01  -01.56515000e-02
  08.28317000e+01   06.75326000e+01   02.72263000e+01  -02.00050000e-02
  08.08238000e+01   06.81970000e+01   03.17153000e+01  -08.09918000e-02
  08.44149000e+01   06.77050000e+01   02.53553000e+01   04.03650000e-03
  08.17614000e+01   06.72034000e+01   02.96786000e+01  -01.43447000e-01
  07.93974000e+01   06.32966000e+01   03.14390000e+01   01.23287000e-02
  07.85217000e+01   06.58014000e+01   03.55941000e+01   02.21683000e-01
  08.03861000e+01   06.98521000e+01   03.34394000e+01  -05.42921000e-02
  07.95670000e+01   06.34971000e+01   02.81718000e+01   02.66866000e-02
  07.85857000e+01   06.10777000e+01   03.35135000e+01   04.35609000e-02
  07.82175000e+01   06.82232000e+01   03.77061000e+01   02.36507000e-02
  08.19426000e+01   07.18319000e+01   03.13455000e+01  -06.09964000e-02
  08.22540000e+01   06.23101000e+01   03.33824000e+01   08.71130000e-03
  08.13410000e+01   06.58822000e+01   02.98170000e+01   01.26858000e-01
  07.91144000e+01   06.35162000e+01   03.28366000e+01  -03.45042000e-02
  07.88597000e+01   06.71478000e+01   03.53876000e+01  -02.04376000e-01
  08.08683000e+01   06.95493000e+01   03.21763000e+01   07.60142000e-02
  08.28426000e+01   06.18584000e+01   03.08437000e+01   05.08730000e-03
  08.19978000e+01   06.70010000e+01   02.65693000e+01   06.92200000e-04
  08.32935000e+01   06.12831000e+01   03.38009000e+01   00.00000000e+00
  08.17193000e+01   06.47196000e+01   02.88825000e+01   07.64245000e-02
  07.85905000e+01   06.25458000e+01   03.37728000e+01  -04.66821000e-02
  07.86833000e+01   06.83400000e+01   03.62978000e+01   01.65461000e-02
  08.16390000e+01   07.03953000e+01   03.12494000e+01   05.49912000e-02
  08.27762000e+01   06.33179000e+01   03.24817000e+01   03.30200000e-04
  08.40120000e+01   06.80490000e+01   02.67056000e+01   04.02810000e-03
  08.29781000e+01   06.00570000e+01   03.43084000e+01   00.00000000e+00
  08.06550000e+01   06.36174000e+01   02.92467000e+01  -04.69336000e-02
  07.83132000e+01   06.32885000e+01   03.49578000e+01  -07.68710000e-03
  07.92786000e+01   06.94106000e+01   03.56806000e+01  -03.37389000e-02
  08.19939000e+01   06.94814000e+01   03.02199000e+01   03.64969000e-02
  08.29238000e+01   05.87216000e+01   03.34840000e+01   00.00000000e+00
  08.00192000e+01   06.41588000e+01   03.05233000e+01  -09.58259000e-02
  07.86424000e+01   06.46964000e+01   03.47507000e+01  -01.77941000e-01
  07.97329000e+01   06.89676000e+01   03.43685000e+01   06.74294000e-02
  08.14564000e+01   06.82478000e+01   03.05825000e+01   01.44326000e-01
  08.26189000e+01   05.99427000e+01   03.57929000e+01   00.00000000e+00
  08.34966000e+01   06.07708000e+01   03.67903000e+01   00.00000000e+00
  08.31479000e+01   06.05925000e+01   03.82527000e+01   00.00000000e+00
  08.38562000e+01   06.15899000e+01   03.92045000e+01   00.00000000e+00
  08.52796000e+01   06.11105000e+01   03.93921000e+01   00.00000000e+00
  08.30749000e+01   06.17301000e+01   04.05817000e+01   00.00000000e+00
  08.36819000e+01   06.25823000e+01   04.16212000e+01   00.00000000e+00
  08.37579000e+01   06.40443000e+01   04.13221000e+01   00.00000000e+00
  08.43487000e+01   06.49674000e+01   04.25075000e+01   00.00000000e+00
  08.35170000e+01   06.48568000e+01   04.37768000e+01   00.00000000e+00
  08.43193000e+01   06.64525000e+01   04.21269000e+01   00.00000000e+00
  08.54001000e+01   06.68401000e+01   04.11493000e+01   00.00000000e+00
  08.68657000e+01   06.65310000e+01   04.16082000e+01   00.00000000e+00
  08.80431000e+01   06.70874000e+01   04.08342000e+01   00.00000000e+00
  08.94725000e+01   06.66393000e+01   04.12754000e+01   00.00000000e+00
  08.78420000e+01   06.67356000e+01   03.93021000e+01   00.00000000e+00
  07.93245000e+01   06.76286000e+01   03.41678000e+01   03.65717000e-02
  07.98484000e+01   06.65669000e+01   03.24622000e+01  -06.37550000e-03
  08.14128000e+01   07.24064000e+01   03.05453000e+01   01.79582000e-02
  08.15697000e+01   07.22293000e+01   03.22988000e+01   01.23366000e-02
  08.30428000e+01   07.20215000e+01   03.12462000e+01   01.80857000e-02
  07.75515000e+01   06.73703000e+01   03.79279000e+01  -03.55350000e-03
  07.91303000e+01   06.82998000e+01   03.83515000e+01  -05.48890000e-03
  07.75556000e+01   06.91174000e+01   03.79193000e+01  -05.73590000e-03
  07.90964000e+01   06.06579000e+01   03.43823000e+01  -01.16015000e-02
  07.76237000e+01   06.06821000e+01   03.34588000e+01  -01.03548000e-02
  07.91236000e+01   06.08136000e+01   03.26077000e+01  -01.10806000e-02
  07.89248000e+01   06.43468000e+01   02.81708000e+01  -06.50300000e-03
  07.99831000e+01   06.33502000e+01   02.71600000e+01  -03.84930000e-03
  07.88770000e+01   06.27659000e+01   02.85014000e+01  -06.75510000e-03
  08.36100000e+01   06.73659000e+01   02.46732000e+01   06.96000000e-05
  08.48940000e+01   06.86074000e+01   02.49258000e+01  -02.56130000e-03
  08.52559000e+01   06.69617000e+01   02.53819000e+01  -08.86000000e-04
  08.10991000e+01   07.01433000e+01   03.75138000e+01   02.66600000e-04
  08.16117000e+01   07.10761000e+01   03.60526000e+01   02.07780000e-03
  08.09474000e+01   07.19164000e+01   03.74579000e+01   03.44650000e-03
  07.66643000e+01   06.14184000e+01   03.73759000e+01   02.98050000e-03
  07.68502000e+01   06.10575000e+01   03.54947000e+01  -05.01900000e-04
  08.46858000e+01   06.38101000e+01   03.03177000e+01  -05.40000000e-06
  08.36292000e+01   06.51686000e+01   03.09112000e+01  -02.73660000e-03
  07.92415000e+01   07.15776000e+01   03.55636000e+01   06.65000000e-04
  07.87926000e+01   07.09304000e+01   03.70621000e+01  -04.07950000e-03
  08.33529000e+01   06.32790000e+01   02.86563000e+01   01.58140000e-02
  08.38433000e+01   06.48965000e+01   02.83872000e+01   09.11190000e-03
  08.69387000e+01   06.71619000e+01   03.88998000e+01   00.00000000e+00
  08.86643000e+01   06.71207000e+01   03.87230000e+01   00.00000000e+00
  08.78794000e+01   06.56888000e+01   03.91887000e+01   00.00000000e+00
  08.94873000e+01   06.57630000e+01   04.19798000e+01   00.00000000e+00
  09.02067000e+01   06.64364000e+01   04.03876000e+01   00.00000000e+00
  08.98060000e+01   06.74735000e+01   04.18551000e+01   00.00000000e+00
  08.68780000e+01   06.68513000e+01   04.26790000e+01   00.00000000e+00
  08.70403000e+01   06.54634000e+01   04.17170000e+01   00.00000000e+00
  08.52425000e+01   06.64681000e+01   04.01454000e+01   00.00000000e+00
  08.54357000e+01   06.78780000e+01   04.12157000e+01   00.00000000e+00
  08.33623000e+01   06.67552000e+01   04.17211000e+01   00.00000000e+00
  08.45049000e+01   06.71607000e+01   04.30290000e+01   00.00000000e+00
  08.40157000e+01   06.54326000e+01   04.46549000e+01   00.00000000e+00
  08.25844000e+01   06.53279000e+01   04.34876000e+01   00.00000000e+00
  08.33561000e+01   06.38667000e+01   04.40892000e+01   00.00000000e+00
  08.45028000e+01   06.42565000e+01   04.05639000e+01   00.00000000e+00
  08.28054000e+01   06.43416000e+01   04.09546000e+01   00.00000000e+00
  08.29903000e+01   06.24402000e+01   04.23893000e+01   00.00000000e+00
  08.46358000e+01   06.22739000e+01   04.19372000e+01   00.00000000e+00
  08.20629000e+01   06.21229000e+01   04.03668000e+01   00.00000000e+00
  08.28709000e+01   06.06811000e+01   04.09411000e+01   00.00000000e+00
  08.04495000e+01   07.09164000e+01   03.37077000e+01   07.20400000e-04
  07.83780000e+01   06.55560000e+01   03.66108000e+01  -02.39543000e-02
  07.91602000e+01   06.23088000e+01   03.10915000e+01   04.89340000e-03
  08.37743000e+01   06.75731000e+01   02.90067000e+01  -02.28199000e-02
  07.77558000e+01   06.35018000e+01   03.70703000e+01  -01.51750000e-03
  08.59288000e+01   06.17834000e+01   03.99542000e+01   00.00000000e+00
  08.51894000e+01   06.01451000e+01   03.99913000e+01   00.00000000e+00
  08.58568000e+01   06.08577000e+01   03.85144000e+01   00.00000000e+00
  08.40128000e+01   06.25415000e+01   03.86886000e+01   00.00000000e+00
  08.21040000e+01   06.08054000e+01   03.84243000e+01   00.00000000e+00
  08.32840000e+01   05.95617000e+01   03.85372000e+01   00.00000000e+00
  08.44821000e+01   06.03142000e+01   03.66624000e+01   00.00000000e+00
  08.34692000e+01   06.18180000e+01   03.65657000e+01   00.00000000e+00
  08.16280000e+01   06.01648000e+01   03.58901000e+01   00.00000000e+00
  08.28230000e+01   05.89680000e+01   03.61538000e+01   00.00000000e+00
  08.37425000e+01   05.80394000e+01   03.35664000e+01   00.00000000e+00
  08.20051000e+01   05.82607000e+01   03.37362000e+01   00.00000000e+00
  08.28749000e+01   05.89931000e+01   03.24247000e+01   00.00000000e+00
  08.11488000e+01   06.26859000e+01   02.93811000e+01   05.57290000e-03
  08.15683000e+01   06.49471000e+01   02.78484000e+01  -01.28866000e-02
  08.43593000e+01   06.14002000e+01   03.38299000e+01   00.00000000e+00
  08.80331000e+01   06.82158000e+01   04.08465000e+01   00.00000000e+00
  08.19405000e+01   06.27609000e+01   03.42966000e+01  -01.99830000e-03
  08.15011000e+01   06.18197000e+01   03.28819000e+01  -01.85290000e-03
