  08.32798000e+01   06.49842000e+01   02.89229000e+01  -06.11779000e-02
  07.77597000e+01   06.37398000e+01   03.60876000e+01   01.75852000e-02
  07.99730000e+01   07.12976000e+01   03.64385000e+01   01.01800000e-02
  08.31663000e+01   06.99231000e+01   02.88441000e+01  -01.32723000e-02
  08.05546000e+01   06.61428000e+01   03.06117000e+01  -04.57645000e-02
  08.37804000e+01   06.48026000e+01   03.03314000e+01   02.46758000e-02
  07.71962000e+01   06.25778000e+01   03.62936000e+01  -01.71993000e-02
  08.13405000e+01   07.12194000e+01   03.70698000e+01  -09.39340000e-03
  08.30724000e+01   06.84123000e+01   02.86265000e+01   07.66074000e-02
  07.91722000e+01   06.55369000e+01   03.30782000e+01   09.44338000e-02
  08.37745000e+01   07.06486000e+01   02.80544000e+01   01.54319000e-02
  08.31725000e+01   06.36719000e+01   03.11865000e+01  -01.56515000e-02
  08.28766000e+01   06.82003000e+01   02.70720000e+01  -02.00050000e-02
  08.11215000e+01   06.89255000e+01   03.15506000e+01  -08.09918000e-02
  08.41217000e+01   06.79383000e+01   02.50076000e+01   04.03650000e-03
  08.20662000e+01   06.77559000e+01   02.95704000e+01  -01.43447000e-01
  07.94360000e+01   06.40279000e+01   03.11874000e+01   01.23287000e-02
  07.87199000e+01   06.65836000e+01   03.52415000e+01   02.21683000e-01
  08.08541000e+01   07.05857000e+01   03.33748000e+01  -05.42921000e-02
  07.94723000e+01   06.44564000e+01   02.79826000e+01   02.66866000e-02
  07.81250000e+01   06.19104000e+01   03.32898000e+01   04.35609000e-02
  07.84927000e+01   06.87119000e+01   03.75698000e+01   02.36507000e-02
  08.23314000e+01   07.24174000e+01   03.11817000e+01  -06.09964000e-02
  08.22814000e+01   06.31798000e+01   03.33257000e+01   08.71130000e-03
  08.14418000e+01   06.64974000e+01   02.96182000e+01   01.26858000e-01
  07.90287000e+01   06.42965000e+01   03.25358000e+01  -03.45042000e-02
  07.90441000e+01   06.79308000e+01   03.51124000e+01  -02.04376000e-01
  08.13753000e+01   07.01643000e+01   03.21190000e+01   07.60142000e-02
  08.27782000e+01   06.25853000e+01   03.07799000e+01   05.08730000e-03
  08.18119000e+01   06.80535000e+01   02.64803000e+01   06.92200000e-04
  08.32085000e+01   06.23464000e+01   03.42189000e+01   00.00000000e+00
  08.18052000e+01   06.54180000e+01   02.86777000e+01   07.64245000e-02
  07.84611000e+01   06.33720000e+01   03.35343000e+01  -04.66821000e-02
  07.90351000e+01   06.88729000e+01   03.61687000e+01   01.65461000e-02
  08.20969000e+01   07.09416000e+01   03.11286000e+01   05.49912000e-02
  08.30643000e+01   06.40849000e+01   03.24874000e+01   03.30200000e-04
  08.40475000e+01   06.80725000e+01   02.64670000e+01   04.02810000e-03
  08.28209000e+01   06.12992000e+01   03.49401000e+01   00.00000000e+00
  08.06398000e+01   06.44557000e+01   02.89415000e+01  -04.69336000e-02
  07.83125000e+01   06.41496000e+01   03.46952000e+01  -07.68710000e-03
  07.97059000e+01   07.00479000e+01   03.56610000e+01  -03.37389000e-02
  08.23921000e+01   07.01082000e+01   03.01102000e+01   03.64969000e-02
  08.28915000e+01   05.98724000e+01   03.44541000e+01   00.00000000e+00
  08.01657000e+01   06.48349000e+01   03.03109000e+01  -09.58259000e-02
  07.88326000e+01   06.54977000e+01   03.43767000e+01  -01.77941000e-01
  08.00675000e+01   06.97448000e+01   03.42690000e+01   06.74294000e-02
  08.18462000e+01   06.88586000e+01   03.04632000e+01   01.44326000e-01
  08.21645000e+01   06.14326000e+01   03.63698000e+01   00.00000000e+00
  08.32197000e+01   06.19508000e+01   03.73892000e+01   00.00000000e+00
  08.26625000e+01   06.22145000e+01   03.88380000e+01   00.00000000e+00
  08.36185000e+01   06.30219000e+01   03.98365000e+01   00.00000000e+00
  08.49512000e+01   06.24111000e+01   04.01392000e+01   00.00000000e+00
  08.28831000e+01   06.35177000e+01   04.11184000e+01   00.00000000e+00
  08.33375000e+01   06.49529000e+01   04.15499000e+01   00.00000000e+00
  08.26639000e+01   06.53827000e+01   04.28301000e+01   00.00000000e+00
  08.29414000e+01   06.68533000e+01   04.34007000e+01   00.00000000e+00
  08.19272000e+01   06.79051000e+01   04.28708000e+01   00.00000000e+00
  08.43769000e+01   06.73654000e+01   04.34166000e+01   00.00000000e+00
  08.48199000e+01   06.82674000e+01   04.46032000e+01   00.00000000e+00
  08.61693000e+01   06.88761000e+01   04.42277000e+01   00.00000000e+00
  08.66586000e+01   06.99005000e+01   04.53639000e+01   00.00000000e+00
  08.70721000e+01   06.92369000e+01   04.67406000e+01   00.00000000e+00
  08.79752000e+01   07.04950000e+01   04.48238000e+01   00.00000000e+00
  07.95802000e+01   06.84839000e+01   03.39847000e+01   03.65717000e-02
  07.98767000e+01   06.73018000e+01   03.21591000e+01  -06.37550000e-03
  08.27137000e+01   07.26114000e+01   03.01834000e+01   01.79582000e-02
  08.13995000e+01   07.29397000e+01   03.13951000e+01   01.23366000e-02
  08.32022000e+01   07.26871000e+01   03.16944000e+01   01.80857000e-02
  07.73987000e+01   06.87726000e+01   03.74541000e+01  -03.55350000e-03
  07.87517000e+01   06.77020000e+01   03.79103000e+01  -05.48890000e-03
  07.88413000e+01   06.94370000e+01   03.82868000e+01  -05.73590000e-03
  07.84646000e+01   06.14945000e+01   03.23441000e+01  -01.16015000e-02
  07.86260000e+01   06.13308000e+01   03.40447000e+01  -01.03548000e-02
  07.70472000e+01   06.15791000e+01   03.34516000e+01  -01.10806000e-02
  07.91796000e+01   06.54730000e+01   02.77720000e+01  -06.50300000e-03
  07.95865000e+01   06.38415000e+01   02.71033000e+01  -03.84930000e-03
  07.85737000e+01   06.41181000e+01   02.85011000e+01  -06.75510000e-03
  08.50659000e+01   06.77030000e+01   02.46530000e+01   06.96000000e-05
  08.33821000e+01   06.72589000e+01   02.46303000e+01  -02.56130000e-03
  08.39053000e+01   06.89513000e+01   02.47115000e+01  -08.86000000e-04
  08.19363000e+01   07.10191000e+01   03.62324000e+01   02.66600000e-04
  08.15855000e+01   07.21977000e+01   03.73708000e+01   02.07780000e-03
  08.15204000e+01   07.04061000e+01   03.78043000e+01   03.44650000e-03
  07.69149000e+01   06.22647000e+01   03.73598000e+01   02.98050000e-03
  07.69719000e+01   06.18403000e+01   03.55133000e+01  -05.01900000e-04
  08.48362000e+01   06.46053000e+01   03.02477000e+01  -05.40000000e-06
  08.35648000e+01   06.57126000e+01   03.07852000e+01  -02.73660000e-03
  07.99193000e+01   07.21613000e+01   03.57293000e+01   06.65000000e-04
  07.93330000e+01   07.13512000e+01   03.72837000e+01  -04.07950000e-03
  08.35894000e+01   06.41124000e+01   02.83543000e+01   01.58140000e-02
  08.39912000e+01   06.57312000e+01   02.85323000e+01   09.11190000e-03
  08.87406000e+01   06.97650000e+01   04.45277000e+01   00.00000000e+00
  08.77989000e+01   07.12063000e+01   04.40294000e+01   00.00000000e+00
  08.83596000e+01   07.11713000e+01   04.55869000e+01   00.00000000e+00
  08.62495000e+01   06.88192000e+01   04.73439000e+01   00.00000000e+00
  08.76602000e+01   06.82808000e+01   04.65023000e+01   00.00000000e+00
  08.76553000e+01   06.98470000e+01   04.73780000e+01   00.00000000e+00
  08.68975000e+01   06.80610000e+01   04.40460000e+01   00.00000000e+00
  08.59612000e+01   06.94626000e+01   04.33351000e+01   00.00000000e+00
  08.41821000e+01   06.91852000e+01   04.45696000e+01   00.00000000e+00
  08.48194000e+01   06.77356000e+01   04.55385000e+01   00.00000000e+00
  08.49824000e+01   06.64062000e+01   04.33231000e+01   00.00000000e+00
  08.45519000e+01   06.79499000e+01   04.24974000e+01   00.00000000e+00
  08.09484000e+01   06.75413000e+01   04.32074000e+01   00.00000000e+00
  08.21994000e+01   06.89046000e+01   04.33137000e+01   00.00000000e+00
  08.19596000e+01   06.79787000e+01   04.18049000e+01   00.00000000e+00
  08.16001000e+01   06.51590000e+01   04.27362000e+01   00.00000000e+00
  08.29877000e+01   06.46600000e+01   04.36097000e+01   00.00000000e+00
  08.44183000e+01   06.49093000e+01   04.16787000e+01   00.00000000e+00
  08.32016000e+01   06.56725000e+01   04.07872000e+01   00.00000000e+00
  08.18373000e+01   06.35779000e+01   04.08887000e+01   00.00000000e+00
  08.30133000e+01   06.27584000e+01   04.18857000e+01   00.00000000e+00
  08.10285000e+01   07.16437000e+01   03.36686000e+01   07.20400000e-04
  07.83153000e+01   06.65227000e+01   03.62214000e+01  -02.39543000e-02
  07.93213000e+01   06.29696000e+01   03.08713000e+01   04.89340000e-03
  08.40877000e+01   06.81732000e+01   02.88516000e+01  -02.28199000e-02
  07.79905000e+01   06.43374000e+01   03.69622000e+01  -01.51750000e-03
  08.46523000e+01   06.15985000e+01   04.08483000e+01   00.00000000e+00
  08.54673000e+01   06.20958000e+01   03.92422000e+01   00.00000000e+00
  08.55680000e+01   06.31377000e+01   04.06657000e+01   00.00000000e+00
  08.38675000e+01   06.39265000e+01   03.92924000e+01   00.00000000e+00
  08.18018000e+01   06.28657000e+01   03.87736000e+01   00.00000000e+00
  08.22493000e+01   06.13444000e+01   03.93089000e+01   00.00000000e+00
  08.39181000e+01   06.11469000e+01   03.75339000e+01   00.00000000e+00
  08.36327000e+01   06.28581000e+01   03.68220000e+01   00.00000000e+00
  08.12872000e+01   06.20601000e+01   03.63477000e+01   00.00000000e+00
  08.19361000e+01   06.04111000e+01   03.67196000e+01   00.00000000e+00
  08.35254000e+01   05.98270000e+01   03.35450000e+01   00.00000000e+00
  08.33090000e+01   05.91814000e+01   03.51568000e+01   00.00000000e+00
  08.19351000e+01   05.95150000e+01   03.42606000e+01   00.00000000e+00
  08.10283000e+01   06.34561000e+01   02.91014000e+01   05.57290000e-03
  08.18264000e+01   06.58594000e+01   02.76818000e+01  -01.28866000e-02
  08.42451000e+01   06.26913000e+01   03.42623000e+01   00.00000000e+00
  08.59415000e+01   07.06943000e+01   04.55994000e+01   00.00000000e+00
  08.16321000e+01   06.38291000e+01   03.40068000e+01  -01.99830000e-03
  08.15940000e+01   06.24851000e+01   03.27609000e+01  -01.85290000e-03
