  08.60483000e+01   06.48011000e+01   02.91537000e+01  -06.11779000e-02
  08.04704000e+01   06.35798000e+01   03.62926000e+01   01.75852000e-02
  08.26222000e+01   07.13183000e+01   03.65834000e+01   01.01800000e-02
  08.55972000e+01   06.99386000e+01   02.89979000e+01  -01.32723000e-02
  08.35632000e+01   06.59975000e+01   03.09428000e+01  -04.57645000e-02
  08.65718000e+01   06.46106000e+01   03.06015000e+01   02.46758000e-02
  07.96318000e+01   06.25136000e+01   03.64909000e+01  -01.71993000e-02
  08.40809000e+01   07.14273000e+01   03.71783000e+01  -09.39340000e-03
  08.56597000e+01   06.83782000e+01   02.87387000e+01   07.66074000e-02
  08.22334000e+01   06.54888000e+01   03.35654000e+01   09.44338000e-02
  08.59382000e+01   07.07761000e+01   02.81467000e+01   01.54319000e-02
  08.59121000e+01   06.35538000e+01   03.15719000e+01  -01.56515000e-02
  08.51203000e+01   06.81750000e+01   02.73324000e+01  -02.00050000e-02
  08.39163000e+01   06.88257000e+01   03.18992000e+01  -08.09918000e-02
  08.60280000e+01   06.80704000e+01   02.50946000e+01   04.03650000e-03
  08.48293000e+01   06.77499000e+01   02.97937000e+01  -01.43447000e-01
  08.24404000e+01   06.39021000e+01   03.16137000e+01   01.23287000e-02
  08.16434000e+01   06.64411000e+01   03.57233000e+01   02.21683000e-01
  08.36101000e+01   07.04748000e+01   03.36690000e+01  -05.42921000e-02
  08.22223000e+01   06.44246000e+01   02.85077000e+01   02.66866000e-02
  08.09032000e+01   06.18832000e+01   03.34824000e+01   04.35609000e-02
  08.14243000e+01   06.87892000e+01   03.79132000e+01   02.36507000e-02
  08.46357000e+01   07.25095000e+01   03.13548000e+01  -06.09964000e-02
  08.52540000e+01   06.32469000e+01   03.39023000e+01   08.71130000e-03
  08.42888000e+01   06.64450000e+01   02.98596000e+01   01.26858000e-01
  08.20480000e+01   06.42123000e+01   03.29018000e+01  -03.45042000e-02
  08.20493000e+01   06.77915000e+01   03.55621000e+01  -02.04376000e-01
  08.40855000e+01   07.01074000e+01   03.24325000e+01   07.60142000e-02
  08.56083000e+01   06.24359000e+01   03.12878000e+01   05.08730000e-03
  08.40138000e+01   06.77830000e+01   02.69846000e+01   06.92200000e-04
  08.61011000e+01   06.23339000e+01   03.47343000e+01   00.00000000e+00
  08.45993000e+01   06.52633000e+01   02.89607000e+01   07.64245000e-02
  08.13509000e+01   06.32477000e+01   03.38094000e+01  -04.66821000e-02
  08.19196000e+01   06.88871000e+01   03.65089000e+01   01.65461000e-02
  08.46920000e+01   07.09373000e+01   03.13941000e+01   05.49912000e-02
  08.59123000e+01   06.41086000e+01   03.28810000e+01   03.30200000e-04
  08.61952000e+01   06.84790000e+01   02.64423000e+01   04.02810000e-03
  08.56703000e+01   06.12188000e+01   03.53570000e+01   00.00000000e+00
  08.35267000e+01   06.42289000e+01   02.93443000e+01  -04.69336000e-02
  08.11541000e+01   06.39951000e+01   03.50234000e+01  -07.68710000e-03
  08.25388000e+01   06.99537000e+01   03.59263000e+01  -03.37389000e-02
  08.50425000e+01   07.00518000e+01   03.03549000e+01   03.64969000e-02
  08.52536000e+01   05.99371000e+01   03.45480000e+01   00.00000000e+00
  08.32064000e+01   06.47174000e+01   03.07461000e+01  -09.58259000e-02
  08.17120000e+01   06.53637000e+01   03.48518000e+01  -01.77941000e-01
  08.29406000e+01   06.96254000e+01   03.46105000e+01   06.74294000e-02
  08.45737000e+01   06.87506000e+01   03.07436000e+01   01.44326000e-01
  08.50456000e+01   06.13928000e+01   03.67304000e+01   00.00000000e+00
  08.59027000e+01   06.11641000e+01   03.80109000e+01   00.00000000e+00
  08.69156000e+01   06.22807000e+01   03.83259000e+01   00.00000000e+00
  08.74593000e+01   06.24599000e+01   03.97406000e+01   00.00000000e+00
  08.85346000e+01   06.14294000e+01   04.02684000e+01   00.00000000e+00
  08.62727000e+01   06.26658000e+01   04.07703000e+01   00.00000000e+00
  08.67772000e+01   06.28456000e+01   04.22057000e+01   00.00000000e+00
  08.56240000e+01   06.33478000e+01   04.30900000e+01   00.00000000e+00
  08.59132000e+01   06.36203000e+01   04.46113000e+01   00.00000000e+00
  08.57338000e+01   06.21673000e+01   04.52727000e+01   00.00000000e+00
  08.72203000e+01   06.43375000e+01   04.49708000e+01   00.00000000e+00
  08.73786000e+01   06.58038000e+01   04.45004000e+01   00.00000000e+00
  08.63481000e+01   06.67678000e+01   04.51641000e+01   00.00000000e+00
  08.63482000e+01   06.83197000e+01   04.48141000e+01   00.00000000e+00
  08.76970000e+01   06.88620000e+01   04.49261000e+01   00.00000000e+00
  08.57791000e+01   06.84809000e+01   04.33596000e+01   00.00000000e+00
  08.26821000e+01   06.82890000e+01   03.44025000e+01   03.65717000e-02
  08.29893000e+01   06.72505000e+01   03.26317000e+01  -06.37550000e-03
  08.55776000e+01   07.26852000e+01   03.08341000e+01   01.79582000e-02
  08.37904000e+01   07.28002000e+01   03.07945000e+01   01.23366000e-02
  08.45629000e+01   07.30261000e+01   03.23602000e+01   01.80857000e-02
  08.23239000e+01   06.88641000e+01   03.85311000e+01  -03.55350000e-03
  08.07050000e+01   06.96262000e+01   03.80995000e+01  -05.48890000e-03
  08.10008000e+01   06.78148000e+01   03.81772000e+01  -05.73590000e-03
  08.14141000e+01   06.14855000e+01   03.26189000e+01  -01.16015000e-02
  08.12692000e+01   06.13424000e+01   03.43757000e+01  -01.03548000e-02
  07.97635000e+01   06.16879000e+01   03.34504000e+01  -01.10806000e-02
  08.18545000e+01   06.54730000e+01   02.85876000e+01  -06.50300000e-03
  08.24521000e+01   06.41102000e+01   02.75194000e+01  -03.84930000e-03
  08.13946000e+01   06.37654000e+01   02.88990000e+01  -06.75510000e-03
  08.52911000e+01   06.85819000e+01   02.44241000e+01   06.96000000e-05
  08.69704000e+01   06.82915000e+01   02.46292000e+01  -02.56130000e-03
  08.60436000e+01   06.69937000e+01   02.50464000e+01  -08.86000000e-04
  08.44419000e+01   07.23720000e+01   03.74323000e+01   02.66600000e-04
  08.39723000e+01   07.08676000e+01   03.80800000e+01   02.07780000e-03
  08.48270000e+01   07.09115000e+01   03.65885000e+01   03.44650000e-03
  07.92597000e+01   06.23704000e+01   03.75301000e+01   02.98050000e-03
  07.92889000e+01   06.18749000e+01   03.56858000e+01  -05.01900000e-04
  08.76433000e+01   06.44583000e+01   03.06057000e+01  -05.40000000e-06
  08.65479000e+01   06.55401000e+01   03.11121000e+01  -02.73660000e-03
  08.24458000e+01   07.20229000e+01   03.57752000e+01   06.65000000e-04
  08.18065000e+01   07.13783000e+01   03.73682000e+01  -04.07950000e-03
  08.60272000e+01   06.38610000e+01   02.86443000e+01   01.58140000e-02
  08.67186000e+01   06.54105000e+01   02.86086000e+01   09.11190000e-03
  08.63754000e+01   06.78413000e+01   04.27082000e+01   00.00000000e+00
  08.47271000e+01   06.82539000e+01   04.32323000e+01   00.00000000e+00
  08.59445000e+01   06.95216000e+01   04.31566000e+01   00.00000000e+00
  08.80046000e+01   06.88285000e+01   04.60228000e+01   00.00000000e+00
  08.83809000e+01   06.84888000e+01   04.41620000e+01   00.00000000e+00
  08.76694000e+01   06.99650000e+01   04.47641000e+01   00.00000000e+00
  08.53616000e+01   06.64110000e+01   04.50128000e+01   00.00000000e+00
  08.66082000e+01   06.66781000e+01   04.62280000e+01   00.00000000e+00
  08.84874000e+01   06.59838000e+01   04.47096000e+01   00.00000000e+00
  08.71834000e+01   06.58535000e+01   04.34263000e+01   00.00000000e+00
  08.73477000e+01   06.43378000e+01   04.60545000e+01   00.00000000e+00
  08.80334000e+01   06.37867000e+01   04.46573000e+01   00.00000000e+00
  08.47240000e+01   06.18244000e+01   04.50162000e+01   00.00000000e+00
  08.65177000e+01   06.14915000e+01   04.50709000e+01   00.00000000e+00
  08.55788000e+01   06.23000000e+01   04.63363000e+01   00.00000000e+00
  08.51966000e+01   06.42306000e+01   04.26842000e+01   00.00000000e+00
  08.49990000e+01   06.24546000e+01   04.30003000e+01   00.00000000e+00
  08.71722000e+01   06.19841000e+01   04.27395000e+01   00.00000000e+00
  08.75382000e+01   06.36316000e+01   04.22171000e+01   00.00000000e+00
  08.55442000e+01   06.34363000e+01   04.05302000e+01   00.00000000e+00
  08.56739000e+01   06.17687000e+01   04.07786000e+01   00.00000000e+00
  08.36622000e+01   07.15144000e+01   03.39865000e+01   07.20400000e-04
  08.11701000e+01   06.62852000e+01   03.67000000e+01  -02.39543000e-02
  08.20854000e+01   06.29607000e+01   03.11533000e+01   04.89340000e-03
  08.66898000e+01   06.80086000e+01   02.87660000e+01  -02.28199000e-02
  08.06768000e+01   06.42496000e+01   03.71555000e+01  -01.51750000e-03
  08.89539000e+01   06.17886000e+01   04.12019000e+01   00.00000000e+00
  08.80656000e+01   06.04588000e+01   04.04363000e+01   00.00000000e+00
  08.92063000e+01   06.11130000e+01   03.95632000e+01   00.00000000e+00
  08.79550000e+01   06.33948000e+01   03.96129000e+01   00.00000000e+00
  08.77913000e+01   06.19217000e+01   03.77868000e+01   00.00000000e+00
  08.65960000e+01   06.31892000e+01   03.78803000e+01   00.00000000e+00
  08.51561000e+01   06.09596000e+01   03.88168000e+01   00.00000000e+00
  08.65474000e+01   06.03136000e+01   03.78254000e+01   00.00000000e+00
  08.46444000e+01   06.24049000e+01   03.67865000e+01   00.00000000e+00
  08.41890000e+01   06.06916000e+01   03.67632000e+01   00.00000000e+00
  08.41828000e+01   06.00645000e+01   03.44536000e+01   00.00000000e+00
  08.55860000e+01   05.99235000e+01   03.35048000e+01   00.00000000e+00
  08.55036000e+01   05.90152000e+01   03.50131000e+01   00.00000000e+00
  08.39333000e+01   06.32051000e+01   02.93783000e+01   05.57290000e-03
  08.45213000e+01   06.56013000e+01   02.78896000e+01  -01.28866000e-02
  08.71604000e+01   06.25277000e+01   03.46384000e+01   00.00000000e+00
  08.57058000e+01   06.89716000e+01   04.54290000e+01   00.00000000e+00
  08.47691000e+01   06.38569000e+01   03.46564000e+01  -01.99830000e-03
  08.43590000e+01   06.26821000e+01   03.35042000e+01  -01.85290000e-03
