  08.55381000e+01   06.61263000e+01   02.84203000e+01  -06.11779000e-02
  08.01418000e+01   06.41662000e+01   03.55589000e+01   01.75852000e-02
  08.24090000e+01   07.18815000e+01   03.65922000e+01   01.01800000e-02
  08.52301000e+01   07.11925000e+01   02.88874000e+01  -01.32723000e-02
  08.29303000e+01   06.71864000e+01   03.03445000e+01  -04.57645000e-02
  08.61878000e+01   06.57709000e+01   02.97673000e+01   02.46758000e-02
  08.07029000e+01   06.31130000e+01   03.62024000e+01  -01.71993000e-02
  08.38445000e+01   07.20859000e+01   03.69051000e+01  -09.39340000e-03
  08.52110000e+01   06.97092000e+01   02.84679000e+01   07.66074000e-02
  08.16657000e+01   06.63423000e+01   03.29592000e+01   09.44338000e-02
  08.57497000e+01   07.21551000e+01   02.82853000e+01   01.54319000e-02
  08.56138000e+01   06.45536000e+01   03.04979000e+01  -01.56515000e-02
  08.49570000e+01   06.95313000e+01   02.69844000e+01  -02.00050000e-02
  08.33399000e+01   06.98497000e+01   03.16872000e+01  -08.09918000e-02
  08.59558000e+01   06.90709000e+01   02.48832000e+01   04.03650000e-03
  08.42600000e+01   06.90289000e+01   02.94368000e+01  -01.43447000e-01
  08.19383000e+01   06.50359000e+01   03.08337000e+01   01.23287000e-02
  08.11969000e+01   06.70493000e+01   03.52404000e+01   02.21683000e-01
  08.31305000e+01   07.13454000e+01   03.35935000e+01  -05.42921000e-02
  08.16831000e+01   06.58106000e+01   02.76815000e+01   02.66866000e-02
  08.07430000e+01   06.27478000e+01   03.25443000e+01   04.35609000e-02
  08.12551000e+01   06.91320000e+01   03.76848000e+01   02.36507000e-02
  08.41143000e+01   07.36121000e+01   03.13738000e+01  -06.09964000e-02
  08.48844000e+01   06.39927000e+01   03.26868000e+01   08.71130000e-03
  08.37493000e+01   06.77473000e+01   02.93524000e+01   01.26858000e-01
  08.14970000e+01   06.52136000e+01   03.22128000e+01  -03.45042000e-02
  08.16092000e+01   06.84312000e+01   03.51918000e+01  -02.04376000e-01
  08.34761000e+01   07.11382000e+01   03.21983000e+01   07.60142000e-02
  08.50433000e+01   06.35731000e+01   02.99824000e+01   05.08730000e-03
  08.38614000e+01   06.96295000e+01   02.65045000e+01   06.92200000e-04
  08.56411000e+01   06.29302000e+01   03.35240000e+01   00.00000000e+00
  08.40559000e+01   06.66814000e+01   02.82976000e+01   07.64245000e-02
  08.08624000e+01   06.42046000e+01   03.29995000e+01  -04.66821000e-02
  08.15599000e+01   06.94971000e+01   03.62611000e+01   01.65461000e-02
  08.40154000e+01   07.20782000e+01   03.12298000e+01   05.49912000e-02
  08.57911000e+01   06.47528000e+01   03.18844000e+01   03.30200000e-04
  08.61210000e+01   06.92482000e+01   02.63067000e+01   04.02810000e-03
  08.52916000e+01   06.17100000e+01   03.39661000e+01   00.00000000e+00
  08.29478000e+01   06.56232000e+01   02.85568000e+01  -04.69336000e-02
  08.06637000e+01   06.47544000e+01   03.42937000e+01  -07.68710000e-03
  08.21096000e+01   07.06557000e+01   03.57543000e+01  -03.37389000e-02
  08.44802000e+01   07.11947000e+01   03.01852000e+01   03.64969000e-02
  08.54953000e+01   06.04381000e+01   03.31194000e+01   00.00000000e+00
  08.26147000e+01   06.59464000e+01   03.00459000e+01  -09.58259000e-02
  08.12238000e+01   06.60871000e+01   03.42167000e+01  -01.77941000e-01
  08.25162000e+01   07.03834000e+01   03.44428000e+01   06.74294000e-02
  08.40250000e+01   06.99201000e+01   03.04681000e+01   01.44326000e-01
  08.48681000e+01   06.14454000e+01   03.54010000e+01   00.00000000e+00
  08.56866000e+01   06.22206000e+01   03.64270000e+01   00.00000000e+00
  08.51852000e+01   06.20928000e+01   03.78996000e+01   00.00000000e+00
  08.60619000e+01   06.28642000e+01   03.89678000e+01   00.00000000e+00
  08.72285000e+01   06.19697000e+01   03.92962000e+01   00.00000000e+00
  08.52950000e+01   06.31164000e+01   04.02944000e+01   00.00000000e+00
  08.60273000e+01   06.38300000e+01   04.15256000e+01   00.00000000e+00
  08.51322000e+01   06.39184000e+01   04.27326000e+01   00.00000000e+00
  08.57660000e+01   06.45315000e+01   04.39973000e+01   00.00000000e+00
  08.55920000e+01   06.38170000e+01   04.53381000e+01   00.00000000e+00
  08.56958000e+01   06.60690000e+01   04.41549000e+01   00.00000000e+00
  08.70672000e+01   06.66522000e+01   04.42059000e+01   00.00000000e+00
  08.68584000e+01   06.81927000e+01   04.43757000e+01   00.00000000e+00
  08.82088000e+01   06.89978000e+01   04.39813000e+01   00.00000000e+00
  08.82502000e+01   06.91051000e+01   04.24566000e+01   00.00000000e+00
  08.82156000e+01   07.03395000e+01   04.48079000e+01   00.00000000e+00
  08.21524000e+01   06.90430000e+01   03.41034000e+01   03.65717000e-02
  08.23720000e+01   06.81964000e+01   03.22869000e+01  -06.37550000e-03
  08.37604000e+01   07.40272000e+01   03.04102000e+01   01.79582000e-02
  08.34315000e+01   07.40335000e+01   03.20831000e+01   01.23366000e-02
  08.51439000e+01   07.39272000e+01   03.15615000e+01   01.80857000e-02
  08.04645000e+01   06.97312000e+01   03.80382000e+01  -03.55350000e-03
  08.09408000e+01   06.80612000e+01   03.77723000e+01  -05.48890000e-03
  08.21420000e+01   06.92239000e+01   03.82695000e+01  -05.73590000e-03
  08.04597000e+01   06.26253000e+01   03.14968000e+01  -01.16015000e-02
  08.17808000e+01   06.23643000e+01   03.25795000e+01  -01.03548000e-02
  08.00758000e+01   06.22185000e+01   03.32217000e+01  -01.10806000e-02
  08.11509000e+01   06.67397000e+01   02.77887000e+01  -06.50300000e-03
  08.18199000e+01   06.56551000e+01   02.65822000e+01  -03.84930000e-03
  08.09551000e+01   06.50229000e+01   02.78278000e+01  -06.75510000e-03
  08.52416000e+01   06.97815000e+01   02.43621000e+01   06.96000000e-05
  08.68919000e+01   06.90181000e+01   02.43649000e+01  -02.56130000e-03
  08.55520000e+01   06.81207000e+01   02.45732000e+01  -08.86000000e-04
  08.43839000e+01   07.24946000e+01   03.60402000e+01   02.66600000e-04
  08.39855000e+01   07.27907000e+01   03.77428000e+01   02.07780000e-03
  08.44034000e+01   07.11419000e+01   03.70661000e+01   03.44650000e-03
  08.02609000e+01   06.27330000e+01   03.71729000e+01   02.98050000e-03
  08.15905000e+01   06.26822000e+01   03.57969000e+01  -05.01900000e-04
  08.72939000e+01   06.56763000e+01   02.96177000e+01  -05.40000000e-06
  08.60439000e+01   06.66738000e+01   03.03061000e+01  -02.73660000e-03
  08.21511000e+01   07.27122000e+01   03.59879000e+01   06.65000000e-04
  08.18483000e+01   07.18400000e+01   03.75162000e+01  -04.07950000e-03
  08.55853000e+01   06.52147000e+01   02.78063000e+01   01.58140000e-02
  08.61761000e+01   06.67740000e+01   02.78386000e+01   09.11190000e-03
  08.83954000e+01   07.00196000e+01   04.58102000e+01   00.00000000e+00
  08.90041000e+01   07.09787000e+01   04.44750000e+01   00.00000000e+00
  08.72084000e+01   07.08249000e+01   04.47926000e+01   00.00000000e+00
  08.78746000e+01   06.81564000e+01   04.20085000e+01   00.00000000e+00
  08.75387000e+01   06.98994000e+01   04.22906000e+01   00.00000000e+00
  08.92084000e+01   06.94735000e+01   04.20852000e+01   00.00000000e+00
  08.60387000e+01   06.85407000e+01   04.37753000e+01   00.00000000e+00
  08.66951000e+01   06.83766000e+01   04.54636000e+01   00.00000000e+00
  08.76269000e+01   06.61991000e+01   04.50275000e+01   00.00000000e+00
  08.75857000e+01   06.65212000e+01   04.33235000e+01   00.00000000e+00
  08.52823000e+01   06.64817000e+01   04.32624000e+01   00.00000000e+00
  08.50648000e+01   06.64221000e+01   04.49788000e+01   00.00000000e+00
  08.61059000e+01   06.44226000e+01   04.61115000e+01   00.00000000e+00
  08.45475000e+01   06.37405000e+01   04.54939000e+01   00.00000000e+00
  08.60877000e+01   06.28103000e+01   04.52647000e+01   00.00000000e+00
  08.43001000e+01   06.44371000e+01   04.22760000e+01   00.00000000e+00
  08.48009000e+01   06.29290000e+01   04.29985000e+01   00.00000000e+00
  08.67828000e+01   06.31334000e+01   04.18433000e+01   00.00000000e+00
  08.65632000e+01   06.47769000e+01   04.13259000e+01   00.00000000e+00
  08.44359000e+01   06.37650000e+01   04.00884000e+01   00.00000000e+00
  08.49101000e+01   06.21926000e+01   04.07185000e+01   00.00000000e+00
  08.33697000e+01   07.23859000e+01   03.39444000e+01   07.20400000e-04
  08.06706000e+01   06.67449000e+01   03.62105000e+01  -02.39543000e-02
  08.18174000e+01   06.40598000e+01   03.04208000e+01   04.89340000e-03
  08.61329000e+01   06.92046000e+01   02.87860000e+01  -02.28199000e-02
  07.93389000e+01   06.46261000e+01   03.60673000e+01  -01.51750000e-03
  08.81160000e+01   06.25019000e+01   03.96149000e+01   00.00000000e+00
  08.71406000e+01   06.12226000e+01   04.00903000e+01   00.00000000e+00
  08.74915000e+01   06.13587000e+01   03.84711000e+01   00.00000000e+00
  08.64047000e+01   06.37362000e+01   03.84769000e+01   00.00000000e+00
  08.41335000e+01   06.22759000e+01   03.80631000e+01   00.00000000e+00
  08.52409000e+01   06.10412000e+01   03.81865000e+01   00.00000000e+00
  08.67019000e+01   06.17859000e+01   03.64097000e+01   00.00000000e+00
  08.58807000e+01   06.32356000e+01   03.60636000e+01   00.00000000e+00
  08.38803000e+01   06.19106000e+01   03.55183000e+01   00.00000000e+00
  08.48407000e+01   06.03649000e+01   03.55802000e+01   00.00000000e+00
  08.63971000e+01   05.98594000e+01   03.33093000e+01   00.00000000e+00
  08.46525000e+01   05.97693000e+01   03.33235000e+01   00.00000000e+00
  08.54818000e+01   06.05512000e+01   03.20352000e+01   00.00000000e+00
  08.33736000e+01   06.46635000e+01   02.85111000e+01   05.57290000e-03
  08.38520000e+01   06.71140000e+01   02.72891000e+01  -01.28866000e-02
  08.66906000e+01   06.31723000e+01   03.37148000e+01   00.00000000e+00
  08.90684000e+01   06.84418000e+01   04.42421000e+01   00.00000000e+00
  08.44620000e+01   06.47460000e+01   03.34500000e+01  -01.99830000e-03
  08.40613000e+01   06.34427000e+01   03.21471000e+01  -01.85290000e-03
