  08.53913000e+01   06.50106000e+01   02.80840000e+01  -06.11779000e-02
  07.99923000e+01   06.36915000e+01   03.56360000e+01   01.75852000e-02
  08.24973000e+01   07.12480000e+01   03.60868000e+01   01.01800000e-02
  08.50073000e+01   07.01670000e+01   02.83348000e+01  -01.32723000e-02
  08.28140000e+01   06.62013000e+01   03.01561000e+01  -04.57645000e-02
  08.61759000e+01   06.47145000e+01   02.94131000e+01   02.46758000e-02
  07.98417000e+01   06.23774000e+01   03.59641000e+01  -01.71993000e-02
  08.39599000e+01   07.12159000e+01   03.66548000e+01  -09.39340000e-03
  08.49859000e+01   06.86292000e+01   02.79634000e+01   07.66074000e-02
  08.17790000e+01   06.54642000e+01   03.28350000e+01   09.44338000e-02
  08.55356000e+01   07.10166000e+01   02.76013000e+01   01.54319000e-02
  08.58927000e+01   06.34167000e+01   03.00903000e+01  -01.56515000e-02
  08.47484000e+01   06.83325000e+01   02.65132000e+01  -02.00050000e-02
  08.32618000e+01   06.89945000e+01   03.12424000e+01  -08.09918000e-02
  08.58518000e+01   06.83030000e+01   02.41891000e+01   04.03650000e-03
  08.41542000e+01   06.79415000e+01   02.90245000e+01  -01.43447000e-01
  08.20287000e+01   06.40894000e+01   03.09677000e+01   01.23287000e-02
  08.10490000e+01   06.64784000e+01   03.49958000e+01   02.21683000e-01
  08.32357000e+01   07.04966000e+01   03.31669000e+01  -05.42921000e-02
  08.16484000e+01   06.41583000e+01   02.79075000e+01   02.66866000e-02
  08.06976000e+01   06.19155000e+01   03.26741000e+01   04.35609000e-02
  08.08606000e+01   06.86747000e+01   03.73026000e+01   02.36507000e-02
  08.47755000e+01   07.24958000e+01   03.07290000e+01  -06.09964000e-02
  08.55084000e+01   06.23929000e+01   03.21498000e+01   08.71130000e-03
  08.36251000e+01   06.66287000e+01   02.90930000e+01   01.26858000e-01
  08.17480000e+01   06.42102000e+01   03.22862000e+01  -03.45042000e-02
  08.14790000e+01   06.78535000e+01   03.48612000e+01  -02.04376000e-01
  08.35917000e+01   07.02398000e+01   03.17973000e+01   07.60142000e-02
  08.55349000e+01   06.24043000e+01   02.95275000e+01   05.08730000e-03
  08.36515000e+01   06.81569000e+01   02.60125000e+01   06.92200000e-04
  08.59582000e+01   06.21399000e+01   03.35791000e+01   00.00000000e+00
  08.39241000e+01   06.54490000e+01   02.81502000e+01   07.64245000e-02
  08.10051000e+01   06.33255000e+01   03.31729000e+01  -04.66821000e-02
  08.13871000e+01   06.88883000e+01   03.58489000e+01   01.65461000e-02
  08.42193000e+01   07.10772000e+01   03.07727000e+01   05.49912000e-02
  08.61381000e+01   06.35576000e+01   03.14523000e+01   03.30200000e-04
  08.59025000e+01   06.83481000e+01   02.56971000e+01   04.02810000e-03
  08.52690000e+01   06.14440000e+01   03.45228000e+01   00.00000000e+00
  08.29069000e+01   06.43306000e+01   02.87147000e+01  -04.69336000e-02
  08.06664000e+01   06.40699000e+01   03.43465000e+01  -07.68710000e-03
  08.21277000e+01   06.99517000e+01   03.53751000e+01  -03.37389000e-02
  08.44494000e+01   07.02387000e+01   02.96987000e+01   03.64969000e-02
  08.54787000e+01   05.99856000e+01   03.45655000e+01   00.00000000e+00
  08.25835000e+01   06.49191000e+01   03.00381000e+01  -09.58259000e-02
  08.11624000e+01   06.54290000e+01   03.40776000e+01  -01.77941000e-01
  08.25547000e+01   06.96207000e+01   03.40607000e+01   06.74294000e-02
  08.38685000e+01   06.89736000e+01   02.99642000e+01   01.44326000e-01
  08.42721000e+01   06.20398000e+01   03.55176000e+01   00.00000000e+00
  08.46695000e+01   06.18350000e+01   03.69874000e+01   00.00000000e+00
  08.60298000e+01   06.24245000e+01   03.72620000e+01   00.00000000e+00
  08.63726000e+01   06.24057000e+01   03.87656000e+01   00.00000000e+00
  08.62895000e+01   06.09502000e+01   03.93435000e+01   00.00000000e+00
  08.55645000e+01   06.33693000e+01   03.97401000e+01   00.00000000e+00
  08.58468000e+01   06.34110000e+01   04.12156000e+01   00.00000000e+00
  08.51354000e+01   06.45006000e+01   04.20735000e+01   00.00000000e+00
  08.56197000e+01   06.47745000e+01   04.35208000e+01   00.00000000e+00
  08.51767000e+01   06.37872000e+01   04.46352000e+01   00.00000000e+00
  08.69933000e+01   06.55185000e+01   04.37634000e+01   00.00000000e+00
  08.70076000e+01   06.70347000e+01   04.33655000e+01   00.00000000e+00
  08.61190000e+01   06.79831000e+01   04.42556000e+01   00.00000000e+00
  08.59401000e+01   06.95099000e+01   04.37932000e+01   00.00000000e+00
  08.73907000e+01   07.01115000e+01   04.36013000e+01   00.00000000e+00
  08.50598000e+01   06.94677000e+01   04.25098000e+01   00.00000000e+00
  08.21556000e+01   06.83412000e+01   03.38074000e+01   03.65717000e-02
  08.23589000e+01   06.73058000e+01   03.19302000e+01  -06.37550000e-03
  08.56218000e+01   07.25493000e+01   03.14216000e+01   01.79582000e-02
  08.50033000e+01   07.27603000e+01   02.96513000e+01   01.23366000e-02
  08.39275000e+01   07.31731000e+01   03.10312000e+01   01.80857000e-02
  07.98429000e+01   06.89283000e+01   03.73469000e+01  -03.55350000e-03
  08.09880000e+01   06.75653000e+01   03.75513000e+01  -05.48890000e-03
  08.13703000e+01   06.92931000e+01   03.80064000e+01  -05.73590000e-03
  08.03481000e+01   06.18870000e+01   03.16455000e+01  -01.16015000e-02
  08.16244000e+01   06.13713000e+01   03.28256000e+01  -01.03548000e-02
  07.98801000e+01   06.14818000e+01   03.32125000e+01  -01.10806000e-02
  08.17549000e+01   06.41876000e+01   02.68027000e+01  -06.50300000e-03
  08.10447000e+01   06.33453000e+01   02.84717000e+01  -03.84930000e-03
  08.09601000e+01   06.50967000e+01   02.80655000e+01  -06.75510000e-03
  08.53523000e+01   06.91381000e+01   02.37452000e+01   06.96000000e-05
  08.68511000e+01   06.82037000e+01   02.37913000e+01  -02.56130000e-03
  08.52801000e+01   06.74752000e+01   02.37771000e+01  -08.86000000e-04
  08.40473000e+01   07.22148000e+01   03.70889000e+01   02.66600000e-04
  08.40171000e+01   07.03001000e+01   03.73485000e+01   02.07780000e-03
  08.46723000e+01   07.10342000e+01   03.58612000e+01   03.44650000e-03
  07.93412000e+01   06.19999000e+01   03.68798000e+01   02.98050000e-03
  08.00773000e+01   06.15948000e+01   03.52454000e+01  -05.01900000e-04
  08.71882000e+01   06.46722000e+01   02.90650000e+01  -05.40000000e-06
  08.60805000e+01   06.55188000e+01   03.01019000e+01  -02.73660000e-03
  08.23949000e+01   07.20631000e+01   03.53925000e+01   06.65000000e-04
  08.18026000e+01   07.14970000e+01   03.69268000e+01  -04.07950000e-03
  08.53835000e+01   06.40673000e+01   02.74310000e+01   01.58140000e-02
  08.59757000e+01   06.57186000e+01   02.74640000e+01   09.11190000e-03
  08.41528000e+01   06.89555000e+01   04.29133000e+01   00.00000000e+00
  08.49171000e+01   07.04655000e+01   04.21418000e+01   00.00000000e+00
  08.55575000e+01   06.88808000e+01   04.17305000e+01   00.00000000e+00
  08.78803000e+01   06.97317000e+01   04.27080000e+01   00.00000000e+00
  08.73703000e+01   07.11714000e+01   04.36149000e+01   00.00000000e+00
  08.79992000e+01   06.96957000e+01   04.44591000e+01   00.00000000e+00
  08.52297000e+01   06.75577000e+01   04.46797000e+01   00.00000000e+00
  08.67917000e+01   06.80872000e+01   04.51392000e+01   00.00000000e+00
  08.80442000e+01   06.72233000e+01   04.35705000e+01   00.00000000e+00
  08.67717000e+01   06.72406000e+01   04.23680000e+01   00.00000000e+00
  08.71682000e+01   06.54603000e+01   04.48627000e+01   00.00000000e+00
  08.77645000e+01   06.48416000e+01   04.34399000e+01   00.00000000e+00
  08.53659000e+01   06.28412000e+01   04.40518000e+01   00.00000000e+00
  08.57606000e+01   06.38001000e+01   04.55861000e+01   00.00000000e+00
  08.41267000e+01   06.38342000e+01   04.47951000e+01   00.00000000e+00
  08.51182000e+01   06.54678000e+01   04.15910000e+01   00.00000000e+00
  08.41485000e+01   06.41733000e+01   04.21912000e+01   00.00000000e+00
  08.56867000e+01   06.23892000e+01   04.15945000e+01   00.00000000e+00
  08.69301000e+01   06.34555000e+01   04.13382000e+01   00.00000000e+00
  08.58248000e+01   06.43773000e+01   03.94305000e+01   00.00000000e+00
  08.45090000e+01   06.32010000e+01   03.95887000e+01   00.00000000e+00
  08.34722000e+01   07.15667000e+01   03.34795000e+01   07.20400000e-04
  08.04432000e+01   06.63017000e+01   03.59055000e+01  -02.39543000e-02
  08.19487000e+01   06.30788000e+01   03.06251000e+01   04.89340000e-03
  08.59882000e+01   06.81604000e+01   02.80754000e+01  -02.28199000e-02
  07.97418000e+01   06.44767000e+01   03.63900000e+01  -01.51750000e-03
  08.52285000e+01   06.07763000e+01   03.95655000e+01   00.00000000e+00
  08.65506000e+01   06.01619000e+01   03.87154000e+01   00.00000000e+00
  08.68245000e+01   06.09890000e+01   04.02970000e+01   00.00000000e+00
  08.73768000e+01   06.27532000e+01   03.87568000e+01   00.00000000e+00
  08.67971000e+01   06.18975000e+01   03.67745000e+01   00.00000000e+00
  08.62113000e+01   06.34270000e+01   03.69368000e+01   00.00000000e+00
  08.39145000e+01   06.23870000e+01   03.76361000e+01   00.00000000e+00
  08.46928000e+01   06.08016000e+01   03.72074000e+01   00.00000000e+00
  08.39406000e+01   06.30306000e+01   03.51767000e+01   00.00000000e+00
  08.33841000e+01   06.14085000e+01   03.54007000e+01   00.00000000e+00
  08.45599000e+01   05.94867000e+01   03.47793000e+01   00.00000000e+00
  08.58739000e+01   05.96888000e+01   03.35442000e+01   00.00000000e+00
  08.61371000e+01   05.97467000e+01   03.54019000e+01   00.00000000e+00
  08.33919000e+01   06.33849000e+01   02.88038000e+01   05.57290000e-03
  08.36370000e+01   06.57058000e+01   02.70818000e+01  -01.28866000e-02
  08.69513000e+01   06.24683000e+01   03.38269000e+01   00.00000000e+00
  08.54781000e+01   07.01924000e+01   04.46201000e+01   00.00000000e+00
  08.44030000e+01   06.24804000e+01   03.21766000e+01  -01.99830000e-03
  08.57831000e+01   06.14440000e+01   03.16557000e+01  -01.85290000e-03
