  08.29553000e+01   06.51857000e+01   02.73555000e+01  -06.11779000e-02
  07.77470000e+01   06.33229000e+01   03.49890000e+01   01.75852000e-02
  08.00776000e+01   07.10712000e+01   03.57522000e+01   01.01800000e-02
  08.26466000e+01   07.01383000e+01   02.80323000e+01  -01.32723000e-02
  08.04303000e+01   06.60774000e+01   02.96297000e+01  -04.57645000e-02
  08.37272000e+01   06.49301000e+01   02.86919000e+01   02.46758000e-02
  07.81685000e+01   06.21684000e+01   03.54759000e+01  -01.71993000e-02
  08.14560000e+01   07.10779000e+01   03.63891000e+01  -09.39340000e-03
  08.25066000e+01   06.86030000e+01   02.76015000e+01   07.66074000e-02
  07.92923000e+01   06.54518000e+01   03.22162000e+01   09.44338000e-02
  08.31175000e+01   07.10061000e+01   02.72867000e+01   01.54319000e-02
  08.32980000e+01   06.36937000e+01   02.94229000e+01  -01.56515000e-02
  08.21958000e+01   06.85195000e+01   02.61223000e+01  -02.00050000e-02
  08.06287000e+01   06.90325000e+01   03.06557000e+01  -08.09918000e-02
  08.30987000e+01   06.82774000e+01   02.39478000e+01   04.03650000e-03
  08.16415000e+01   06.79613000e+01   02.86440000e+01  -01.43447000e-01
  07.97733000e+01   06.39022000e+01   03.03027000e+01   01.23287000e-02
  07.87893000e+01   06.63310000e+01   03.44624000e+01   02.21683000e-01
  08.06512000e+01   07.04618000e+01   03.26619000e+01  -05.42921000e-02
  07.91962000e+01   06.46394000e+01   02.69001000e+01   02.66866000e-02
  07.86155000e+01   06.18022000e+01   03.21819000e+01   04.35609000e-02
  07.86979000e+01   06.83293000e+01   03.68514000e+01   02.36507000e-02
  08.20403000e+01   07.24554000e+01   03.06246000e+01  -06.09964000e-02
  08.28886000e+01   06.32045000e+01   03.18135000e+01   08.71130000e-03
  08.11740000e+01   06.66308000e+01   02.85934000e+01   01.26858000e-01
  07.92639000e+01   06.42248000e+01   03.16160000e+01  -03.45042000e-02
  07.91880000e+01   06.76796000e+01   03.43459000e+01  -02.04376000e-01
  08.09535000e+01   07.02035000e+01   03.12966000e+01   07.60142000e-02
  08.27375000e+01   06.26644000e+01   02.90483000e+01   05.08730000e-03
  08.10875000e+01   06.86945000e+01   02.56265000e+01   06.92200000e-04
  08.36567000e+01   06.20000000e+01   03.20879000e+01   00.00000000e+00
  08.15167000e+01   06.56847000e+01   02.74555000e+01   07.64245000e-02
  07.86906000e+01   06.32206000e+01   03.24965000e+01  -04.66821000e-02
  07.91967000e+01   06.86335000e+01   03.54518000e+01   01.65461000e-02
  08.17005000e+01   07.10506000e+01   03.04129000e+01   05.49912000e-02
  08.35573000e+01   06.39661000e+01   03.07560000e+01   03.30200000e-04
  08.33126000e+01   06.81716000e+01   02.53985000e+01   04.02810000e-03
  08.32965000e+01   06.09856000e+01   03.29133000e+01   00.00000000e+00
  08.05096000e+01   06.46091000e+01   02.78211000e+01  -04.69336000e-02
  07.83202000e+01   06.38573000e+01   03.36982000e+01  -07.68710000e-03
  07.97520000e+01   06.97885000e+01   03.49347000e+01  -03.37389000e-02
  08.20389000e+01   07.02035000e+01   02.93428000e+01   03.64969000e-02
  08.25931000e+01   05.97264000e+01   03.23675000e+01   00.00000000e+00
  08.02574000e+01   06.47932000e+01   02.93550000e+01  -09.58259000e-02
  07.87979000e+01   06.53176000e+01   03.34653000e+01  -01.77941000e-01
  07.99731000e+01   06.95518000e+01   03.35513000e+01   06.74294000e-02
  08.14343000e+01   06.89749000e+01   02.95891000e+01   01.44326000e-01
  08.36371000e+01   06.10953000e+01   03.43603000e+01   00.00000000e+00
  08.24307000e+01   06.10633000e+01   03.53867000e+01   00.00000000e+00
  08.27422000e+01   06.16294000e+01   03.68478000e+01   00.00000000e+00
  08.37597000e+01   06.09661000e+01   03.77991000e+01   00.00000000e+00
  08.32378000e+01   05.95774000e+01   03.82024000e+01   00.00000000e+00
  08.40314000e+01   06.18581000e+01   03.90272000e+01   00.00000000e+00
  08.48196000e+01   06.31801000e+01   03.87893000e+01   00.00000000e+00
  08.46903000e+01   06.41204000e+01   03.99827000e+01   00.00000000e+00
  08.51466000e+01   06.34375000e+01   04.13833000e+01   00.00000000e+00
  08.66407000e+01   06.33502000e+01   04.16316000e+01   00.00000000e+00
  08.43061000e+01   06.40933000e+01   04.26434000e+01   00.00000000e+00
  08.39396000e+01   06.55826000e+01   04.26913000e+01   00.00000000e+00
  08.51028000e+01   06.65984000e+01   04.28998000e+01   00.00000000e+00
  08.46208000e+01   06.80538000e+01   04.29736000e+01   00.00000000e+00
  08.57333000e+01   06.90787000e+01   04.34221000e+01   00.00000000e+00
  08.41002000e+01   06.85450000e+01   04.16349000e+01   00.00000000e+00
  07.96277000e+01   06.82715000e+01   03.31768000e+01   03.65717000e-02
  07.97919000e+01   06.72165000e+01   03.13769000e+01  -06.37550000e-03
  08.11489000e+01   07.30250000e+01   03.02501000e+01   01.79582000e-02
  08.22182000e+01   07.27224000e+01   03.16961000e+01   01.23366000e-02
  08.28512000e+01   07.26928000e+01   02.99110000e+01   01.80857000e-02
  07.79769000e+01   06.90032000e+01   03.71841000e+01  -03.55350000e-03
  07.82242000e+01   06.73755000e+01   03.68958000e+01  -05.48890000e-03
  07.96175000e+01   06.83349000e+01   03.75483000e+01  -05.73590000e-03
  07.85228000e+01   06.17404000e+01   03.10957000e+01  -01.16015000e-02
  07.95192000e+01   06.12878000e+01   03.24386000e+01  -01.03548000e-02
  07.77448000e+01   06.14439000e+01   03.27249000e+01  -01.10806000e-02
  07.84530000e+01   06.51544000e+01   02.75034000e+01  -06.50300000e-03
  07.93513000e+01   06.51062000e+01   02.59276000e+01  -03.84930000e-03
  07.88495000e+01   06.36123000e+01   02.66973000e+01  -06.75510000e-03
  08.25760000e+01   06.73091000e+01   02.36271000e+01   06.96000000e-05
  08.25309000e+01   06.91349000e+01   02.36096000e+01  -02.56130000e-03
  08.40201000e+01   06.82031000e+01   02.33130000e+01  -08.86000000e-04
  08.16701000e+01   07.20453000e+01   03.68530000e+01   02.66600000e-04
  08.17074000e+01   07.02741000e+01   03.70575000e+01   02.07780000e-03
  08.21834000e+01   07.09598000e+01   03.55949000e+01   03.44650000e-03
  07.77707000e+01   06.17872000e+01   03.64466000e+01   02.98050000e-03
  07.88911000e+01   06.15203000e+01   03.50264000e+01  -05.01900000e-04
  08.47265000e+01   06.48478000e+01   02.83891000e+01  -05.40000000e-06
  08.35861000e+01   06.58026000e+01   02.93841000e+01  -02.73660000e-03
  08.00719000e+01   07.19066000e+01   03.50273000e+01   06.65000000e-04
  07.93218000e+01   07.13406000e+01   03.65089000e+01  -04.07950000e-03
  08.29766000e+01   06.42108000e+01   02.67334000e+01   01.58140000e-02
  08.34975000e+01   06.59181000e+01   02.66982000e+01   09.11190000e-03
  08.31737000e+01   06.81064000e+01   04.14647000e+01   00.00000000e+00
  08.39407000e+01   06.96601000e+01   04.17614000e+01   00.00000000e+00
  08.48203000e+01   06.82485000e+01   04.08986000e+01   00.00000000e+00
  08.59261000e+01   06.87942000e+01   04.44818000e+01   00.00000000e+00
  08.66905000e+01   06.89594000e+01   04.28974000e+01   00.00000000e+00
  08.53728000e+01   07.01499000e+01   04.34638000e+01   00.00000000e+00
  08.56917000e+01   06.64371000e+01   04.37955000e+01   00.00000000e+00
  08.58597000e+01   06.64568000e+01   04.21217000e+01   00.00000000e+00
  08.32787000e+01   06.58302000e+01   04.18293000e+01   00.00000000e+00
  08.32984000e+01   06.56924000e+01   04.35987000e+01   00.00000000e+00
  08.33643000e+01   06.35944000e+01   04.25009000e+01   00.00000000e+00
  08.46842000e+01   06.36780000e+01   04.35870000e+01   00.00000000e+00
  08.71210000e+01   06.27837000e+01   04.08065000e+01   00.00000000e+00
  08.71490000e+01   06.43372000e+01   04.16387000e+01   00.00000000e+00
  08.67901000e+01   06.27837000e+01   04.25782000e+01   00.00000000e+00
  08.52580000e+01   06.50231000e+01   03.98572000e+01   00.00000000e+00
  08.36006000e+01   06.42639000e+01   04.00910000e+01   00.00000000e+00
  08.58683000e+01   06.29304000e+01   03.86691000e+01   00.00000000e+00
  08.44994000e+01   06.37212000e+01   03.79244000e+01   00.00000000e+00
  08.30604000e+01   06.20924000e+01   03.95429000e+01   00.00000000e+00
  08.44906000e+01   06.11934000e+01   03.98101000e+01   00.00000000e+00
  08.11821000e+01   07.13334000e+01   03.30888000e+01   07.20400000e-04
  07.85780000e+01   06.61089000e+01   03.54675000e+01  -02.39543000e-02
  07.97890000e+01   06.28997000e+01   02.99130000e+01   04.89340000e-03
  08.35428000e+01   06.84930000e+01   02.79443000e+01  -02.28199000e-02
  07.69826000e+01   06.38163000e+01   03.55800000e+01  -01.51750000e-03
  08.29177000e+01   05.89968000e+01   03.73440000e+01   00.00000000e+00
  08.40995000e+01   05.90436000e+01   03.87179000e+01   00.00000000e+00
  08.24644000e+01   05.96430000e+01   03.89718000e+01   00.00000000e+00
  08.46504000e+01   06.08682000e+01   03.72115000e+01   00.00000000e+00
  08.31596000e+01   06.26094000e+01   03.65724000e+01   00.00000000e+00
  08.18179000e+01   06.18883000e+01   03.74228000e+01   00.00000000e+00
  08.16085000e+01   06.16362000e+01   03.49591000e+01   00.00000000e+00
  08.20850000e+01   06.00585000e+01   03.54861000e+01   00.00000000e+00
  08.44335000e+01   06.03789000e+01   03.45917000e+01   00.00000000e+00
  08.41955000e+01   06.20401000e+01   03.46192000e+01   00.00000000e+00
  08.15420000e+01   05.98472000e+01   03.22374000e+01   00.00000000e+00
  08.31999000e+01   05.95024000e+01   03.14770000e+01   00.00000000e+00
  08.26712000e+01   05.89287000e+01   03.30813000e+01   00.00000000e+00
  08.08918000e+01   06.36327000e+01   02.76271000e+01   05.57290000e-03
  08.13289000e+01   06.59981000e+01   02.64246000e+01  -01.28866000e-02
  08.46579000e+01   06.18187000e+01   03.17334000e+01   00.00000000e+00
  08.37665000e+01   06.81339000e+01   04.36418000e+01   00.00000000e+00
  08.27457000e+01   06.38334000e+01   03.26772000e+01  -01.99830000e-03
  08.19109000e+01   06.29423000e+01   03.14971000e+01  -01.85290000e-03
