  08.54758000e+01   06.54384000e+01   02.88388000e+01  -06.11779000e-02
  08.00423000e+01   06.39083000e+01   03.61452000e+01   01.75852000e-02
  08.21405000e+01   07.16931000e+01   03.70020000e+01   01.01800000e-02
  08.48816000e+01   07.08156000e+01   02.91601000e+01  -01.32723000e-02
  08.30736000e+01   06.66995000e+01   03.08809000e+01  -04.57645000e-02
  08.59938000e+01   06.50064000e+01   03.02178000e+01   02.46758000e-02
  07.91656000e+01   06.28563000e+01   03.62633000e+01  -01.71993000e-02
  08.34417000e+01   07.18350000e+01   03.78144000e+01  -09.39340000e-03
  08.51108000e+01   06.92219000e+01   02.88534000e+01   07.66074000e-02
  08.16370000e+01   06.60679000e+01   03.34266000e+01   09.44338000e-02
  08.53294000e+01   07.17599000e+01   02.85020000e+01   01.54319000e-02
  08.54405000e+01   06.37185000e+01   03.08605000e+01  -01.56515000e-02
  08.48446000e+01   06.90410000e+01   02.74125000e+01  -02.00050000e-02
  08.31440000e+01   06.94815000e+01   03.19218000e+01  -08.09918000e-02
  08.59735000e+01   06.90352000e+01   02.52633000e+01   04.03650000e-03
  08.42093000e+01   06.84883000e+01   02.98530000e+01  -01.43447000e-01
  08.17893000e+01   06.45853000e+01   03.13851000e+01   01.23287000e-02
  08.10403000e+01   06.69777000e+01   03.56543000e+01   02.21683000e-01
  08.30566000e+01   07.10257000e+01   03.38944000e+01  -05.42921000e-02
  08.16293000e+01   06.50865000e+01   02.81893000e+01   02.66866000e-02
  08.09574000e+01   06.23550000e+01   03.33183000e+01   04.35609000e-02
  08.06805000e+01   06.90312000e+01   03.80719000e+01   02.36507000e-02
  08.42677000e+01   07.30746000e+01   03.17057000e+01  -06.09964000e-02
  08.48734000e+01   06.26065000e+01   03.28773000e+01   08.71130000e-03
  08.38552000e+01   06.71572000e+01   02.98891000e+01   01.26858000e-01
  08.15096000e+01   06.48435000e+01   03.27463000e+01  -03.45042000e-02
  08.15001000e+01   06.82851000e+01   03.56798000e+01  -02.04376000e-01
  08.32844000e+01   07.07765000e+01   03.25064000e+01   07.60142000e-02
  08.50541000e+01   06.27980000e+01   03.02173000e+01   05.08730000e-03
  08.37171000e+01   06.88771000e+01   02.68952000e+01   06.92200000e-04
  08.52296000e+01   06.24720000e+01   03.43048000e+01   00.00000000e+00
  08.40632000e+01   06.60715000e+01   02.88014000e+01   07.64245000e-02
  08.09716000e+01   06.37781000e+01   03.36563000e+01  -04.66821000e-02
  08.14380000e+01   06.92935000e+01   03.67712000e+01   01.65461000e-02
  08.38395000e+01   07.16908000e+01   03.15403000e+01   05.49912000e-02
  08.55849000e+01   06.36329000e+01   03.21988000e+01   03.30200000e-04
  08.60508000e+01   06.91210000e+01   02.67408000e+01   04.02810000e-03
  08.45872000e+01   06.16909000e+01   03.51968000e+01   00.00000000e+00
  08.28842000e+01   06.51013000e+01   02.90666000e+01  -04.69336000e-02
  08.06657000e+01   06.44807000e+01   03.48722000e+01  -07.68710000e-03
  08.20198000e+01   07.04534000e+01   03.62392000e+01  -03.37389000e-02
  08.42353000e+01   07.08186000e+01   03.04622000e+01   03.64969000e-02
  08.50944000e+01   06.03141000e+01   03.54548000e+01   00.00000000e+00
  08.25180000e+01   06.54372000e+01   03.05296000e+01  -09.58259000e-02
  08.10793000e+01   06.59512000e+01   03.46931000e+01  -01.77941000e-01
  08.24283000e+01   07.01538000e+01   03.48389000e+01   06.74294000e-02
  08.37658000e+01   06.94986000e+01   03.07626000e+01   01.44326000e-01
  08.36045000e+01   06.24357000e+01   03.61292000e+01   00.00000000e+00
  08.39919000e+01   06.23668000e+01   03.77103000e+01   00.00000000e+00
  08.50582000e+01   06.34391000e+01   03.80547000e+01   00.00000000e+00
  08.57452000e+01   06.33039000e+01   03.94167000e+01   00.00000000e+00
  08.62485000e+01   06.19271000e+01   03.97655000e+01   00.00000000e+00
  08.49253000e+01   06.39511000e+01   04.06004000e+01   00.00000000e+00
  08.54034000e+01   06.37460000e+01   04.20477000e+01   00.00000000e+00
  08.46167000e+01   06.45361000e+01   04.30583000e+01   00.00000000e+00
  08.50295000e+01   06.44214000e+01   04.45743000e+01   00.00000000e+00
  08.48339000e+01   06.29985000e+01   04.50825000e+01   00.00000000e+00
  08.64585000e+01   06.49739000e+01   04.48871000e+01   00.00000000e+00
  08.68535000e+01   06.64590000e+01   04.44258000e+01   00.00000000e+00
  08.58257000e+01   06.73690000e+01   04.51729000e+01   00.00000000e+00
  08.60225000e+01   06.89120000e+01   04.49803000e+01   00.00000000e+00
  08.75028000e+01   06.94281000e+01   04.53389000e+01   00.00000000e+00
  08.54249000e+01   06.95364000e+01   04.36394000e+01   00.00000000e+00
  08.22015000e+01   06.88207000e+01   03.45787000e+01   03.65717000e-02
  08.24077000e+01   06.78391000e+01   03.27014000e+01  -06.37550000e-03
  08.40434000e+01   07.35701000e+01   03.07410000e+01   01.79582000e-02
  08.38731000e+01   07.35184000e+01   03.26055000e+01   01.23366000e-02
  08.53679000e+01   07.30748000e+01   03.17746000e+01   01.80857000e-02
  08.14464000e+01   06.91246000e+01   03.88546000e+01  -03.55350000e-03
  07.99196000e+01   06.96918000e+01   03.82811000e+01  -05.48890000e-03
  08.02206000e+01   06.79831000e+01   03.80494000e+01  -05.73590000e-03
  08.13387000e+01   06.17977000e+01   03.42132000e+01  -01.16015000e-02
  07.99492000e+01   06.20632000e+01   03.31189000e+01  -01.03548000e-02
  08.15797000e+01   06.20225000e+01   03.24866000e+01  -01.10806000e-02
  08.08763000e+01   06.44873000e+01   02.86514000e+01  -06.50300000e-03
  08.12952000e+01   06.61036000e+01   02.80189000e+01  -03.84930000e-03
  08.19390000e+01   06.46212000e+01   02.72687000e+01  -06.75510000e-03
  08.70400000e+01   06.90237000e+01   02.49742000e+01   06.96000000e-05
  08.53924000e+01   06.81338000e+01   02.49477000e+01  -02.56130000e-03
  08.56082000e+01   06.99204000e+01   02.48487000e+01  -08.86000000e-04
  08.32953000e+01   07.26350000e+01   03.84756000e+01   02.66600000e-04
  08.34744000e+01   07.09523000e+01   03.84306000e+01   02.07780000e-03
  08.42600000e+01   07.19023000e+01   03.71016000e+01   03.44650000e-03
  07.87113000e+01   06.26088000e+01   03.72229000e+01   02.98050000e-03
  07.90188000e+01   06.22406000e+01   03.54116000e+01  -05.01900000e-04
  08.69981000e+01   06.47094000e+01   03.00347000e+01  -05.40000000e-06
  08.60171000e+01   06.58002000e+01   03.09399000e+01  -02.73660000e-03
  08.21332000e+01   07.25538000e+01   03.63068000e+01   06.65000000e-04
  08.12529000e+01   07.18462000e+01   03.76276000e+01  -04.07950000e-03
  08.54325000e+01   06.46491000e+01   02.81259000e+01   01.58140000e-02
  08.61048000e+01   06.62110000e+01   02.83368000e+01   09.11190000e-03
  08.45351000e+01   06.91060000e+01   04.32677000e+01   00.00000000e+00
  08.52057000e+01   07.06627000e+01   04.37797000e+01   00.00000000e+00
  08.61723000e+01   06.93873000e+01   04.28977000e+01   00.00000000e+00
  08.80507000e+01   06.91680000e+01   04.44781000e+01   00.00000000e+00
  08.75598000e+01   07.05490000e+01   04.53802000e+01   00.00000000e+00
  08.79534000e+01   06.89051000e+01   04.62280000e+01   00.00000000e+00
  08.48082000e+01   06.71909000e+01   04.48011000e+01   00.00000000e+00
  08.58468000e+01   06.72331000e+01   04.62466000e+01   00.00000000e+00
  08.79193000e+01   06.65741000e+01   04.45952000e+01   00.00000000e+00
  08.66307000e+01   06.65347000e+01   04.33661000e+01   00.00000000e+00
  08.66325000e+01   06.48695000e+01   04.59731000e+01   00.00000000e+00
  08.70564000e+01   06.43020000e+01   04.42649000e+01   00.00000000e+00
  08.48725000e+01   06.29488000e+01   04.61622000e+01   00.00000000e+00
  08.38790000e+01   06.26120000e+01   04.49211000e+01   00.00000000e+00
  08.56076000e+01   06.23344000e+01   04.46579000e+01   00.00000000e+00
  08.46173000e+01   06.55756000e+01   04.28020000e+01   00.00000000e+00
  08.36066000e+01   06.42019000e+01   04.30900000e+01   00.00000000e+00
  08.53949000e+01   06.26851000e+01   04.22566000e+01   00.00000000e+00
  08.64657000e+01   06.40175000e+01   04.19216000e+01   00.00000000e+00
  08.46413000e+01   06.49871000e+01   04.03814000e+01   00.00000000e+00
  08.39183000e+01   06.36116000e+01   04.05719000e+01   00.00000000e+00
  08.32826000e+01   07.19708000e+01   03.43480000e+01   07.20400000e-04
  08.05079000e+01   06.67178000e+01   03.65028000e+01  -02.39543000e-02
  08.13476000e+01   06.35837000e+01   03.10529000e+01   04.89340000e-03
  08.61623000e+01   06.89453000e+01   02.90216000e+01  -02.28199000e-02
  08.01322000e+01   06.45019000e+01   03.70445000e+01  -01.51750000e-03
  08.70363000e+01   06.20421000e+01   04.05972000e+01   00.00000000e+00
  08.53427000e+01   06.14073000e+01   04.00118000e+01   00.00000000e+00
  08.68153000e+01   06.13533000e+01   03.90694000e+01   00.00000000e+00
  08.66804000e+01   06.39368000e+01   03.93444000e+01   00.00000000e+00
  08.57296000e+01   06.35109000e+01   03.72260000e+01   00.00000000e+00
  08.45482000e+01   06.43681000e+01   03.80397000e+01   00.00000000e+00
  08.31386000e+01   06.25240000e+01   03.83469000e+01   00.00000000e+00
  08.43021000e+01   06.13850000e+01   03.79991000e+01   00.00000000e+00
  08.32640000e+01   06.34098000e+01   03.57293000e+01   00.00000000e+00
  08.27010000e+01   06.18427000e+01   03.61850000e+01   00.00000000e+00
  08.52590000e+01   05.99346000e+01   03.64642000e+01   00.00000000e+00
  08.43894000e+01   05.96556000e+01   03.49593000e+01   00.00000000e+00
  08.60805000e+01   06.01380000e+01   03.49972000e+01   00.00000000e+00
  08.32860000e+01   06.40594000e+01   02.90616000e+01   05.57290000e-03
  08.38910000e+01   06.65616000e+01   02.78806000e+01  -01.28866000e-02
  08.60400000e+01   06.30869000e+01   03.46961000e+01   00.00000000e+00
  08.53409000e+01   06.93074000e+01   04.56987000e+01   00.00000000e+00
  08.37823000e+01   06.25828000e+01   03.27616000e+01  -01.99830000e-03
  08.52717000e+01   06.16407000e+01   03.24960000e+01  -01.85290000e-03
