  08.61177000e+01   06.58927000e+01   02.86052000e+01  -06.11779000e-02
  08.07100000e+01   06.41712000e+01   03.54815000e+01   01.75852000e-02
  08.24581000e+01   07.20300000e+01   03.62048000e+01   01.01800000e-02
  08.53267000e+01   07.11178000e+01   02.84081000e+01  -01.32723000e-02
  08.35663000e+01   06.70516000e+01   03.01845000e+01  -04.57645000e-02
  08.64606000e+01   06.53421000e+01   03.00013000e+01   02.46758000e-02
  07.96075000e+01   06.33377000e+01   03.54757000e+01  -01.71993000e-02
  08.35539000e+01   07.20677000e+01   03.71542000e+01  -09.39340000e-03
  08.55609000e+01   06.96352000e+01   02.80418000e+01   07.66074000e-02
  08.22545000e+01   06.63256000e+01   03.28452000e+01   09.44338000e-02
  08.57832000e+01   07.20253000e+01   02.77686000e+01   01.54319000e-02
  08.58087000e+01   06.40793000e+01   03.05818000e+01  -01.56515000e-02
  08.52643000e+01   06.94644000e+01   02.65577000e+01  -02.00050000e-02
  08.37193000e+01   06.97993000e+01   03.12198000e+01  -08.09918000e-02
  08.63963000e+01   06.91887000e+01   02.43881000e+01   04.03650000e-03
  08.46316000e+01   06.89249000e+01   02.89808000e+01  -01.43447000e-01
  08.24753000e+01   06.49148000e+01   03.07490000e+01   01.23287000e-02
  08.17444000e+01   06.71395000e+01   03.51112000e+01   02.21683000e-01
  08.32755000e+01   07.12912000e+01   03.31076000e+01  -05.42921000e-02
  08.23274000e+01   06.56478000e+01   02.74404000e+01   02.66866000e-02
  08.12673000e+01   06.26809000e+01   03.25098000e+01   04.35609000e-02
  08.13371000e+01   06.93585000e+01   03.73420000e+01   02.36507000e-02
  08.44187000e+01   07.35410000e+01   03.08504000e+01  -06.09964000e-02
  08.57305000e+01   06.28081000e+01   03.25935000e+01   08.71130000e-03
  08.42771000e+01   06.75626000e+01   02.91010000e+01   01.26858000e-01
  08.20849000e+01   06.51515000e+01   03.21137000e+01  -03.45042000e-02
  08.20388000e+01   06.84960000e+01   03.50199000e+01  -02.04376000e-01
  08.36253000e+01   07.11151000e+01   03.17527000e+01   07.60142000e-02
  08.51122000e+01   06.32331000e+01   03.00035000e+01   05.08730000e-03
  08.41761000e+01   06.92676000e+01   02.60814000e+01   06.92200000e-04
  08.65950000e+01   06.24851000e+01   03.37871000e+01   00.00000000e+00
  08.47303000e+01   06.64468000e+01   02.82054000e+01   07.64245000e-02
  08.14878000e+01   06.41010000e+01   03.29594000e+01  -04.66821000e-02
  08.18392000e+01   06.95645000e+01   03.59990000e+01   01.65461000e-02
  08.42099000e+01   07.19772000e+01   03.07255000e+01   05.49912000e-02
  08.61733000e+01   06.39879000e+01   03.18993000e+01   03.30200000e-04
  08.64001000e+01   06.92409000e+01   02.58368000e+01   04.02810000e-03
  08.60854000e+01   06.20092000e+01   03.49780000e+01   00.00000000e+00
  08.35170000e+01   06.54528000e+01   02.84090000e+01  -04.69336000e-02
  08.12464000e+01   06.47675000e+01   03.41912000e+01  -07.68710000e-03
  08.23537000e+01   07.07077000e+01   03.54165000e+01  -03.37389000e-02
  08.46095000e+01   07.11767000e+01   02.96587000e+01   03.64969000e-02
  08.57019000e+01   06.05932000e+01   03.51827000e+01   00.00000000e+00
  08.30842000e+01   06.57985000e+01   02.98696000e+01  -09.58259000e-02
  08.17696000e+01   06.61608000e+01   03.41094000e+01  -01.77941000e-01
  08.28033000e+01   07.03586000e+01   03.40732000e+01   06.74294000e-02
  08.42665000e+01   06.98755000e+01   02.99512000e+01   01.44326000e-01
  08.55026000e+01   06.30413000e+01   03.59024000e+01   00.00000000e+00
  08.51184000e+01   06.27005000e+01   03.73466000e+01   00.00000000e+00
  08.62921000e+01   06.22929000e+01   03.82388000e+01   00.00000000e+00
  08.61847000e+01   06.22726000e+01   03.97591000e+01   00.00000000e+00
  08.53593000e+01   06.11073000e+01   04.02807000e+01   00.00000000e+00
  08.57014000e+01   06.36698000e+01   04.03325000e+01   00.00000000e+00
  08.58023000e+01   06.38704000e+01   04.18059000e+01   00.00000000e+00
  08.52942000e+01   06.52124000e+01   04.24041000e+01   00.00000000e+00
  08.57588000e+01   06.55192000e+01   04.39354000e+01   00.00000000e+00
  08.57366000e+01   06.42990000e+01   04.48292000e+01   00.00000000e+00
  08.72057000e+01   06.61925000e+01   04.39402000e+01   00.00000000e+00
  08.73164000e+01   06.76766000e+01   04.36563000e+01   00.00000000e+00
  08.65602000e+01   06.84803000e+01   04.47541000e+01   00.00000000e+00
  08.67939000e+01   07.00784000e+01   04.46717000e+01   00.00000000e+00
  08.82217000e+01   07.04742000e+01   04.52093000e+01   00.00000000e+00
  08.63887000e+01   07.07441000e+01   04.33569000e+01   00.00000000e+00
  08.25802000e+01   06.90556000e+01   03.38516000e+01   03.65717000e-02
  08.29170000e+01   06.81085000e+01   03.19681000e+01  -06.37550000e-03
  08.39546000e+01   07.40143000e+01   03.00558000e+01   01.79582000e-02
  08.40827000e+01   07.38385000e+01   03.18155000e+01   01.23366000e-02
  08.54621000e+01   07.37556000e+01   03.07058000e+01   01.80857000e-02
  08.22059000e+01   06.93891000e+01   03.79862000e+01  -03.55350000e-03
  08.07104000e+01   07.01870000e+01   03.76051000e+01  -05.48890000e-03
  08.07749000e+01   06.83872000e+01   03.74763000e+01  -05.73590000e-03
  08.09860000e+01   06.26627000e+01   03.15301000e+01  -01.16015000e-02
  08.22050000e+01   06.21342000e+01   03.26354000e+01  -01.03548000e-02
  08.05509000e+01   06.22647000e+01   03.31421000e+01  -01.10806000e-02
  08.22569000e+01   06.67035000e+01   02.71776000e+01  -06.50300000e-03
  08.26152000e+01   06.49559000e+01   02.65561000e+01  -03.84930000e-03
  08.14488000e+01   06.52222000e+01   02.78306000e+01  -06.75510000e-03
  08.60396000e+01   07.00985000e+01   02.38908000e+01   06.96000000e-05
  08.74591000e+01   06.90399000e+01   02.39539000e+01  -02.56130000e-03
  08.56931000e+01   06.84325000e+01   02.40503000e+01  -08.86000000e-04
  08.33799000e+01   07.13556000e+01   03.79760000e+01   02.66600000e-04
  08.45160000e+01   07.17052000e+01   03.68141000e+01   02.07780000e-03
  08.36531000e+01   07.30938000e+01   03.76104000e+01   03.44650000e-03
  07.91831000e+01   06.30388000e+01   03.64401000e+01   02.98050000e-03
  07.90130000e+01   06.31120000e+01   03.46105000e+01  -05.01900000e-04
  08.75235000e+01   06.50233000e+01   03.01150000e+01  -05.40000000e-06
  08.63461000e+01   06.61738000e+01   03.06724000e+01  -02.73660000e-03
  08.25353000e+01   07.28671000e+01   03.55157000e+01   06.65000000e-04
  08.16041000e+01   07.20829000e+01   03.69682000e+01  -04.07950000e-03
  08.63274000e+01   06.50657000e+01   02.79069000e+01   01.58140000e-02
  08.68079000e+01   06.66562000e+01   02.84002000e+01   09.11190000e-03
  08.53594000e+01   07.05862000e+01   04.31731000e+01   00.00000000e+00
  08.66348000e+01   07.18184000e+01   04.34165000e+01   00.00000000e+00
  08.69627000e+01   07.02447000e+01   04.25150000e+01   00.00000000e+00
  08.83175000e+01   07.15701000e+01   04.52121000e+01   00.00000000e+00
  08.83142000e+01   07.03095000e+01   04.62303000e+01   00.00000000e+00
  08.89058000e+01   06.99884000e+01   04.45760000e+01   00.00000000e+00
  08.54967000e+01   06.82232000e+01   04.47363000e+01   00.00000000e+00
  08.69089000e+01   06.81720000e+01   04.57542000e+01   00.00000000e+00
  08.83338000e+01   06.80525000e+01   04.37508000e+01   00.00000000e+00
  08.68000000e+01   06.79836000e+01   04.27651000e+01   00.00000000e+00
  08.77211000e+01   06.59509000e+01   04.48901000e+01   00.00000000e+00
  08.77657000e+01   06.57484000e+01   04.31494000e+01   00.00000000e+00
  08.48009000e+01   06.38214000e+01   04.44918000e+01   00.00000000e+00
  08.65969000e+01   06.36729000e+01   04.46350000e+01   00.00000000e+00
  08.58024000e+01   06.47421000e+01   04.58245000e+01   00.00000000e+00
  08.55546000e+01   06.60764000e+01   04.17466000e+01   00.00000000e+00
  08.41952000e+01   06.51705000e+01   04.24176000e+01   00.00000000e+00
  08.51536000e+01   06.30075000e+01   04.20978000e+01   00.00000000e+00
  08.68734000e+01   06.36410000e+01   04.20726000e+01   00.00000000e+00
  08.62884000e+01   06.44781000e+01   03.98044000e+01   00.00000000e+00
  08.46923000e+01   06.38588000e+01   04.00193000e+01   00.00000000e+00
  08.31975000e+01   07.22968000e+01   03.34270000e+01   07.20400000e-04
  08.12698000e+01   06.67797000e+01   03.60489000e+01  -02.39543000e-02
  08.22007000e+01   06.40830000e+01   03.01247000e+01   04.89340000e-03
  08.66286000e+01   06.93100000e+01   02.82425000e+01  -02.28199000e-02
  08.10678000e+01   06.45921000e+01   03.63945000e+01  -01.51750000e-03
  08.57350000e+01   06.02583000e+01   03.97523000e+01   00.00000000e+00
  08.54471000e+01   06.07795000e+01   04.12961000e+01   00.00000000e+00
  08.43222000e+01   06.12580000e+01   04.00126000e+01   00.00000000e+00
  08.71931000e+01   06.21358000e+01   04.02212000e+01   00.00000000e+00
  08.66481000e+01   06.12708000e+01   03.79203000e+01   00.00000000e+00
  08.70622000e+01   06.28947000e+01   03.79534000e+01   00.00000000e+00
  08.47418000e+01   06.36006000e+01   03.78202000e+01   00.00000000e+00
  08.43471000e+01   06.19101000e+01   03.73946000e+01   00.00000000e+00
  08.62250000e+01   06.37857000e+01   03.59972000e+01   00.00000000e+00
  08.45885000e+01   06.34895000e+01   03.52973000e+01   00.00000000e+00
  08.60979000e+01   06.02589000e+01   03.60845000e+01   00.00000000e+00
  08.45949000e+01   06.05411000e+01   03.51492000e+01   00.00000000e+00
  08.61341000e+01   06.00110000e+01   03.44194000e+01   00.00000000e+00
  08.37836000e+01   06.43942000e+01   02.83947000e+01   05.57290000e-03
  08.47944000e+01   06.68003000e+01   02.71302000e+01  -01.28866000e-02
  08.76800000e+01   06.27524000e+01   03.36562000e+01   00.00000000e+00
  08.61167000e+01   07.03765000e+01   04.54906000e+01   00.00000000e+00
  08.47568000e+01   06.30519000e+01   03.30909000e+01  -01.99830000e-03
  08.57593000e+01   06.18800000e+01   03.20912000e+01  -01.85290000e-03
