  08.34463000e+01   06.40394000e+01   02.87380000e+01  -06.11779000e-02
  07.77631000e+01   06.30693000e+01   03.59853000e+01   01.75852000e-02
  08.05061000e+01   07.05768000e+01   03.64598000e+01   01.01800000e-02
  08.34430000e+01   06.91688000e+01   02.88641000e+01  -01.32723000e-02
  08.10659000e+01   06.52445000e+01   03.07083000e+01  -04.57645000e-02
  08.40033000e+01   06.39779000e+01   03.02180000e+01   02.46758000e-02
  07.73410000e+01   06.18054000e+01   03.62535000e+01  -01.71993000e-02
  08.19593000e+01   07.04825000e+01   03.70090000e+01  -09.39340000e-03
  08.32878000e+01   06.76641000e+01   02.85192000e+01   07.66074000e-02
  07.94674000e+01   06.48055000e+01   03.31009000e+01   09.44338000e-02
  08.40791000e+01   06.99482000e+01   02.81263000e+01   01.54319000e-02
  08.34623000e+01   06.29180000e+01   03.12170000e+01  -01.56515000e-02
  08.32321000e+01   06.74178000e+01   02.69647000e+01  -02.00050000e-02
  08.13153000e+01   06.81600000e+01   03.15632000e+01  -08.09918000e-02
  08.46329000e+01   06.72070000e+01   02.50807000e+01   04.03650000e-03
  08.22766000e+01   06.69910000e+01   02.95183000e+01  -01.43447000e-01
  07.97781000e+01   06.32003000e+01   03.12972000e+01   01.23287000e-02
  07.89247000e+01   06.58472000e+01   03.52209000e+01   02.21683000e-01
  08.10761000e+01   06.98323000e+01   03.33651000e+01  -05.42921000e-02
  07.97514000e+01   06.34451000e+01   02.81493000e+01   02.66866000e-02
  07.85720000e+01   06.12545000e+01   03.32899000e+01   04.35609000e-02
  07.89189000e+01   06.79992000e+01   03.75790000e+01   02.36507000e-02
  08.29046000e+01   07.15478000e+01   03.11108000e+01  -06.09964000e-02
  08.29014000e+01   06.25546000e+01   03.34294000e+01   08.71130000e-03
  08.18070000e+01   06.57117000e+01   02.96173000e+01   01.26858000e-01
  07.93331000e+01   06.35766000e+01   03.25675000e+01  -03.45042000e-02
  07.94585000e+01   06.71227000e+01   03.51538000e+01  -02.04376000e-01
  08.15476000e+01   06.94670000e+01   03.20882000e+01   07.60142000e-02
  08.30733000e+01   06.18200000e+01   03.08827000e+01   05.08730000e-03
  08.22409000e+01   06.74671000e+01   02.62814000e+01   06.92200000e-04
  08.36532000e+01   06.14894000e+01   03.41626000e+01   00.00000000e+00
  08.20543000e+01   06.45718000e+01   02.86087000e+01   07.64245000e-02
  07.87060000e+01   06.27647000e+01   03.35358000e+01  -04.66821000e-02
  07.95109000e+01   06.81320000e+01   03.62467000e+01   01.65461000e-02
  08.23932000e+01   07.02013000e+01   03.10946000e+01   05.49912000e-02
  08.36632000e+01   06.32984000e+01   03.25235000e+01   03.30200000e-04
  08.45850000e+01   06.71635000e+01   02.65251000e+01   04.02810000e-03
  08.30305000e+01   06.04852000e+01   03.48981000e+01   00.00000000e+00
  08.09456000e+01   06.34960000e+01   02.90657000e+01  -04.69336000e-02
  07.83804000e+01   06.34984000e+01   03.46395000e+01  -07.68710000e-03
  08.01330000e+01   06.92745000e+01   03.56852000e+01  -03.37389000e-02
  08.26990000e+01   06.93094000e+01   03.00654000e+01   03.64969000e-02
  08.25756000e+01   05.91141000e+01   03.43863000e+01   00.00000000e+00
  08.05253000e+01   06.39621000e+01   03.04442000e+01  -09.58259000e-02
  07.88819000e+01   06.47604000e+01   03.43003000e+01  -01.77941000e-01
  08.04470000e+01   06.89668000e+01   03.43149000e+01   06.74294000e-02
  08.20375000e+01   06.80882000e+01   03.03872000e+01   01.44326000e-01
  08.27892000e+01   06.07848000e+01   03.63664000e+01   00.00000000e+00
  08.40254000e+01   06.12213000e+01   03.71664000e+01   00.00000000e+00
  08.38616000e+01   06.12306000e+01   03.86820000e+01   00.00000000e+00
  08.51423000e+01   06.16875000e+01   03.95080000e+01   00.00000000e+00
  08.62794000e+01   06.06596000e+01   03.92888000e+01   00.00000000e+00
  08.48108000e+01   06.19587000e+01   04.09793000e+01   00.00000000e+00
  08.56112000e+01   06.29640000e+01   04.17722000e+01   00.00000000e+00
  08.49610000e+01   06.33438000e+01   04.30336000e+01   00.00000000e+00
  08.37297000e+01   06.42577000e+01   04.27629000e+01   00.00000000e+00
  08.23030000e+01   06.36686000e+01   04.29599000e+01   00.00000000e+00
  08.38906000e+01   06.57810000e+01   04.31394000e+01   00.00000000e+00
  08.40070000e+01   06.61286000e+01   04.46562000e+01   00.00000000e+00
  08.43484000e+01   06.76307000e+01   04.50085000e+01   00.00000000e+00
  08.56301000e+01   06.81923000e+01   04.44727000e+01   00.00000000e+00
  08.57450000e+01   06.97174000e+01   04.45005000e+01   00.00000000e+00
  08.68573000e+01   06.74849000e+01   04.50372000e+01   00.00000000e+00
  08.00000000e+01   06.77086000e+01   03.40758000e+01   03.65717000e-02
  08.03975000e+01   06.65459000e+01   03.23285000e+01  -06.37550000e-03
  08.25991000e+01   07.22270000e+01   03.18668000e+01   01.79582000e-02
  08.40087000e+01   07.14468000e+01   03.12359000e+01   01.23366000e-02
  08.27225000e+01   07.20588000e+01   03.01229000e+01   01.80857000e-02
  07.82122000e+01   06.87472000e+01   03.77475000e+01  -03.55350000e-03
  07.81311000e+01   06.72223000e+01   03.74258000e+01  -05.48890000e-03
  07.96498000e+01   06.78043000e+01   03.83528000e+01  -05.73590000e-03
  07.91480000e+01   06.08444000e+01   03.41497000e+01  -01.16015000e-02
  07.74635000e+01   06.09895000e+01   03.33263000e+01  -01.03548000e-02
  07.91908000e+01   06.08368000e+01   03.24748000e+01  -01.10806000e-02
  07.90393000e+01   06.27800000e+01   02.86679000e+01  -06.50300000e-03
  07.94315000e+01   06.44894000e+01   02.79956000e+01  -03.84930000e-03
  08.00507000e+01   06.29704000e+01   02.72109000e+01  -06.75510000e-03
  08.39020000e+01   06.65928000e+01   02.45325000e+01   06.96000000e-05
  08.45217000e+01   06.82035000e+01   02.46505000e+01  -02.56130000e-03
  08.56063000e+01   06.68435000e+01   02.48540000e+01  -08.86000000e-04
  08.19755000e+01   06.98022000e+01   03.78614000e+01   02.66600000e-04
  08.26637000e+01   07.00969000e+01   03.62378000e+01   02.07780000e-03
  08.23476000e+01   07.14422000e+01   03.73820000e+01   03.44650000e-03
  07.69769000e+01   06.15938000e+01   03.72771000e+01   02.98050000e-03
  07.74509000e+01   06.09343000e+01   03.55850000e+01  -05.01900000e-04
  08.50460000e+01   06.37178000e+01   02.99675000e+01  -05.40000000e-06
  08.39561000e+01   06.49593000e+01   03.07344000e+01  -02.73660000e-03
  08.03391000e+01   07.14835000e+01   03.58778000e+01   06.65000000e-04
  07.98731000e+01   07.05191000e+01   03.72815000e+01  -04.07950000e-03
  08.35372000e+01   06.29758000e+01   02.84394000e+01   01.58140000e-02
  08.41875000e+01   06.46352000e+01   02.80872000e+01   09.11190000e-03
  08.66513000e+01   06.72906000e+01   04.60622000e+01   00.00000000e+00
  08.68795000e+01   06.65237000e+01   04.45806000e+01   00.00000000e+00
  08.77871000e+01   06.80284000e+01   04.49015000e+01   00.00000000e+00
  08.66170000e+01   06.99582000e+01   04.38629000e+01   00.00000000e+00
  08.47551000e+01   07.00937000e+01   04.43490000e+01   00.00000000e+00
  08.60889000e+01   06.99735000e+01   04.54973000e+01   00.00000000e+00
  08.34742000e+01   06.82246000e+01   04.46183000e+01   00.00000000e+00
  08.43678000e+01   06.77948000e+01   04.60406000e+01   00.00000000e+00
  08.31403000e+01   06.57763000e+01   04.52220000e+01   00.00000000e+00
  08.48414000e+01   06.55666000e+01   04.50548000e+01   00.00000000e+00
  08.48171000e+01   06.61679000e+01   04.27033000e+01   00.00000000e+00
  08.31617000e+01   06.63641000e+01   04.27204000e+01   00.00000000e+00
  08.20494000e+01   06.34017000e+01   04.38975000e+01   00.00000000e+00
  08.16227000e+01   06.43699000e+01   04.25399000e+01   00.00000000e+00
  08.21580000e+01   06.27409000e+01   04.23808000e+01   00.00000000e+00
  08.47098000e+01   06.24233000e+01   04.35980000e+01   00.00000000e+00
  08.57220000e+01   06.38858000e+01   04.35550000e+01   00.00000000e+00
  08.66485000e+01   06.25656000e+01   04.18329000e+01   00.00000000e+00
  08.56182000e+01   06.38696000e+01   04.11525000e+01   00.00000000e+00
  08.37625000e+01   06.22552000e+01   04.10775000e+01   00.00000000e+00
  08.50302000e+01   06.10374000e+01   04.14335000e+01   00.00000000e+00
  08.13830000e+01   07.08231000e+01   03.36865000e+01   07.20400000e-04
  07.84722000e+01   06.56110000e+01   03.61184000e+01  -02.39543000e-02
  07.93742000e+01   06.22820000e+01   03.09870000e+01   04.89340000e-03
  08.42405000e+01   06.72831000e+01   02.88701000e+01  -02.28199000e-02
  07.78580000e+01   06.38079000e+01   03.67547000e+01  -01.51750000e-03
  08.72412000e+01   06.11128000e+01   03.96194000e+01   00.00000000e+00
  08.60992000e+01   05.96659000e+01   03.97816000e+01   00.00000000e+00
  08.64750000e+01   06.03736000e+01   03.82558000e+01   00.00000000e+00
  08.53634000e+01   06.26466000e+01   03.90993000e+01   00.00000000e+00
  08.30915000e+01   06.19540000e+01   03.89287000e+01   00.00000000e+00
  08.35564000e+01   06.02002000e+01   03.89409000e+01   00.00000000e+00
  08.48279000e+01   06.05792000e+01   03.67725000e+01   00.00000000e+00
  08.42766000e+01   06.22269000e+01   03.70044000e+01   00.00000000e+00
  08.20137000e+01   06.15390000e+01   03.64140000e+01   00.00000000e+00
  08.24026000e+01   05.99407000e+01   03.68924000e+01   00.00000000e+00
  08.26502000e+01   05.91521000e+01   03.33308000e+01   00.00000000e+00
  08.31342000e+01   05.82589000e+01   03.47004000e+01   00.00000000e+00
  08.15379000e+01   05.89346000e+01   03.46183000e+01   00.00000000e+00
  08.14205000e+01   06.24685000e+01   02.91312000e+01   05.57290000e-03
  08.17914000e+01   06.48398000e+01   02.75721000e+01  -01.28866000e-02
  08.46890000e+01   06.14941000e+01   03.41109000e+01   00.00000000e+00
  08.56227000e+01   06.80212000e+01   04.34100000e+01   00.00000000e+00
  08.25914000e+01   06.32731000e+01   03.42185000e+01  -01.99830000e-03
  08.19765000e+01   06.20890000e+01   03.30403000e+01  -01.85290000e-03
