  08.40337000e+01   06.61296000e+01   02.82919000e+01  -06.11779000e-02
  07.83117000e+01   06.42007000e+01   03.52492000e+01   01.75852000e-02
  08.08591000e+01   07.19678000e+01   03.63594000e+01   01.01800000e-02
  08.37431000e+01   07.10434000e+01   02.87662000e+01  -01.32723000e-02
  08.12406000e+01   06.71516000e+01   03.01540000e+01  -04.57645000e-02
  08.46865000e+01   06.58188000e+01   02.96716000e+01   02.46758000e-02
  07.88129000e+01   06.31493000e+01   03.59079000e+01  -01.71993000e-02
  08.20736000e+01   07.17108000e+01   03.73057000e+01  -09.39340000e-03
  08.36396000e+01   06.95874000e+01   02.82998000e+01   07.66074000e-02
  08.00452000e+01   06.63839000e+01   03.26900000e+01   09.44338000e-02
  08.42936000e+01   07.18614000e+01   02.81085000e+01   01.54319000e-02
  08.41310000e+01   06.44753000e+01   03.02941000e+01  -01.56515000e-02
  08.33866000e+01   06.94252000e+01   02.67997000e+01  -02.00050000e-02
  08.18193000e+01   06.97776000e+01   03.14055000e+01  -08.09918000e-02
  08.45166000e+01   06.94013000e+01   02.46981000e+01   04.03650000e-03
  08.26016000e+01   06.88957000e+01   02.92519000e+01  -01.43447000e-01
  08.02372000e+01   06.49895000e+01   03.06486000e+01   01.23287000e-02
  07.93749000e+01   06.72098000e+01   03.49839000e+01   02.21683000e-01
  08.14523000e+01   07.12835000e+01   03.33160000e+01  -05.42921000e-02
  08.01056000e+01   06.56889000e+01   02.74084000e+01   02.66866000e-02
  07.91178000e+01   06.26564000e+01   03.24697000e+01   04.35609000e-02
  07.93395000e+01   06.93258000e+01   03.73913000e+01   02.36507000e-02
  08.32028000e+01   07.32973000e+01   03.13134000e+01  -06.09964000e-02
  08.29579000e+01   06.34559000e+01   03.21047000e+01   08.71130000e-03
  08.21160000e+01   06.76206000e+01   02.92286000e+01   01.26858000e-01
  07.97971000e+01   06.51907000e+01   03.20085000e+01  -03.45042000e-02
  07.97799000e+01   06.85979000e+01   03.49072000e+01  -02.04376000e-01
  08.20035000e+01   07.10320000e+01   03.20338000e+01   07.60142000e-02
  08.38916000e+01   06.34725000e+01   02.95768000e+01   05.08730000e-03
  08.23528000e+01   06.91989000e+01   02.61589000e+01   06.92200000e-04
  08.38678000e+01   06.24229000e+01   03.26480000e+01   00.00000000e+00
  08.25165000e+01   06.65771000e+01   02.81975000e+01   07.64245000e-02
  07.93073000e+01   06.41574000e+01   03.28781000e+01  -04.66821000e-02
  07.98552000e+01   06.95384000e+01   03.60109000e+01   01.65461000e-02
  08.27948000e+01   07.18642000e+01   03.11518000e+01   05.49912000e-02
  08.37033000e+01   06.46569000e+01   03.16083000e+01   03.30200000e-04
  08.46140000e+01   06.93838000e+01   02.61596000e+01   04.02810000e-03
  08.35321000e+01   06.10979000e+01   03.26520000e+01   00.00000000e+00
  08.13563000e+01   06.55659000e+01   02.83775000e+01  -04.69336000e-02
  07.90157000e+01   06.48101000e+01   03.40921000e+01  -07.68710000e-03
  08.04552000e+01   07.07225000e+01   03.55463000e+01  -03.37389000e-02
  08.31262000e+01   07.10259000e+01   03.00883000e+01   03.64969000e-02
  08.37735000e+01   06.01863000e+01   03.14354000e+01   00.00000000e+00
  08.09416000e+01   06.58695000e+01   02.98565000e+01  -09.58259000e-02
  07.94530000e+01   06.62205000e+01   03.39749000e+01  -01.77941000e-01
  08.07406000e+01   07.04496000e+01   03.41700000e+01   06.74294000e-02
  08.24659000e+01   06.98128000e+01   03.02611000e+01   01.44326000e-01
  08.29582000e+01   06.04342000e+01   03.38504000e+01   00.00000000e+00
  08.37970000e+01   06.04196000e+01   03.51030000e+01   00.00000000e+00
  08.36097000e+01   06.16551000e+01   03.60170000e+01   00.00000000e+00
  08.44231000e+01   06.16878000e+01   03.73618000e+01   00.00000000e+00
  08.39647000e+01   06.05495000e+01   03.83100000e+01   00.00000000e+00
  08.41328000e+01   06.30965000e+01   03.79761000e+01   00.00000000e+00
  08.47973000e+01   06.34649000e+01   03.93627000e+01   00.00000000e+00
  08.40001000e+01   06.44271000e+01   04.02183000e+01   00.00000000e+00
  08.45178000e+01   06.47174000e+01   04.15867000e+01   00.00000000e+00
  08.39874000e+01   06.37362000e+01   04.26704000e+01   00.00000000e+00
  08.44675000e+01   06.62070000e+01   04.19676000e+01   00.00000000e+00
  08.52097000e+01   06.66168000e+01   04.32048000e+01   00.00000000e+00
  08.53677000e+01   06.81057000e+01   04.32132000e+01   00.00000000e+00
  08.56293000e+01   06.86844000e+01   04.46079000e+01   00.00000000e+00
  08.71318000e+01   06.85956000e+01   04.50466000e+01   00.00000000e+00
  08.52631000e+01   07.01710000e+01   04.47680000e+01   00.00000000e+00
  08.03902000e+01   06.91614000e+01   03.38250000e+01   03.65717000e-02
  08.07516000e+01   06.80914000e+01   03.19621000e+01  -06.37550000e-03
  08.23876000e+01   07.38382000e+01   03.17352000e+01   01.79582000e-02
  08.39945000e+01   07.33513000e+01   03.20856000e+01   01.23366000e-02
  08.35436000e+01   07.36894000e+01   03.03260000e+01   01.80857000e-02
  07.96216000e+01   07.00898000e+01   03.80895000e+01  -03.55350000e-03
  07.82562000e+01   06.91949000e+01   03.73276000e+01  -05.48890000e-03
  07.97871000e+01   06.84473000e+01   03.77633000e+01  -05.73590000e-03
  07.88058000e+01   06.19903000e+01   03.31872000e+01  -01.16015000e-02
  07.85620000e+01   06.26787000e+01   03.15064000e+01  -01.03548000e-02
  08.01534000e+01   06.24539000e+01   03.22185000e+01  -01.10806000e-02
  07.98032000e+01   06.67313000e+01   02.73440000e+01  -06.50300000e-03
  08.03760000e+01   06.53564000e+01   02.63811000e+01  -03.84930000e-03
  07.93812000e+01   06.50273000e+01   02.77970000e+01  -06.75510000e-03
  08.39129000e+01   07.02631000e+01   02.42498000e+01   06.96000000e-05
  08.54738000e+01   06.95701000e+01   02.42468000e+01  -02.56130000e-03
  08.40054000e+01   06.85438000e+01   02.43177000e+01  -08.86000000e-04
  08.29745000e+01   07.15447000e+01   03.67529000e+01   02.66600000e-04
  08.22073000e+01   07.25337000e+01   03.80266000e+01   02.07780000e-03
  08.19746000e+01   07.08468000e+01   03.79628000e+01   03.44650000e-03
  07.83220000e+01   06.26878000e+01   03.67511000e+01   02.98050000e-03
  07.97405000e+01   06.25917000e+01   03.56389000e+01  -05.01900000e-04
  08.56831000e+01   06.56788000e+01   02.93936000e+01  -05.40000000e-06
  08.48071000e+01   06.67184000e+01   03.03287000e+01  -02.73660000e-03
  08.11568000e+01   07.27883000e+01   03.56478000e+01   06.65000000e-04
  08.00405000e+01   07.23780000e+01   03.70039000e+01  -04.07950000e-03
  08.41351000e+01   06.52909000e+01   02.75823000e+01   01.58140000e-02
  08.45233000e+01   06.70262000e+01   02.78391000e+01   09.11190000e-03
  08.42176000e+01   07.03943000e+01   04.47847000e+01   00.00000000e+00
  08.56912000e+01   07.06161000e+01   04.56061000e+01   00.00000000e+00
  08.55346000e+01   07.07158000e+01   04.39137000e+01   00.00000000e+00
  08.73651000e+01   06.91960000e+01   04.59334000e+01   00.00000000e+00
  08.74236000e+01   06.75608000e+01   04.51206000e+01   00.00000000e+00
  08.76624000e+01   06.90120000e+01   04.43153000e+01   00.00000000e+00
  08.61815000e+01   06.83753000e+01   04.26128000e+01   00.00000000e+00
  08.45281000e+01   06.85404000e+01   04.27577000e+01   00.00000000e+00
  08.46304000e+01   06.62385000e+01   04.40380000e+01   00.00000000e+00
  08.61714000e+01   06.61252000e+01   04.33077000e+01   00.00000000e+00
  08.49031000e+01   06.67517000e+01   04.11562000e+01   00.00000000e+00
  08.34547000e+01   06.65429000e+01   04.20132000e+01   00.00000000e+00
  08.47842000e+01   06.37892000e+01   04.34152000e+01   00.00000000e+00
  08.30257000e+01   06.40061000e+01   04.30766000e+01   00.00000000e+00
  08.39670000e+01   06.27390000e+01   04.22235000e+01   00.00000000e+00
  08.39715000e+01   06.53710000e+01   03.96360000e+01   00.00000000e+00
  08.30163000e+01   06.41289000e+01   04.03281000e+01   00.00000000e+00
  08.51235000e+01   06.25702000e+01   03.99401000e+01   00.00000000e+00
  08.56759000e+01   06.39781000e+01   03.90391000e+01   00.00000000e+00
  08.43012000e+01   06.39690000e+01   03.73473000e+01   00.00000000e+00
  08.30727000e+01   06.29631000e+01   03.81299000e+01   00.00000000e+00
  08.17165000e+01   07.22440000e+01   03.37610000e+01   07.20400000e-04
  07.91099000e+01   06.68881000e+01   03.60364000e+01  -02.39543000e-02
  08.01036000e+01   06.40548000e+01   03.02152000e+01   04.89340000e-03
  08.45860000e+01   06.91330000e+01   02.84761000e+01  -02.28199000e-02
  07.74326000e+01   06.46758000e+01   03.55877000e+01  -01.51750000e-03
  08.45300000e+01   06.06130000e+01   03.92389000e+01   00.00000000e+00
  08.28661000e+01   06.06941000e+01   03.85097000e+01   00.00000000e+00
  08.41810000e+01   05.96083000e+01   03.78012000e+01   00.00000000e+00
  08.54471000e+01   06.17104000e+01   03.70631000e+01   00.00000000e+00
  08.38107000e+01   06.25852000e+01   03.54787000e+01   00.00000000e+00
  08.25272000e+01   06.16682000e+01   03.62221000e+01   00.00000000e+00
  08.35077000e+01   05.94818000e+01   03.56828000e+01   00.00000000e+00
  08.48474000e+01   06.04050000e+01   03.48619000e+01   00.00000000e+00
  08.19136000e+01   06.08253000e+01   03.40473000e+01   00.00000000e+00
  08.28099000e+01   05.93892000e+01   03.34993000e+01   00.00000000e+00
  08.29353000e+01   05.95410000e+01   03.13159000e+01   00.00000000e+00
  08.38221000e+01   06.08434000e+01   03.05322000e+01   00.00000000e+00
  08.46698000e+01   05.95539000e+01   03.14822000e+01   00.00000000e+00
  08.18011000e+01   06.45897000e+01   02.83352000e+01   05.57290000e-03
  08.23014000e+01   06.70035000e+01   02.72051000e+01  -01.28866000e-02
  08.48464000e+01   06.25457000e+01   03.30360000e+01   00.00000000e+00
  08.49539000e+01   06.82225000e+01   04.53237000e+01   00.00000000e+00
  08.23044000e+01   06.37805000e+01   03.28735000e+01  -01.99830000e-03
  08.23832000e+01   06.29970000e+01   03.13654000e+01  -01.85290000e-03
