  08.24014000e+01   06.44611000e+01   02.73879000e+01  -06.11779000e-02
  07.68197000e+01   06.30219000e+01   03.45208000e+01   01.75852000e-02
  07.99791000e+01   07.04716000e+01   03.53366000e+01   01.01800000e-02
  08.24510000e+01   06.94962000e+01   02.76787000e+01  -01.32723000e-02
  07.99176000e+01   06.55797000e+01   02.92497000e+01  -04.57645000e-02
  08.29385000e+01   06.41397000e+01   02.87835000e+01   02.46758000e-02
  07.58421000e+01   06.20794000e+01   03.45454000e+01  -01.71993000e-02
  08.14098000e+01   07.04363000e+01   03.58251000e+01  -09.39340000e-03
  08.22399000e+01   06.79711000e+01   02.72482000e+01   07.66074000e-02
  07.85784000e+01   06.49545000e+01   03.18361000e+01   09.44338000e-02
  08.31874000e+01   07.03333000e+01   02.71143000e+01   01.54319000e-02
  08.22951000e+01   06.29784000e+01   02.94814000e+01  -01.56515000e-02
  08.19786000e+01   06.77768000e+01   02.57617000e+01  -02.00050000e-02
  08.02771000e+01   06.83087000e+01   03.02075000e+01  -08.09918000e-02
  08.30220000e+01   06.75116000e+01   02.35664000e+01   04.03650000e-03
  08.11285000e+01   06.73332000e+01   02.80645000e+01  -01.43447000e-01
  07.87818000e+01   06.35246000e+01   02.99020000e+01   01.23287000e-02
  07.83320000e+01   06.58663000e+01   03.40999000e+01   02.21683000e-01
  08.03121000e+01   06.97949000e+01   03.21587000e+01  -05.42921000e-02
  07.84966000e+01   06.40876000e+01   02.68642000e+01   02.66866000e-02
  07.74808000e+01   06.14674000e+01   03.15939000e+01   04.35609000e-02
  07.84605000e+01   06.79788000e+01   03.66478000e+01   02.36507000e-02
  08.19226000e+01   07.17393000e+01   03.02019000e+01  -06.09964000e-02
  08.14781000e+01   06.22268000e+01   03.15494000e+01   08.71130000e-03
  08.06099000e+01   06.60343000e+01   02.81212000e+01   01.26858000e-01
  07.83673000e+01   06.38113000e+01   03.12014000e+01  -03.45042000e-02
  07.89870000e+01   06.71303000e+01   03.40787000e+01  -02.04376000e-01
  08.05396000e+01   06.95147000e+01   03.07997000e+01   07.60142000e-02
  08.20635000e+01   06.19024000e+01   02.90016000e+01   05.08730000e-03
  08.08858000e+01   06.77201000e+01   02.52048000e+01   06.92200000e-04
  08.25204000e+01   06.11832000e+01   03.18195000e+01   00.00000000e+00
  08.09719000e+01   06.49422000e+01   02.72136000e+01   07.64245000e-02
  07.76541000e+01   06.29076000e+01   03.20206000e+01  -04.66821000e-02
  07.90603000e+01   06.80495000e+01   03.51724000e+01   01.65461000e-02
  08.13013000e+01   07.03658000e+01   02.99101000e+01   05.49912000e-02
  08.21526000e+01   06.32783000e+01   03.08316000e+01   03.30200000e-04
  08.31815000e+01   06.77063000e+01   02.50307000e+01   04.02810000e-03
  08.23797000e+01   05.98358000e+01   03.19677000e+01   00.00000000e+00
  07.98322000e+01   06.39249000e+01   02.75800000e+01  -04.69336000e-02
  07.74574000e+01   06.35790000e+01   03.32844000e+01  -07.68710000e-03
  07.96330000e+01   06.91950000e+01   03.45301000e+01  -03.37389000e-02
  08.15985000e+01   06.95769000e+01   02.88134000e+01   03.64969000e-02
  08.22087000e+01   05.88299000e+01   03.08064000e+01   00.00000000e+00
  07.95525000e+01   06.43227000e+01   02.90296000e+01  -09.58259000e-02
  07.81607000e+01   06.48237000e+01   03.31318000e+01  -01.77941000e-01
  07.98819000e+01   06.88985000e+01   03.31851000e+01   06.74294000e-02
  08.08590000e+01   06.83161000e+01   02.90449000e+01   01.44326000e-01
  08.24182000e+01   05.92861000e+01   03.33703000e+01   00.00000000e+00
  08.25930000e+01   06.03142000e+01   03.45274000e+01   00.00000000e+00
  08.28269000e+01   05.95386000e+01   03.58554000e+01   00.00000000e+00
  08.33248000e+01   06.04770000e+01   03.70114000e+01   00.00000000e+00
  08.41850000e+01   05.98024000e+01   03.81169000e+01   00.00000000e+00
  08.21959000e+01   06.13411000e+01   03.74845000e+01   00.00000000e+00
  08.23522000e+01   06.20161000e+01   03.88100000e+01   00.00000000e+00
  08.34053000e+01   06.31320000e+01   03.89573000e+01   00.00000000e+00
  08.36102000e+01   06.37047000e+01   04.03437000e+01   00.00000000e+00
  08.39919000e+01   06.27604000e+01   04.14903000e+01   00.00000000e+00
  08.24151000e+01   06.46228000e+01   04.06307000e+01   00.00000000e+00
  08.23206000e+01   06.55543000e+01   04.18859000e+01   00.00000000e+00
  08.36340000e+01   06.63511000e+01   04.20654000e+01   00.00000000e+00
  08.34381000e+01   06.78708000e+01   04.16512000e+01   00.00000000e+00
  08.47859000e+01   06.85570000e+01   04.20038000e+01   00.00000000e+00
  08.29854000e+01   06.80782000e+01   04.02109000e+01   00.00000000e+00
  07.94188000e+01   06.76325000e+01   03.28985000e+01   03.65717000e-02
  07.93599000e+01   06.66723000e+01   03.08978000e+01  -06.37550000e-03
  08.28324000e+01   07.16037000e+01   03.06164000e+01   01.79582000e-02
  08.21807000e+01   07.22992000e+01   02.93475000e+01   01.23366000e-02
  08.12452000e+01   07.22651000e+01   03.08564000e+01   01.80857000e-02
  07.76436000e+01   06.86790000e+01   03.66535000e+01  -03.55350000e-03
  07.81882000e+01   06.69541000e+01   03.68697000e+01  -05.48890000e-03
  07.91975000e+01   06.82541000e+01   03.73825000e+01  -05.73590000e-03
  07.75507000e+01   06.09069000e+01   03.25653000e+01  -01.16015000e-02
  07.65346000e+01   06.14605000e+01   03.10256000e+01  -01.03548000e-02
  07.83902000e+01   06.12895000e+01   03.10756000e+01  -01.10806000e-02
  07.85168000e+01   06.37677000e+01   02.58347000e+01  -06.50300000e-03
  07.78099000e+01   06.34721000e+01   02.74276000e+01  -03.84930000e-03
  07.80415000e+01   06.50982000e+01   02.70013000e+01  -06.75510000e-03
  08.30199000e+01   06.64660000e+01   02.33753000e+01   06.96000000e-05
  08.21022000e+01   06.78776000e+01   02.30654000e+01  -02.56130000e-03
  08.39384000e+01   06.79254000e+01   02.30161000e+01  -08.86000000e-04
  08.20047000e+01   07.00315000e+01   03.50023000e+01   02.66600000e-04
  08.19260000e+01   07.14274000e+01   03.60626000e+01   02.07780000e-03
  08.14430000e+01   06.96754000e+01   03.66595000e+01   03.44650000e-03
  07.52981000e+01   06.18406000e+01   03.54812000e+01   02.98050000e-03
  07.54081000e+01   06.14710000e+01   03.36656000e+01  -05.01900000e-04
  08.39642000e+01   06.37848000e+01   02.86526000e+01  -05.40000000e-06
  08.28880000e+01   06.49024000e+01   02.95037000e+01  -02.73660000e-03
  07.99589000e+01   07.13417000e+01   03.46588000e+01   06.65000000e-04
  07.93072000e+01   07.05443000e+01   03.61244000e+01  -04.07950000e-03
  08.26819000e+01   06.35885000e+01   02.68265000e+01   01.58140000e-02
  08.30328000e+01   06.52278000e+01   02.70101000e+01   09.11190000e-03
  08.37577000e+01   06.76503000e+01   03.96088000e+01   00.00000000e+00
  08.20293000e+01   06.75409000e+01   04.00510000e+01   00.00000000e+00
  08.28362000e+01   06.91499000e+01   04.00186000e+01   00.00000000e+00
  08.56879000e+01   06.81535000e+01   04.15877000e+01   00.00000000e+00
  08.47118000e+01   06.95673000e+01   04.17223000e+01   00.00000000e+00
  08.50147000e+01   06.85325000e+01   04.30800000e+01   00.00000000e+00
  08.38960000e+01   06.62480000e+01   04.31210000e+01   00.00000000e+00
  08.43876000e+01   06.58555000e+01   04.14553000e+01   00.00000000e+00
  08.14064000e+01   06.61438000e+01   04.16445000e+01   00.00000000e+00
  08.20983000e+01   06.50283000e+01   04.27751000e+01   00.00000000e+00
  08.23355000e+01   06.53294000e+01   03.97908000e+01   00.00000000e+00
  08.15125000e+01   06.40224000e+01   04.04854000e+01   00.00000000e+00
  08.44116000e+01   06.33746000e+01   04.23156000e+01   00.00000000e+00
  08.30927000e+01   06.22595000e+01   04.17729000e+01   00.00000000e+00
  08.47339000e+01   06.20359000e+01   04.12123000e+01   00.00000000e+00
  08.44132000e+01   06.27395000e+01   03.87509000e+01   00.00000000e+00
  08.32010000e+01   06.39077000e+01   03.82489000e+01   00.00000000e+00
  08.13649000e+01   06.24722000e+01   03.89927000e+01   00.00000000e+00
  08.24299000e+01   06.12683000e+01   03.96385000e+01   00.00000000e+00
  08.20900000e+01   06.20724000e+01   03.66045000e+01   00.00000000e+00
  08.12102000e+01   06.08416000e+01   03.75442000e+01   00.00000000e+00
  08.05485000e+01   07.08457000e+01   03.24655000e+01   07.20400000e-04
  07.79313000e+01   06.54879000e+01   03.50530000e+01  -02.39543000e-02
  07.84187000e+01   06.26105000e+01   02.94101000e+01   04.89340000e-03
  08.32435000e+01   06.74936000e+01   02.73421000e+01  -02.28199000e-02
  07.71730000e+01   06.33799000e+01   03.55122000e+01  -01.51750000e-03
  08.48202000e+01   06.06187000e+01   03.84816000e+01   00.00000000e+00
  08.35309000e+01   05.94543000e+01   03.88945000e+01   00.00000000e+00
  08.47696000e+01   05.89826000e+01   03.75936000e+01   00.00000000e+00
  08.39966000e+01   06.11524000e+01   03.65185000e+01   00.00000000e+00
  08.18031000e+01   05.91616000e+01   03.61280000e+01   00.00000000e+00
  08.36377000e+01   05.87473000e+01   03.57265000e+01   00.00000000e+00
  08.35949000e+01   06.09192000e+01   03.43562000e+01   00.00000000e+00
  08.17423000e+01   06.09791000e+01   03.46801000e+01   00.00000000e+00
  08.14637000e+01   05.88481000e+01   03.37590000e+01   00.00000000e+00
  08.31722000e+01   05.84202000e+01   03.32879000e+01   00.00000000e+00
  08.14161000e+01   05.81352000e+01   03.11085000e+01   00.00000000e+00
  08.18680000e+01   05.93787000e+01   02.99030000e+01   00.00000000e+00
  08.31573000e+01   05.83250000e+01   03.06120000e+01   00.00000000e+00
  08.02279000e+01   06.28599000e+01   02.75847000e+01   05.57290000e-03
  08.08448000e+01   06.52670000e+01   02.61926000e+01  -01.28866000e-02
  08.35794000e+01   06.14291000e+01   03.16994000e+01   00.00000000e+00
  08.27083000e+01   06.82682000e+01   04.23398000e+01   00.00000000e+00
  08.10424000e+01   06.26720000e+01   03.24606000e+01  -01.99830000e-03
  08.07055000e+01   06.17607000e+01   03.09832000e+01  -01.85290000e-03
