  08.31173000e+01   06.41346000e+01   02.83867000e+01  -06.11779000e-02
  07.80447000e+01   06.31093000e+01   03.59034000e+01   01.75852000e-02
  07.99447000e+01   07.11541000e+01   03.58660000e+01   01.01800000e-02
  08.30045000e+01   06.94165000e+01   02.85585000e+01  -01.32723000e-02
  08.05889000e+01   06.56448000e+01   03.03219000e+01  -04.57645000e-02
  08.37618000e+01   06.37471000e+01   02.97942000e+01   02.46758000e-02
  07.71139000e+01   06.21125000e+01   03.60733000e+01  -01.71993000e-02
  08.13179000e+01   07.10269000e+01   03.64867000e+01  -09.39340000e-03
  08.30043000e+01   06.78296000e+01   02.82784000e+01   07.66074000e-02
  07.92664000e+01   06.51335000e+01   03.29593000e+01   09.44338000e-02
  08.36281000e+01   07.02880000e+01   02.79337000e+01   01.54319000e-02
  08.31150000e+01   06.28975000e+01   03.08207000e+01  -01.56515000e-02
  08.28341000e+01   06.75474000e+01   02.68713000e+01  -02.00050000e-02
  08.08134000e+01   06.85633000e+01   03.11323000e+01  -08.09918000e-02
  08.39602000e+01   06.76222000e+01   02.47284000e+01   04.03650000e-03
  08.19801000e+01   06.73000000e+01   02.92481000e+01  -01.43447000e-01
  07.95401000e+01   06.35704000e+01   03.10945000e+01   01.23287000e-02
  07.87293000e+01   06.61954000e+01   03.50694000e+01   02.21683000e-01
  08.06471000e+01   07.02155000e+01   03.29749000e+01  -05.42921000e-02
  07.92841000e+01   06.39156000e+01   02.78473000e+01   02.66866000e-02
  07.84607000e+01   06.15000000e+01   03.30795000e+01   04.35609000e-02
  07.84283000e+01   06.85352000e+01   03.72859000e+01   02.36507000e-02
  08.22588000e+01   07.20579000e+01   03.06325000e+01  -06.09964000e-02
  08.22115000e+01   06.28424000e+01   03.31168000e+01   08.71130000e-03
  08.14598000e+01   06.59892000e+01   02.93133000e+01   01.26858000e-01
  07.92336000e+01   06.38813000e+01   03.24119000e+01  -03.45042000e-02
  07.90089000e+01   06.75775000e+01   03.48653000e+01  -02.04376000e-01
  08.10799000e+01   06.98179000e+01   03.16468000e+01   07.60142000e-02
  08.27180000e+01   06.17521000e+01   03.06758000e+01   05.08730000e-03
  08.18330000e+01   06.74648000e+01   02.62618000e+01   06.92200000e-04
  08.31773000e+01   06.19694000e+01   03.38745000e+01   00.00000000e+00
  08.17017000e+01   06.48019000e+01   02.83318000e+01   07.64245000e-02
  07.86760000e+01   06.30002000e+01   03.33669000e+01  -04.66821000e-02
  07.90034000e+01   06.86351000e+01   03.58512000e+01   01.65461000e-02
  08.18125000e+01   07.06658000e+01   03.06472000e+01   05.49912000e-02
  08.29043000e+01   06.35718000e+01   03.20044000e+01   03.30200000e-04
  08.40591000e+01   06.76232000e+01   02.61905000e+01   04.02810000e-03
  08.27480000e+01   06.11386000e+01   03.48623000e+01   00.00000000e+00
  08.05070000e+01   06.38300000e+01   02.87486000e+01  -04.69336000e-02
  07.84488000e+01   06.37149000e+01   03.45976000e+01  -07.68710000e-03
  07.95891000e+01   06.98041000e+01   03.52374000e+01  -03.37389000e-02
  08.21877000e+01   06.96452000e+01   02.97235000e+01   03.64969000e-02
  08.22554000e+01   05.97621000e+01   03.45275000e+01   00.00000000e+00
  08.02593000e+01   06.43464000e+01   03.01813000e+01  -09.58259000e-02
  07.87583000e+01   06.50771000e+01   03.42702000e+01  -01.77941000e-01
  07.99560000e+01   06.94070000e+01   03.38995000e+01   06.74294000e-02
  08.16264000e+01   06.84321000e+01   03.00958000e+01   01.44326000e-01
  08.25734000e+01   06.14866000e+01   03.63474000e+01   00.00000000e+00
  08.32800000e+01   06.05526000e+01   03.73041000e+01   00.00000000e+00
  08.30392000e+01   06.11179000e+01   03.87703000e+01   00.00000000e+00
  08.39858000e+01   06.23069000e+01   03.93066000e+01   00.00000000e+00
  08.55020000e+01   06.21421000e+01   03.89765000e+01   00.00000000e+00
  08.37376000e+01   06.27570000e+01   04.07918000e+01   00.00000000e+00
  08.42329000e+01   06.42470000e+01   04.10304000e+01   00.00000000e+00
  08.39082000e+01   06.46857000e+01   04.23922000e+01   00.00000000e+00
  08.45581000e+01   06.60691000e+01   04.28441000e+01   00.00000000e+00
  08.43328000e+01   06.62017000e+01   04.43736000e+01   00.00000000e+00
  08.39990000e+01   06.73351000e+01   04.22015000e+01   00.00000000e+00
  08.45261000e+01   06.87230000e+01   04.26652000e+01   00.00000000e+00
  08.60764000e+01   06.90054000e+01   04.25353000e+01   00.00000000e+00
  08.67295000e+01   06.88312000e+01   04.11478000e+01   00.00000000e+00
  08.61253000e+01   06.98630000e+01   04.01764000e+01   00.00000000e+00
  08.83057000e+01   06.89193000e+01   04.12018000e+01   00.00000000e+00
  07.94520000e+01   06.81339000e+01   03.36614000e+01   03.65717000e-02
  07.99082000e+01   06.68896000e+01   03.18979000e+01  -06.37550000e-03
  08.31663000e+01   07.20589000e+01   03.13121000e+01   01.79582000e-02
  08.25587000e+01   07.25268000e+01   02.96424000e+01   01.23366000e-02
  08.15639000e+01   07.27182000e+01   03.10810000e+01   01.80857000e-02
  07.89795000e+01   06.80039000e+01   03.79459000e+01  -03.55350000e-03
  07.81469000e+01   06.95170000e+01   03.76687000e+01  -05.48890000e-03
  07.75394000e+01   06.79124000e+01   03.72461000e+01  -05.73590000e-03
  07.87587000e+01   06.11083000e+01   03.39948000e+01  -01.16015000e-02
  07.74047000e+01   06.13385000e+01   03.28862000e+01  -01.03548000e-02
  07.91558000e+01   06.10007000e+01   03.24036000e+01  -01.10806000e-02
  07.83590000e+01   06.38262000e+01   02.84032000e+01  -06.50300000e-03
  07.93291000e+01   06.49239000e+01   02.75389000e+01  -03.84930000e-03
  07.92874000e+01   06.31588000e+01   02.70312000e+01  -06.75510000e-03
  08.50098000e+01   06.76452000e+01   02.43785000e+01   06.96000000e-05
  08.34295000e+01   06.66941000e+01   02.44119000e+01  -02.56130000e-03
  08.34537000e+01   06.85435000e+01   02.44407000e+01  -08.86000000e-04
  08.14933000e+01   07.20298000e+01   03.69678000e+01   02.66600000e-04
  08.14229000e+01   07.03794000e+01   03.73891000e+01   02.07780000e-03
  08.20858000e+01   07.08532000e+01   03.57707000e+01   03.44650000e-03
  07.68149000e+01   06.17529000e+01   03.70850000e+01   02.98050000e-03
  07.65773000e+01   06.16757000e+01   03.52411000e+01  -05.01900000e-04
  08.47091000e+01   06.33397000e+01   02.95899000e+01  -05.40000000e-06
  08.38513000e+01   06.47082000e+01   03.03037000e+01  -02.73660000e-03
  07.99309000e+01   07.19308000e+01   03.52154000e+01   06.65000000e-04
  07.92883000e+01   07.15000000e+01   03.66293000e+01  -04.07950000e-03
  08.32623000e+01   06.31897000e+01   02.78383000e+01   01.58140000e-02
  08.38121000e+01   06.48280000e+01   02.79643000e+01   09.11190000e-03
  08.87183000e+01   06.87013000e+01   04.01611000e+01   00.00000000e+00
  08.87252000e+01   06.99044000e+01   04.15588000e+01   00.00000000e+00
  08.87622000e+01   06.82488000e+01   04.18867000e+01   00.00000000e+00
  08.50544000e+01   06.98044000e+01   04.04112000e+01   00.00000000e+00
  08.65369000e+01   07.08256000e+01   04.04557000e+01   00.00000000e+00
  08.64821000e+01   06.95334000e+01   03.91990000e+01   00.00000000e+00
  08.61061000e+01   07.00779000e+01   04.28859000e+01   00.00000000e+00
  08.66098000e+01   06.83938000e+01   04.32908000e+01   00.00000000e+00
  08.39679000e+01   06.94364000e+01   04.20783000e+01   00.00000000e+00
  08.42014000e+01   06.88644000e+01   04.36441000e+01   00.00000000e+00
  08.43088000e+01   06.72441000e+01   04.11863000e+01   00.00000000e+00
  08.29040000e+01   06.74658000e+01   04.24243000e+01   00.00000000e+00
  08.47324000e+01   06.52982000e+01   04.47840000e+01   00.00000000e+00
  08.49959000e+01   06.70060000e+01   04.47777000e+01   00.00000000e+00
  08.33138000e+01   06.64142000e+01   04.46483000e+01   00.00000000e+00
  08.28583000e+01   06.48289000e+01   04.23697000e+01   00.00000000e+00
  08.41990000e+01   06.39108000e+01   04.31052000e+01   00.00000000e+00
  08.53113000e+01   06.43237000e+01   04.09056000e+01   00.00000000e+00
  08.37355000e+01   06.49214000e+01   04.03265000e+01   00.00000000e+00
  08.26757000e+01   06.25510000e+01   04.10866000e+01   00.00000000e+00
  08.43745000e+01   06.20534000e+01   04.13954000e+01   00.00000000e+00
  08.08546000e+01   07.13067000e+01   03.32937000e+01   07.20400000e-04
  07.84139000e+01   06.59323000e+01   03.60836000e+01  -02.39543000e-02
  07.92664000e+01   06.26123000e+01   03.06818000e+01   04.89340000e-03
  08.39830000e+01   06.74533000e+01   02.85466000e+01  -02.28199000e-02
  07.84505000e+01   06.35978000e+01   03.68144000e+01  -01.51750000e-03
  08.58032000e+01   06.10961000e+01   03.91745000e+01   00.00000000e+00
  08.56424000e+01   06.24332000e+01   03.78562000e+01   00.00000000e+00
  08.60667000e+01   06.28064000e+01   03.96503000e+01   00.00000000e+00
  08.37162000e+01   06.31499000e+01   03.86821000e+01   00.00000000e+00
  08.19543000e+01   06.14914000e+01   03.88657000e+01   00.00000000e+00
  08.32859000e+01   06.03028000e+01   03.95361000e+01   00.00000000e+00
  08.29515000e+01   05.95037000e+01   03.72460000e+01   00.00000000e+00
  08.43215000e+01   06.05745000e+01   03.69793000e+01   00.00000000e+00
  08.29458000e+01   06.24052000e+01   03.65317000e+01   00.00000000e+00
  08.15424000e+01   06.15120000e+01   03.64944000e+01   00.00000000e+00
  08.17816000e+01   05.98614000e+01   03.35496000e+01   00.00000000e+00
  08.31136000e+01   05.91031000e+01   03.46133000e+01   00.00000000e+00
  08.14888000e+01   05.94109000e+01   03.52903000e+01   00.00000000e+00
  08.07811000e+01   06.27551000e+01   02.88089000e+01   05.57290000e-03
  08.15090000e+01   06.51327000e+01   02.73272000e+01  -01.28866000e-02
  08.42162000e+01   06.19620000e+01   03.35961000e+01   00.00000000e+00
  08.65575000e+01   06.78238000e+01   04.07834000e+01   00.00000000e+00
  08.17998000e+01   06.35925000e+01   03.38065000e+01  -01.99830000e-03
  08.13449000e+01   06.22422000e+01   03.27111000e+01  -01.85290000e-03
