  08.42535000e+01   06.53622000e+01   02.84071000e+01  -06.11779000e-02
  07.84963000e+01   06.38550000e+01   03.52887000e+01   01.75852000e-02
  08.09341000e+01   07.14403000e+01   03.60555000e+01   01.01800000e-02
  08.39092000e+01   07.05594000e+01   02.84393000e+01  -01.32723000e-02
  08.14990000e+01   06.66557000e+01   03.00818000e+01  -04.57645000e-02
  08.46184000e+01   06.50684000e+01   02.98848000e+01   02.46758000e-02
  07.76460000e+01   06.27768000e+01   03.54085000e+01  -01.71993000e-02
  08.22579000e+01   07.15385000e+01   03.68450000e+01  -09.39340000e-03
  08.37946000e+01   06.90231000e+01   02.79775000e+01   07.66074000e-02
  08.01120000e+01   06.58633000e+01   03.25720000e+01   09.44338000e-02
  08.46073000e+01   07.13585000e+01   02.78124000e+01   01.54319000e-02
  08.38502000e+01   06.40218000e+01   03.06320000e+01  -01.56515000e-02
  08.32567000e+01   06.89156000e+01   02.65287000e+01  -02.00050000e-02
  08.18842000e+01   06.93764000e+01   03.11990000e+01  -08.09918000e-02
  08.38435000e+01   06.87848000e+01   02.42296000e+01   04.03650000e-03
  08.28316000e+01   06.84711000e+01   02.90423000e+01  -01.43447000e-01
  08.04058000e+01   06.45193000e+01   03.05174000e+01   01.23287000e-02
  07.97283000e+01   06.66944000e+01   03.47994000e+01   02.21683000e-01
  08.18344000e+01   07.07994000e+01   03.30853000e+01  -05.42921000e-02
  08.04544000e+01   06.52527000e+01   02.72649000e+01   02.66866000e-02
  07.88081000e+01   06.23646000e+01   03.22650000e+01   04.35609000e-02
  07.94845000e+01   06.87592000e+01   03.71487000e+01   02.36507000e-02
  08.33364000e+01   07.27669000e+01   03.12122000e+01  -06.09964000e-02
  08.27478000e+01   06.32927000e+01   03.26958000e+01   08.71130000e-03
  08.23733000e+01   06.71150000e+01   02.91040000e+01   01.26858000e-01
  07.99390000e+01   06.47165000e+01   03.18903000e+01  -03.45042000e-02
  08.01926000e+01   06.80168000e+01   03.47326000e+01  -02.04376000e-01
  08.21839000e+01   07.05635000e+01   03.17241000e+01   07.60142000e-02
  08.34588000e+01   06.30030000e+01   03.00849000e+01   05.08730000e-03
  08.21053000e+01   06.90137000e+01   02.62213000e+01   06.92200000e-04
  08.36873000e+01   06.22146000e+01   03.31772000e+01   00.00000000e+00
  08.27823000e+01   06.59807000e+01   02.81403000e+01   07.64245000e-02
  07.92310000e+01   06.37313000e+01   03.27259000e+01  -04.66821000e-02
  08.01770000e+01   06.89417000e+01   03.58560000e+01   01.65461000e-02
  08.29656000e+01   07.14135000e+01   03.08662000e+01   05.49912000e-02
  08.35865000e+01   06.42697000e+01   03.20139000e+01   03.30200000e-04
  08.42625000e+01   06.86311000e+01   02.56379000e+01   04.02810000e-03
  08.36115000e+01   06.08814000e+01   03.30134000e+01   00.00000000e+00
  08.15436000e+01   06.50205000e+01   02.82646000e+01  -04.69336000e-02
  07.91517000e+01   06.43297000e+01   03.39741000e+01  -07.68710000e-03
  08.07561000e+01   07.01563000e+01   03.53659000e+01  -03.37389000e-02
  08.32147000e+01   07.06270000e+01   02.97698000e+01   03.64969000e-02
  08.41800000e+01   06.01427000e+01   03.18443000e+01   00.00000000e+00
  08.10588000e+01   06.54065000e+01   02.97113000e+01  -09.58259000e-02
  07.96967000e+01   06.56706000e+01   03.37988000e+01  -01.77941000e-01
  08.10036000e+01   06.99487000e+01   03.39160000e+01   06.74294000e-02
  08.26056000e+01   06.94374000e+01   03.00255000e+01   01.44326000e-01
  08.30704000e+01   06.00741000e+01   03.41502000e+01   00.00000000e+00
  08.39469000e+01   06.00574000e+01   03.54041000e+01   00.00000000e+00
  08.34889000e+01   06.10891000e+01   03.65050000e+01   00.00000000e+00
  08.43814000e+01   06.10875000e+01   03.77588000e+01   00.00000000e+00
  08.43234000e+01   05.98535000e+01   03.86800000e+01   00.00000000e+00
  08.41745000e+01   06.24287000e+01   03.85436000e+01   00.00000000e+00
  08.51916000e+01   06.25887000e+01   03.97003000e+01   00.00000000e+00
  08.50262000e+01   06.38926000e+01   04.03522000e+01   00.00000000e+00
  08.62659000e+01   06.42653000e+01   04.12954000e+01   00.00000000e+00
  08.63471000e+01   06.33452000e+01   04.25512000e+01   00.00000000e+00
  08.64561000e+01   06.58348000e+01   04.15064000e+01   00.00000000e+00
  08.53765000e+01   06.64503000e+01   04.24231000e+01   00.00000000e+00
  08.57755000e+01   06.79164000e+01   04.26820000e+01   00.00000000e+00
  08.47193000e+01   06.86655000e+01   04.34862000e+01   00.00000000e+00
  08.53583000e+01   06.99085000e+01   04.42028000e+01   00.00000000e+00
  08.34792000e+01   06.90081000e+01   04.24955000e+01   00.00000000e+00
  08.06222000e+01   06.86310000e+01   03.35972000e+01   03.65717000e-02
  08.08288000e+01   06.76152000e+01   03.17972000e+01  -06.37550000e-03
  08.31411000e+01   07.33763000e+01   03.03761000e+01   01.79582000e-02
  08.27251000e+01   07.31897000e+01   03.20441000e+01   01.23366000e-02
  08.43790000e+01   07.27452000e+01   03.16150000e+01   01.80857000e-02
  07.92075000e+01   06.96644000e+01   03.75666000e+01  -03.55350000e-03
  07.85015000e+01   06.83225000e+01   03.71074000e+01  -05.48890000e-03
  08.02052000e+01   06.81750000e+01   03.77151000e+01  -05.73590000e-03
  07.88998000e+01   06.22370000e+01   03.11916000e+01  -01.16015000e-02
  07.95004000e+01   06.17303000e+01   03.27561000e+01  -01.03548000e-02
  07.78228000e+01   06.21724000e+01   03.25984000e+01  -01.10806000e-02
  08.01402000e+01   06.62587000e+01   02.73647000e+01  -06.50300000e-03
  08.07364000e+01   06.50612000e+01   02.62362000e+01  -03.84930000e-03
  07.95430000e+01   06.46469000e+01   02.74817000e+01  -06.75510000e-03
  08.38244000e+01   06.98368000e+01   02.40630000e+01   06.96000000e-05
  08.46568000e+01   06.83864000e+01   02.36663000e+01  -02.56130000e-03
  08.28864000e+01   06.82175000e+01   02.40366000e+01  -08.86000000e-04
  08.30663000e+01   07.14868000e+01   03.61021000e+01   02.66600000e-04
  08.22713000e+01   07.25287000e+01   03.73318000e+01   02.07780000e-03
  08.23661000e+01   07.08569000e+01   03.76327000e+01   03.44650000e-03
  07.73332000e+01   06.24370000e+01   03.63987000e+01   02.98050000e-03
  07.72464000e+01   06.21780000e+01   03.45450000e+01  -05.01900000e-04
  08.56099000e+01   06.48330000e+01   03.00659000e+01  -05.40000000e-06
  08.44728000e+01   06.59393000e+01   03.05018000e+01  -02.73660000e-03
  08.08095000e+01   07.23605000e+01   03.54034000e+01   06.65000000e-04
  08.01762000e+01   07.14496000e+01   03.68148000e+01  -04.07950000e-03
  08.42947000e+01   06.43806000e+01   02.78818000e+01   01.58140000e-02
  08.50120000e+01   06.60742000e+01   02.81470000e+01   09.11190000e-03
  08.30277000e+01   06.81035000e+01   04.21777000e+01   00.00000000e+00
  08.27524000e+01   06.97346000e+01   04.30158000e+01   00.00000000e+00
  08.38325000e+01   06.95389000e+01   04.16383000e+01   00.00000000e+00
  08.46688000e+01   07.02854000e+01   04.49004000e+01   00.00000000e+00
  08.61651000e+01   06.95118000e+01   04.48040000e+01   00.00000000e+00
  08.57136000e+01   07.06213000e+01   04.35136000e+01   00.00000000e+00
  08.66028000e+01   06.80171000e+01   04.33749000e+01   00.00000000e+00
  08.61048000e+01   06.84355000e+01   04.17268000e+01   00.00000000e+00
  08.44566000e+01   06.64962000e+01   04.18783000e+01   00.00000000e+00
  08.53133000e+01   06.59228000e+01   04.33538000e+01   00.00000000e+00
  08.74519000e+01   06.60270000e+01   04.18123000e+01   00.00000000e+00
  08.62263000e+01   06.62211000e+01   04.05225000e+01   00.00000000e+00
  08.63232000e+01   06.22898000e+01   04.23271000e+01   00.00000000e+00
  08.72144000e+01   06.34950000e+01   04.31839000e+01   00.00000000e+00
  08.55260000e+01   06.35815000e+01   04.32374000e+01   00.00000000e+00
  08.51121000e+01   06.46390000e+01   03.95255000e+01   00.00000000e+00
  08.40562000e+01   06.41038000e+01   04.07819000e+01   00.00000000e+00
  08.52977000e+01   06.17168000e+01   04.03558000e+01   00.00000000e+00
  08.61829000e+01   06.26589000e+01   03.92581000e+01   00.00000000e+00
  08.40468000e+01   06.32821000e+01   03.78089000e+01   00.00000000e+00
  08.32549000e+01   06.23196000e+01   03.90976000e+01   00.00000000e+00
  08.21798000e+01   07.16584000e+01   03.35633000e+01   07.20400000e-04
  07.92284000e+01   06.64308000e+01   03.57368000e+01  -02.39543000e-02
  08.02523000e+01   06.35413000e+01   03.01341000e+01   04.89340000e-03
  08.46855000e+01   06.84592000e+01   02.79998000e+01  -02.28199000e-02
  07.88828000e+01   06.42832000e+01   03.62147000e+01  -01.51750000e-03
  08.32935000e+01   05.98287000e+01   03.89607000e+01   00.00000000e+00
  08.45512000e+01   05.89272000e+01   03.81741000e+01   00.00000000e+00
  08.50113000e+01   05.98926000e+01   03.95177000e+01   00.00000000e+00
  08.54003000e+01   06.10917000e+01   03.73704000e+01   00.00000000e+00
  08.35094000e+01   06.20229000e+01   03.60865000e+01   00.00000000e+00
  08.24560000e+01   06.10351000e+01   03.67260000e+01   00.00000000e+00
  08.35928000e+01   05.91687000e+01   03.58306000e+01   00.00000000e+00
  08.50773000e+01   05.99112000e+01   03.51971000e+01   00.00000000e+00
  08.20875000e+01   06.05005000e+01   03.43827000e+01   00.00000000e+00
  08.30641000e+01   05.90766000e+01   03.37449000e+01   00.00000000e+00
  08.48393000e+01   05.93124000e+01   03.21402000e+01   00.00000000e+00
  08.34098000e+01   05.98159000e+01   03.12163000e+01   00.00000000e+00
  08.48528000e+01   06.07501000e+01   03.12629000e+01   00.00000000e+00
  08.19005000e+01   06.39685000e+01   02.83460000e+01   05.57290000e-03
  08.27033000e+01   06.63828000e+01   02.71111000e+01  -01.28866000e-02
  08.46550000e+01   06.25710000e+01   03.34576000e+01   00.00000000e+00
  08.42731000e+01   06.79706000e+01   04.42476000e+01   00.00000000e+00
  08.21140000e+01   06.38068000e+01   03.34020000e+01  -01.99830000e-03
  08.21874000e+01   06.27748000e+01   03.19540000e+01  -01.85290000e-03
