  08.51301000e+01   06.50248000e+01   02.83358000e+01  -06.11779000e-02
  07.97079000e+01   06.35182000e+01   03.55001000e+01   01.75852000e-02
  08.22414000e+01   07.12317000e+01   03.61463000e+01   01.01800000e-02
  08.46187000e+01   07.03342000e+01   02.84231000e+01  -01.32723000e-02
  08.24675000e+01   06.62468000e+01   03.01356000e+01  -04.57645000e-02
  08.55203000e+01   06.45559000e+01   02.97890000e+01   02.46758000e-02
  07.97376000e+01   06.22293000e+01   03.58629000e+01  -01.71993000e-02
  08.35935000e+01   07.12001000e+01   03.67568000e+01  -09.39340000e-03
  08.46076000e+01   06.88253000e+01   02.79800000e+01   07.66074000e-02
  08.12184000e+01   06.55391000e+01   03.27215000e+01   09.44338000e-02
  08.50562000e+01   07.12490000e+01   02.77644000e+01   01.54319000e-02
  08.50030000e+01   06.31669000e+01   03.02836000e+01  -01.56515000e-02
  08.41682000e+01   06.86744000e+01   02.65401000e+01  -02.00050000e-02
  08.29011000e+01   06.89461000e+01   03.11210000e+01  -08.09918000e-02
  08.49672000e+01   06.89578000e+01   02.42736000e+01   04.03650000e-03
  08.37430000e+01   06.80398000e+01   02.90103000e+01  -01.43447000e-01
  08.15808000e+01   06.40221000e+01   03.07669000e+01   01.23287000e-02
  08.08833000e+01   06.64049000e+01   03.50826000e+01   02.21683000e-01
  08.27664000e+01   07.04350000e+01   03.30942000e+01  -05.42921000e-02
  08.11922000e+01   06.48875000e+01   02.76644000e+01   02.66866000e-02
  08.01381000e+01   06.19606000e+01   03.27156000e+01   04.35609000e-02
  08.09038000e+01   06.85613000e+01   03.74572000e+01   02.36507000e-02
  08.39728000e+01   07.25548000e+01   03.10028000e+01  -06.09964000e-02
  08.46646000e+01   06.17747000e+01   03.21739000e+01   08.71130000e-03
  08.32942000e+01   06.67093000e+01   02.91263000e+01   01.26858000e-01
  08.11969000e+01   06.43008000e+01   03.21202000e+01  -03.45042000e-02
  08.12561000e+01   06.77501000e+01   03.49341000e+01  -02.04376000e-01
  08.31043000e+01   07.01724000e+01   03.17213000e+01   07.60142000e-02
  08.44267000e+01   06.23426000e+01   02.95965000e+01   05.08730000e-03
  08.30293000e+01   06.84593000e+01   02.60908000e+01   06.92200000e-04
  08.52123000e+01   06.17239000e+01   03.36071000e+01   00.00000000e+00
  08.36219000e+01   06.55657000e+01   02.81495000e+01   07.64245000e-02
  08.04932000e+01   06.33681000e+01   03.30486000e+01  -04.66821000e-02
  08.13027000e+01   06.87598000e+01   03.59891000e+01   01.65461000e-02
  08.37241000e+01   07.10917000e+01   03.07922000e+01   05.49912000e-02
  08.52563000e+01   06.30103000e+01   03.16307000e+01   03.30200000e-04
  08.52482000e+01   06.87641000e+01   02.56999000e+01   04.02810000e-03
  08.47367000e+01   06.12036000e+01   03.47235000e+01   00.00000000e+00
  08.24384000e+01   06.45569000e+01   02.85023000e+01  -04.69336000e-02
  08.03903000e+01   06.39856000e+01   03.43036000e+01  -07.68710000e-03
  08.19396000e+01   06.98685000e+01   03.54139000e+01  -03.37389000e-02
  08.39900000e+01   07.02596000e+01   02.97007000e+01   03.64969000e-02
  08.49605000e+01   05.98036000e+01   03.51388000e+01   00.00000000e+00
  08.21884000e+01   06.49508000e+01   02.99180000e+01  -09.58259000e-02
  08.07833000e+01   06.53919000e+01   03.40508000e+01  -01.77941000e-01
  08.21782000e+01   06.95837000e+01   03.40018000e+01   06.74294000e-02
  08.35045000e+01   06.90114000e+01   02.99538000e+01   01.44326000e-01
  08.39424000e+01   06.20340000e+01   03.55814000e+01   00.00000000e+00
  08.42113000e+01   06.20977000e+01   03.71127000e+01   00.00000000e+00
  08.56197000e+01   06.27872000e+01   03.74431000e+01   00.00000000e+00
  08.61380000e+01   06.27625000e+01   03.88887000e+01   00.00000000e+00
  08.63321000e+01   06.13256000e+01   03.94627000e+01   00.00000000e+00
  08.51371000e+01   06.34990000e+01   03.97792000e+01   00.00000000e+00
  08.55491000e+01   06.36322000e+01   04.12366000e+01   00.00000000e+00
  08.49712000e+01   06.47774000e+01   04.19818000e+01   00.00000000e+00
  08.53579000e+01   06.49684000e+01   04.34902000e+01   00.00000000e+00
  08.50410000e+01   06.36550000e+01   04.42498000e+01   00.00000000e+00
  08.67757000e+01   06.54535000e+01   04.38065000e+01   00.00000000e+00
  08.70149000e+01   06.69209000e+01   04.34400000e+01   00.00000000e+00
  08.59784000e+01   06.77454000e+01   04.41973000e+01   00.00000000e+00
  08.60815000e+01   06.92373000e+01   04.39598000e+01   00.00000000e+00
  08.75391000e+01   06.97821000e+01   04.39989000e+01   00.00000000e+00
  08.55998000e+01   06.95857000e+01   04.25617000e+01   00.00000000e+00
  08.17900000e+01   06.82870000e+01   03.37732000e+01   03.65717000e-02
  08.18880000e+01   06.72812000e+01   03.18901000e+01  -06.37550000e-03
  08.35761000e+01   07.30641000e+01   03.01194000e+01   01.79582000e-02
  08.34406000e+01   07.28288000e+01   03.18770000e+01   01.23366000e-02
  08.50741000e+01   07.27614000e+01   03.11653000e+01   01.80857000e-02
  08.18509000e+01   06.85571000e+01   03.80251000e+01  -03.55350000e-03
  08.04405000e+01   06.94307000e+01   03.78940000e+01  -05.48890000e-03
  08.02958000e+01   06.77328000e+01   03.77881000e+01  -05.73590000e-03
  07.92514000e+01   06.14623000e+01   03.32640000e+01  -01.16015000e-02
  07.97742000e+01   06.20137000e+01   03.17092000e+01  -01.03548000e-02
  08.10138000e+01   06.13113000e+01   03.28914000e+01  -01.10806000e-02
  08.13032000e+01   06.43485000e+01   02.67408000e+01  -06.50300000e-03
  08.02147000e+01   06.48224000e+01   02.81547000e+01  -03.84930000e-03
  08.14817000e+01   06.59313000e+01   02.74281000e+01  -06.75510000e-03
  08.43396000e+01   06.98370000e+01   02.40593000e+01   06.96000000e-05
  08.58557000e+01   06.91330000e+01   02.36935000e+01  -02.56130000e-03
  08.46185000e+01   06.79206000e+01   02.40138000e+01  -08.86000000e-04
  08.35014000e+01   07.05884000e+01   03.76772000e+01   02.66600000e-04
  08.44388000e+01   07.08261000e+01   03.61806000e+01   02.07780000e-03
  08.38921000e+01   07.22364000e+01   03.71156000e+01   03.44650000e-03
  07.91631000e+01   06.20031000e+01   03.67716000e+01   02.98050000e-03
  08.01883000e+01   06.14155000e+01   03.53054000e+01  -05.01900000e-04
  08.65772000e+01   06.43860000e+01   02.98610000e+01  -05.40000000e-06
  08.51412000e+01   06.52907000e+01   03.04851000e+01  -02.73660000e-03
  08.20878000e+01   07.20439000e+01   03.54317000e+01   06.65000000e-04
  08.14930000e+01   07.14046000e+01   03.69059000e+01  -04.07950000e-03
  08.51449000e+01   06.41784000e+01   02.76642000e+01   01.58140000e-02
  08.58369000e+01   06.58028000e+01   02.81965000e+01   09.11190000e-03
  08.56585000e+01   07.06701000e+01   04.23215000e+01   00.00000000e+00
  08.62414000e+01   06.90429000e+01   04.18358000e+01   00.00000000e+00
  08.45872000e+01   06.92278000e+01   04.23900000e+01   00.00000000e+00
  08.81441000e+01   06.93455000e+01   04.32173000e+01   00.00000000e+00
  08.74240000e+01   07.08740000e+01   04.38534000e+01   00.00000000e+00
  08.79804000e+01   06.96102000e+01   04.49811000e+01   00.00000000e+00
  08.48887000e+01   06.74993000e+01   04.40346000e+01   00.00000000e+00
  08.61718000e+01   06.75203000e+01   04.52376000e+01   00.00000000e+00
  08.79984000e+01   06.72041000e+01   04.37997000e+01   00.00000000e+00
  08.69200000e+01   06.71327000e+01   04.23756000e+01   00.00000000e+00
  08.69801000e+01   06.54378000e+01   04.48838000e+01   00.00000000e+00
  08.74148000e+01   06.47224000e+01   04.32490000e+01   00.00000000e+00
  08.47017000e+01   06.37494000e+01   04.52633000e+01   00.00000000e+00
  08.41976000e+01   06.32575000e+01   04.36635000e+01   00.00000000e+00
  08.58373000e+01   06.30354000e+01   04.41227000e+01   00.00000000e+00
  08.52808000e+01   06.57239000e+01   04.14985000e+01   00.00000000e+00
  08.38772000e+01   06.46318000e+01   04.19006000e+01   00.00000000e+00
  08.54304000e+01   06.27473000e+01   04.17983000e+01   00.00000000e+00
  08.66124000e+01   06.38420000e+01   04.12665000e+01   00.00000000e+00
  08.52000000e+01   06.45808000e+01   03.94799000e+01   00.00000000e+00
  08.40844000e+01   06.31952000e+01   03.96726000e+01   00.00000000e+00
  08.29887000e+01   07.13497000e+01   03.35134000e+01   07.20400000e-04
  08.06935000e+01   06.60610000e+01   03.61059000e+01  -02.39543000e-02
  08.13643000e+01   06.30855000e+01   03.03422000e+01   04.89340000e-03
  08.56283000e+01   06.84097000e+01   02.80206000e+01  -02.28199000e-02
  07.92864000e+01   06.42327000e+01   03.61798000e+01  -01.51750000e-03
  08.69420000e+01   06.07054000e+01   03.88130000e+01   00.00000000e+00
  08.69099000e+01   06.13930000e+01   04.04034000e+01   00.00000000e+00
  08.53220000e+01   06.09716000e+01   03.96272000e+01   00.00000000e+00
  08.70423000e+01   06.33194000e+01   03.89614000e+01   00.00000000e+00
  08.63136000e+01   06.21961000e+01   03.68168000e+01   00.00000000e+00
  08.57029000e+01   06.38634000e+01   03.70082000e+01   00.00000000e+00
  08.34336000e+01   06.26440000e+01   03.76436000e+01   00.00000000e+00
  08.41960000e+01   06.10808000e+01   03.75205000e+01   00.00000000e+00
  08.39302000e+01   06.30071000e+01   03.51567000e+01   00.00000000e+00
  08.28782000e+01   06.17682000e+01   03.53905000e+01   00.00000000e+00
  08.55470000e+01   05.98560000e+01   03.60173000e+01   00.00000000e+00
  08.40094000e+01   05.93340000e+01   03.54585000e+01   00.00000000e+00
  08.54964000e+01   05.91337000e+01   03.44152000e+01   00.00000000e+00
  08.27795000e+01   06.35186000e+01   02.82576000e+01   05.57290000e-03
  08.36541000e+01   06.59455000e+01   02.71276000e+01  -01.28866000e-02
  08.61292000e+01   06.22929000e+01   03.37786000e+01   00.00000000e+00
  08.55122000e+01   06.98455000e+01   04.46719000e+01   00.00000000e+00
  08.35516000e+01   06.20089000e+01   03.23260000e+01  -01.99830000e-03
  08.48153000e+01   06.08101000e+01   03.17486000e+01  -01.85290000e-03
