  08.32290000e+01   06.47107000e+01   02.94241000e+01  -06.11779000e-02
  07.77760000e+01   06.37870000e+01   03.65946000e+01   01.75852000e-02
  08.01926000e+01   07.15211000e+01   03.67593000e+01   01.01800000e-02
  08.31626000e+01   06.97698000e+01   02.93964000e+01  -01.32723000e-02
  08.06082000e+01   06.60106000e+01   03.11411000e+01  -04.57645000e-02
  08.38661000e+01   06.47321000e+01   03.08460000e+01   02.46758000e-02
  07.78190000e+01   06.25965000e+01   03.72157000e+01  -01.71993000e-02
  08.16282000e+01   07.14708000e+01   03.73296000e+01  -09.39340000e-03
  08.31464000e+01   06.81215000e+01   02.91225000e+01   07.66074000e-02
  07.93367000e+01   06.55342000e+01   03.38387000e+01   09.44338000e-02
  08.38204000e+01   07.05637000e+01   02.88323000e+01   01.54319000e-02
  08.32733000e+01   06.38337000e+01   03.18469000e+01  -01.56515000e-02
  08.31212000e+01   06.78745000e+01   02.76206000e+01  -02.00050000e-02
  08.08724000e+01   06.88704000e+01   03.19785000e+01  -08.09918000e-02
  08.42288000e+01   06.84105000e+01   02.55569000e+01   04.03650000e-03
  08.20122000e+01   06.75809000e+01   03.00660000e+01  -01.43447000e-01
  07.94597000e+01   06.40067000e+01   03.19464000e+01   01.23287000e-02
  07.88847000e+01   06.66794000e+01   03.59399000e+01   02.21683000e-01
  08.07666000e+01   07.05429000e+01   03.37455000e+01  -05.42921000e-02
  07.95840000e+01   06.40380000e+01   02.86057000e+01   02.66866000e-02
  07.80816000e+01   06.19866000e+01   03.40257000e+01   04.35609000e-02
  07.85848000e+01   06.90354000e+01   03.81320000e+01   02.36507000e-02
  08.23455000e+01   07.23413000e+01   03.14635000e+01  -06.09964000e-02
  08.24100000e+01   06.36503000e+01   03.40641000e+01   08.71130000e-03
  08.14582000e+01   06.63419000e+01   03.01527000e+01   01.26858000e-01
  07.91439000e+01   06.42812000e+01   03.32672000e+01  -03.45042000e-02
  07.93121000e+01   06.80291000e+01   03.58376000e+01  -02.04376000e-01
  08.11541000e+01   07.01423000e+01   03.24979000e+01   07.60142000e-02
  08.28849000e+01   06.26788000e+01   03.16357000e+01   05.08730000e-03
  08.21519000e+01   06.74449000e+01   02.70073000e+01   06.92200000e-04
  08.31930000e+01   06.25079000e+01   03.46558000e+01   00.00000000e+00
  08.17944000e+01   06.50963000e+01   02.92861000e+01   07.64245000e-02
  07.86170000e+01   06.34025000e+01   03.42883000e+01  -04.66821000e-02
  07.92133000e+01   06.90823000e+01   03.67997000e+01   01.65461000e-02
  08.19554000e+01   07.08621000e+01   03.14714000e+01   05.49912000e-02
  08.31935000e+01   06.44311000e+01   03.30813000e+01   03.30200000e-04
  08.43033000e+01   06.82744000e+01   02.69912000e+01   04.02810000e-03
  08.27783000e+01   06.15096000e+01   03.54367000e+01   00.00000000e+00
  08.06754000e+01   06.40960000e+01   02.96764000e+01  -04.69336000e-02
  07.84809000e+01   06.41847000e+01   03.54260000e+01  -07.68710000e-03
  07.98856000e+01   07.02091000e+01   03.61246000e+01  -03.37389000e-02
  08.23427000e+01   06.98729000e+01   03.05477000e+01   03.64969000e-02
  08.24341000e+01   06.01941000e+01   03.49551000e+01   00.00000000e+00
  08.02192000e+01   06.47436000e+01   03.09828000e+01  -09.58259000e-02
  07.88933000e+01   06.55152000e+01   03.51207000e+01  -01.77941000e-01
  08.01401000e+01   06.98123000e+01   03.47522000e+01   06.74294000e-02
  08.16550000e+01   06.86930000e+01   03.08809000e+01   01.44326000e-01
  08.24052000e+01   06.17242000e+01   03.69001000e+01   00.00000000e+00
  08.34040000e+01   06.25050000e+01   03.77041000e+01   00.00000000e+00
  08.30331000e+01   06.26617000e+01   03.91669000e+01   00.00000000e+00
  08.39460000e+01   06.35903000e+01   04.01515000e+01   00.00000000e+00
  08.53833000e+01   06.30030000e+01   04.04026000e+01   00.00000000e+00
  08.32807000e+01   06.39876000e+01   04.14543000e+01   00.00000000e+00
  08.37976000e+01   06.52533000e+01   04.21780000e+01   00.00000000e+00
  08.27556000e+01   06.58322000e+01   04.31788000e+01   00.00000000e+00
  08.29020000e+01   06.72566000e+01   04.37095000e+01   00.00000000e+00
  08.25390000e+01   06.83981000e+01   04.27235000e+01   00.00000000e+00
  08.42828000e+01   06.74795000e+01   04.42943000e+01   00.00000000e+00
  08.45299000e+01   06.87845000e+01   04.50305000e+01   00.00000000e+00
  08.58332000e+01   06.87417000e+01   04.57413000e+01   00.00000000e+00
  08.65325000e+01   07.01384000e+01   04.59175000e+01   00.00000000e+00
  08.75755000e+01   07.01200000e+01   04.70801000e+01   00.00000000e+00
  08.72560000e+01   07.05572000e+01   04.46479000e+01   00.00000000e+00
  07.97919000e+01   06.85280000e+01   03.46473000e+01   03.65717000e-02
  07.99437000e+01   06.72978000e+01   03.28298000e+01  -06.37550000e-03
  08.28659000e+01   07.26271000e+01   03.05554000e+01   01.79582000e-02
  08.13356000e+01   07.28321000e+01   03.16227000e+01   01.23366000e-02
  08.29166000e+01   07.27042000e+01   03.22995000e+01   01.80857000e-02
  07.81629000e+01   07.00307000e+01   03.83429000e+01  -03.55350000e-03
  07.77957000e+01   06.82542000e+01   03.81770000e+01  -05.48890000e-03
  07.93764000e+01   06.89682000e+01   03.88822000e+01  -05.73590000e-03
  07.76912000e+01   06.18910000e+01   03.30637000e+01  -01.16015000e-02
  07.88543000e+01   06.12359000e+01   03.41525000e+01  -01.03548000e-02
  07.71668000e+01   06.16997000e+01   03.44831000e+01  -01.10806000e-02
  07.99537000e+01   06.35570000e+01   02.77003000e+01  -06.50300000e-03
  07.88329000e+01   06.33801000e+01   02.90047000e+01  -03.84930000e-03
  07.90889000e+01   06.49775000e+01   02.83990000e+01  -06.75510000e-03
  08.38302000e+01   06.76819000e+01   02.49692000e+01   06.96000000e-05
  08.36662000e+01   06.92501000e+01   02.52012000e+01  -02.56130000e-03
  08.51957000e+01   06.85360000e+01   02.51012000e+01  -08.86000000e-04
  08.23621000e+01   07.16138000e+01   03.65117000e+01   02.66600000e-04
  08.16145000e+01   07.22644000e+01   03.80881000e+01   02.07780000e-03
  08.17488000e+01   07.05203000e+01   03.78727000e+01   03.44650000e-03
  07.73587000e+01   06.23250000e+01   03.81801000e+01   02.98050000e-03
  07.84301000e+01   06.17880000e+01   03.67300000e+01  -05.01900000e-04
  08.49102000e+01   06.45092000e+01   03.07737000e+01  -05.40000000e-06
  08.37181000e+01   06.56957000e+01   03.12895000e+01  -02.73660000e-03
  08.00529000e+01   07.22874000e+01   03.60489000e+01   06.65000000e-04
  07.95772000e+01   07.16049000e+01   03.76420000e+01  -04.07950000e-03
  08.34593000e+01   06.37776000e+01   02.89900000e+01   01.58140000e-02
  08.38796000e+01   06.54048000e+01   02.89293000e+01   09.11190000e-03
  08.78567000e+01   06.97367000e+01   04.42504000e+01   00.00000000e+00
  08.65443000e+01   07.09834000e+01   04.39581000e+01   00.00000000e+00
  08.79652000e+01   07.13562000e+01   04.49979000e+01   00.00000000e+00
  08.71662000e+01   06.96886000e+01   04.80402000e+01   00.00000000e+00
  08.83713000e+01   06.94735000e+01   04.68215000e+01   00.00000000e+00
  08.79185000e+01   07.11176000e+01   04.73993000e+01   00.00000000e+00
  08.56194000e+01   06.83615000e+01   04.67502000e+01   00.00000000e+00
  08.65005000e+01   06.80087000e+01   04.53159000e+01   00.00000000e+00
  08.44981000e+01   06.96414000e+01   04.42758000e+01   00.00000000e+00
  08.37360000e+01   06.89417000e+01   04.58305000e+01   00.00000000e+00
  08.44855000e+01   06.66440000e+01   04.50609000e+01   00.00000000e+00
  08.50037000e+01   06.72935000e+01   04.35269000e+01   00.00000000e+00
  08.32069000e+01   06.84488000e+01   04.18613000e+01   00.00000000e+00
  08.15271000e+01   06.83339000e+01   04.23456000e+01   00.00000000e+00
  08.25034000e+01   06.93313000e+01   04.33495000e+01   00.00000000e+00
  08.19403000e+01   06.58323000e+01   04.24967000e+01   00.00000000e+00
  08.25846000e+01   06.50991000e+01   04.40026000e+01   00.00000000e+00
  08.46013000e+01   06.48256000e+01   04.28000000e+01   00.00000000e+00
  08.41308000e+01   06.60424000e+01   04.15115000e+01   00.00000000e+00
  08.23183000e+01   06.42673000e+01   04.10398000e+01   00.00000000e+00
  08.32319000e+01   06.31809000e+01   04.22664000e+01   00.00000000e+00
  08.10472000e+01   07.15381000e+01   03.40409000e+01   07.20400000e-04
  07.86128000e+01   06.64374000e+01   03.69284000e+01  -02.39543000e-02
  07.90466000e+01   06.30287000e+01   03.14725000e+01   04.89340000e-03
  08.41284000e+01   06.77544000e+01   02.93959000e+01  -02.28199000e-02
  07.73101000e+01   06.46236000e+01   03.71610000e+01  -01.51750000e-03
  08.55040000e+01   06.21197000e+01   04.09130000e+01   00.00000000e+00
  08.57296000e+01   06.27059000e+01   03.94457000e+01   00.00000000e+00
  08.60250000e+01   06.37940000e+01   04.08879000e+01   00.00000000e+00
  08.39838000e+01   06.45295000e+01   03.97012000e+01   00.00000000e+00
  08.20610000e+01   06.31389000e+01   03.91339000e+01   00.00000000e+00
  08.28978000e+01   06.16293000e+01   03.94837000e+01   00.00000000e+00
  08.44274000e+01   06.22123000e+01   03.76278000e+01   00.00000000e+00
  08.35124000e+01   06.35123000e+01   03.72618000e+01   00.00000000e+00
  08.14207000e+01   06.22218000e+01   03.68391000e+01   00.00000000e+00
  08.22392000e+01   06.07821000e+01   03.74261000e+01   00.00000000e+00
  08.31016000e+01   05.94532000e+01   03.53753000e+01   00.00000000e+00
  08.13432000e+01   06.00428000e+01   03.51533000e+01   00.00000000e+00
  08.25575000e+01   06.01999000e+01   03.38991000e+01   00.00000000e+00
  08.09664000e+01   06.31116000e+01   02.97344000e+01   05.57290000e-03
  08.16484000e+01   06.53592000e+01   02.82324000e+01  -01.28866000e-02
  08.42523000e+01   06.24473000e+01   03.45523000e+01   00.00000000e+00
  08.58319000e+01   07.09543000e+01   04.60127000e+01   00.00000000e+00
  08.20779000e+01   06.43959000e+01   03.48230000e+01  -01.99830000e-03
  08.15002000e+01   06.30930000e+01   03.37392000e+01  -01.85290000e-03
