  08.49133000e+01   06.60355000e+01   02.81252000e+01  -06.11779000e-02
  07.94285000e+01   06.42795000e+01   03.51337000e+01   01.75852000e-02
  08.14419000e+01   07.20575000e+01   03.60026000e+01   01.01800000e-02
  08.44091000e+01   07.11813000e+01   02.84039000e+01  -01.32723000e-02
  08.22497000e+01   06.72485000e+01   02.99550000e+01  -04.57645000e-02
  08.52840000e+01   06.56350000e+01   02.95793000e+01   02.46758000e-02
  07.85400000e+01   06.32625000e+01   03.49971000e+01  -01.71993000e-02
  08.28071000e+01   07.22433000e+01   03.67277000e+01  -09.39340000e-03
  08.44624000e+01   06.96890000e+01   02.80013000e+01   07.66074000e-02
  08.09953000e+01   06.64482000e+01   03.25543000e+01   09.44338000e-02
  08.49138000e+01   07.20615000e+01   02.77139000e+01   01.54319000e-02
  08.48619000e+01   06.42635000e+01   03.01481000e+01  -01.56515000e-02
  08.41481000e+01   06.96615000e+01   02.65202000e+01  -02.00050000e-02
  08.25527000e+01   06.99295000e+01   03.11138000e+01  -08.09918000e-02
  08.51254000e+01   06.93277000e+01   02.43471000e+01   04.03650000e-03
  08.34846000e+01   06.90611000e+01   02.89393000e+01  -01.43447000e-01
  08.12718000e+01   06.50509000e+01   03.05138000e+01   01.23287000e-02
  08.03905000e+01   06.73006000e+01   03.47731000e+01   02.21683000e-01
  08.22508000e+01   07.14809000e+01   03.29611000e+01  -05.42921000e-02
  08.10421000e+01   06.58246000e+01   02.73663000e+01   02.66866000e-02
  08.02315000e+01   06.28068000e+01   03.22986000e+01   04.35609000e-02
  08.00630000e+01   06.93396000e+01   03.70279000e+01   02.36507000e-02
  08.37924000e+01   07.34855000e+01   03.09484000e+01  -06.09964000e-02
  08.44615000e+01   06.31291000e+01   03.22186000e+01   08.71130000e-03
  08.29811000e+01   06.77502000e+01   02.89173000e+01   01.26858000e-01
  08.09739000e+01   06.52400000e+01   03.18823000e+01  -03.45042000e-02
  08.08779000e+01   06.86101000e+01   03.46397000e+01  -02.04376000e-01
  08.27112000e+01   07.11679000e+01   03.16223000e+01   07.60142000e-02
  08.43391000e+01   06.33907000e+01   02.95513000e+01   05.08730000e-03
  08.30014000e+01   06.97437000e+01   02.60658000e+01   06.92200000e-04
  08.50971000e+01   06.30373000e+01   03.35663000e+01   00.00000000e+00
  08.34332000e+01   06.66147000e+01   02.78973000e+01   07.64245000e-02
  08.03421000e+01   06.42608000e+01   03.27060000e+01  -04.66821000e-02
  08.07503000e+01   06.95943000e+01   03.57167000e+01   01.65461000e-02
  08.34414000e+01   07.19968000e+01   03.07702000e+01   05.49912000e-02
  08.50223000e+01   06.42521000e+01   03.14564000e+01   03.30200000e-04
  08.52995000e+01   06.93962000e+01   02.57786000e+01   04.02810000e-03
  08.46132000e+01   06.22482000e+01   03.45132000e+01   00.00000000e+00
  08.23092000e+01   06.56535000e+01   02.82364000e+01  -04.69336000e-02
  08.00214000e+01   06.49016000e+01   03.38954000e+01  -07.68710000e-03
  08.13685000e+01   07.07744000e+01   03.52083000e+01  -03.37389000e-02
  08.37605000e+01   07.12408000e+01   02.96795000e+01   03.64969000e-02
  08.48434000e+01   06.06717000e+01   03.44683000e+01   00.00000000e+00
  08.19368000e+01   06.59774000e+01   02.96873000e+01  -09.58259000e-02
  08.04037000e+01   06.62904000e+01   03.37731000e+01  -01.77941000e-01
  08.17094000e+01   07.05650000e+01   03.38397000e+01   06.74294000e-02
  08.32274000e+01   06.99694000e+01   02.99448000e+01   01.44326000e-01
  08.35760000e+01   06.27310000e+01   03.55746000e+01   00.00000000e+00
  08.40090000e+01   06.27551000e+01   03.70789000e+01   00.00000000e+00
  08.52385000e+01   06.36455000e+01   03.72273000e+01   00.00000000e+00
  08.59641000e+01   06.37204000e+01   03.86228000e+01   00.00000000e+00
  08.62261000e+01   06.22895000e+01   03.92731000e+01   00.00000000e+00
  08.51593000e+01   06.45789000e+01   03.96298000e+01   00.00000000e+00
  08.54820000e+01   06.46031000e+01   04.11549000e+01   00.00000000e+00
  08.42291000e+01   06.51400000e+01   04.18719000e+01   00.00000000e+00
  08.43194000e+01   06.53376000e+01   04.34054000e+01   00.00000000e+00
  08.43970000e+01   06.38999000e+01   04.40545000e+01   00.00000000e+00
  08.54232000e+01   06.63520000e+01   04.39040000e+01   00.00000000e+00
  08.54613000e+01   06.76498000e+01   04.31337000e+01   00.00000000e+00
  08.55845000e+01   06.88316000e+01   04.40976000e+01   00.00000000e+00
  08.60903000e+01   07.01258000e+01   04.32608000e+01   00.00000000e+00
  08.51574000e+01   07.04860000e+01   04.20785000e+01   00.00000000e+00
  08.63202000e+01   07.13571000e+01   04.41641000e+01   00.00000000e+00
  08.13933000e+01   06.92086000e+01   03.35457000e+01   03.65717000e-02
  08.16622000e+01   06.82890000e+01   03.17701000e+01  -06.37550000e-03
  08.47261000e+01   07.33699000e+01   03.15391000e+01   01.79582000e-02
  08.40181000e+01   07.39480000e+01   02.99874000e+01   01.23366000e-02
  08.30722000e+01   07.40672000e+01   03.14965000e+01   01.80857000e-02
  08.07292000e+01   06.95002000e+01   03.79265000e+01  -03.55350000e-03
  07.93054000e+01   07.01801000e+01   03.71198000e+01  -05.48890000e-03
  07.94909000e+01   06.84436000e+01   03.70701000e+01  -05.73590000e-03
  08.11764000e+01   06.24860000e+01   03.18076000e+01  -01.16015000e-02
  08.00739000e+01   06.21176000e+01   03.30955000e+01  -01.03548000e-02
  07.94087000e+01   06.28334000e+01   03.16367000e+01  -01.10806000e-02
  08.09562000e+01   06.51176000e+01   02.65629000e+01  -06.50300000e-03
  08.00657000e+01   06.55723000e+01   02.79237000e+01  -03.84930000e-03
  08.09667000e+01   06.68622000e+01   02.70642000e+01  -06.75510000e-03
  08.51828000e+01   07.03392000e+01   02.39984000e+01   06.96000000e-05
  08.59513000e+01   06.87858000e+01   02.38827000e+01  -02.56130000e-03
  08.41030000e+01   06.89697000e+01   02.40869000e+01  -08.86000000e-04
  08.34707000e+01   07.25550000e+01   03.59379000e+01   02.66600000e-04
  08.28316000e+01   07.29661000e+01   03.75373000e+01   02.07780000e-03
  08.30544000e+01   07.13143000e+01   03.71688000e+01   03.44650000e-03
  07.80270000e+01   06.27820000e+01   03.58314000e+01   02.98050000e-03
  07.81655000e+01   06.29204000e+01   03.40493000e+01  -05.01900000e-04
  08.63674000e+01   06.57135000e+01   02.96890000e+01  -05.40000000e-06
  08.49393000e+01   06.64271000e+01   03.01547000e+01  -02.73660000e-03
  08.10696000e+01   07.28844000e+01   03.54528000e+01   06.65000000e-04
  08.07618000e+01   07.20048000e+01   03.68626000e+01  -04.07950000e-03
  08.51662000e+01   06.51887000e+01   02.74266000e+01   01.58140000e-02
  08.56363000e+01   06.68197000e+01   02.78797000e+01   09.11190000e-03
  08.71006000e+01   07.10615000e+01   04.48447000e+01   00.00000000e+00
  08.66058000e+01   07.22142000e+01   04.36031000e+01   00.00000000e+00
  08.54344000e+01   07.15029000e+01   04.47589000e+01   00.00000000e+00
  08.41024000e+01   07.07754000e+01   04.23544000e+01   00.00000000e+00
  08.54150000e+01   07.13063000e+01   04.13116000e+01   00.00000000e+00
  08.50723000e+01   06.94897000e+01   04.14766000e+01   00.00000000e+00
  08.46836000e+01   06.90072000e+01   04.46874000e+01   00.00000000e+00
  08.62862000e+01   06.86396000e+01   04.48382000e+01   00.00000000e+00
  08.62570000e+01   06.76425000e+01   04.23975000e+01   00.00000000e+00
  08.44630000e+01   06.77039000e+01   04.26621000e+01   00.00000000e+00
  08.51142000e+01   06.65094000e+01   04.49742000e+01   00.00000000e+00
  08.64876000e+01   06.60386000e+01   04.39215000e+01   00.00000000e+00
  08.43391000e+01   06.38722000e+01   04.51156000e+01   00.00000000e+00
  08.35339000e+01   06.33816000e+01   04.35904000e+01   00.00000000e+00
  08.53039000e+01   06.34194000e+01   04.38290000e+01   00.00000000e+00
  08.39999000e+01   06.61214000e+01   04.15273000e+01   00.00000000e+00
  08.33583000e+01   06.44930000e+01   04.17249000e+01   00.00000000e+00
  08.56645000e+01   06.36062000e+01   04.15438000e+01   00.00000000e+00
  08.64085000e+01   06.52211000e+01   04.12662000e+01   00.00000000e+00
  08.50902000e+01   06.55918000e+01   03.92845000e+01   00.00000000e+00
  08.42081000e+01   06.41148000e+01   03.95029000e+01   00.00000000e+00
  08.23865000e+01   07.25260000e+01   03.32424000e+01   07.20400000e-04
  07.99943000e+01   06.68898000e+01   03.57195000e+01  -02.39543000e-02
  08.12625000e+01   06.40391000e+01   03.00893000e+01   04.89340000e-03
  08.55183000e+01   06.93690000e+01   02.81918000e+01  -02.28199000e-02
  07.96660000e+01   06.47220000e+01   03.61443000e+01  -01.51750000e-03
  08.66317000e+01   06.15660000e+01   03.84900000e+01   00.00000000e+00
  08.70692000e+01   06.23455000e+01   04.00036000e+01   00.00000000e+00
  08.53577000e+01   06.19053000e+01   03.97224000e+01   00.00000000e+00
  08.68665000e+01   06.42687000e+01   03.84131000e+01   00.00000000e+00
  08.59947000e+01   06.32054000e+01   03.65439000e+01   00.00000000e+00
  08.49667000e+01   06.46494000e+01   03.69296000e+01   00.00000000e+00
  08.31733000e+01   06.32957000e+01   03.77865000e+01   00.00000000e+00
  08.41938000e+01   06.16805000e+01   03.72868000e+01   00.00000000e+00
  08.32090000e+01   06.37470000e+01   03.53035000e+01   00.00000000e+00
  08.28144000e+01   06.19021000e+01   03.55158000e+01   00.00000000e+00
  08.47627000e+01   06.03711000e+01   03.34376000e+01   00.00000000e+00
  08.58100000e+01   06.04489000e+01   03.49217000e+01   00.00000000e+00
  08.40289000e+01   06.01721000e+01   03.50397000e+01   00.00000000e+00
  08.26641000e+01   06.46190000e+01   02.80662000e+01   05.57290000e-03
  08.33580000e+01   06.68546000e+01   02.68325000e+01  -01.28866000e-02
  08.60346000e+01   06.35763000e+01   03.36525000e+01   00.00000000e+00
  08.69761000e+01   06.97640000e+01   04.27059000e+01   00.00000000e+00
  08.33160000e+01   06.32113000e+01   03.22076000e+01  -01.99830000e-03
  08.47656000e+01   06.22438000e+01   03.16807000e+01  -01.85290000e-03
