  08.61839000e+01   06.59642000e+01   02.83443000e+01  -06.11779000e-02
  08.04691000e+01   06.41673000e+01   03.50077000e+01   01.75852000e-02
  08.26354000e+01   07.19006000e+01   03.61793000e+01   01.01800000e-02
  08.56806000e+01   07.12829000e+01   02.85292000e+01  -01.32723000e-02
  08.36083000e+01   06.71550000e+01   02.99815000e+01  -04.57645000e-02
  08.65082000e+01   06.53673000e+01   02.97284000e+01   02.46758000e-02
  07.94965000e+01   06.32302000e+01   03.49529000e+01  -01.71993000e-02
  08.39914000e+01   07.21203000e+01   03.67331000e+01  -09.39340000e-03
  08.57622000e+01   06.97223000e+01   02.80429000e+01   07.66074000e-02
  08.21920000e+01   06.63451000e+01   03.25014000e+01   09.44338000e-02
  08.61072000e+01   07.21977000e+01   02.78069000e+01   01.54319000e-02
  08.61666000e+01   06.39588000e+01   03.00794000e+01  -01.56515000e-02
  08.55397000e+01   06.95855000e+01   02.65962000e+01  -02.00050000e-02
  08.37640000e+01   06.99733000e+01   03.11261000e+01  -08.09918000e-02
  08.65328000e+01   06.93458000e+01   02.44762000e+01   04.03650000e-03
  08.48559000e+01   06.90076000e+01   02.90309000e+01  -01.43447000e-01
  08.24901000e+01   06.49460000e+01   03.04233000e+01   01.23287000e-02
  08.16830000e+01   06.71427000e+01   03.47931000e+01   02.21683000e-01
  08.34215000e+01   07.14722000e+01   03.30737000e+01  -05.42921000e-02
  08.24708000e+01   06.56788000e+01   02.71417000e+01   02.66866000e-02
  08.13248000e+01   06.27981000e+01   03.21164000e+01   04.35609000e-02
  08.13363000e+01   06.91768000e+01   03.72215000e+01   02.36507000e-02
  08.47212000e+01   07.36945000e+01   03.09018000e+01  -06.09964000e-02
  08.57979000e+01   06.24000000e+01   03.18916000e+01   08.71130000e-03
  08.44139000e+01   06.76727000e+01   02.90393000e+01   01.26858000e-01
  08.20764000e+01   06.51083000e+01   03.17531000e+01  -03.45042000e-02
  08.21009000e+01   06.84749000e+01   03.47420000e+01  -02.04376000e-01
  08.39270000e+01   07.12023000e+01   03.17700000e+01   07.60142000e-02
  08.57157000e+01   06.31534000e+01   02.92695000e+01   05.08730000e-03
  08.44300000e+01   06.93595000e+01   02.61748000e+01   06.92200000e-04
  08.61895000e+01   06.22926000e+01   03.33041000e+01   00.00000000e+00
  08.48079000e+01   06.65413000e+01   02.80394000e+01   07.64245000e-02
  08.15720000e+01   06.41256000e+01   03.26433000e+01  -04.66821000e-02
  08.19230000e+01   06.94730000e+01   03.58380000e+01   01.65461000e-02
  08.46110000e+01   07.21700000e+01   03.08432000e+01   05.49912000e-02
  08.62593000e+01   06.37350000e+01   03.13978000e+01   03.30200000e-04
  08.67753000e+01   06.95991000e+01   02.59197000e+01   04.02810000e-03
  08.53232000e+01   06.18672000e+01   03.42472000e+01   00.00000000e+00
  08.36141000e+01   06.55118000e+01   02.81980000e+01  -04.69336000e-02
  08.11956000e+01   06.46938000e+01   03.38347000e+01  -07.68710000e-03
  08.25309000e+01   07.06415000e+01   03.53747000e+01  -03.37389000e-02
  08.50145000e+01   07.12672000e+01   02.97959000e+01   03.64969000e-02
  08.52648000e+01   06.03358000e+01   03.45700000e+01   00.00000000e+00
  08.32236000e+01   06.59011000e+01   02.96484000e+01  -09.58259000e-02
  08.16677000e+01   06.61565000e+01   03.37615000e+01  -01.77941000e-01
  08.29333000e+01   07.04382000e+01   03.39689000e+01   06.74294000e-02
  08.45548000e+01   06.99363000e+01   03.00703000e+01   01.44326000e-01
  08.43992000e+01   06.27902000e+01   03.50506000e+01   00.00000000e+00
  08.42554000e+01   06.24669000e+01   03.65546000e+01   00.00000000e+00
  08.56609000e+01   06.25678000e+01   03.71720000e+01   00.00000000e+00
  08.57559000e+01   06.23420000e+01   03.87262000e+01   00.00000000e+00
  08.54175000e+01   06.08512000e+01   03.91561000e+01   00.00000000e+00
  08.52118000e+01   06.35286000e+01   03.95660000e+01   00.00000000e+00
  08.55525000e+01   06.35096000e+01   04.10827000e+01   00.00000000e+00
  08.49841000e+01   06.48219000e+01   04.18775000e+01   00.00000000e+00
  08.52990000e+01   06.50089000e+01   04.33634000e+01   00.00000000e+00
  08.47476000e+01   06.39183000e+01   04.44197000e+01   00.00000000e+00
  08.68269000e+01   06.53277000e+01   04.36603000e+01   00.00000000e+00
  08.72629000e+01   06.67886000e+01   04.33734000e+01   00.00000000e+00
  08.65187000e+01   06.77486000e+01   04.43632000e+01   00.00000000e+00
  08.63843000e+01   06.92774000e+01   04.41410000e+01   00.00000000e+00
  08.76603000e+01   07.01506000e+01   04.44320000e+01   00.00000000e+00
  08.57826000e+01   06.96908000e+01   04.27932000e+01   00.00000000e+00
  08.26084000e+01   06.90952000e+01   03.36080000e+01   03.65717000e-02
  08.28511000e+01   06.81890000e+01   03.17135000e+01  -06.37550000e-03
  08.39839000e+01   07.41101000e+01   03.02098000e+01   01.79582000e-02
  08.43223000e+01   07.39230000e+01   03.18257000e+01   01.23366000e-02
  08.57245000e+01   07.40638000e+01   03.06311000e+01   01.80857000e-02
  08.19999000e+01   06.96051000e+01   03.79563000e+01  -03.55350000e-03
  08.03083000e+01   06.95784000e+01   03.72412000e+01  -05.48890000e-03
  08.12992000e+01   06.81258000e+01   03.73252000e+01  -05.73590000e-03
  08.19872000e+01   06.24111000e+01   03.13643000e+01  -01.16015000e-02
  08.14304000e+01   06.21158000e+01   03.28854000e+01  -01.03548000e-02
  08.03014000e+01   06.28231000e+01   03.17162000e+01  -01.10806000e-02
  08.21791000e+01   06.67449000e+01   02.70203000e+01  -06.50300000e-03
  08.28241000e+01   06.53036000e+01   02.62180000e+01  -03.84930000e-03
  08.15846000e+01   06.51856000e+01   02.75243000e+01  -06.75510000e-03
  08.60919000e+01   06.84233000e+01   02.42271000e+01   06.96000000e-05
  08.58575000e+01   07.01059000e+01   02.41260000e+01  -02.56130000e-03
  08.74224000e+01   06.95329000e+01   02.38578000e+01  -08.86000000e-04
  08.42595000e+01   07.14530000e+01   03.75352000e+01   02.66600000e-04
  08.46996000e+01   07.19678000e+01   03.59142000e+01   02.07780000e-03
  08.40400000e+01   07.31204000e+01   03.71470000e+01   03.44650000e-03
  07.91810000e+01   06.27446000e+01   03.59406000e+01   02.98050000e-03
  07.91199000e+01   06.26531000e+01   03.41651000e+01  -05.01900000e-04
  08.75523000e+01   06.55693000e+01   03.00056000e+01  -05.40000000e-06
  08.59883000e+01   06.60121000e+01   03.04856000e+01  -02.73660000e-03
  08.24683000e+01   07.27112000e+01   03.55162000e+01   06.65000000e-04
  08.18716000e+01   07.18322000e+01   03.69869000e+01  -04.07950000e-03
  08.65806000e+01   06.52276000e+01   02.75569000e+01   01.58140000e-02
  08.67313000e+01   06.68637000e+01   02.82347000e+01   09.11190000e-03
  08.48109000e+01   06.91393000e+01   04.26410000e+01   00.00000000e+00
  08.57190000e+01   07.07969000e+01   04.28202000e+01   00.00000000e+00
  08.66092000e+01   06.92826000e+01   04.20668000e+01   00.00000000e+00
  08.73317000e+01   07.11453000e+01   04.46008000e+01   00.00000000e+00
  08.81679000e+01   06.99698000e+01   04.54013000e+01   00.00000000e+00
  08.83029000e+01   07.00368000e+01   04.35247000e+01   00.00000000e+00
  08.54536000e+01   06.74862000e+01   04.44278000e+01   00.00000000e+00
  08.70427000e+01   06.76158000e+01   04.53292000e+01   00.00000000e+00
  08.83497000e+01   06.68714000e+01   04.34824000e+01   00.00000000e+00
  08.70240000e+01   06.70999000e+01   04.23638000e+01   00.00000000e+00
  08.71680000e+01   06.49999000e+01   04.46543000e+01   00.00000000e+00
  08.73165000e+01   06.46753000e+01   04.29577000e+01   00.00000000e+00
  08.37587000e+01   06.36178000e+01   04.39712000e+01   00.00000000e+00
  08.54220000e+01   06.30310000e+01   04.45854000e+01   00.00000000e+00
  08.47082000e+01   06.44903000e+01   04.53925000e+01   00.00000000e+00
  08.53169000e+01   06.57355000e+01   04.13267000e+01   00.00000000e+00
  08.38784000e+01   06.47627000e+01   04.17041000e+01   00.00000000e+00
  08.50614000e+01   06.26524000e+01   04.15550000e+01   00.00000000e+00
  08.66117000e+01   06.35176000e+01   04.13217000e+01   00.00000000e+00
  08.55954000e+01   06.44894000e+01   03.92034000e+01   00.00000000e+00
  08.40926000e+01   06.35896000e+01   03.95101000e+01   00.00000000e+00
  08.35947000e+01   07.25098000e+01   03.34323000e+01   07.20400000e-04
  08.11026000e+01   06.68930000e+01   03.56870000e+01  -02.39543000e-02
  08.24593000e+01   06.39842000e+01   02.99793000e+01   04.89340000e-03
  08.67773000e+01   06.94572000e+01   02.84269000e+01  -02.28199000e-02
  08.07775000e+01   06.45102000e+01   03.60007000e+01  -01.51750000e-03
  08.58711000e+01   06.01207000e+01   03.86127000e+01   00.00000000e+00
  08.56711000e+01   06.07794000e+01   04.02346000e+01   00.00000000e+00
  08.43348000e+01   06.06719000e+01   03.90260000e+01   00.00000000e+00
  08.68021000e+01   06.24477000e+01   03.89163000e+01   00.00000000e+00
  08.63744000e+01   06.19220000e+01   03.66291000e+01   00.00000000e+00
  08.60722000e+01   06.35385000e+01   03.70425000e+01   00.00000000e+00
  08.35567000e+01   06.30653000e+01   03.70974000e+01   00.00000000e+00
  08.38169000e+01   06.14783000e+01   03.66515000e+01   00.00000000e+00
  08.47530000e+01   06.37932000e+01   03.49370000e+01   00.00000000e+00
  08.34259000e+01   06.27455000e+01   03.45364000e+01   00.00000000e+00
  08.52957000e+01   06.01347000e+01   03.56172000e+01   00.00000000e+00
  08.43561000e+01   05.99341000e+01   03.42579000e+01   00.00000000e+00
  08.60602000e+01   05.99045000e+01   03.40068000e+01   00.00000000e+00
  08.39040000e+01   06.45417000e+01   02.81235000e+01   05.57290000e-03
  08.47969000e+01   06.68388000e+01   02.69809000e+01  -01.28866000e-02
  08.72373000e+01   06.25261000e+01   03.35567000e+01   00.00000000e+00
  08.57837000e+01   06.95619000e+01   04.50187000e+01   00.00000000e+00
  08.47215000e+01   06.23685000e+01   03.17100000e+01  -01.99830000e-03
  08.63049000e+01   06.16252000e+01   03.13050000e+01  -01.85290000e-03
