  08.55770000e+01   06.65286000e+01   02.83239000e+01  -06.11779000e-02
  08.02789000e+01   06.44282000e+01   03.54355000e+01   01.75852000e-02
  08.24128000e+01   07.20825000e+01   03.64441000e+01   01.01800000e-02
  08.47091000e+01   07.17127000e+01   02.84246000e+01  -01.32723000e-02
  08.28872000e+01   06.74944000e+01   03.01216000e+01  -04.57645000e-02
  08.59797000e+01   06.59794000e+01   02.96968000e+01   02.46758000e-02
  07.94031000e+01   06.33761000e+01   03.54891000e+01  -01.71993000e-02
  08.38939000e+01   07.23468000e+01   03.64767000e+01  -09.39340000e-03
  08.48206000e+01   07.01398000e+01   02.80457000e+01   07.66074000e-02
  08.16220000e+01   06.66186000e+01   03.26419000e+01   09.44338000e-02
  08.51292000e+01   07.25536000e+01   02.76475000e+01   01.54319000e-02
  08.57170000e+01   06.45232000e+01   03.00802000e+01  -01.56515000e-02
  08.44181000e+01   06.98800000e+01   02.66492000e+01  -02.00050000e-02
  08.30293000e+01   07.02698000e+01   03.12798000e+01  -08.09918000e-02
  08.51822000e+01   07.01459000e+01   02.44547000e+01   04.03650000e-03
  08.39326000e+01   06.93551000e+01   02.90662000e+01  -01.43447000e-01
  08.21265000e+01   06.52443000e+01   03.07341000e+01   01.23287000e-02
  08.10596000e+01   06.73403000e+01   03.49285000e+01   02.21683000e-01
  08.27010000e+01   07.16507000e+01   03.32038000e+01  -05.42921000e-02
  08.17162000e+01   06.59219000e+01   02.74933000e+01   02.66866000e-02
  08.11831000e+01   06.29263000e+01   03.26185000e+01   04.35609000e-02
  08.07924000e+01   06.93493000e+01   03.74078000e+01   02.36507000e-02
  08.37806000e+01   07.38917000e+01   03.08988000e+01  -06.09964000e-02
  08.54683000e+01   06.29524000e+01   03.18846000e+01   08.71130000e-03
  08.36254000e+01   06.80254000e+01   02.91475000e+01   01.26858000e-01
  08.17285000e+01   06.54321000e+01   03.20591000e+01  -03.45042000e-02
  08.13898000e+01   06.87419000e+01   03.48694000e+01  -02.04376000e-01
  08.31303000e+01   07.15171000e+01   03.18724000e+01   07.60142000e-02
  08.54428000e+01   06.35830000e+01   02.93061000e+01   05.08730000e-03
  08.33395000e+01   06.95130000e+01   02.63127000e+01   06.92200000e-04
  08.57535000e+01   06.26817000e+01   03.33314000e+01   00.00000000e+00
  08.40814000e+01   06.69261000e+01   02.81384000e+01   07.64245000e-02
  08.12273000e+01   06.43742000e+01   03.29609000e+01  -04.66821000e-02
  08.12957000e+01   06.96896000e+01   03.59834000e+01   01.65461000e-02
  08.37105000e+01   07.23988000e+01   03.08363000e+01   05.49912000e-02
  08.58383000e+01   06.43348000e+01   03.14716000e+01   03.30200000e-04
  08.54343000e+01   07.03417000e+01   02.58907000e+01   04.02810000e-03
  08.49426000e+01   06.19919000e+01   03.41518000e+01   00.00000000e+00
  08.29893000e+01   06.58552000e+01   02.84418000e+01  -04.69336000e-02
  08.07677000e+01   06.49974000e+01   03.41067000e+01  -07.68710000e-03
  08.20034000e+01   07.08722000e+01   03.55760000e+01  -03.37389000e-02
  08.40265000e+01   07.16698000e+01   02.97334000e+01   03.64969000e-02
  08.50637000e+01   06.04784000e+01   03.42277000e+01   00.00000000e+00
  08.26009000e+01   06.62143000e+01   02.98763000e+01  -09.58259000e-02
  08.12286000e+01   06.63863000e+01   03.39433000e+01  -01.77941000e-01
  08.22335000e+01   07.06809000e+01   03.41082000e+01   06.74294000e-02
  08.36421000e+01   07.03167000e+01   03.00617000e+01   01.44326000e-01
  08.39627000e+01   06.26296000e+01   03.51191000e+01   00.00000000e+00
  08.41194000e+01   06.23902000e+01   03.66506000e+01   00.00000000e+00
  08.54637000e+01   06.29008000e+01   03.72373000e+01   00.00000000e+00
  08.58495000e+01   06.24703000e+01   03.86325000e+01   00.00000000e+00
  08.57234000e+01   06.09431000e+01   03.89462000e+01   00.00000000e+00
  08.51000000e+01   06.33761000e+01   03.96908000e+01   00.00000000e+00
  08.55278000e+01   06.33386000e+01   04.11279000e+01   00.00000000e+00
  08.47346000e+01   06.43940000e+01   04.19201000e+01   00.00000000e+00
  08.49947000e+01   06.45147000e+01   04.34156000e+01   00.00000000e+00
  08.48035000e+01   06.33110000e+01   04.42113000e+01   00.00000000e+00
  08.63117000e+01   06.52573000e+01   04.38008000e+01   00.00000000e+00
  08.64408000e+01   06.67576000e+01   04.34048000e+01   00.00000000e+00
  08.57856000e+01   06.76819000e+01   04.44583000e+01   00.00000000e+00
  08.56935000e+01   06.91217000e+01   04.40372000e+01   00.00000000e+00
  08.71484000e+01   06.97834000e+01   04.40762000e+01   00.00000000e+00
  08.48847000e+01   06.92952000e+01   04.27131000e+01   00.00000000e+00
  08.18945000e+01   06.93958000e+01   03.37658000e+01   03.65717000e-02
  08.21651000e+01   06.85029000e+01   03.18308000e+01  -06.37550000e-03
  08.33396000e+01   07.41956000e+01   03.18763000e+01   01.79582000e-02
  08.47849000e+01   07.41818000e+01   03.06607000e+01   01.23366000e-02
  08.31013000e+01   07.42908000e+01   03.02192000e+01   01.80857000e-02
  08.07065000e+01   07.03427000e+01   03.78915000e+01  -03.55350000e-03
  07.98247000e+01   06.87922000e+01   03.74977000e+01  -05.48890000e-03
  08.15107000e+01   06.88127000e+01   03.79503000e+01  -05.73590000e-03
  08.20593000e+01   06.25004000e+01   03.21359000e+01  -01.16015000e-02
  08.09270000e+01   06.23562000e+01   03.34694000e+01  -01.03548000e-02
  08.04035000e+01   06.26732000e+01   03.18055000e+01  -01.10806000e-02
  08.19043000e+01   06.57382000e+01   02.64329000e+01  -06.50300000e-03
  08.10357000e+01   06.51989000e+01   02.78684000e+01  -03.84930000e-03
  08.12553000e+01   06.68984000e+01   02.74847000e+01  -06.75510000e-03
  08.48266000e+01   06.91267000e+01   02.42416000e+01   06.96000000e-05
  08.44005000e+01   07.08211000e+01   02.40848000e+01  -02.56130000e-03
  08.61410000e+01   07.03507000e+01   02.39099000e+01  -08.86000000e-04
  08.42741000e+01   07.27626000e+01   03.56400000e+01   02.66600000e-04
  08.39892000e+01   07.30649000e+01   03.72662000e+01   02.07780000e-03
  08.44893000e+01   07.14615000e+01   03.65960000e+01   03.44650000e-03
  07.89979000e+01   06.30236000e+01   03.64773000e+01   02.98050000e-03
  07.90369000e+01   06.28681000e+01   03.45826000e+01  -05.01900000e-04
  08.70831000e+01   06.61187000e+01   02.96787000e+01  -05.40000000e-06
  08.55930000e+01   06.66956000e+01   03.04297000e+01  -02.73660000e-03
  08.19754000e+01   07.30405000e+01   03.61679000e+01   06.65000000e-04
  08.20043000e+01   07.19400000e+01   03.74430000e+01  -04.07950000e-03
  08.57893000e+01   06.59049000e+01   02.74979000e+01   01.58140000e-02
  08.61304000e+01   06.74467000e+01   02.81694000e+01   09.11190000e-03
  08.47602000e+01   07.03806000e+01   04.25022000e+01   00.00000000e+00
  08.53879000e+01   06.89370000e+01   04.18137000e+01   00.00000000e+00
  08.38967000e+01   06.87739000e+01   04.28803000e+01   00.00000000e+00
  08.78996000e+01   06.91747000e+01   04.35861000e+01   00.00000000e+00
  08.70815000e+01   07.07634000e+01   04.36187000e+01   00.00000000e+00
  08.73420000e+01   06.98377000e+01   04.51006000e+01   00.00000000e+00
  08.48093000e+01   06.73032000e+01   04.46246000e+01   00.00000000e+00
  08.63445000e+01   06.76593000e+01   04.53458000e+01   00.00000000e+00
  08.74962000e+01   06.69302000e+01   04.34977000e+01   00.00000000e+00
  08.61858000e+01   06.69844000e+01   04.23050000e+01   00.00000000e+00
  08.63708000e+01   06.52380000e+01   04.48759000e+01   00.00000000e+00
  08.71865000e+01   06.47649000e+01   04.33472000e+01   00.00000000e+00
  08.38936000e+01   06.28294000e+01   04.37045000e+01   00.00000000e+00
  08.56422000e+01   06.26291000e+01   04.40944000e+01   00.00000000e+00
  08.44756000e+01   06.35929000e+01   04.52169000e+01   00.00000000e+00
  08.48673000e+01   06.53539000e+01   04.13540000e+01   00.00000000e+00
  08.36318000e+01   06.40308000e+01   04.18628000e+01   00.00000000e+00
  08.53358000e+01   06.23249000e+01   04.14925000e+01   00.00000000e+00
  08.66335000e+01   06.33372000e+01   04.11853000e+01   00.00000000e+00
  08.52098000e+01   06.43821000e+01   03.92765000e+01   00.00000000e+00
  08.39903000e+01   06.31147000e+01   03.96273000e+01   00.00000000e+00
  08.27469000e+01   07.26894000e+01   03.36022000e+01   07.20400000e-04
  08.05300000e+01   06.70397000e+01   03.58622000e+01  -02.39543000e-02
  08.21419000e+01   06.42629000e+01   03.02517000e+01   04.89340000e-03
  08.59121000e+01   07.00122000e+01   02.81706000e+01  -02.28199000e-02
  08.05480000e+01   06.48954000e+01   03.63205000e+01  -01.51750000e-03
  08.64652000e+01   06.08062000e+01   03.97402000e+01   00.00000000e+00
  08.46665000e+01   06.07315000e+01   03.92630000e+01   00.00000000e+00
  08.61059000e+01   06.02801000e+01   03.81245000e+01   00.00000000e+00
  08.69433000e+01   06.27236000e+01   03.87131000e+01   00.00000000e+00
  08.62531000e+01   06.23492000e+01   03.66294000e+01   00.00000000e+00
  08.56134000e+01   06.39590000e+01   03.71307000e+01   00.00000000e+00
  08.32257000e+01   06.28357000e+01   03.72100000e+01   00.00000000e+00
  08.40657000e+01   06.13026000e+01   03.68768000e+01   00.00000000e+00
  08.37783000e+01   06.36309000e+01   03.47735000e+01   00.00000000e+00
  08.29314000e+01   06.22657000e+01   03.49719000e+01   00.00000000e+00
  08.57958000e+01   06.00061000e+01   03.35762000e+01   00.00000000e+00
  08.53699000e+01   06.01648000e+01   03.52249000e+01   00.00000000e+00
  08.40624000e+01   06.01169000e+01   03.40538000e+01   00.00000000e+00
  08.34946000e+01   06.48789000e+01   02.84555000e+01   05.57290000e-03
  08.39955000e+01   06.73213000e+01   02.71208000e+01  -01.28866000e-02
  08.66970000e+01   06.30207000e+01   03.37333000e+01   00.00000000e+00
  08.51184000e+01   06.95999000e+01   04.48646000e+01   00.00000000e+00
  08.44068000e+01   06.27577000e+01   03.16092000e+01  -01.99830000e-03
  08.59866000e+01   06.22045000e+01   03.13360000e+01  -01.85290000e-03
