  08.33068000e+01   06.62158000e+01   02.86446000e+01  -06.11779000e-02
  07.83494000e+01   06.42465000e+01   03.59940000e+01   01.75852000e-02
  08.01073000e+01   07.19807000e+01   03.69896000e+01   01.01800000e-02
  08.31876000e+01   07.12156000e+01   02.93042000e+01  -01.32723000e-02
  08.06729000e+01   06.73003000e+01   03.07120000e+01  -04.57645000e-02
  08.39886000e+01   06.58448000e+01   02.99278000e+01   02.46758000e-02
  07.74888000e+01   06.32245000e+01   03.62871000e+01  -01.71993000e-02
  08.14094000e+01   07.18186000e+01   03.78758000e+01  -09.39340000e-03
  08.31920000e+01   06.96358000e+01   02.88455000e+01   07.66074000e-02
  07.92788000e+01   06.65212000e+01   03.32443000e+01   09.44338000e-02
  08.38453000e+01   07.20163000e+01   02.86173000e+01   01.54319000e-02
  08.35229000e+01   06.47775000e+01   03.07065000e+01  -01.56515000e-02
  08.29996000e+01   06.95318000e+01   02.73002000e+01  -02.00050000e-02
  08.11404000e+01   07.00107000e+01   03.19091000e+01  -08.09918000e-02
  08.40723000e+01   06.91590000e+01   02.52766000e+01   04.03650000e-03
  08.21653000e+01   06.90677000e+01   02.98486000e+01  -01.43447000e-01
  07.95292000e+01   06.51710000e+01   03.11656000e+01   01.23287000e-02
  07.88813000e+01   06.72426000e+01   03.54991000e+01   02.21683000e-01
  08.10301000e+01   07.14359000e+01   03.38913000e+01  -05.42921000e-02
  07.96064000e+01   06.58240000e+01   02.78949000e+01   02.66866000e-02
  07.84893000e+01   06.27989000e+01   03.30393000e+01   04.35609000e-02
  07.87926000e+01   06.92502000e+01   03.80562000e+01   02.36507000e-02
  08.24299000e+01   07.34419000e+01   03.17905000e+01  -06.09964000e-02
  08.25823000e+01   06.42448000e+01   03.28658000e+01   08.71130000e-03
  08.15787000e+01   06.77914000e+01   02.97767000e+01   01.26858000e-01
  07.91476000e+01   06.53836000e+01   03.25664000e+01  -03.45042000e-02
  07.93425000e+01   06.86322000e+01   03.54841000e+01  -02.04376000e-01
  08.13742000e+01   07.11867000e+01   03.25393000e+01   07.60142000e-02
  08.30895000e+01   06.36670000e+01   03.03492000e+01   05.08730000e-03
  08.20266000e+01   06.91395000e+01   02.66937000e+01   06.92200000e-04
  08.34539000e+01   06.31261000e+01   03.34767000e+01   00.00000000e+00
  08.18350000e+01   06.66608000e+01   02.87455000e+01   07.64245000e-02
  07.86544000e+01   06.43114000e+01   03.34224000e+01  -04.66821000e-02
  07.92894000e+01   06.95960000e+01   03.65669000e+01   01.65461000e-02
  08.20453000e+01   07.20741000e+01   03.16378000e+01   05.49912000e-02
  08.34212000e+01   06.51630000e+01   03.20703000e+01   03.30200000e-04
  08.41973000e+01   06.96908000e+01   02.66130000e+01   04.02810000e-03
  08.29990000e+01   06.19255000e+01   03.39209000e+01   00.00000000e+00
  08.06641000e+01   06.56829000e+01   02.90204000e+01  -04.69336000e-02
  07.85947000e+01   06.49192000e+01   03.47054000e+01  -07.68710000e-03
  07.98925000e+01   07.07816000e+01   03.60907000e+01  -03.37389000e-02
  08.24536000e+01   07.12647000e+01   03.05704000e+01   03.64969000e-02
  08.28638000e+01   06.06613000e+01   03.30493000e+01   00.00000000e+00
  08.01905000e+01   06.60746000e+01   03.03681000e+01  -09.58259000e-02
  07.88492000e+01   06.63275000e+01   03.45050000e+01  -01.77941000e-01
  08.03605000e+01   07.05253000e+01   03.47576000e+01   06.74294000e-02
  08.18805000e+01   07.00089000e+01   03.08050000e+01   01.44326000e-01
  08.25916000e+01   06.17892000e+01   03.53983000e+01   00.00000000e+00
  08.23242000e+01   06.31330000e+01   03.61237000e+01   00.00000000e+00
  08.17952000e+01   06.30244000e+01   03.75457000e+01   00.00000000e+00
  08.28930000e+01   06.34036000e+01   03.85942000e+01   00.00000000e+00
  08.41430000e+01   06.24949000e+01   03.83935000e+01   00.00000000e+00
  08.22605000e+01   06.32838000e+01   04.00261000e+01   00.00000000e+00
  08.30757000e+01   06.36583000e+01   04.11970000e+01   00.00000000e+00
  08.37838000e+01   06.49324000e+01   04.11166000e+01   00.00000000e+00
  08.48587000e+01   06.52968000e+01   04.21883000e+01   00.00000000e+00
  08.40927000e+01   06.61505000e+01   04.32996000e+01   00.00000000e+00
  08.61914000e+01   06.58867000e+01   04.17793000e+01   00.00000000e+00
  08.73078000e+01   06.55372000e+01   04.28092000e+01   00.00000000e+00
  08.86823000e+01   06.61981000e+01   04.24645000e+01   00.00000000e+00
  08.98750000e+01   06.58086000e+01   04.34422000e+01   00.00000000e+00
  09.10989000e+01   06.66439000e+01   04.30152000e+01   00.00000000e+00
  08.94046000e+01   06.60850000e+01   04.49465000e+01   00.00000000e+00
  07.99118000e+01   06.92380000e+01   03.43904000e+01   03.65717000e-02
  08.01012000e+01   06.83112000e+01   03.24912000e+01  -06.37550000e-03
  08.22059000e+01   07.40908000e+01   03.10150000e+01   01.79582000e-02
  08.18553000e+01   07.38278000e+01   03.26417000e+01   01.23366000e-02
  08.34770000e+01   07.35241000e+01   03.19574000e+01   01.80857000e-02
  07.94494000e+01   06.96365000e+01   03.88062000e+01  -03.55350000e-03
  07.78564000e+01   06.98513000e+01   03.81212000e+01  -05.48890000e-03
  07.83764000e+01   06.82819000e+01   03.81557000e+01  -05.73590000e-03
  07.94323000e+01   06.22868000e+01   03.29432000e+01  -01.16015000e-02
  07.79739000e+01   06.22623000e+01   03.38387000e+01  -01.03548000e-02
  07.79034000e+01   06.27000000e+01   03.21262000e+01  -01.10806000e-02
  07.94049000e+01   06.68758000e+01   02.76070000e+01  -06.50300000e-03
  07.98942000e+01   06.53214000e+01   02.69558000e+01  -03.84930000e-03
  07.87894000e+01   06.52968000e+01   02.82682000e+01  -06.75510000e-03
  08.35591000e+01   06.99135000e+01   02.47644000e+01   06.96000000e-05
  08.49876000e+01   06.90459000e+01   02.46626000e+01  -02.56130000e-03
  08.36248000e+01   06.82143000e+01   02.50860000e+01  -08.86000000e-04
  08.13149000e+01   07.10518000e+01   03.86839000e+01   02.66600000e-04
  08.23241000e+01   07.16010000e+01   03.72948000e+01   02.07780000e-03
  08.16904000e+01   07.27337000e+01   03.83099000e+01   03.44650000e-03
  07.74180000e+01   06.28541000e+01   03.73482000e+01   02.98050000e-03
  07.67284000e+01   06.28044000e+01   03.56222000e+01  -05.01900000e-04
  08.50408000e+01   06.55941000e+01   02.96884000e+01  -05.40000000e-06
  08.39323000e+01   06.67734000e+01   03.05999000e+01  -02.73660000e-03
  08.01344000e+01   07.28424000e+01   03.63068000e+01   06.65000000e-04
  07.93006000e+01   07.21881000e+01   03.76909000e+01  -04.07950000e-03
  08.34102000e+01   06.53227000e+01   02.80186000e+01   01.58140000e-02
  08.38708000e+01   06.69592000e+01   02.81728000e+01   09.11190000e-03
  08.85289000e+01   06.55554000e+01   04.52766000e+01   00.00000000e+00
  09.01514000e+01   06.57308000e+01   04.55984000e+01   00.00000000e+00
  08.92976000e+01   06.70914000e+01   04.51991000e+01   00.00000000e+00
  09.19012000e+01   06.63898000e+01   04.36673000e+01   00.00000000e+00
  09.13144000e+01   06.66383000e+01   04.19014000e+01   00.00000000e+00
  09.08423000e+01   06.76958000e+01   04.32202000e+01   00.00000000e+00
  08.89219000e+01   06.59293000e+01   04.14832000e+01   00.00000000e+00
  08.85338000e+01   06.72498000e+01   04.25053000e+01   00.00000000e+00
  08.69340000e+01   06.60049000e+01   04.37441000e+01   00.00000000e+00
  08.75213000e+01   06.45360000e+01   04.30191000e+01   00.00000000e+00
  08.64275000e+01   06.53119000e+01   04.09222000e+01   00.00000000e+00
  08.61774000e+01   06.69655000e+01   04.15258000e+01   00.00000000e+00
  08.38596000e+01   06.71586000e+01   04.28787000e+01   00.00000000e+00
  08.32261000e+01   06.55446000e+01   04.34362000e+01   00.00000000e+00
  08.46415000e+01   06.61919000e+01   04.42235000e+01   00.00000000e+00
  08.44631000e+01   06.48886000e+01   04.02502000e+01   00.00000000e+00
  08.31259000e+01   06.57856000e+01   04.09537000e+01   00.00000000e+00
  08.23513000e+01   06.37534000e+01   04.20684000e+01   00.00000000e+00
  08.38094000e+01   06.28418000e+01   04.13536000e+01   00.00000000e+00
  08.14097000e+01   06.39473000e+01   04.00362000e+01   00.00000000e+00
  08.18782000e+01   06.22534000e+01   04.01856000e+01   00.00000000e+00
  08.13225000e+01   07.23945000e+01   03.43598000e+01   07.20400000e-04
  07.83208000e+01   06.68670000e+01   03.63288000e+01  -02.39543000e-02
  07.94841000e+01   06.41815000e+01   03.06752000e+01   04.89340000e-03
  08.41844000e+01   06.92211000e+01   02.91463000e+01  -02.28199000e-02
  07.89669000e+01   06.45770000e+01   03.68373000e+01  -01.51750000e-03
  08.45488000e+01   06.26278000e+01   03.73997000e+01   00.00000000e+00
  08.48969000e+01   06.27660000e+01   03.91136000e+01   00.00000000e+00
  08.38750000e+01   06.14714000e+01   03.86222000e+01   00.00000000e+00
  08.32201000e+01   06.44565000e+01   03.83947000e+01   00.00000000e+00
  08.08781000e+01   06.36610000e+01   03.76843000e+01   00.00000000e+00
  08.15646000e+01   06.20192000e+01   03.78350000e+01   00.00000000e+00
  08.31784000e+01   06.37732000e+01   03.61408000e+01   00.00000000e+00
  08.16117000e+01   06.35427000e+01   03.55523000e+01   00.00000000e+00
  08.17160000e+01   06.12027000e+01   03.56347000e+01   00.00000000e+00
  08.34092000e+01   06.12553000e+01   03.58592000e+01   00.00000000e+00
  08.30034000e+01   06.09407000e+01   03.19903000e+01   00.00000000e+00
  08.36375000e+01   05.98796000e+01   03.31383000e+01   00.00000000e+00
  08.19398000e+01   06.03391000e+01   03.31759000e+01   00.00000000e+00
  08.10495000e+01   06.46365000e+01   02.90313000e+01   05.57290000e-03
  08.16882000e+01   06.69073000e+01   02.77076000e+01  -01.28866000e-02
  08.44978000e+01   06.33998000e+01   03.34719000e+01   00.00000000e+00
  09.00605000e+01   06.47963000e+01   04.33117000e+01   00.00000000e+00
  08.21544000e+01   06.47212000e+01   03.37938000e+01  -01.99830000e-03
  08.17077000e+01   06.37984000e+01   03.23772000e+01  -01.85290000e-03
