  08.63010000e+01   06.63191000e+01   02.83403000e+01  -06.11779000e-02
  08.08551000e+01   06.43462000e+01   03.52268000e+01   01.75852000e-02
  08.27771000e+01   07.21724000e+01   03.60192000e+01   01.01800000e-02
  08.58144000e+01   07.12819000e+01   02.84177000e+01  -01.32723000e-02
  08.35026000e+01   06.74031000e+01   03.00060000e+01  -04.57645000e-02
  08.66899000e+01   06.58094000e+01   02.97572000e+01   02.46758000e-02
  07.99227000e+01   06.33330000e+01   03.53235000e+01  -01.71993000e-02
  08.42095000e+01   07.22202000e+01   03.66806000e+01  -09.39340000e-03
  08.58020000e+01   06.98778000e+01   02.80007000e+01   07.66074000e-02
  08.21511000e+01   06.66101000e+01   03.24972000e+01   09.44338000e-02
  08.62777000e+01   07.21958000e+01   02.77349000e+01   01.54319000e-02
  08.62576000e+01   06.44344000e+01   03.01099000e+01  -01.56515000e-02
  08.52812000e+01   06.98473000e+01   02.65424000e+01  -02.00050000e-02
  08.38348000e+01   07.01145000e+01   03.10706000e+01  -08.09918000e-02
  08.60223000e+01   06.97085000e+01   02.42913000e+01   04.03650000e-03
  08.49056000e+01   06.91678000e+01   02.90691000e+01  -01.43447000e-01
  08.23258000e+01   06.53388000e+01   03.04621000e+01   01.23287000e-02
  08.16515000e+01   06.74484000e+01   03.47230000e+01   02.21683000e-01
  08.34114000e+01   07.16395000e+01   03.29619000e+01  -05.42921000e-02
  08.24679000e+01   06.58983000e+01   02.73355000e+01   02.66866000e-02
  08.13212000e+01   06.30154000e+01   03.22897000e+01   04.35609000e-02
  08.13213000e+01   06.95160000e+01   03.71150000e+01   02.36507000e-02
  08.47147000e+01   07.37854000e+01   03.08031000e+01  -06.09964000e-02
  08.59190000e+01   06.27999000e+01   03.18472000e+01   08.71130000e-03
  08.43889000e+01   06.78502000e+01   02.90350000e+01   01.26858000e-01
  08.20278000e+01   06.54465000e+01   03.18137000e+01  -03.45042000e-02
  08.19837000e+01   06.87580000e+01   03.46062000e+01  -02.04376000e-01
  08.38539000e+01   07.13784000e+01   03.16333000e+01   07.60142000e-02
  08.58244000e+01   06.35813000e+01   02.93495000e+01   05.08730000e-03
  08.41451000e+01   06.97074000e+01   02.61558000e+01   06.92200000e-04
  08.62213000e+01   06.25951000e+01   03.32816000e+01   00.00000000e+00
  08.47659000e+01   06.67458000e+01   02.80862000e+01   07.64245000e-02
  08.14839000e+01   06.44221000e+01   03.26628000e+01  -04.66821000e-02
  08.18985000e+01   06.97955000e+01   03.57249000e+01   01.65461000e-02
  08.46287000e+01   07.22652000e+01   03.07123000e+01   05.49912000e-02
  08.63954000e+01   06.41050000e+01   03.14476000e+01   03.30200000e-04
  08.63312000e+01   06.97578000e+01   02.57203000e+01   04.02810000e-03
  08.54517000e+01   06.20036000e+01   03.41496000e+01   00.00000000e+00
  08.35739000e+01   06.58230000e+01   02.83170000e+01  -04.69336000e-02
  08.13194000e+01   06.49557000e+01   03.39649000e+01  -07.68710000e-03
  08.25102000e+01   07.09323000e+01   03.52488000e+01  -03.37389000e-02
  08.50750000e+01   07.13532000e+01   02.96598000e+01   03.64969000e-02
  08.54136000e+01   06.04804000e+01   03.41503000e+01   00.00000000e+00
  08.30530000e+01   06.61862000e+01   02.96766000e+01  -09.58259000e-02
  08.17116000e+01   06.63554000e+01   03.37664000e+01  -01.77941000e-01
  08.28961000e+01   07.06549000e+01   03.38650000e+01   06.74294000e-02
  08.45615000e+01   07.01089000e+01   02.99921000e+01   01.44326000e-01
  08.46108000e+01   06.27727000e+01   03.51629000e+01   00.00000000e+00
  08.49570000e+01   06.24374000e+01   03.66552000e+01   00.00000000e+00
  08.62503000e+01   06.29414000e+01   03.72235000e+01   00.00000000e+00
  08.64319000e+01   06.25768000e+01   03.87345000e+01   00.00000000e+00
  08.64965000e+01   06.10529000e+01   03.90754000e+01   00.00000000e+00
  08.55053000e+01   06.34280000e+01   03.96423000e+01   00.00000000e+00
  08.59259000e+01   06.33919000e+01   04.11533000e+01   00.00000000e+00
  08.49988000e+01   06.42307000e+01   04.20458000e+01   00.00000000e+00
  08.53699000e+01   06.43840000e+01   04.35599000e+01   00.00000000e+00
  08.51130000e+01   06.31350000e+01   04.44130000e+01   00.00000000e+00
  08.68713000e+01   06.47626000e+01   04.38635000e+01   00.00000000e+00
  08.74210000e+01   06.60900000e+01   04.32542000e+01   00.00000000e+00
  08.67920000e+01   06.72911000e+01   04.40132000e+01   00.00000000e+00
  08.68924000e+01   06.87567000e+01   04.34287000e+01   00.00000000e+00
  08.82340000e+01   06.92418000e+01   04.29935000e+01   00.00000000e+00
  08.59935000e+01   06.89554000e+01   04.21360000e+01   00.00000000e+00
  08.26956000e+01   06.93093000e+01   03.35937000e+01   03.65717000e-02
  08.28763000e+01   06.84634000e+01   03.17133000e+01  -06.37550000e-03
  08.44924000e+01   07.42095000e+01   02.98580000e+01   01.79582000e-02
  08.39859000e+01   07.41691000e+01   03.14856000e+01   01.23366000e-02
  08.56718000e+01   07.39538000e+01   03.11946000e+01   01.80857000e-02
  08.05258000e+01   06.88903000e+01   03.71028000e+01  -03.55350000e-03
  08.20962000e+01   06.92212000e+01   03.78091000e+01  -05.48890000e-03
  08.09043000e+01   07.04470000e+01   03.75545000e+01  -05.73590000e-03
  08.03149000e+01   06.25974000e+01   03.23052000e+01  -01.16015000e-02
  08.18850000e+01   06.27872000e+01   03.13599000e+01  -01.03548000e-02
  08.17959000e+01   06.24763000e+01   03.30874000e+01  -01.10806000e-02
  08.19921000e+01   06.68675000e+01   02.72643000e+01  -06.50300000e-03
  08.28512000e+01   06.57541000e+01   02.63527000e+01  -03.84930000e-03
  08.17694000e+01   06.51541000e+01   02.75246000e+01  -06.75510000e-03
  08.54016000e+01   06.88759000e+01   02.40549000e+01   06.96000000e-05
  08.56066000e+01   07.06137000e+01   02.39930000e+01  -02.56130000e-03
  08.69801000e+01   06.96215000e+01   02.37047000e+01  -08.86000000e-04
  08.43719000e+01   07.13073000e+01   03.71762000e+01   02.66600000e-04
  08.49427000e+01   07.22235000e+01   03.58896000e+01   02.07780000e-03
  08.42995000e+01   07.30298000e+01   03.73937000e+01   03.44650000e-03
  07.96088000e+01   06.29328000e+01   03.63337000e+01   02.98050000e-03
  07.93623000e+01   06.30174000e+01   03.44326000e+01  -05.01900000e-04
  08.77552000e+01   06.58690000e+01   02.99052000e+01  -05.40000000e-06
  08.62937000e+01   06.65312000e+01   03.05036000e+01  -02.73660000e-03
  08.27023000e+01   07.31419000e+01   03.54532000e+01   06.65000000e-04
  08.19960000e+01   07.23504000e+01   03.67707000e+01  -04.07950000e-03
  08.65558000e+01   06.54772000e+01   02.77294000e+01   01.58140000e-02
  08.70244000e+01   06.70421000e+01   02.80337000e+01   09.11190000e-03
  08.50181000e+01   06.85064000e+01   04.23493000e+01   00.00000000e+00
  08.57918000e+01   07.00153000e+01   04.18152000e+01   00.00000000e+00
  08.64819000e+01   06.84550000e+01   04.12964000e+01   00.00000000e+00
  08.83030000e+01   07.02446000e+01   04.25281000e+01   00.00000000e+00
  08.88844000e+01   06.92044000e+01   04.39220000e+01   00.00000000e+00
  08.86346000e+01   06.84643000e+01   04.22829000e+01   00.00000000e+00
  08.57566000e+01   06.71407000e+01   04.43208000e+01   00.00000000e+00
  08.73831000e+01   06.73303000e+01   04.48783000e+01   00.00000000e+00
  08.85344000e+01   06.61715000e+01   04.33519000e+01   00.00000000e+00
  08.71877000e+01   06.62012000e+01   04.21654000e+01   00.00000000e+00
  08.71234000e+01   06.47783000e+01   04.49068000e+01   00.00000000e+00
  08.75353000e+01   06.39176000e+01   04.35142000e+01   00.00000000e+00
  08.40613000e+01   06.30045000e+01   04.44822000e+01   00.00000000e+00
  08.55972000e+01   06.22335000e+01   04.40291000e+01   00.00000000e+00
  08.54678000e+01   06.33072000e+01   04.54672000e+01   00.00000000e+00
  08.49735000e+01   06.52991000e+01   04.17001000e+01   00.00000000e+00
  08.39719000e+01   06.38937000e+01   04.18876000e+01   00.00000000e+00
  08.59351000e+01   06.23739000e+01   04.16195000e+01   00.00000000e+00
  08.69569000e+01   06.38610000e+01   04.11411000e+01   00.00000000e+00
  08.55791000e+01   06.44557000e+01   03.92665000e+01   00.00000000e+00
  08.44678000e+01   06.30360000e+01   03.95710000e+01   00.00000000e+00
  08.36352000e+01   07.26752000e+01   03.33250000e+01   07.20400000e-04
  08.12315000e+01   06.71668000e+01   03.57432000e+01  -02.39543000e-02
  08.20408000e+01   06.43508000e+01   02.99714000e+01   04.89340000e-03
  08.68170000e+01   06.95901000e+01   02.81233000e+01  -02.28199000e-02
  08.11431000e+01   06.47703000e+01   03.61717000e+01  -01.51750000e-03
  08.68600000e+01   06.06049000e+01   03.81667000e+01   00.00000000e+00
  08.71414000e+01   06.08739000e+01   03.99002000e+01   00.00000000e+00
  08.54973000e+01   06.07037000e+01   03.92651000e+01   00.00000000e+00
  08.73969000e+01   06.29885000e+01   03.89966000e+01   00.00000000e+00
  08.71198000e+01   06.25222000e+01   03.67284000e+01   00.00000000e+00
  08.60583000e+01   06.39937000e+01   03.72251000e+01   00.00000000e+00
  08.42150000e+01   06.29646000e+01   03.72659000e+01   00.00000000e+00
  08.48178000e+01   06.13217000e+01   03.68387000e+01   00.00000000e+00
  08.47366000e+01   06.38902000e+01   03.51524000e+01   00.00000000e+00
  08.35273000e+01   06.26047000e+01   03.50234000e+01   00.00000000e+00
  08.52995000e+01   06.01152000e+01   03.51579000e+01   00.00000000e+00
  08.47412000e+01   05.99750000e+01   03.34520000e+01   00.00000000e+00
  08.64553000e+01   06.01278000e+01   03.39191000e+01   00.00000000e+00
  08.39602000e+01   06.47644000e+01   02.82804000e+01   05.57290000e-03
  08.47299000e+01   06.71314000e+01   02.70342000e+01  -01.28866000e-02
  08.72876000e+01   06.25601000e+01   03.34769000e+01   00.00000000e+00
  08.65447000e+01   06.95340000e+01   04.41477000e+01   00.00000000e+00
  08.48695000e+01   06.27176000e+01   03.16934000e+01  -01.99830000e-03
  08.63341000e+01   06.19290000e+01   03.13300000e+01  -01.85290000e-03
