  08.20937000e+01   06.46822000e+01   02.77169000e+01  -06.11779000e-02
  07.70446000e+01   06.35696000e+01   03.53733000e+01   01.75852000e-02
  07.98855000e+01   07.10248000e+01   03.57406000e+01   01.01800000e-02
  08.21647000e+01   06.98963000e+01   02.79640000e+01  -01.32723000e-02
  07.99430000e+01   06.60237000e+01   02.98538000e+01  -04.57645000e-02
  08.27680000e+01   06.42017000e+01   02.89825000e+01   02.46758000e-02
  07.68124000e+01   06.23061000e+01   03.57967000e+01  -01.71993000e-02
  08.12387000e+01   07.10757000e+01   03.62586000e+01  -09.39340000e-03
  08.20695000e+01   06.84250000e+01   02.75725000e+01   07.66074000e-02
  07.86606000e+01   06.53208000e+01   03.24038000e+01   09.44338000e-02
  08.26103000e+01   07.08078000e+01   02.72216000e+01   01.54319000e-02
  08.20814000e+01   06.32573000e+01   02.98755000e+01  -01.56515000e-02
  08.15635000e+01   06.82296000e+01   02.61442000e+01  -02.00050000e-02
  08.04407000e+01   06.86855000e+01   03.08375000e+01  -08.09918000e-02
  08.23973000e+01   06.83115000e+01   02.38444000e+01   04.03650000e-03
  08.11662000e+01   06.77682000e+01   02.86196000e+01  -01.43447000e-01
  07.86376000e+01   06.39309000e+01   03.04743000e+01   01.23287000e-02
  07.82971000e+01   06.63100000e+01   03.47060000e+01   02.21683000e-01
  08.03992000e+01   07.03217000e+01   03.27529000e+01  -05.42921000e-02
  07.80740000e+01   06.46834000e+01   02.74711000e+01   02.66866000e-02
  07.73135000e+01   06.18483000e+01   03.25314000e+01   04.35609000e-02
  07.81757000e+01   06.85752000e+01   03.70516000e+01   02.36507000e-02
  08.15637000e+01   07.22048000e+01   03.05155000e+01  -06.09964000e-02
  08.15032000e+01   06.26954000e+01   03.21892000e+01   08.71130000e-03
  08.05774000e+01   06.64722000e+01   02.87156000e+01   01.26858000e-01
  07.84280000e+01   06.40999000e+01   03.18332000e+01  -03.45042000e-02
  07.88301000e+01   06.76238000e+01   03.46041000e+01  -02.04376000e-01
  08.06851000e+01   06.99371000e+01   03.14378000e+01   07.60142000e-02
  08.14862000e+01   06.22593000e+01   02.94957000e+01   05.08730000e-03
  08.03568000e+01   06.82594000e+01   02.58909000e+01   06.92200000e-04
  08.21119000e+01   06.13818000e+01   03.23447000e+01   00.00000000e+00
  08.06555000e+01   06.53553000e+01   02.77414000e+01   07.64245000e-02
  07.77906000e+01   06.31747000e+01   03.28184000e+01  -04.66821000e-02
  07.87525000e+01   06.86379000e+01   03.56108000e+01   01.65461000e-02
  08.12407000e+01   07.08061000e+01   03.04445000e+01   05.49912000e-02
  08.21380000e+01   06.35785000e+01   03.12124000e+01   03.30200000e-04
  08.25588000e+01   06.81348000e+01   02.52454000e+01   04.02810000e-03
  08.14816000e+01   06.02096000e+01   03.24277000e+01   00.00000000e+00
  07.94830000e+01   06.43801000e+01   02.81213000e+01  -04.69336000e-02
  07.76574000e+01   06.39713000e+01   03.40227000e+01  -07.68710000e-03
  07.94718000e+01   06.97812000e+01   03.50611000e+01  -03.37389000e-02
  08.15441000e+01   06.99331000e+01   02.93569000e+01   03.64969000e-02
  08.12327000e+01   05.93310000e+01   03.12635000e+01   00.00000000e+00
  07.93529000e+01   06.47697000e+01   02.96593000e+01  -09.58259000e-02
  07.81741000e+01   06.52984000e+01   03.37097000e+01  -01.77941000e-01
  07.98156000e+01   06.94817000e+01   03.37655000e+01   06.74294000e-02
  08.09992000e+01   06.87263000e+01   02.96199000e+01   01.44326000e-01
  08.11767000e+01   05.96116000e+01   03.37750000e+01   00.00000000e+00
  08.22404000e+01   05.95529000e+01   03.48914000e+01   00.00000000e+00
  08.19294000e+01   06.07864000e+01   03.57168000e+01   00.00000000e+00
  08.26680000e+01   06.09643000e+01   03.70918000e+01   00.00000000e+00
  08.28047000e+01   05.96206000e+01   03.78575000e+01   00.00000000e+00
  08.19324000e+01   06.20308000e+01   03.79079000e+01   00.00000000e+00
  08.22479000e+01   06.21569000e+01   03.93598000e+01   00.00000000e+00
  08.35548000e+01   06.28239000e+01   03.96889000e+01   00.00000000e+00
  08.39071000e+01   06.28356000e+01   04.11829000e+01   00.00000000e+00
  08.42320000e+01   06.14300000e+01   04.17239000e+01   00.00000000e+00
  08.28880000e+01   06.34166000e+01   04.22360000e+01   00.00000000e+00
  08.24855000e+01   06.48659000e+01   04.20655000e+01   00.00000000e+00
  08.36470000e+01   06.58381000e+01   04.25123000e+01   00.00000000e+00
  08.31580000e+01   06.72914000e+01   04.27553000e+01   00.00000000e+00
  08.42456000e+01   06.83090000e+01   04.31079000e+01   00.00000000e+00
  08.22170000e+01   06.78900000e+01   04.16482000e+01   00.00000000e+00
  07.93987000e+01   06.81640000e+01   03.34584000e+01   03.65717000e-02
  07.94751000e+01   06.70812000e+01   03.15498000e+01  -06.37550000e-03
  08.17890000e+01   07.25742000e+01   02.95396000e+01   01.79582000e-02
  08.07262000e+01   07.27601000e+01   03.08684000e+01   01.23366000e-02
  08.24276000e+01   07.22953000e+01   03.11154000e+01   01.80857000e-02
  07.77190000e+01   06.75676000e+01   03.72375000e+01  -03.55350000e-03
  07.89806000e+01   06.85965000e+01   03.77880000e+01  -05.48890000e-03
  07.75594000e+01   06.94281000e+01   03.71917000e+01  -05.73590000e-03
  07.74900000e+01   06.16336000e+01   03.14499000e+01  -01.16015000e-02
  07.79370000e+01   06.12503000e+01   03.31689000e+01  -01.03548000e-02
  07.62756000e+01   06.16981000e+01   03.28595000e+01  -01.10806000e-02
  07.81593000e+01   06.57826000e+01   02.74189000e+01  -06.50300000e-03
  07.78063000e+01   06.42583000e+01   02.65319000e+01  -03.84930000e-03
  07.72359000e+01   06.45522000e+01   02.82890000e+01  -06.75510000e-03
  08.31311000e+01   06.76842000e+01   02.34387000e+01   06.96000000e-05
  08.13796000e+01   06.79587000e+01   02.35572000e+01  -02.56130000e-03
  08.25612000e+01   06.93129000e+01   02.34952000e+01  -08.86000000e-04
  08.18732000e+01   07.10147000e+01   03.53517000e+01   02.66600000e-04
  08.14306000e+01   07.19301000e+01   03.69003000e+01   02.07780000e-03
  08.14149000e+01   07.01884000e+01   03.68581000e+01   03.44650000e-03
  07.63405000e+01   06.19624000e+01   03.67759000e+01   02.98050000e-03
  07.71778000e+01   06.14495000e+01   03.52375000e+01  -05.01900000e-04
  08.36445000e+01   06.36007000e+01   02.87893000e+01  -05.40000000e-06
  08.30319000e+01   06.50952000e+01   02.95220000e+01  -02.73660000e-03
  07.97288000e+01   07.18989000e+01   03.51371000e+01   06.65000000e-04
  07.93480000e+01   07.11849000e+01   03.65975000e+01  -04.07950000e-03
  08.20450000e+01   06.37627000e+01   02.70823000e+01   01.58140000e-02
  08.27566000e+01   06.53364000e+01   02.71594000e+01   09.11190000e-03
  08.13758000e+01   06.72731000e+01   04.15723000e+01   00.00000000e+00
  08.18936000e+01   06.89216000e+01   04.19136000e+01   00.00000000e+00
  08.27963000e+01   06.79033000e+01   04.07190000e+01   00.00000000e+00
  08.47703000e+01   06.80855000e+01   04.40685000e+01   00.00000000e+00
  08.49244000e+01   06.84441000e+01   04.23170000e+01   00.00000000e+00
  08.38486000e+01   06.92896000e+01   04.32827000e+01   00.00000000e+00
  08.40746000e+01   06.55127000e+01   04.34178000e+01   00.00000000e+00
  08.44005000e+01   06.58892000e+01   04.18365000e+01   00.00000000e+00
  08.21693000e+01   06.50519000e+01   04.10729000e+01   00.00000000e+00
  08.16189000e+01   06.50827000e+01   04.26739000e+01   00.00000000e+00
  08.19670000e+01   06.29086000e+01   04.21692000e+01   00.00000000e+00
  08.33033000e+01   06.33605000e+01   04.33152000e+01   00.00000000e+00
  08.48885000e+01   06.18115000e+01   04.25137000e+01   00.00000000e+00
  08.33231000e+01   06.09987000e+01   04.20023000e+01   00.00000000e+00
  08.47424000e+01   06.07998000e+01   04.10681000e+01   00.00000000e+00
  08.43251000e+01   06.23095000e+01   03.90178000e+01   00.00000000e+00
  08.36187000e+01   06.38224000e+01   03.93055000e+01   00.00000000e+00
  08.14406000e+01   06.27912000e+01   03.96586000e+01   00.00000000e+00
  08.21756000e+01   06.11402000e+01   03.98195000e+01   00.00000000e+00
  08.22238000e+01   06.29667000e+01   03.74857000e+01   00.00000000e+00
  08.08507000e+01   06.18021000e+01   03.78559000e+01   00.00000000e+00
  08.06172000e+01   07.13384000e+01   03.30691000e+01   07.20400000e-04
  07.78719000e+01   06.62124000e+01   03.57478000e+01  -02.39543000e-02
  07.83047000e+01   06.30348000e+01   02.98991000e+01   04.89340000e-03
  08.30364000e+01   06.79639000e+01   02.77771000e+01  -02.28199000e-02
  07.66583000e+01   06.43804000e+01   03.60093000e+01  -01.51750000e-03
  08.32611000e+01   05.88864000e+01   03.71474000e+01   00.00000000e+00
  08.33370000e+01   05.98405000e+01   03.87997000e+01   00.00000000e+00
  08.17655000e+01   05.93767000e+01   03.81220000e+01   00.00000000e+00
  08.36635000e+01   06.12167000e+01   03.67174000e+01   00.00000000e+00
  08.21231000e+01   06.15605000e+01   03.50562000e+01   00.00000000e+00
  08.08918000e+01   06.08659000e+01   03.58964000e+01   00.00000000e+00
  08.19750000e+01   05.86104000e+01   03.54004000e+01   00.00000000e+00
  08.32555000e+01   05.95210000e+01   03.44990000e+01   00.00000000e+00
  08.02524000e+01   06.01175000e+01   03.40622000e+01   00.00000000e+00
  08.07547000e+01   05.86423000e+01   03.35770000e+01   00.00000000e+00
  08.13660000e+01   05.98971000e+01   03.03477000e+01   00.00000000e+00
  08.20098000e+01   05.86225000e+01   03.12748000e+01   00.00000000e+00
  08.02354000e+01   05.88442000e+01   03.13010000e+01   00.00000000e+00
  07.98678000e+01   06.33099000e+01   02.82008000e+01   05.57290000e-03
  08.03915000e+01   06.57004000e+01   02.67498000e+01  -01.28866000e-02
  08.31841000e+01   06.14298000e+01   03.21032000e+01   00.00000000e+00
  08.25866000e+01   06.73021000e+01   04.37200000e+01   00.00000000e+00
  08.11437000e+01   06.31758000e+01   03.31335000e+01  -01.99830000e-03
  08.05280000e+01   06.25073000e+01   03.17767000e+01  -01.85290000e-03
