  08.41552000e+01   06.63420000e+01   02.78696000e+01  -06.11779000e-02
  07.96290000e+01   06.37578000e+01   03.52376000e+01   01.75852000e-02
  08.15428000e+01   07.16710000e+01   03.64604000e+01   01.01800000e-02
  08.37088000e+01   07.16035000e+01   02.85593000e+01  -01.32723000e-02
  08.20064000e+01   06.72372000e+01   03.00633000e+01  -04.57645000e-02
  08.49266000e+01   06.59306000e+01   02.92047000e+01   02.46758000e-02
  07.87168000e+01   06.27582000e+01   03.52091000e+01  -01.71993000e-02
  08.30752000e+01   07.16799000e+01   03.67410000e+01  -09.39340000e-03
  08.36084000e+01   07.01784000e+01   02.79496000e+01   07.66074000e-02
  08.09488000e+01   06.61456000e+01   03.26620000e+01   09.44338000e-02
  08.42755000e+01   07.25449000e+01   02.80075000e+01   01.54319000e-02
  08.43285000e+01   06.47506000e+01   02.99857000e+01  -01.56515000e-02
  08.33461000e+01   07.01418000e+01   02.64025000e+01  -02.00050000e-02
  08.20615000e+01   06.99488000e+01   03.12539000e+01  -08.09918000e-02
  08.45914000e+01   06.99778000e+01   02.42694000e+01   04.03650000e-03
  08.27774000e+01   06.92882000e+01   02.89338000e+01  -01.43447000e-01
  08.09007000e+01   06.50667000e+01   03.04649000e+01   01.23287000e-02
  08.05285000e+01   06.68746000e+01   03.49591000e+01   02.21683000e-01
  08.19159000e+01   07.13445000e+01   03.32457000e+01  -05.42921000e-02
  08.02662000e+01   06.60279000e+01   02.74750000e+01   02.66866000e-02
  07.98402000e+01   06.25739000e+01   03.22835000e+01   04.35609000e-02
  08.03772000e+01   06.88496000e+01   03.75456000e+01   02.36507000e-02
  08.28732000e+01   07.36096000e+01   03.12001000e+01  -06.09964000e-02
  08.38156000e+01   06.39231000e+01   03.22213000e+01   08.71130000e-03
  08.24593000e+01   06.79202000e+01   02.89622000e+01   01.26858000e-01
  08.07509000e+01   06.50316000e+01   03.18566000e+01  -03.45042000e-02
  08.08327000e+01   06.82553000e+01   03.49356000e+01  -02.04376000e-01
  08.22148000e+01   07.12021000e+01   03.19022000e+01   07.60142000e-02
  08.37164000e+01   06.37957000e+01   02.94966000e+01   05.08730000e-03
  08.23002000e+01   06.97712000e+01   02.58689000e+01   06.92200000e-04
  08.48067000e+01   06.28600000e+01   03.25060000e+01   00.00000000e+00
  08.27369000e+01   06.68665000e+01   02.78315000e+01   07.64245000e-02
  08.01731000e+01   06.40147000e+01   03.27084000e+01  -04.66821000e-02
  08.07900000e+01   06.91772000e+01   03.60941000e+01   01.65461000e-02
  08.27127000e+01   07.21588000e+01   03.09498000e+01   05.49912000e-02
  08.44920000e+01   06.48342000e+01   03.13398000e+01   03.30200000e-04
  08.44942000e+01   07.04165000e+01   02.57057000e+01   04.02810000e-03
  08.44177000e+01   06.16708000e+01   03.28747000e+01   00.00000000e+00
  08.17089000e+01   06.58506000e+01   02.81266000e+01  -04.69336000e-02
  08.01117000e+01   06.44539000e+01   03.40065000e+01  -07.68710000e-03
  08.11888000e+01   07.04875000e+01   03.55982000e+01  -03.37389000e-02
  08.30685000e+01   07.14229000e+01   02.98167000e+01   03.64969000e-02
  08.39432000e+01   06.06221000e+01   03.18731000e+01   00.00000000e+00
  08.15321000e+01   06.60485000e+01   02.96255000e+01  -09.58259000e-02
  08.05133000e+01   06.59002000e+01   03.39299000e+01  -01.77941000e-01
  08.14691000e+01   07.02872000e+01   03.41763000e+01   06.74294000e-02
  08.25329000e+01   07.01506000e+01   03.00081000e+01   01.44326000e-01
  08.41367000e+01   06.13654000e+01   03.43366000e+01   00.00000000e+00
  08.50991000e+01   06.21042000e+01   03.53032000e+01   00.00000000e+00
  08.47006000e+01   06.17388000e+01   03.67539000e+01   00.00000000e+00
  08.55139000e+01   06.24018000e+01   03.78666000e+01   00.00000000e+00
  08.69680000e+01   06.18134000e+01   03.80538000e+01   00.00000000e+00
  08.48032000e+01   06.24145000e+01   03.92139000e+01   00.00000000e+00
  08.55921000e+01   06.29924000e+01   04.04370000e+01   00.00000000e+00
  08.45461000e+01   06.32792000e+01   04.15915000e+01   00.00000000e+00
  08.51814000e+01   06.39201000e+01   04.28498000e+01   00.00000000e+00
  08.42089000e+01   06.38087000e+01   04.40027000e+01   00.00000000e+00
  08.58338000e+01   06.52925000e+01   04.26419000e+01   00.00000000e+00
  08.62737000e+01   06.61110000e+01   04.38509000e+01   00.00000000e+00
  08.69155000e+01   06.74541000e+01   04.34920000e+01   00.00000000e+00
  08.67831000e+01   06.85727000e+01   04.44945000e+01   00.00000000e+00
  08.78545000e+01   06.96180000e+01   04.44020000e+01   00.00000000e+00
  08.53946000e+01   06.92649000e+01   04.43782000e+01   00.00000000e+00
  08.12002000e+01   06.90101000e+01   03.38279000e+01   03.65717000e-02
  08.13684000e+01   06.80757000e+01   03.19176000e+01  -06.37550000e-03
  08.37840000e+01   07.39399000e+01   03.16784000e+01   01.79582000e-02
  08.28105000e+01   07.40877000e+01   03.01852000e+01   01.23366000e-02
  08.20588000e+01   07.39045000e+01   03.18138000e+01   01.80857000e-02
  07.93612000e+01   06.91795000e+01   03.77434000e+01  -03.55350000e-03
  08.04701000e+01   06.77936000e+01   03.76468000e+01  -05.48890000e-03
  08.10661000e+01   06.93167000e+01   03.81287000e+01  -05.73590000e-03
  08.04167000e+01   06.23823000e+01   03.13219000e+01  -01.16015000e-02
  08.03723000e+01   06.20393000e+01   03.30908000e+01  -01.03548000e-02
  07.87620000e+01   06.23525000e+01   03.22331000e+01  -01.10806000e-02
  07.98260000e+01   06.70151000e+01   02.73538000e+01  -06.50300000e-03
  08.00856000e+01   06.55571000e+01   02.64900000e+01  -03.84930000e-03
  07.95557000e+01   06.54583000e+01   02.81272000e+01  -06.75510000e-03
  08.44453000e+01   07.08644000e+01   02.35825000e+01   06.96000000e-05
  08.56343000e+01   06.95696000e+01   02.40867000e+01  -02.56130000e-03
  08.38200000e+01   06.91924000e+01   02.39968000e+01  -08.86000000e-04
  08.36681000e+01   07.18924000e+01   03.58363000e+01   02.66600000e-04
  08.32336000e+01   07.24208000e+01   03.74880000e+01   02.07780000e-03
  08.35128000e+01   07.06933000e+01   03.71036000e+01   03.44650000e-03
  07.83416000e+01   06.23256000e+01   03.61535000e+01   02.98050000e-03
  07.80074000e+01   06.25871000e+01   03.43783000e+01  -05.01900000e-04
  08.59692000e+01   06.57628000e+01   02.90556000e+01  -05.40000000e-06
  08.48213000e+01   06.67778000e+01   02.98882000e+01  -02.73660000e-03
  08.12384000e+01   07.26039000e+01   03.60032000e+01   06.65000000e-04
  08.10851000e+01   07.16579000e+01   03.74851000e+01  -04.07950000e-03
  08.41728000e+01   06.53896000e+01   02.72832000e+01   01.58140000e-02
  08.48107000e+01   06.70434000e+01   02.73609000e+01   09.11190000e-03
  08.54561000e+01   06.97008000e+01   04.33868000e+01   00.00000000e+00
  08.44994000e+01   06.86253000e+01   04.44225000e+01   00.00000000e+00
  08.53640000e+01   07.00942000e+01   04.50912000e+01   00.00000000e+00
  08.77050000e+01   07.03444000e+01   04.52415000e+01   00.00000000e+00
  08.89067000e+01   06.92832000e+01   04.44101000e+01   00.00000000e+00
  08.76970000e+01   07.00737000e+01   04.34474000e+01   00.00000000e+00
  08.79574000e+01   06.73875000e+01   04.33417000e+01   00.00000000e+00
  08.64213000e+01   06.78403000e+01   04.26482000e+01   00.00000000e+00
  08.54179000e+01   06.62706000e+01   04.45303000e+01   00.00000000e+00
  08.70115000e+01   06.56060000e+01   04.44323000e+01   00.00000000e+00
  08.66756000e+01   06.51748000e+01   04.19832000e+01   00.00000000e+00
  08.51318000e+01   06.59984000e+01   04.20967000e+01   00.00000000e+00
  08.48235000e+01   06.41359000e+01   04.48322000e+01   00.00000000e+00
  08.33691000e+01   06.43781000e+01   04.37889000e+01   00.00000000e+00
  08.39644000e+01   06.27509000e+01   04.41123000e+01   00.00000000e+00
  08.36921000e+01   06.39063000e+01   04.11805000e+01   00.00000000e+00
  08.41240000e+01   06.22997000e+01   04.18511000e+01   00.00000000e+00
  08.62455000e+01   06.22595000e+01   04.08516000e+01   00.00000000e+00
  08.62983000e+01   06.38144000e+01   04.02150000e+01   00.00000000e+00
  08.39667000e+01   06.30799000e+01   03.90159000e+01   00.00000000e+00
  08.44097000e+01   06.13784000e+01   03.94981000e+01   00.00000000e+00
  08.22290000e+01   07.23479000e+01   03.35379000e+01   07.20400000e-04
  08.01629000e+01   06.64819000e+01   03.58965000e+01  -02.39543000e-02
  08.05222000e+01   06.41413000e+01   03.00661000e+01   04.89340000e-03
  08.46194000e+01   06.97798000e+01   02.81390000e+01  -02.28199000e-02
  08.02079000e+01   06.38998000e+01   03.61506000e+01  -01.51750000e-03
  08.74529000e+01   06.16451000e+01   03.71105000e+01   00.00000000e+00
  08.76170000e+01   06.24828000e+01   03.86823000e+01   00.00000000e+00
  08.68318000e+01   06.09001000e+01   03.86675000e+01   00.00000000e+00
  08.55776000e+01   06.35142000e+01   03.74935000e+01   00.00000000e+00
  08.36943000e+01   06.21613000e+01   03.68198000e+01   00.00000000e+00
  08.47194000e+01   06.06405000e+01   03.69320000e+01   00.00000000e+00
  08.61469000e+01   06.18322000e+01   03.51091000e+01   00.00000000e+00
  08.49143000e+01   06.31416000e+01   03.50854000e+01   00.00000000e+00
  08.31075000e+01   06.15999000e+01   03.45864000e+01   00.00000000e+00
  08.44005000e+01   06.03184000e+01   03.43706000e+01   00.00000000e+00
  08.44126000e+01   05.96876000e+01   03.22347000e+01   00.00000000e+00
  08.28537000e+01   06.05367000e+01   03.18834000e+01   00.00000000e+00
  08.41776000e+01   06.08284000e+01   03.08293000e+01   00.00000000e+00
  08.21114000e+01   06.48434000e+01   02.79564000e+01   05.57290000e-03
  08.24749000e+01   06.71798000e+01   02.68445000e+01  -01.28866000e-02
  08.58437000e+01   06.30134000e+01   03.22469000e+01   00.00000000e+00
  08.69131000e+01   06.80553000e+01   04.54518000e+01   00.00000000e+00
  08.34776000e+01   06.45555000e+01   03.30938000e+01  -01.99830000e-03
  08.29585000e+01   06.34843000e+01   03.17367000e+01  -01.85290000e-03
