  08.27978000e+01   06.44087000e+01   02.74893000e+01  -06.11779000e-02
  07.75387000e+01   06.30409000e+01   03.48848000e+01   01.75852000e-02
  07.97178000e+01   07.07752000e+01   03.54568000e+01   01.01800000e-02
  08.28701000e+01   06.95911000e+01   02.79958000e+01  -01.32723000e-02
  08.04293000e+01   06.57782000e+01   02.96464000e+01  -04.57645000e-02
  08.34266000e+01   06.39530000e+01   02.88533000e+01   02.46758000e-02
  07.73205000e+01   06.17352000e+01   03.53261000e+01  -01.71993000e-02
  08.09701000e+01   07.08131000e+01   03.62365000e+01  -09.39340000e-03
  08.28066000e+01   06.80899000e+01   02.77000000e+01   07.66074000e-02
  07.93485000e+01   06.49369000e+01   03.22360000e+01   09.44338000e-02
  08.33326000e+01   07.05203000e+01   02.72649000e+01   01.54319000e-02
  08.27527000e+01   06.28598000e+01   02.95606000e+01  -01.56515000e-02
  08.24316000e+01   06.79734000e+01   02.61771000e+01  -02.00050000e-02
  08.08028000e+01   06.85661000e+01   03.06700000e+01  -08.09918000e-02
  08.34623000e+01   06.78413000e+01   02.39278000e+01   04.03650000e-03
  08.18849000e+01   06.74912000e+01   02.86508000e+01  -01.43447000e-01
  07.93257000e+01   06.35757000e+01   03.02053000e+01   01.23287000e-02
  07.88794000e+01   06.59027000e+01   03.44364000e+01   02.21683000e-01
  08.03756000e+01   07.01049000e+01   03.24144000e+01  -05.42921000e-02
  07.90725000e+01   06.43261000e+01   02.69484000e+01   02.66866000e-02
  07.79384000e+01   06.15205000e+01   03.20096000e+01   04.35609000e-02
  07.84842000e+01   06.80766000e+01   03.67086000e+01   02.36507000e-02
  08.18482000e+01   07.21357000e+01   03.00718000e+01  -06.09964000e-02
  08.17622000e+01   06.20968000e+01   03.16806000e+01   08.71130000e-03
  08.12496000e+01   06.62190000e+01   02.86712000e+01   01.26858000e-01
  07.90707000e+01   06.37233000e+01   03.15975000e+01  -03.45042000e-02
  07.91949000e+01   06.72577000e+01   03.43116000e+01  -02.04376000e-01
  08.09762000e+01   06.98229000e+01   03.11543000e+01   07.60142000e-02
  08.25358000e+01   06.17980000e+01   02.90242000e+01   05.08730000e-03
  08.13625000e+01   06.77725000e+01   02.56119000e+01   06.92200000e-04
  08.28295000e+01   06.11973000e+01   03.22649000e+01   00.00000000e+00
  08.14094000e+01   06.51308000e+01   02.75848000e+01   07.64245000e-02
  07.84473000e+01   06.28420000e+01   03.25191000e+01  -04.66821000e-02
  07.89562000e+01   06.82783000e+01   03.53078000e+01   01.65461000e-02
  08.16980000e+01   07.06539000e+01   03.01341000e+01   05.49912000e-02
  08.25331000e+01   06.30895000e+01   03.09377000e+01   03.30200000e-04
  08.35288000e+01   06.80988000e+01   02.54105000e+01   04.02810000e-03
  08.27493000e+01   05.98889000e+01   03.25419000e+01   00.00000000e+00
  08.02569000e+01   06.41639000e+01   02.78671000e+01  -04.69336000e-02
  07.82216000e+01   06.35391000e+01   03.36585000e+01  -07.68710000e-03
  07.95627000e+01   06.94491000e+01   03.47073000e+01  -03.37389000e-02
  08.21511000e+01   06.97087000e+01   02.91963000e+01   03.64969000e-02
  08.30020000e+01   05.87512000e+01   03.15903000e+01   00.00000000e+00
  07.98717000e+01   06.45443000e+01   02.93173000e+01  -09.58259000e-02
  07.88452000e+01   06.48502000e+01   03.34857000e+01  -01.77941000e-01
  07.99377000e+01   06.91762000e+01   03.33621000e+01   06.74294000e-02
  08.15503000e+01   06.84783000e+01   02.95744000e+01   01.44326000e-01
  08.23617000e+01   05.95559000e+01   03.40085000e+01   00.00000000e+00
  08.33906000e+01   06.01277000e+01   03.50245000e+01   00.00000000e+00
  08.27723000e+01   06.00340000e+01   03.64414000e+01   00.00000000e+00
  08.36047000e+01   06.07539000e+01   03.75068000e+01   00.00000000e+00
  08.49532000e+01   06.00432000e+01   03.78455000e+01   00.00000000e+00
  08.27510000e+01   06.07991000e+01   03.87627000e+01   00.00000000e+00
  08.32113000e+01   06.17006000e+01   03.99096000e+01   00.00000000e+00
  08.30464000e+01   06.31800000e+01   03.96097000e+01   00.00000000e+00
  08.37341000e+01   06.42250000e+01   04.05512000e+01   00.00000000e+00
  08.52168000e+01   06.39925000e+01   04.08749000e+01   00.00000000e+00
  08.29378000e+01   06.45515000e+01   04.18573000e+01   00.00000000e+00
  08.35058000e+01   06.56241000e+01   04.28357000e+01   00.00000000e+00
  08.35417000e+01   06.70734000e+01   04.21593000e+01   00.00000000e+00
  08.40053000e+01   06.82057000e+01   04.29863000e+01   00.00000000e+00
  08.54366000e+01   06.83019000e+01   04.34438000e+01   00.00000000e+00
  08.34806000e+01   06.95234000e+01   04.22980000e+01   00.00000000e+00
  07.97461000e+01   06.77994000e+01   03.31781000e+01   03.65717000e-02
  07.98848000e+01   06.67920000e+01   03.14125000e+01  -06.37550000e-03
  08.08573000e+01   07.26023000e+01   02.98359000e+01   01.79582000e-02
  08.20891000e+01   07.24650000e+01   03.10647000e+01   01.23366000e-02
  08.26351000e+01   07.25499000e+01   02.93794000e+01   01.80857000e-02
  07.90893000e+01   06.72642000e+01   03.71332000e+01  -03.55350000e-03
  07.85325000e+01   06.90095000e+01   03.73422000e+01  -05.48890000e-03
  07.74750000e+01   06.77119000e+01   03.66557000e+01  -05.73590000e-03
  07.86309000e+01   06.07738000e+01   03.24168000e+01  -01.16015000e-02
  07.69686000e+01   06.13359000e+01   03.24662000e+01  -01.03548000e-02
  07.78418000e+01   06.13592000e+01   03.09518000e+01  -01.10806000e-02
  07.93469000e+01   06.40081000e+01   02.59678000e+01  -06.50300000e-03
  07.82692000e+01   06.36835000e+01   02.72829000e+01  -03.84930000e-03
  07.87190000e+01   06.53600000e+01   02.71032000e+01  -06.75510000e-03
  08.45514000e+01   06.76929000e+01   02.37306000e+01   06.96000000e-05
  08.29722000e+01   06.69029000e+01   02.36721000e+01  -02.56130000e-03
  08.30881000e+01   06.86985000e+01   02.33925000e+01  -08.86000000e-04
  08.17705000e+01   07.06297000e+01   03.55994000e+01   02.66600000e-04
  08.11532000e+01   07.18450000e+01   03.65908000e+01   02.07780000e-03
  08.09285000e+01   07.00315000e+01   03.69866000e+01   03.44650000e-03
  07.69371000e+01   06.15428000e+01   03.62828000e+01   02.98050000e-03
  07.77069000e+01   06.08455000e+01   03.47663000e+01  -05.01900000e-04
  08.45145000e+01   06.38113000e+01   02.87513000e+01  -05.40000000e-06
  08.34125000e+01   06.48512000e+01   02.94719000e+01  -02.73660000e-03
  07.97042000e+01   07.16048000e+01   03.47458000e+01   06.65000000e-04
  07.88060000e+01   07.08740000e+01   03.60342000e+01  -04.07950000e-03
  08.27806000e+01   06.35454000e+01   02.68086000e+01   01.58140000e-02
  08.35679000e+01   06.50769000e+01   02.69774000e+01   09.11190000e-03
  08.40614000e+01   06.94770000e+01   04.13756000e+01   00.00000000e+00
  08.24598000e+01   06.94540000e+01   04.20270000e+01   00.00000000e+00
  08.37159000e+01   07.04251000e+01   04.28926000e+01   00.00000000e+00
  08.61668000e+01   06.83626000e+01   04.26450000e+01   00.00000000e+00
  08.54855000e+01   06.91077000e+01   04.41679000e+01   00.00000000e+00
  08.56458000e+01   06.73321000e+01   04.40013000e+01   00.00000000e+00
  08.42636000e+01   06.70205000e+01   04.13525000e+01   00.00000000e+00
  08.25540000e+01   06.73375000e+01   04.17977000e+01   00.00000000e+00
  08.28558000e+01   06.57150000e+01   04.37290000e+01   00.00000000e+00
  08.45049000e+01   06.52732000e+01   04.30687000e+01   00.00000000e+00
  08.19895000e+01   06.49118000e+01   04.14949000e+01   00.00000000e+00
  08.28437000e+01   06.36033000e+01   04.23489000e+01   00.00000000e+00
  08.57665000e+01   06.47406000e+01   04.15050000e+01   00.00000000e+00
  08.52599000e+01   06.30294000e+01   04.13725000e+01   00.00000000e+00
  08.56692000e+01   06.40040000e+01   03.99005000e+01   00.00000000e+00
  08.34353000e+01   06.33379000e+01   03.86174000e+01   00.00000000e+00
  08.19384000e+01   06.34411000e+01   03.95808000e+01   00.00000000e+00
  08.26890000e+01   06.14752000e+01   04.08504000e+01   00.00000000e+00
  08.42721000e+01   06.14543000e+01   04.01041000e+01   00.00000000e+00
  08.18078000e+01   06.11558000e+01   03.83763000e+01   00.00000000e+00
  08.25912000e+01   05.97687000e+01   03.91230000e+01   00.00000000e+00
  08.04168000e+01   07.11779000e+01   03.26941000e+01   07.20400000e-04
  07.87646000e+01   06.56067000e+01   03.54591000e+01  -02.39543000e-02
  07.91254000e+01   06.26435000e+01   02.96814000e+01   04.89340000e-03
  08.37971000e+01   06.77093000e+01   02.77963000e+01  -02.28199000e-02
  07.71938000e+01   06.38498000e+01   03.55116000e+01  -01.51750000e-03
  08.54160000e+01   06.05278000e+01   03.86647000e+01   00.00000000e+00
  08.47697000e+01   05.90273000e+01   03.81457000e+01   00.00000000e+00
  08.55679000e+01   05.99895000e+01   03.69805000e+01   00.00000000e+00
  08.39175000e+01   06.16565000e+01   03.69727000e+01   00.00000000e+00
  08.17479000e+01   06.04299000e+01   03.64401000e+01   00.00000000e+00
  08.28022000e+01   05.90028000e+01   03.67087000e+01   00.00000000e+00
  08.43567000e+01   05.97249000e+01   03.49767000e+01   00.00000000e+00
  08.33724000e+01   06.12323000e+01   03.47830000e+01   00.00000000e+00
  08.13214000e+01   05.99106000e+01   03.41938000e+01   00.00000000e+00
  08.23645000e+01   05.85134000e+01   03.40688000e+01   00.00000000e+00
  08.38050000e+01   05.82070000e+01   03.19680000e+01   00.00000000e+00
  08.21181000e+01   05.81113000e+01   03.15591000e+01   00.00000000e+00
  08.33337000e+01   05.90985000e+01   03.05823000e+01   00.00000000e+00
  08.05937000e+01   06.31243000e+01   02.77438000e+01   05.57290000e-03
  08.12206000e+01   06.56367000e+01   02.66186000e+01  -01.28866000e-02
  08.38820000e+01   06.14915000e+01   03.24204000e+01   00.00000000e+00
  08.35275000e+01   06.80626000e+01   04.39666000e+01   00.00000000e+00
  08.12379000e+01   06.25636000e+01   03.25265000e+01  -01.99830000e-03
  08.10488000e+01   06.15665000e+01   03.10460000e+01  -01.85290000e-03
