  08.54348000e+01   06.61408000e+01   02.81868000e+01  -06.11779000e-02
  08.02118000e+01   06.41670000e+01   03.55947000e+01   01.75852000e-02
  08.21425000e+01   07.19163000e+01   03.65194000e+01   01.01800000e-02
  08.47826000e+01   07.10200000e+01   02.86212000e+01  -01.32723000e-02
  08.28002000e+01   06.70448000e+01   03.03661000e+01  -04.57645000e-02
  08.60751000e+01   06.56914000e+01   02.94897000e+01   02.46758000e-02
  08.01992000e+01   06.28853000e+01   03.59987000e+01  -01.71993000e-02
  08.35409000e+01   07.18438000e+01   03.71090000e+01  -09.39340000e-03
  08.47885000e+01   06.95532000e+01   02.82224000e+01   07.66074000e-02
  08.16205000e+01   06.62230000e+01   03.29456000e+01   09.44338000e-02
  08.51135000e+01   07.19698000e+01   02.79075000e+01   01.54319000e-02
  08.56907000e+01   06.42567000e+01   03.00068000e+01  -01.56515000e-02
  08.44345000e+01   06.93994000e+01   02.67959000e+01  -02.00050000e-02
  08.32058000e+01   06.98150000e+01   03.15215000e+01  -08.09918000e-02
  08.54220000e+01   06.92176000e+01   02.46359000e+01   04.03650000e-03
  08.39702000e+01   06.88132000e+01   02.92765000e+01  -01.43447000e-01
  08.18955000e+01   06.48514000e+01   03.09188000e+01   01.23287000e-02
  08.10380000e+01   06.70246000e+01   03.52013000e+01   02.21683000e-01
  08.27434000e+01   07.13114000e+01   03.33830000e+01  -05.42921000e-02
  08.17547000e+01   06.53392000e+01   02.77074000e+01   02.66866000e-02
  08.06383000e+01   06.26433000e+01   03.26914000e+01   04.35609000e-02
  08.08358000e+01   06.91252000e+01   03.76212000e+01   02.36507000e-02
  08.40351000e+01   07.34728000e+01   03.07902000e+01  -06.09964000e-02
  08.53124000e+01   06.27263000e+01   03.17937000e+01   08.71130000e-03
  08.35490000e+01   06.75242000e+01   02.93109000e+01   01.26858000e-01
  08.15392000e+01   06.50768000e+01   03.22485000e+01  -03.45042000e-02
  08.14100000e+01   06.83965000e+01   03.51555000e+01  -02.04376000e-01
  08.32846000e+01   07.10692000e+01   03.20305000e+01   07.60142000e-02
  08.53875000e+01   06.33350000e+01   02.92579000e+01   05.08730000e-03
  08.33278000e+01   06.92517000e+01   02.63580000e+01   06.92200000e-04
  08.57887000e+01   06.24070000e+01   03.31371000e+01   00.00000000e+00
  08.39097000e+01   06.65052000e+01   02.82230000e+01   07.64245000e-02
  08.09499000e+01   06.40316000e+01   03.31030000e+01  -04.66821000e-02
  08.13813000e+01   06.94447000e+01   03.62661000e+01   01.65461000e-02
  08.38079000e+01   07.19206000e+01   03.09117000e+01   05.49912000e-02
  08.58090000e+01   06.40611000e+01   03.13730000e+01   03.30200000e-04
  08.55458000e+01   06.95888000e+01   02.60048000e+01   04.02810000e-03
  08.49968000e+01   06.21090000e+01   03.41519000e+01   00.00000000e+00
  08.29067000e+01   06.53737000e+01   02.86473000e+01  -04.69336000e-02
  08.07334000e+01   06.46422000e+01   03.43182000e+01  -07.68710000e-03
  08.19310000e+01   07.06495000e+01   03.57308000e+01  -03.37389000e-02
  08.41465000e+01   07.10928000e+01   02.99368000e+01   03.64969000e-02
  08.44418000e+01   06.06543000e+01   03.43262000e+01   00.00000000e+00
  08.24849000e+01   06.57609000e+01   03.00678000e+01  -09.58259000e-02
  08.11955000e+01   06.60204000e+01   03.41955000e+01  -01.77941000e-01
  08.22621000e+01   07.03724000e+01   03.43090000e+01   06.74294000e-02
  08.37656000e+01   06.97801000e+01   03.03305000e+01   01.44326000e-01
  08.44733000e+01   06.31786000e+01   03.50341000e+01   00.00000000e+00
  08.43922000e+01   06.28282000e+01   03.65375000e+01   00.00000000e+00
  08.58310000e+01   06.27456000e+01   03.71173000e+01   00.00000000e+00
  08.59095000e+01   06.22891000e+01   03.86188000e+01   00.00000000e+00
  08.54375000e+01   06.08204000e+01   03.89612000e+01   00.00000000e+00
  08.51240000e+01   06.33026000e+01   03.95346000e+01   00.00000000e+00
  08.55615000e+01   06.34470000e+01   04.09778000e+01   00.00000000e+00
  08.48672000e+01   06.46001000e+01   04.17147000e+01   00.00000000e+00
  08.53233000e+01   06.48201000e+01   04.31988000e+01   00.00000000e+00
  08.49665000e+01   06.35873000e+01   04.40870000e+01   00.00000000e+00
  08.66361000e+01   06.55720000e+01   04.35207000e+01   00.00000000e+00
  08.69127000e+01   06.68654000e+01   04.26979000e+01   00.00000000e+00
  08.60377000e+01   06.79965000e+01   04.32959000e+01   00.00000000e+00
  08.63180000e+01   06.94340000e+01   04.28455000e+01   00.00000000e+00
  08.77767000e+01   06.98385000e+01   04.31066000e+01   00.00000000e+00
  08.57929000e+01   06.97089000e+01   04.14739000e+01   00.00000000e+00
  08.19807000e+01   06.90264000e+01   03.40341000e+01   03.65717000e-02
  08.22475000e+01   06.80228000e+01   03.21464000e+01  -06.37550000e-03
  08.40658000e+01   07.38082000e+01   02.97400000e+01   01.79582000e-02
  08.32268000e+01   07.39303000e+01   03.13009000e+01   01.23366000e-02
  08.49238000e+01   07.36443000e+01   03.13421000e+01   01.80857000e-02
  08.04340000e+01   07.00783000e+01   03.80292000e+01  -03.55350000e-03
  08.00390000e+01   06.84205000e+01   03.75293000e+01  -05.48890000e-03
  08.15931000e+01   06.88699000e+01   03.83434000e+01  -05.73590000e-03
  08.04779000e+01   06.25231000e+01   03.16100000e+01  -01.16015000e-02
  08.13456000e+01   06.19205000e+01   03.30945000e+01  -01.03548000e-02
  07.97863000e+01   06.22628000e+01   03.32023000e+01  -01.10806000e-02
  08.09572000e+01   06.46227000e+01   02.80948000e+01  -06.50300000e-03
  08.12470000e+01   06.63409000e+01   02.77245000e+01  -03.84930000e-03
  08.20930000e+01   06.51614000e+01   02.67402000e+01  -06.75510000e-03
  08.57352000e+01   06.99847000e+01   02.39624000e+01   06.96000000e-05
  08.61295000e+01   06.84310000e+01   02.44623000e+01  -02.56130000e-03
  08.44254000e+01   06.88601000e+01   02.42726000e+01  -08.86000000e-04
  08.42644000e+01   07.19350000e+01   03.62496000e+01   02.66600000e-04
  08.37100000e+01   07.25443000e+01   03.78059000e+01   02.07780000e-03
  08.36699000e+01   07.09924000e+01   03.77305000e+01   03.44650000e-03
  07.97001000e+01   06.25309000e+01   03.69284000e+01   02.98050000e-03
  08.06841000e+01   06.21819000e+01   03.54129000e+01  -05.01900000e-04
  08.71205000e+01   06.58033000e+01   02.93196000e+01  -05.40000000e-06
  08.58212000e+01   06.64339000e+01   03.02163000e+01  -02.73660000e-03
  08.20925000e+01   07.28269000e+01   03.58854000e+01   06.65000000e-04
  08.14702000e+01   07.18820000e+01   03.73336000e+01  -04.07950000e-03
  08.55249000e+01   06.53489000e+01   02.74555000e+01   01.58140000e-02
  08.59833000e+01   06.70366000e+01   02.78337000e+01   09.11190000e-03
  08.58750000e+01   07.08068000e+01   04.12319000e+01   00.00000000e+00
  08.63608000e+01   06.91401000e+01   04.07085000e+01   00.00000000e+00
  08.46919000e+01   06.93595000e+01   04.14907000e+01   00.00000000e+00
  08.84408000e+01   06.92577000e+01   04.24908000e+01   00.00000000e+00
  08.79024000e+01   07.08645000e+01   04.29115000e+01   00.00000000e+00
  08.81314000e+01   06.95841000e+01   04.41437000e+01   00.00000000e+00
  08.50409000e+01   06.76375000e+01   04.30485000e+01   00.00000000e+00
  08.61562000e+01   06.79305000e+01   04.43418000e+01   00.00000000e+00
  08.79996000e+01   06.71408000e+01   04.28053000e+01   00.00000000e+00
  08.66359000e+01   06.67759000e+01   04.16462000e+01   00.00000000e+00
  08.66533000e+01   06.57408000e+01   04.45960000e+01   00.00000000e+00
  08.74565000e+01   06.48925000e+01   04.32597000e+01   00.00000000e+00
  08.53343000e+01   06.37648000e+01   04.50656000e+01   00.00000000e+00
  08.38788000e+01   06.34611000e+01   04.40986000e+01   00.00000000e+00
  08.53274000e+01   06.26947000e+01   04.37395000e+01   00.00000000e+00
  08.51699000e+01   06.54302000e+01   04.11560000e+01   00.00000000e+00
  08.37924000e+01   06.44611000e+01   04.16940000e+01   00.00000000e+00
  08.53347000e+01   06.24383000e+01   04.14449000e+01   00.00000000e+00
  08.66792000e+01   06.35051000e+01   04.09740000e+01   00.00000000e+00
  08.54100000e+01   06.42987000e+01   03.90508000e+01   00.00000000e+00
  08.40412000e+01   06.32360000e+01   03.94744000e+01   00.00000000e+00
  08.26546000e+01   07.23847000e+01   03.36328000e+01   07.20400000e-04
  08.07984000e+01   06.66245000e+01   03.61858000e+01  -02.39543000e-02
  08.16814000e+01   06.38792000e+01   03.05074000e+01   04.89340000e-03
  08.57740000e+01   06.92491000e+01   02.82646000e+01  -02.28199000e-02
  07.97501000e+01   06.48899000e+01   03.62926000e+01  -01.51750000e-03
  08.59465000e+01   06.01087000e+01   03.82780000e+01   00.00000000e+00
  08.57584000e+01   06.05887000e+01   04.00206000e+01   00.00000000e+00
  08.43157000e+01   06.08882000e+01   03.87841000e+01   00.00000000e+00
  08.70191000e+01   06.22530000e+01   03.88887000e+01   00.00000000e+00
  08.65424000e+01   06.22442000e+01   03.64951000e+01   00.00000000e+00
  08.62299000e+01   06.37900000e+01   03.71735000e+01   00.00000000e+00
  08.36977000e+01   06.35239000e+01   03.69091000e+01   00.00000000e+00
  08.38097000e+01   06.18964000e+01   03.66889000e+01   00.00000000e+00
  08.48482000e+01   06.41777000e+01   03.49306000e+01   00.00000000e+00
  08.34014000e+01   06.32950000e+01   03.47387000e+01   00.00000000e+00
  08.33216000e+01   06.07078000e+01   03.44964000e+01   00.00000000e+00
  08.46591000e+01   06.00280000e+01   03.34723000e+01   00.00000000e+00
  08.49848000e+01   06.02049000e+01   03.51677000e+01   00.00000000e+00
  08.33311000e+01   06.44039000e+01   02.86177000e+01   05.57290000e-03
  08.35778000e+01   06.69685000e+01   02.73218000e+01  -01.28866000e-02
  08.68039000e+01   06.22314000e+01   03.33351000e+01   00.00000000e+00
  08.55228000e+01   06.99504000e+01   04.34730000e+01   00.00000000e+00
  08.42694000e+01   06.26808000e+01   03.16770000e+01  -01.99830000e-03
  08.56789000e+01   06.19271000e+01   03.11861000e+01  -01.85290000e-03
