  08.64126000e+01   06.50742000e+01   02.85478000e+01  -06.11779000e-02
  08.06949000e+01   06.37046000e+01   03.56214000e+01   01.75852000e-02
  08.24595000e+01   07.14711000e+01   03.59789000e+01   01.01800000e-02
  08.56090000e+01   07.02070000e+01   02.83006000e+01  -01.32723000e-02
  08.35161000e+01   06.61548000e+01   03.02184000e+01  -04.57645000e-02
  08.68997000e+01   06.47809000e+01   03.00344000e+01   02.46758000e-02
  07.97178000e+01   06.27905000e+01   03.58080000e+01  -01.71993000e-02
  08.38905000e+01   07.14931000e+01   03.66107000e+01  -09.39340000e-03
  08.56419000e+01   06.87112000e+01   02.80082000e+01   07.66074000e-02
  08.20812000e+01   06.56044000e+01   03.27536000e+01   09.44338000e-02
  08.60841000e+01   07.10947000e+01   02.75570000e+01   01.54319000e-02
  08.64195000e+01   06.34019000e+01   03.05208000e+01  -01.56515000e-02
  08.53508000e+01   06.84728000e+01   02.65421000e+01  -02.00050000e-02
  08.36526000e+01   06.90235000e+01   03.10389000e+01  -08.09918000e-02
  08.64069000e+01   06.85184000e+01   02.42911000e+01   04.03650000e-03
  08.47704000e+01   06.79746000e+01   02.90367000e+01  -01.43447000e-01
  08.26200000e+01   06.40228000e+01   03.09183000e+01   01.23287000e-02
  08.14308000e+01   06.66113000e+01   03.49057000e+01   02.21683000e-01
  08.31163000e+01   07.06391000e+01   03.28104000e+01  -05.42921000e-02
  08.26335000e+01   06.44411000e+01   02.76259000e+01   02.66866000e-02
  08.14173000e+01   06.18924000e+01   03.29679000e+01   04.35609000e-02
  08.12131000e+01   06.87274000e+01   03.71525000e+01   02.36507000e-02
  08.45011000e+01   07.26687000e+01   03.06382000e+01  -06.09964000e-02
  08.53101000e+01   06.22138000e+01   03.23565000e+01   08.71130000e-03
  08.44423000e+01   06.66233000e+01   02.91976000e+01   01.26858000e-01
  08.20853000e+01   06.42965000e+01   03.21915000e+01  -03.45042000e-02
  08.18158000e+01   06.79782000e+01   03.47528000e+01  -02.04376000e-01
  08.36595000e+01   07.03205000e+01   03.15572000e+01   07.60142000e-02
  08.62484000e+01   06.24624000e+01   02.98159000e+01   05.08730000e-03
  08.43154000e+01   06.80638000e+01   02.60332000e+01   06.92200000e-04
  08.58937000e+01   06.20355000e+01   03.37643000e+01   00.00000000e+00
  08.48895000e+01   06.54450000e+01   02.83189000e+01   07.64245000e-02
  08.15012000e+01   06.34088000e+01   03.31331000e+01  -04.66821000e-02
  08.17359000e+01   06.90191000e+01   03.58160000e+01   01.65461000e-02
  08.43633000e+01   07.11674000e+01   03.05770000e+01   05.49912000e-02
  08.60899000e+01   06.33323000e+01   03.18230000e+01   03.30200000e-04
  08.64365000e+01   06.87315000e+01   02.57244000e+01   04.02810000e-03
  08.52503000e+01   06.16242000e+01   03.49291000e+01   00.00000000e+00
  08.38030000e+01   06.43624000e+01   02.86918000e+01  -04.69336000e-02
  08.12238000e+01   06.41482000e+01   03.43362000e+01  -07.68710000e-03
  08.22505000e+01   07.02021000e+01   03.52400000e+01  -03.37389000e-02
  08.48759000e+01   07.02966000e+01   02.95717000e+01   03.64969000e-02
  08.48965000e+01   06.01799000e+01   03.49670000e+01   00.00000000e+00
  08.32618000e+01   06.48725000e+01   03.00230000e+01  -09.58259000e-02
  08.14630000e+01   06.55382000e+01   03.39980000e+01  -01.77941000e-01
  08.25315000e+01   06.98452000e+01   03.37992000e+01   06.74294000e-02
  08.43985000e+01   06.90537000e+01   02.99341000e+01   01.44326000e-01
  08.44720000e+01   06.25017000e+01   03.57874000e+01   00.00000000e+00
  08.47179000e+01   06.23278000e+01   03.72838000e+01   00.00000000e+00
  08.61444000e+01   06.26979000e+01   03.77910000e+01   00.00000000e+00
  08.64626000e+01   06.26940000e+01   03.92966000e+01   00.00000000e+00
  08.65496000e+01   06.12781000e+01   03.98622000e+01   00.00000000e+00
  08.56623000e+01   06.37034000e+01   04.01174000e+01   00.00000000e+00
  08.57601000e+01   06.34554000e+01   04.16228000e+01   00.00000000e+00
  08.49109000e+01   06.45534000e+01   04.22597000e+01   00.00000000e+00
  08.53816000e+01   06.49146000e+01   04.36925000e+01   00.00000000e+00
  08.50721000e+01   06.39311000e+01   04.49176000e+01   00.00000000e+00
  08.68066000e+01   06.55686000e+01   04.38454000e+01   00.00000000e+00
  08.70542000e+01   06.69944000e+01   04.33356000e+01   00.00000000e+00
  08.63424000e+01   06.79636000e+01   04.42969000e+01   00.00000000e+00
  08.63541000e+01   06.94623000e+01   04.38834000e+01   00.00000000e+00
  08.78248000e+01   07.00367000e+01   04.41092000e+01   00.00000000e+00
  08.59228000e+01   06.96625000e+01   04.23972000e+01   00.00000000e+00
  08.23192000e+01   06.84711000e+01   03.36286000e+01   03.65717000e-02
  08.27643000e+01   06.73064000e+01   03.18789000e+01  -06.37550000e-03
  08.54591000e+01   07.29307000e+01   03.09407000e+01   01.79582000e-02
  08.43565000e+01   07.31343000e+01   02.96425000e+01   01.23366000e-02
  08.37431000e+01   07.30069000e+01   03.13303000e+01   01.80857000e-02
  08.12504000e+01   06.76930000e+01   03.73583000e+01  -03.55350000e-03
  08.18248000e+01   06.92086000e+01   03.79172000e+01  -05.48890000e-03
  08.01913000e+01   06.91324000e+01   03.71360000e+01  -05.73590000e-03
  08.15481000e+01   06.14864000e+01   03.39852000e+01  -01.16015000e-02
  08.04188000e+01   06.16060000e+01   03.25760000e+01  -01.03548000e-02
  08.21315000e+01   06.14869000e+01   03.22896000e+01  -01.10806000e-02
  08.28758000e+01   06.38095000e+01   02.67765000e+01  -06.50300000e-03
  08.17427000e+01   06.40123000e+01   02.80271000e+01  -03.84930000e-03
  08.25349000e+01   06.54375000e+01   02.72316000e+01  -06.75510000e-03
  08.56451000e+01   06.90375000e+01   02.36776000e+01   06.96000000e-05
  08.72549000e+01   06.89724000e+01   02.38963000e+01  -02.56130000e-03
  08.65019000e+01   06.74935000e+01   02.39860000e+01  -08.86000000e-04
  08.46603000e+01   07.17842000e+01   03.59029000e+01   02.66600000e-04
  08.40137000e+01   07.22558000e+01   03.73715000e+01   02.07780000e-03
  08.41287000e+01   07.05207000e+01   03.70452000e+01   03.44650000e-03
  07.93327000e+01   06.24945000e+01   03.67736000e+01   02.98050000e-03
  07.91625000e+01   06.23323000e+01   03.49498000e+01  -05.01900000e-04
  08.79619000e+01   06.49611000e+01   03.00991000e+01  -05.40000000e-06
  08.64419000e+01   06.54816000e+01   03.06747000e+01  -02.73660000e-03
  08.23720000e+01   07.23817000e+01   03.54157000e+01   06.65000000e-04
  08.17832000e+01   07.16499000e+01   03.68348000e+01  -04.07950000e-03
  08.67277000e+01   06.41681000e+01   02.79483000e+01   01.58140000e-02
  08.70226000e+01   06.58945000e+01   02.81795000e+01   09.11190000e-03
  08.49369000e+01   06.92404000e+01   04.22886000e+01   00.00000000e+00
  08.58471000e+01   07.07357000e+01   04.23411000e+01   00.00000000e+00
  08.65956000e+01   06.92471000e+01   04.16246000e+01   00.00000000e+00
  08.82799000e+01   06.99946000e+01   04.50966000e+01   00.00000000e+00
  08.83542000e+01   06.92971000e+01   04.34766000e+01   00.00000000e+00
  08.78893000e+01   07.10820000e+01   04.37132000e+01   00.00000000e+00
  08.52800000e+01   06.77181000e+01   04.44147000e+01   00.00000000e+00
  08.67873000e+01   06.78240000e+01   04.53183000e+01   00.00000000e+00
  08.81592000e+01   06.70911000e+01   04.33902000e+01   00.00000000e+00
  08.67458000e+01   06.70636000e+01   04.22955000e+01   00.00000000e+00
  08.69790000e+01   06.56519000e+01   04.48839000e+01   00.00000000e+00
  08.75172000e+01   06.48581000e+01   04.33997000e+01   00.00000000e+00
  08.51066000e+01   06.44666000e+01   04.58736000e+01   00.00000000e+00
  08.40413000e+01   06.35273000e+01   04.47918000e+01   00.00000000e+00
  08.57460000e+01   06.30719000e+01   04.48615000e+01   00.00000000e+00
  08.51056000e+01   06.54808000e+01   04.17268000e+01   00.00000000e+00
  08.38163000e+01   06.43934000e+01   04.22973000e+01   00.00000000e+00
  08.52650000e+01   06.25447000e+01   04.17000000e+01   00.00000000e+00
  08.68063000e+01   06.33875000e+01   04.18888000e+01   00.00000000e+00
  08.59469000e+01   06.47376000e+01   03.98735000e+01   00.00000000e+00
  08.46014000e+01   06.36407000e+01   03.97133000e+01   00.00000000e+00
  08.32847000e+01   07.16660000e+01   03.30853000e+01   07.20400000e-04
  08.11036000e+01   06.63887000e+01   03.59582000e+01  -02.39543000e-02
  08.24421000e+01   06.30184000e+01   03.05591000e+01   04.89340000e-03
  08.66473000e+01   06.83517000e+01   02.80601000e+01  -02.28199000e-02
  08.10989000e+01   06.40394000e+01   03.65687000e+01  -01.51750000e-03
  08.71505000e+01   06.13514000e+01   04.07571000e+01   00.00000000e+00
  08.56095000e+01   06.09009000e+01   04.00846000e+01   00.00000000e+00
  08.70178000e+01   06.05220000e+01   03.91695000e+01   00.00000000e+00
  08.74606000e+01   06.30638000e+01   03.94432000e+01   00.00000000e+00
  08.68302000e+01   06.19551000e+01   03.73133000e+01   00.00000000e+00
  08.64284000e+01   06.36537000e+01   03.74145000e+01   00.00000000e+00
  08.40206000e+01   06.30321000e+01   03.76867000e+01   00.00000000e+00
  08.42947000e+01   06.13560000e+01   03.75340000e+01   00.00000000e+00
  08.45825000e+01   06.34924000e+01   03.53482000e+01   00.00000000e+00
  08.34279000e+01   06.23582000e+01   03.55900000e+01   00.00000000e+00
  08.55154000e+01   05.96201000e+01   03.43305000e+01   00.00000000e+00
  08.50130000e+01   05.97744000e+01   03.59046000e+01   00.00000000e+00
  08.37897000e+01   06.00871000e+01   03.47843000e+01   00.00000000e+00
  08.42454000e+01   06.33061000e+01   02.87394000e+01   05.57290000e-03
  08.47907000e+01   06.57004000e+01   02.73367000e+01  -01.28866000e-02
  08.69955000e+01   06.21383000e+01   03.38154000e+01   00.00000000e+00
  08.57519000e+01   06.99852000e+01   04.46092000e+01   00.00000000e+00
  08.43107000e+01   06.25674000e+01   03.25049000e+01  -01.99830000e-03
  08.52785000e+01   06.13682000e+01   03.16373000e+01  -01.85290000e-03
