  08.39557000e+01   06.43707000e+01   02.84397000e+01  -06.11779000e-02
  07.86960000e+01   06.26997000e+01   03.57430000e+01   01.75852000e-02
  08.06059000e+01   07.05818000e+01   03.64667000e+01   01.01800000e-02
  08.38377000e+01   06.94998000e+01   02.90874000e+01  -01.32723000e-02
  08.13050000e+01   06.55550000e+01   03.04232000e+01  -04.57645000e-02
  08.46048000e+01   06.42507000e+01   02.98196000e+01   02.46758000e-02
  07.79791000e+01   06.15516000e+01   03.57494000e+01  -01.71993000e-02
  08.20498000e+01   07.07228000e+01   03.69764000e+01  -09.39340000e-03
  08.36463000e+01   06.80359000e+01   02.85400000e+01   07.66074000e-02
  07.99224000e+01   06.48272000e+01   03.30392000e+01   09.44338000e-02
  08.45210000e+01   07.03578000e+01   02.84958000e+01   01.54319000e-02
  08.40742000e+01   06.31663000e+01   03.06800000e+01  -01.56515000e-02
  08.35336000e+01   06.80238000e+01   02.70025000e+01  -02.00050000e-02
  08.16550000e+01   06.83475000e+01   03.16296000e+01  -08.09918000e-02
  08.49312000e+01   06.77920000e+01   02.49944000e+01   04.03650000e-03
  08.25283000e+01   06.74263000e+01   02.94275000e+01  -01.43447000e-01
  08.04988000e+01   06.33214000e+01   03.10912000e+01   01.23287000e-02
  07.94365000e+01   06.56802000e+01   03.53143000e+01   02.21683000e-01
  08.16043000e+01   06.97555000e+01   03.35992000e+01  -05.42921000e-02
  08.02206000e+01   06.38809000e+01   02.77130000e+01   02.66866000e-02
  07.94355000e+01   06.11224000e+01   03.29295000e+01   04.35609000e-02
  07.95718000e+01   06.77344000e+01   03.77408000e+01   02.36507000e-02
  08.30346000e+01   07.18086000e+01   03.15368000e+01  -06.09964000e-02
  08.34395000e+01   06.27167000e+01   03.30686000e+01   08.71130000e-03
  08.21175000e+01   06.60583000e+01   02.93694000e+01   01.26858000e-01
  07.99823000e+01   06.35924000e+01   03.23637000e+01  -03.45042000e-02
  07.97650000e+01   06.70403000e+01   03.52590000e+01  -02.04376000e-01
  08.19410000e+01   06.95513000e+01   03.22500000e+01   07.60142000e-02
  08.36763000e+01   06.20456000e+01   03.03325000e+01   05.08730000e-03
  08.25342000e+01   06.81348000e+01   02.62945000e+01   06.92200000e-04
  08.43633000e+01   06.15967000e+01   03.36017000e+01   00.00000000e+00
  08.25299000e+01   06.49535000e+01   02.83758000e+01   07.64245000e-02
  07.93703000e+01   06.25839000e+01   03.32077000e+01  -04.66821000e-02
  07.98501000e+01   06.80326000e+01   03.63377000e+01   01.65461000e-02
  08.26174000e+01   07.04033000e+01   03.13263000e+01   05.49912000e-02
  08.40828000e+01   06.35417000e+01   03.20113000e+01   03.30200000e-04
  08.47725000e+01   06.78445000e+01   02.64704000e+01   04.02810000e-03
  08.38919000e+01   06.03862000e+01   03.38996000e+01   00.00000000e+00
  08.14155000e+01   06.39169000e+01   02.87245000e+01  -04.69336000e-02
  07.91150000e+01   06.32847000e+01   03.44434000e+01  -07.68710000e-03
  08.03789000e+01   06.92057000e+01   03.57559000e+01  -03.37389000e-02
  08.30269000e+01   06.95586000e+01   03.02649000e+01   03.64969000e-02
  08.40579000e+01   05.92508000e+01   03.28685000e+01   00.00000000e+00
  08.10282000e+01   06.42649000e+01   03.01704000e+01  -09.58259000e-02
  07.94990000e+01   06.46445000e+01   03.43289000e+01  -01.77941000e-01
  08.07425000e+01   06.89257000e+01   03.43912000e+01   06.74294000e-02
  08.23048000e+01   06.83859000e+01   03.04159000e+01   01.44326000e-01
  08.33614000e+01   06.01748000e+01   03.53538000e+01   00.00000000e+00
  08.42844000e+01   06.08077000e+01   03.64602000e+01   00.00000000e+00
  08.35038000e+01   06.08598000e+01   03.78248000e+01   00.00000000e+00
  08.42194000e+01   06.16548000e+01   03.89241000e+01   00.00000000e+00
  08.55697000e+01   06.11053000e+01   03.93144000e+01   00.00000000e+00
  08.33122000e+01   06.17197000e+01   04.01929000e+01   00.00000000e+00
  08.37495000e+01   06.27796000e+01   04.12752000e+01   00.00000000e+00
  08.28333000e+01   06.28680000e+01   04.25507000e+01   00.00000000e+00
  08.33466000e+01   06.38705000e+01   04.36386000e+01   00.00000000e+00
  08.47772000e+01   06.35665000e+01   04.42134000e+01   00.00000000e+00
  08.31231000e+01   06.53784000e+01   04.31736000e+01   00.00000000e+00
  08.32990000e+01   06.64592000e+01   04.42721000e+01   00.00000000e+00
  08.33183000e+01   06.78909000e+01   04.38279000e+01   00.00000000e+00
  08.47417000e+01   06.84092000e+01   04.32923000e+01   00.00000000e+00
  08.52969000e+01   06.77853000e+01   04.20355000e+01   00.00000000e+00
  08.46722000e+01   06.99276000e+01   04.31067000e+01   00.00000000e+00
  08.02818000e+01   06.76212000e+01   03.41064000e+01   03.65717000e-02
  08.06172000e+01   06.66461000e+01   03.21846000e+01  -06.37550000e-03
  08.29249000e+01   07.24592000e+01   03.06567000e+01   01.79582000e-02
  08.24176000e+01   07.20931000e+01   03.22844000e+01   01.23366000e-02
  08.40945000e+01   07.18585000e+01   03.18122000e+01   01.80857000e-02
  08.03792000e+01   06.69837000e+01   03.79484000e+01  -03.55350000e-03
  07.96948000e+01   06.86740000e+01   03.83177000e+01  -05.48890000e-03
  07.85659000e+01   06.72602000e+01   03.79287000e+01  -05.73590000e-03
  07.95002000e+01   06.04869000e+01   03.37962000e+01  -01.16015000e-02
  07.85029000e+01   06.08767000e+01   03.24047000e+01  -01.03548000e-02
  08.02622000e+01   06.09462000e+01   03.22418000e+01  -01.10806000e-02
  08.05933000e+01   06.36205000e+01   02.67309000e+01  -06.50300000e-03
  07.95199000e+01   06.31597000e+01   02.81706000e+01  -03.84930000e-03
  07.97062000e+01   06.48720000e+01   02.76449000e+01  -06.75510000e-03
  08.43741000e+01   06.71126000e+01   02.44017000e+01   06.96000000e-05
  08.48207000e+01   06.88093000e+01   02.46221000e+01  -02.56130000e-03
  08.59951000e+01   06.74413000e+01   02.49187000e+01  -08.86000000e-04
  08.22721000e+01   06.97955000e+01   03.76020000e+01   02.66600000e-04
  08.27986000e+01   07.07647000e+01   03.62248000e+01   02.07780000e-03
  08.22347000e+01   07.15838000e+01   03.75794000e+01   03.44650000e-03
  07.77198000e+01   06.11258000e+01   03.67030000e+01   02.98050000e-03
  07.75607000e+01   06.09871000e+01   03.48791000e+01  -05.01900000e-04
  08.56113000e+01   06.39695000e+01   02.96057000e+01  -05.40000000e-06
  08.47026000e+01   06.52007000e+01   03.03784000e+01  -02.73660000e-03
  08.04857000e+01   07.14235000e+01   03.57448000e+01   06.65000000e-04
  07.98713000e+01   07.06927000e+01   03.73013000e+01  -04.07950000e-03
  08.40530000e+01   06.34353000e+01   02.79445000e+01   01.58140000e-02
  08.46667000e+01   06.51182000e+01   02.78664000e+01   09.11190000e-03
  08.42634000e+01   07.04842000e+01   04.39510000e+01   00.00000000e+00
  08.56673000e+01   07.02921000e+01   04.28069000e+01   00.00000000e+00
  08.39500000e+01   07.01139000e+01   04.23047000e+01   00.00000000e+00
  08.53907000e+01   06.67304000e+01   04.22078000e+01   00.00000000e+00
  08.46270000e+01   06.78576000e+01   04.12095000e+01   00.00000000e+00
  08.62451000e+01   06.81204000e+01   04.16397000e+01   00.00000000e+00
  08.25401000e+01   06.79592000e+01   04.30860000e+01   00.00000000e+00
  08.31308000e+01   06.85204000e+01   04.47342000e+01   00.00000000e+00
  08.24583000e+01   06.64126000e+01   04.48933000e+01   00.00000000e+00
  08.41955000e+01   06.63265000e+01   04.49400000e+01   00.00000000e+00
  08.37079000e+01   06.56141000e+01   04.22717000e+01   00.00000000e+00
  08.20373000e+01   06.54235000e+01   04.28050000e+01   00.00000000e+00
  08.53838000e+01   06.37672000e+01   04.33701000e+01   00.00000000e+00
  08.49135000e+01   06.41965000e+01   04.51134000e+01   00.00000000e+00
  08.49137000e+01   06.24964000e+01   04.44231000e+01   00.00000000e+00
  08.18188000e+01   06.31684000e+01   04.22906000e+01   00.00000000e+00
  08.28172000e+01   06.19886000e+01   04.30480000e+01   00.00000000e+00
  08.47567000e+01   06.24728000e+01   04.15789000e+01   00.00000000e+00
  08.40052000e+01   06.37530000e+01   04.07621000e+01   00.00000000e+00
  08.22918000e+01   06.20421000e+01   03.98554000e+01   00.00000000e+00
  08.32833000e+01   06.07498000e+01   04.06741000e+01   00.00000000e+00
  08.18356000e+01   07.07114000e+01   03.39437000e+01   07.20400000e-04
  07.91077000e+01   06.52473000e+01   03.62638000e+01  -02.39543000e-02
  08.03390000e+01   06.24161000e+01   03.05318000e+01   04.89340000e-03
  08.44947000e+01   06.74733000e+01   02.88833000e+01  -02.28199000e-02
  07.89215000e+01   06.31451000e+01   03.66781000e+01  -01.51750000e-03
  08.60650000e+01   06.15790000e+01   04.01548000e+01   00.00000000e+00
  08.55270000e+01   05.99739000e+01   03.95304000e+01   00.00000000e+00
  08.62880000e+01   06.11272000e+01   03.85033000e+01   00.00000000e+00
  08.43176000e+01   06.27127000e+01   03.86567000e+01   00.00000000e+00
  08.24349000e+01   06.11582000e+01   03.77103000e+01   00.00000000e+00
  08.33714000e+01   05.98966000e+01   03.82492000e+01   00.00000000e+00
  08.52891000e+01   06.03637000e+01   03.65456000e+01   00.00000000e+00
  08.45254000e+01   06.18268000e+01   03.61181000e+01   00.00000000e+00
  08.23304000e+01   06.06077000e+01   03.53831000e+01   00.00000000e+00
  08.31412000e+01   05.91152000e+01   03.55112000e+01   00.00000000e+00
  08.46504000e+01   05.84617000e+01   03.32756000e+01   00.00000000e+00
  08.30532000e+01   05.88332000e+01   03.27212000e+01   00.00000000e+00
  08.45957000e+01   05.94914000e+01   03.19157000e+01   00.00000000e+00
  08.19281000e+01   06.29842000e+01   02.86885000e+01   05.57290000e-03
  08.24271000e+01   06.54686000e+01   02.73895000e+01  -01.28866000e-02
  08.54003000e+01   06.18089000e+01   03.36688000e+01   00.00000000e+00
  08.54547000e+01   06.82029000e+01   04.40539000e+01   00.00000000e+00
  08.31498000e+01   06.34114000e+01   03.38637000e+01  -01.99830000e-03
  08.25130000e+01   06.23211000e+01   03.26574000e+01  -01.85290000e-03
