  08.31851000e+01   06.40382000e+01   02.72972000e+01  -06.11779000e-02
  07.80194000e+01   06.25752000e+01   03.48775000e+01   01.75852000e-02
  08.01662000e+01   07.02404000e+01   03.53751000e+01   01.01800000e-02
  08.30348000e+01   06.91797000e+01   02.77068000e+01  -01.32723000e-02
  08.04911000e+01   06.52321000e+01   02.93235000e+01  -04.57645000e-02
  08.38817000e+01   06.39000000e+01   02.86663000e+01   02.46758000e-02
  07.72927000e+01   06.14161000e+01   03.50715000e+01  -01.71993000e-02
  08.15895000e+01   07.03702000e+01   03.60225000e+01  -09.39340000e-03
  08.28505000e+01   06.75847000e+01   02.73384000e+01   07.66074000e-02
  07.94037000e+01   06.45895000e+01   03.19738000e+01   09.44338000e-02
  08.36049000e+01   06.99799000e+01   02.69770000e+01   01.54319000e-02
  08.34168000e+01   06.28329000e+01   02.96398000e+01  -01.56515000e-02
  08.25306000e+01   06.74396000e+01   02.58708000e+01  -02.00050000e-02
  08.10062000e+01   06.80571000e+01   03.04772000e+01  -08.09918000e-02
  08.34562000e+01   06.74769000e+01   02.36281000e+01   04.03650000e-03
  08.18729000e+01   06.69904000e+01   02.83756000e+01  -01.43447000e-01
  07.95575000e+01   06.31250000e+01   03.00016000e+01   01.23287000e-02
  07.89366000e+01   06.54189000e+01   03.42786000e+01   02.21683000e-01
  08.09577000e+01   06.94772000e+01   03.24613000e+01  -05.42921000e-02
  07.93539000e+01   06.35104000e+01   02.66641000e+01   02.66866000e-02
  07.82865000e+01   06.09759000e+01   03.19051000e+01   04.35609000e-02
  07.86888000e+01   06.76247000e+01   03.65916000e+01   02.36507000e-02
  08.24875000e+01   07.14804000e+01   03.02257000e+01  -06.09964000e-02
  08.25497000e+01   06.26728000e+01   03.18864000e+01   08.71130000e-03
  08.13921000e+01   06.56844000e+01   02.83549000e+01   01.26858000e-01
  07.92216000e+01   06.33596000e+01   03.13565000e+01  -03.45042000e-02
  07.93785000e+01   06.67562000e+01   03.42351000e+01  -02.04376000e-01
  08.13060000e+01   06.92838000e+01   03.10786000e+01   07.60142000e-02
  08.30498000e+01   06.17224000e+01   02.92740000e+01   05.08730000e-03
  08.14349000e+01   06.72554000e+01   02.53766000e+01   06.92200000e-04
  08.32032000e+01   06.14675000e+01   03.24938000e+01   00.00000000e+00
  08.16697000e+01   06.45609000e+01   02.73248000e+01   07.64245000e-02
  07.87059000e+01   06.23946000e+01   03.22677000e+01  -04.66821000e-02
  07.92975000e+01   06.78083000e+01   03.52696000e+01   01.65461000e-02
  08.19431000e+01   07.00898000e+01   03.00229000e+01   05.49912000e-02
  08.35033000e+01   06.32507000e+01   03.09904000e+01   03.30200000e-04
  08.37141000e+01   06.75417000e+01   02.51269000e+01   04.02810000e-03
  08.26486000e+01   06.03632000e+01   03.28298000e+01   00.00000000e+00
  08.05264000e+01   06.35362000e+01   02.77048000e+01  -04.69336000e-02
  07.84913000e+01   06.31046000e+01   03.35370000e+01  -07.68710000e-03
  07.99053000e+01   06.89344000e+01   03.47099000e+01  -03.37389000e-02
  08.23106000e+01   06.92500000e+01   02.89969000e+01   03.64969000e-02
  08.21923000e+01   05.92540000e+01   03.19241000e+01   00.00000000e+00
  08.02083000e+01   06.39685000e+01   02.91121000e+01  -09.58259000e-02
  07.89176000e+01   06.44600000e+01   03.32406000e+01  -01.77941000e-01
  08.02533000e+01   06.86330000e+01   03.33514000e+01   06.74294000e-02
  08.17217000e+01   06.79943000e+01   02.93611000e+01   01.44326000e-01
  08.22596000e+01   06.03477000e+01   03.42384000e+01   00.00000000e+00
  08.32749000e+01   06.09811000e+01   03.52176000e+01   00.00000000e+00
  08.27166000e+01   06.09401000e+01   03.66332000e+01   00.00000000e+00
  08.37180000e+01   06.15780000e+01   03.76634000e+01   00.00000000e+00
  08.49559000e+01   06.07020000e+01   03.78576000e+01   00.00000000e+00
  08.30193000e+01   06.17642000e+01   03.90647000e+01   00.00000000e+00
  08.37558000e+01   06.27236000e+01   04.00049000e+01   00.00000000e+00
  08.30948000e+01   06.26928000e+01   04.14123000e+01   00.00000000e+00
  08.36693000e+01   06.38556000e+01   04.22589000e+01   00.00000000e+00
  08.39015000e+01   06.33933000e+01   04.37430000e+01   00.00000000e+00
  08.26658000e+01   06.51236000e+01   04.22451000e+01   00.00000000e+00
  08.32379000e+01   06.64560000e+01   04.26655000e+01   00.00000000e+00
  08.45035000e+01   06.68999000e+01   04.18646000e+01   00.00000000e+00
  08.48811000e+01   06.83445000e+01   04.20072000e+01   00.00000000e+00
  08.49382000e+01   06.87321000e+01   04.34757000e+01   00.00000000e+00
  08.61187000e+01   06.86756000e+01   04.12419000e+01   00.00000000e+00
  07.98636000e+01   06.73493000e+01   03.30778000e+01   03.65717000e-02
  08.00444000e+01   06.63262000e+01   03.11566000e+01  -06.37550000e-03
  08.17789000e+01   07.23195000e+01   03.01298000e+01   01.79582000e-02
  08.28622000e+01   07.14292000e+01   03.12705000e+01   01.23366000e-02
  08.33168000e+01   07.16191000e+01   02.95923000e+01   01.80857000e-02
  07.84025000e+01   06.66353000e+01   03.67307000e+01  -03.55350000e-03
  07.94031000e+01   06.80044000e+01   03.73128000e+01  -05.48890000e-03
  07.78401000e+01   06.82085000e+01   03.66013000e+01  -05.73590000e-03
  07.72725000e+01   06.07574000e+01   03.21288000e+01  -01.16015000e-02
  07.82019000e+01   06.08052000e+01   03.08007000e+01  -01.03548000e-02
  07.89293000e+01   06.01906000e+01   03.23838000e+01  -01.10806000e-02
  07.91837000e+01   06.45969000e+01   02.63705000e+01  -06.50300000e-03
  07.96274000e+01   06.29812000e+01   02.57230000e+01  -03.84930000e-03
  07.84508000e+01   06.32390000e+01   02.72264000e+01  -06.75510000e-03
  08.27372000e+01   06.82166000e+01   02.33489000e+01   06.96000000e-05
  08.44285000e+01   06.76800000e+01   02.31013000e+01  -02.56130000e-03
  08.29523000e+01   06.65102000e+01   02.33251000e+01  -08.86000000e-04
  08.14368000e+01   06.98324000e+01   03.69692000e+01   02.66600000e-04
  08.23659000e+01   07.00108000e+01   03.53889000e+01   02.07780000e-03
  08.16975000e+01   07.14235000e+01   03.62373000e+01   03.44650000e-03
  07.69597000e+01   06.11277000e+01   03.60433000e+01   02.98050000e-03
  07.68302000e+01   06.08470000e+01   03.42589000e+01  -05.01900000e-04
  08.49245000e+01   06.36981000e+01   02.82985000e+01  -05.40000000e-06
  08.39544000e+01   06.48184000e+01   02.92904000e+01  -02.73660000e-03
  08.00548000e+01   07.10148000e+01   03.46654000e+01   06.65000000e-04
  07.93684000e+01   07.03761000e+01   03.60562000e+01  -04.07950000e-03
  08.32371000e+01   06.30445000e+01   02.68163000e+01   01.58140000e-02
  08.37147000e+01   06.47657000e+01   02.67335000e+01   09.11190000e-03
  08.60296000e+01   06.83846000e+01   04.02143000e+01   00.00000000e+00
  08.64073000e+01   06.96999000e+01   04.12416000e+01   00.00000000e+00
  08.68226000e+01   06.81417000e+01   04.17820000e+01   00.00000000e+00
  08.39001000e+01   06.91685000e+01   04.36586000e+01   00.00000000e+00
  08.51481000e+01   06.80019000e+01   04.42981000e+01   00.00000000e+00
  08.56021000e+01   06.95483000e+01   04.36241000e+01   00.00000000e+00
  08.53090000e+01   06.62474000e+01   04.21489000e+01   00.00000000e+00
  08.43745000e+01   06.67641000e+01   04.07639000e+01   00.00000000e+00
  08.24100000e+01   06.71630000e+01   04.24846000e+01   00.00000000e+00
  08.35194000e+01   06.63298000e+01   04.37278000e+01   00.00000000e+00
  08.22809000e+01   06.52612000e+01   04.12257000e+01   00.00000000e+00
  08.17840000e+01   06.47728000e+01   04.28258000e+01   00.00000000e+00
  08.29556000e+01   06.31995000e+01   04.43056000e+01   00.00000000e+00
  08.45407000e+01   06.25012000e+01   04.38051000e+01   00.00000000e+00
  08.44680000e+01   06.42304000e+01   04.42053000e+01   00.00000000e+00
  08.20240000e+01   06.28890000e+01   04.13401000e+01   00.00000000e+00
  08.31174000e+01   06.17385000e+01   04.19381000e+01   00.00000000e+00
  08.47936000e+01   06.23672000e+01   04.01100000e+01   00.00000000e+00
  08.37648000e+01   06.37645000e+01   03.95272000e+01   00.00000000e+00
  08.20027000e+01   06.21382000e+01   03.89479000e+01   00.00000000e+00
  08.29635000e+01   06.07583000e+01   03.95704000e+01   00.00000000e+00
  08.12130000e+01   07.04980000e+01   03.28674000e+01   07.20400000e-04
  07.85307000e+01   06.52472000e+01   03.52911000e+01  -02.39543000e-02
  07.93924000e+01   06.21004000e+01   02.96320000e+01   04.89340000e-03
  08.38502000e+01   06.71880000e+01   02.75073000e+01  -02.28199000e-02
  07.83146000e+01   06.32178000e+01   03.57093000e+01  -01.51750000e-03
  08.53999000e+01   06.02376000e+01   03.69811000e+01   00.00000000e+00
  08.57042000e+01   06.13096000e+01   03.83979000e+01   00.00000000e+00
  08.46967000e+01   05.98840000e+01   03.85275000e+01   00.00000000e+00
  08.39313000e+01   06.26019000e+01   03.72829000e+01   00.00000000e+00
  08.18187000e+01   06.14842000e+01   03.67033000e+01   00.00000000e+00
  08.24118000e+01   05.99605000e+01   03.69099000e+01   00.00000000e+00
  08.41980000e+01   06.04850000e+01   03.52171000e+01   00.00000000e+00
  08.34064000e+01   06.20518000e+01   03.49956000e+01   00.00000000e+00
  08.12654000e+01   06.07894000e+01   03.44444000e+01   00.00000000e+00
  08.21801000e+01   05.92797000e+01   03.45401000e+01   00.00000000e+00
  08.27597000e+01   05.92347000e+01   03.10589000e+01   00.00000000e+00
  08.22271000e+01   05.82413000e+01   03.23870000e+01   00.00000000e+00
  08.11370000e+01   05.95168000e+01   03.16494000e+01   00.00000000e+00
  08.10225000e+01   06.25721000e+01   02.76493000e+01   05.57290000e-03
  08.14968000e+01   06.48257000e+01   02.62992000e+01  -01.28866000e-02
  08.42624000e+01   06.13943000e+01   03.24082000e+01   00.00000000e+00
  08.41034000e+01   06.89029000e+01   04.14658000e+01   00.00000000e+00
  08.22880000e+01   06.34667000e+01   03.26001000e+01  -01.99830000e-03
  08.15987000e+01   06.23714000e+01   03.14463000e+01  -01.85290000e-03
