  08.40403000e+01   06.45719000e+01   02.86029000e+01  -06.11779000e-02
  07.86858000e+01   06.32224000e+01   03.58013000e+01   01.75852000e-02
  08.02356000e+01   07.10841000e+01   03.62693000e+01   01.01800000e-02
  08.33023000e+01   06.99125000e+01   02.85880000e+01  -01.32723000e-02
  08.12881000e+01   06.58174000e+01   03.02521000e+01  -04.57645000e-02
  08.45246000e+01   06.44670000e+01   03.00619000e+01   02.46758000e-02
  07.78103000e+01   06.22532000e+01   03.60175000e+01  -01.71993000e-02
  08.14247000e+01   07.10866000e+01   03.71938000e+01  -09.39340000e-03
  08.33942000e+01   06.83007000e+01   02.82509000e+01   07.66074000e-02
  07.98115000e+01   06.53379000e+01   03.28752000e+01   09.44338000e-02
  08.37644000e+01   07.07948000e+01   02.78957000e+01   01.54319000e-02
  08.39304000e+01   06.33875000e+01   03.09648000e+01  -01.56515000e-02
  08.33608000e+01   06.80819000e+01   02.66840000e+01  -02.00050000e-02
  08.15500000e+01   06.86087000e+01   03.14194000e+01  -08.09918000e-02
  08.46565000e+01   06.80791000e+01   02.46833000e+01   04.03650000e-03
  08.25024000e+01   06.76194000e+01   02.92424000e+01  -01.43447000e-01
  08.03163000e+01   06.37097000e+01   03.09565000e+01   01.23287000e-02
  07.93139000e+01   06.62475000e+01   03.51809000e+01   02.21683000e-01
  08.12289000e+01   07.02457000e+01   03.33010000e+01  -05.42921000e-02
  08.03039000e+01   06.44523000e+01   02.76130000e+01   02.66866000e-02
  07.92286000e+01   06.15978000e+01   03.29537000e+01   04.35609000e-02
  07.90245000e+01   06.83950000e+01   03.75133000e+01   02.36507000e-02
  08.24151000e+01   07.22231000e+01   03.10599000e+01  -06.09964000e-02
  08.29450000e+01   06.29856000e+01   03.30905000e+01   08.71130000e-03
  08.21788000e+01   06.62911000e+01   02.92703000e+01   01.26858000e-01
  07.98190000e+01   06.40973000e+01   03.22590000e+01  -03.45042000e-02
  07.97058000e+01   06.76077000e+01   03.50926000e+01  -02.04376000e-01
  08.16228000e+01   06.98848000e+01   03.19250000e+01   07.60142000e-02
  08.35090000e+01   06.23735000e+01   03.05285000e+01   05.08730000e-03
  08.23760000e+01   06.78090000e+01   02.60045000e+01   06.92200000e-04
  08.38165000e+01   06.20123000e+01   03.38727000e+01   00.00000000e+00
  08.25699000e+01   06.51496000e+01   02.83554000e+01   07.64245000e-02
  07.93034000e+01   06.31039000e+01   03.32116000e+01  -04.66821000e-02
  07.95198000e+01   06.86234000e+01   03.61322000e+01   01.65461000e-02
  08.22708000e+01   07.07122000e+01   03.09576000e+01   05.49912000e-02
  08.37360000e+01   06.38353000e+01   03.22033000e+01   03.30200000e-04
  08.46505000e+01   06.81195000e+01   02.61316000e+01   04.02810000e-03
  08.34067000e+01   06.08288000e+01   03.43760000e+01   00.00000000e+00
  08.14330000e+01   06.41222000e+01   02.86443000e+01  -04.69336000e-02
  07.90233000e+01   06.37732000e+01   03.44908000e+01  -07.68710000e-03
  08.01075000e+01   06.97606000e+01   03.55904000e+01  -03.37389000e-02
  08.26506000e+01   06.98955000e+01   02.98826000e+01   03.64969000e-02
  08.31341000e+01   05.96186000e+01   03.34576000e+01   00.00000000e+00
  08.09685000e+01   06.45512000e+01   03.00572000e+01  -09.58259000e-02
  07.94484000e+01   06.51833000e+01   03.42622000e+01  -01.77941000e-01
  08.05813000e+01   06.94509000e+01   03.42597000e+01   06.74294000e-02
  08.22298000e+01   06.86287000e+01   03.02154000e+01   01.44326000e-01
  08.30149000e+01   06.06947000e+01   03.58297000e+01   00.00000000e+00
  08.42566000e+01   06.08019000e+01   03.66973000e+01   00.00000000e+00
  08.38868000e+01   06.07356000e+01   03.82234000e+01   00.00000000e+00
  08.51045000e+01   06.06749000e+01   03.92375000e+01   00.00000000e+00
  08.58325000e+01   05.93542000e+01   03.90947000e+01   00.00000000e+00
  08.46136000e+01   06.08190000e+01   04.07209000e+01   00.00000000e+00
  08.46485000e+01   06.22732000e+01   04.11844000e+01   00.00000000e+00
  08.41431000e+01   06.23891000e+01   04.26688000e+01   00.00000000e+00
  08.41214000e+01   06.38649000e+01   04.33069000e+01   00.00000000e+00
  08.41583000e+01   06.38715000e+01   04.48768000e+01   00.00000000e+00
  08.28432000e+01   06.46823000e+01   04.27972000e+01   00.00000000e+00
  08.28771000e+01   06.61721000e+01   04.30594000e+01   00.00000000e+00
  08.38202000e+01   06.69730000e+01   04.20668000e+01   00.00000000e+00
  08.42128000e+01   06.84226000e+01   04.24093000e+01   00.00000000e+00
  08.51149000e+01   06.89607000e+01   04.13011000e+01   00.00000000e+00
  08.30370000e+01   06.93763000e+01   04.24855000e+01   00.00000000e+00
  08.02167000e+01   06.81485000e+01   03.39577000e+01   03.65717000e-02
  08.05432000e+01   06.70464000e+01   03.20333000e+01  -06.37550000e-03
  08.31055000e+01   07.25002000e+01   03.18090000e+01   01.79582000e-02
  08.29789000e+01   07.25523000e+01   03.01368000e+01   01.23366000e-02
  08.15302000e+01   07.28483000e+01   03.13749000e+01   01.80857000e-02
  07.90449000e+01   06.93165000e+01   03.80263000e+01  -03.55350000e-03
  07.79375000e+01   06.80650000e+01   03.75558000e+01  -05.48890000e-03
  07.97055000e+01   06.77854000e+01   03.80900000e+01  -05.73590000e-03
  07.92136000e+01   06.10468000e+01   03.38327000e+01  -01.16015000e-02
  07.82453000e+01   06.14752000e+01   03.25230000e+01  -01.03548000e-02
  08.00203000e+01   06.13065000e+01   03.22702000e+01  -01.10806000e-02
  08.01499000e+01   06.55118000e+01   02.74487000e+01  -06.50300000e-03
  08.05485000e+01   06.39959000e+01   02.66594000e+01  -03.84930000e-03
  07.93827000e+01   06.40664000e+01   02.80296000e+01  -06.75510000e-03
  08.41692000e+01   06.72616000e+01   02.42299000e+01   06.96000000e-05
  08.42993000e+01   06.90726000e+01   02.43427000e+01  -02.56130000e-03
  08.56871000e+01   06.79907000e+01   02.44596000e+01  -08.86000000e-04
  08.13646000e+01   07.03629000e+01   03.79529000e+01   02.66600000e-04
  08.23690000e+01   07.08925000e+01   03.66792000e+01   02.07780000e-03
  08.14512000e+01   07.20893000e+01   03.76255000e+01   03.44650000e-03
  07.75015000e+01   06.20192000e+01   03.70007000e+01   02.98050000e-03
  07.72165000e+01   06.18028000e+01   03.51614000e+01  -05.01900000e-04
  08.55928000e+01   06.42616000e+01   02.99024000e+01  -05.40000000e-06
  08.43563000e+01   06.54798000e+01   03.05169000e+01  -02.73660000e-03
  08.04013000e+01   07.19872000e+01   03.57094000e+01   06.65000000e-04
  07.93646000e+01   07.14437000e+01   03.67781000e+01  -04.07950000e-03
  08.40969000e+01   06.35436000e+01   02.81948000e+01   01.58140000e-02
  08.46235000e+01   06.52102000e+01   02.79668000e+01   09.11190000e-03
  08.24380000e+01   06.93457000e+01   04.15813000e+01   00.00000000e+00
  08.23283000e+01   06.90670000e+01   04.32645000e+01   00.00000000e+00
  08.34529000e+01   07.03570000e+01   04.26415000e+01   00.00000000e+00
  08.58621000e+01   06.83521000e+01   04.09717000e+01   00.00000000e+00
  08.44928000e+01   06.91183000e+01   04.04209000e+01   00.00000000e+00
  08.55044000e+01   06.99433000e+01   04.15076000e+01   00.00000000e+00
  08.47438000e+01   06.63932000e+01   04.18075000e+01   00.00000000e+00
  08.32356000e+01   06.70599000e+01   04.12003000e+01   00.00000000e+00
  08.18940000e+01   06.66620000e+01   04.30881000e+01   00.00000000e+00
  08.31776000e+01   06.62716000e+01   04.40616000e+01   00.00000000e+00
  08.27833000e+01   06.45810000e+01   04.17014000e+01   00.00000000e+00
  08.20091000e+01   06.44195000e+01   04.34265000e+01   00.00000000e+00
  08.43681000e+01   06.49308000e+01   04.52381000e+01   00.00000000e+00
  08.32350000e+01   06.34712000e+01   04.52816000e+01   00.00000000e+00
  08.50235000e+01   06.32467000e+01   04.51870000e+01   00.00000000e+00
  08.31502000e+01   06.19839000e+01   04.27078000e+01   00.00000000e+00
  08.48200000e+01   06.17972000e+01   04.32499000e+01   00.00000000e+00
  08.56350000e+01   06.27159000e+01   04.10030000e+01   00.00000000e+00
  08.40392000e+01   06.28350000e+01   04.04729000e+01   00.00000000e+00
  08.36050000e+01   06.04045000e+01   04.08127000e+01   00.00000000e+00
  08.52987000e+01   06.02878000e+01   04.14243000e+01   00.00000000e+00
  08.16364000e+01   07.12699000e+01   03.35383000e+01   07.20400000e-04
  07.89983000e+01   06.59260000e+01   03.62020000e+01  -02.39543000e-02
  08.01999000e+01   06.26505000e+01   03.07069000e+01   04.89340000e-03
  08.43864000e+01   06.80941000e+01   02.87440000e+01  -02.28199000e-02
  07.91965000e+01   06.36175000e+01   03.66696000e+01  -01.51750000e-03
  08.66139000e+01   05.93866000e+01   03.98989000e+01   00.00000000e+00
  08.51866000e+01   05.84761000e+01   03.91251000e+01   00.00000000e+00
  08.63247000e+01   05.94395000e+01   03.81625000e+01   00.00000000e+00
  08.56839000e+01   06.15493000e+01   03.91193000e+01   00.00000000e+00
  08.32399000e+01   06.15907000e+01   03.84540000e+01   00.00000000e+00
  08.33670000e+01   05.97765000e+01   03.83265000e+01   00.00000000e+00
  08.50463000e+01   06.00402000e+01   03.64379000e+01   00.00000000e+00
  08.47011000e+01   06.17817000e+01   03.66363000e+01   00.00000000e+00
  08.23119000e+01   06.14975000e+01   03.60917000e+01   00.00000000e+00
  08.24653000e+01   05.97768000e+01   03.59658000e+01   00.00000000e+00
  08.39033000e+01   05.88192000e+01   03.37825000e+01   00.00000000e+00
  08.22218000e+01   05.90863000e+01   03.36934000e+01   00.00000000e+00
  08.31852000e+01   05.97649000e+01   03.23493000e+01   00.00000000e+00
  08.17943000e+01   06.30804000e+01   02.85543000e+01   05.57290000e-03
  08.25523000e+01   06.53778000e+01   02.72896000e+01  -01.28866000e-02
  08.48856000e+01   06.21469000e+01   03.38057000e+01   00.00000000e+00
  08.46159000e+01   06.83408000e+01   04.33833000e+01   00.00000000e+00
  08.23589000e+01   06.36419000e+01   03.37759000e+01  -01.99830000e-03
  08.21345000e+01   06.24406000e+01   03.25689000e+01  -01.85290000e-03
