  08.39769000e+01   06.53525000e+01   02.79624000e+01  -06.11779000e-02
  07.87647000e+01   06.37287000e+01   03.50624000e+01   01.75852000e-02
  08.10286000e+01   07.15051000e+01   03.57507000e+01   01.01800000e-02
  08.33331000e+01   07.05385000e+01   02.79707000e+01  -01.32723000e-02
  08.13439000e+01   06.65637000e+01   02.97834000e+01  -04.57645000e-02
  08.44716000e+01   06.51546000e+01   02.92895000e+01   02.46758000e-02
  07.79286000e+01   06.26660000e+01   03.53021000e+01  -01.71993000e-02
  08.25280000e+01   07.15165000e+01   03.60532000e+01  -09.39340000e-03
  08.34109000e+01   06.90422000e+01   02.76613000e+01   07.66074000e-02
  07.99918000e+01   06.58531000e+01   03.23229000e+01   09.44338000e-02
  08.39056000e+01   07.13274000e+01   02.72366000e+01   01.54319000e-02
  08.38088000e+01   06.40998000e+01   03.01570000e+01  -01.56515000e-02
  08.30571000e+01   06.86954000e+01   02.61446000e+01  -02.00050000e-02
  08.14592000e+01   06.93982000e+01   03.06505000e+01  -08.09918000e-02
  08.38912000e+01   06.81116000e+01   02.39435000e+01   04.03650000e-03
  08.25869000e+01   06.83658000e+01   02.87383000e+01  -01.43447000e-01
  08.01663000e+01   06.45459000e+01   03.02644000e+01   01.23287000e-02
  07.95250000e+01   06.67575000e+01   03.45163000e+01   02.21683000e-01
  08.12457000e+01   07.10523000e+01   03.25447000e+01  -05.42921000e-02
  08.02428000e+01   06.52158000e+01   02.68397000e+01   02.66866000e-02
  07.90094000e+01   06.23290000e+01   03.20560000e+01   04.35609000e-02
  07.93638000e+01   06.89668000e+01   03.68413000e+01   02.36507000e-02
  08.24223000e+01   07.29648000e+01   03.03092000e+01  -06.09964000e-02
  08.30726000e+01   06.36084000e+01   03.23700000e+01   08.71130000e-03
  08.22476000e+01   06.70263000e+01   02.88665000e+01   01.26858000e-01
  07.97793000e+01   06.47079000e+01   03.15912000e+01  -03.45042000e-02
  07.99204000e+01   06.81192000e+01   03.44067000e+01  -02.04376000e-01
  08.15959000e+01   07.06873000e+01   03.11861000e+01   07.60142000e-02
  08.33038000e+01   06.30610000e+01   02.97999000e+01   05.08730000e-03
  08.19035000e+01   06.87879000e+01   02.56797000e+01   06.92200000e-04
  08.40053000e+01   06.26023000e+01   03.29728000e+01   00.00000000e+00
  08.25615000e+01   06.59749000e+01   02.77729000e+01   07.64245000e-02
  07.92407000e+01   06.37046000e+01   03.25089000e+01  -04.66821000e-02
  07.99263000e+01   06.91470000e+01   03.54844000e+01   01.65461000e-02
  08.21992000e+01   07.15243000e+01   03.02195000e+01   05.49912000e-02
  08.37149000e+01   06.45349000e+01   03.14303000e+01   03.30200000e-04
  08.40949000e+01   06.82858000e+01   02.53772000e+01   04.02810000e-03
  08.36446000e+01   06.14272000e+01   03.34457000e+01   00.00000000e+00
  08.13201000e+01   06.50305000e+01   02.79275000e+01  -04.69336000e-02
  07.90588000e+01   06.43235000e+01   03.37488000e+01  -07.68710000e-03
  08.05994000e+01   07.02896000e+01   03.49816000e+01  -03.37389000e-02
  08.25906000e+01   07.06349000e+01   02.92056000e+01   03.64969000e-02
  08.34754000e+01   06.02004000e+01   03.25264000e+01   00.00000000e+00
  08.08873000e+01   06.53885000e+01   02.94117000e+01  -09.58259000e-02
  07.94961000e+01   06.56912000e+01   03.35849000e+01  -01.77941000e-01
  08.07908000e+01   07.01156000e+01   03.35253000e+01   06.74294000e-02
  08.21516000e+01   06.93700000e+01   02.95473000e+01   01.44326000e-01
  08.32737000e+01   06.13062000e+01   03.48956000e+01   00.00000000e+00
  08.42065000e+01   06.19382000e+01   03.59159000e+01   00.00000000e+00
  08.37081000e+01   06.16337000e+01   03.73837000e+01   00.00000000e+00
  08.47121000e+01   06.22748000e+01   03.84193000e+01   00.00000000e+00
  08.60277000e+01   06.14805000e+01   03.85091000e+01   00.00000000e+00
  08.40131000e+01   06.23663000e+01   03.98701000e+01   00.00000000e+00
  08.48347000e+01   06.28259000e+01   04.10886000e+01   00.00000000e+00
  08.38848000e+01   06.28899000e+01   04.22889000e+01   00.00000000e+00
  08.43950000e+01   06.37175000e+01   04.35028000e+01   00.00000000e+00
  08.47073000e+01   06.28841000e+01   04.47934000e+01   00.00000000e+00
  08.38896000e+01   06.51711000e+01   04.36758000e+01   00.00000000e+00
  08.45974000e+01   06.62135000e+01   04.27898000e+01   00.00000000e+00
  08.38486000e+01   06.75884000e+01   04.28890000e+01   00.00000000e+00
  08.41723000e+01   06.84648000e+01   04.16444000e+01   00.00000000e+00
  08.32605000e+01   06.97402000e+01   04.15186000e+01   00.00000000e+00
  08.56436000e+01   06.90059000e+01   04.17003000e+01   00.00000000e+00
  08.03986000e+01   06.87578000e+01   03.32289000e+01   03.65717000e-02
  08.06270000e+01   06.76768000e+01   03.14496000e+01  -06.37550000e-03
  08.21289000e+01   07.34976000e+01   02.94053000e+01   01.79582000e-02
  08.16754000e+01   07.33541000e+01   03.09902000e+01   01.23366000e-02
  08.33675000e+01   07.31452000e+01   03.06485000e+01   01.80857000e-02
  07.83177000e+01   06.91525000e+01   03.69724000e+01  -03.55350000e-03
  07.95098000e+01   06.79811000e+01   03.71036000e+01  -05.48890000e-03
  07.99558000e+01   06.95602000e+01   03.75228000e+01  -05.73590000e-03
  07.96153000e+01   06.21185000e+01   03.11796000e+01  -01.16015000e-02
  07.92961000e+01   06.16585000e+01   03.28593000e+01  -01.03548000e-02
  07.80110000e+01   06.20284000e+01   03.18323000e+01  -01.10806000e-02
  07.92575000e+01   06.51968000e+01   02.73246000e+01  -06.50300000e-03
  08.02469000e+01   06.61666000e+01   02.64273000e+01  -03.84930000e-03
  08.02363000e+01   06.44234000e+01   02.60727000e+01  -06.75510000e-03
  08.34860000e+01   06.91115000e+01   02.35573000e+01   06.96000000e-05
  08.48481000e+01   06.78532000e+01   02.34365000e+01  -02.56130000e-03
  08.32152000e+01   06.72389000e+01   02.38904000e+01  -08.86000000e-04
  08.28265000e+01   07.05907000e+01   03.64316000e+01   02.66600000e-04
  08.29493000e+01   07.15976000e+01   03.50625000e+01   02.07780000e-03
  08.27221000e+01   07.23092000e+01   03.67787000e+01   03.44650000e-03
  07.78100000e+01   06.21303000e+01   03.62432000e+01   02.98050000e-03
  07.74408000e+01   06.22612000e+01   03.44182000e+01  -05.01900000e-04
  08.55620000e+01   06.49719000e+01   02.92872000e+01  -05.40000000e-06
  08.43951000e+01   06.60415000e+01   02.99006000e+01  -02.73660000e-03
  08.06433000e+01   07.23868000e+01   03.52540000e+01   06.65000000e-04
  08.05298000e+01   07.15103000e+01   03.67385000e+01  -04.07950000e-03
  08.40810000e+01   06.44763000e+01   02.73647000e+01   01.58140000e-02
  08.46932000e+01   06.60054000e+01   02.74259000e+01   09.11190000e-03
  08.60013000e+01   06.95703000e+01   04.08148000e+01   00.00000000e+00
  08.56999000e+01   06.97249000e+01   04.25251000e+01   00.00000000e+00
  08.64143000e+01   06.81858000e+01   04.18305000e+01   00.00000000e+00
  08.31982000e+01   06.99681000e+01   04.04772000e+01   00.00000000e+00
  08.22648000e+01   06.94185000e+01   04.18578000e+01   00.00000000e+00
  08.35505000e+01   07.05918000e+01   04.21064000e+01   00.00000000e+00
  08.28254000e+01   06.75080000e+01   04.29982000e+01   00.00000000e+00
  08.41381000e+01   06.80507000e+01   04.38330000e+01   00.00000000e+00
  08.56595000e+01   06.62495000e+01   04.31169000e+01   00.00000000e+00
  08.44902000e+01   06.59404000e+01   04.17225000e+01   00.00000000e+00
  08.27661000e+01   06.52466000e+01   04.34759000e+01   00.00000000e+00
  08.39895000e+01   06.55079000e+01   04.47457000e+01   00.00000000e+00
  08.37561000e+01   06.27851000e+01   04.53892000e+01   00.00000000e+00
  08.49849000e+01   06.19203000e+01   04.44785000e+01   00.00000000e+00
  08.55644000e+01   06.33351000e+01   04.52654000e+01   00.00000000e+00
  08.28644000e+01   06.33461000e+01   04.21848000e+01   00.00000000e+00
  08.37344000e+01   06.18717000e+01   04.26540000e+01   00.00000000e+00
  08.56394000e+01   06.21029000e+01   04.13261000e+01   00.00000000e+00
  08.52538000e+01   06.37867000e+01   04.09090000e+01   00.00000000e+00
  08.31803000e+01   06.30364000e+01   03.98206000e+01   00.00000000e+00
  08.37690000e+01   06.13207000e+01   04.00898000e+01   00.00000000e+00
  08.14605000e+01   07.20771000e+01   03.28442000e+01   07.20400000e-04
  07.92042000e+01   06.64987000e+01   03.55371000e+01  -02.39543000e-02
  07.98405000e+01   06.35832000e+01   02.98616000e+01   04.89340000e-03
  08.44332000e+01   06.87465000e+01   02.78542000e+01  -02.28199000e-02
  07.93516000e+01   06.41647000e+01   03.58899000e+01  -01.51750000e-03
  08.66014000e+01   06.16470000e+01   03.93925000e+01   00.00000000e+00
  08.58264000e+01   06.04019000e+01   03.84429000e+01   00.00000000e+00
  08.66367000e+01   06.16346000e+01   03.75421000e+01   00.00000000e+00
  08.49936000e+01   06.33069000e+01   03.81516000e+01   00.00000000e+00
  08.27146000e+01   06.20810000e+01   03.74159000e+01   00.00000000e+00
  08.36850000e+01   06.05547000e+01   03.75832000e+01   00.00000000e+00
  08.52346000e+01   06.16437000e+01   03.57862000e+01   00.00000000e+00
  08.40981000e+01   06.29912000e+01   03.58320000e+01   00.00000000e+00
  08.23062000e+01   06.16092000e+01   03.49689000e+01   00.00000000e+00
  08.32193000e+01   06.02024000e+01   03.51769000e+01   00.00000000e+00
  08.39330000e+01   05.94234000e+01   03.30985000e+01   00.00000000e+00
  08.24273000e+01   05.99920000e+01   03.23563000e+01   00.00000000e+00
  08.41458000e+01   06.02807000e+01   03.16509000e+01   00.00000000e+00
  08.15976000e+01   06.39560000e+01   02.78723000e+01   05.57290000e-03
  08.25325000e+01   06.63381000e+01   02.67827000e+01  -01.28866000e-02
  08.50429000e+01   06.27008000e+01   03.28171000e+01   00.00000000e+00
  08.39352000e+01   06.77476000e+01   04.07927000e+01   00.00000000e+00
  08.26056000e+01   06.43246000e+01   03.30712000e+01  -01.99830000e-03
  08.22110000e+01   06.32464000e+01   03.18281000e+01  -01.85290000e-03
