  08.34831000e+01   06.49274000e+01   02.88691000e+01  -06.11779000e-02
  07.75113000e+01   06.38187000e+01   03.57516000e+01   01.75852000e-02
  08.05099000e+01   07.13917000e+01   03.65243000e+01   01.01800000e-02
  08.35237000e+01   07.00816000e+01   02.89327000e+01  -01.32723000e-02
  08.07723000e+01   06.62797000e+01   03.03810000e+01  -04.57645000e-02
  08.38677000e+01   06.46287000e+01   03.03418000e+01   02.46758000e-02
  07.74837000e+01   06.25000000e+01   03.60405000e+01  -01.71993000e-02
  08.17919000e+01   07.13254000e+01   03.74100000e+01  -09.39340000e-03
  08.33536000e+01   06.85588000e+01   02.85147000e+01   07.66074000e-02
  07.92565000e+01   06.56678000e+01   03.29944000e+01   09.44338000e-02
  08.41911000e+01   07.08826000e+01   02.82627000e+01   01.54319000e-02
  08.30524000e+01   06.36516000e+01   03.12133000e+01  -01.56515000e-02
  08.31273000e+01   06.83947000e+01   02.70872000e+01  -02.00050000e-02
  08.13425000e+01   06.89888000e+01   03.15199000e+01  -08.09918000e-02
  08.41102000e+01   06.84643000e+01   02.48744000e+01   04.03650000e-03
  08.22757000e+01   06.79923000e+01   02.94675000e+01  -01.43447000e-01
  07.95971000e+01   06.42059000e+01   03.10774000e+01   01.23287000e-02
  07.89028000e+01   06.66304000e+01   03.52369000e+01   02.21683000e-01
  08.12860000e+01   07.05514000e+01   03.34376000e+01  -05.42921000e-02
  07.96823000e+01   06.44962000e+01   02.77328000e+01   02.66866000e-02
  07.84361000e+01   06.20922000e+01   03.28585000e+01   04.35609000e-02
  07.87265000e+01   06.89304000e+01   03.75187000e+01   02.36507000e-02
  08.26757000e+01   07.24325000e+01   03.13355000e+01  -06.09964000e-02
  08.23001000e+01   06.31864000e+01   03.34258000e+01   08.71130000e-03
  08.16600000e+01   06.66939000e+01   02.94292000e+01   01.26858000e-01
  07.91692000e+01   06.44672000e+01   03.23916000e+01  -03.45042000e-02
  07.94950000e+01   06.79336000e+01   03.51926000e+01  -02.04376000e-01
  08.16550000e+01   07.02120000e+01   03.21097000e+01   07.60142000e-02
  08.26785000e+01   06.25080000e+01   03.08868000e+01   05.08730000e-03
  08.21291000e+01   06.80163000e+01   02.66163000e+01   06.92200000e-04
  08.33894000e+01   06.25616000e+01   03.41669000e+01   00.00000000e+00
  08.20486000e+01   06.55123000e+01   02.85536000e+01   07.64245000e-02
  07.85821000e+01   06.35391000e+01   03.32854000e+01  -04.66821000e-02
  07.94716000e+01   06.90022000e+01   03.61680000e+01   01.65461000e-02
  08.23232000e+01   07.10232000e+01   03.11548000e+01   05.49912000e-02
  08.29048000e+01   06.41056000e+01   03.25083000e+01   03.30200000e-04
  08.42945000e+01   06.84687000e+01   02.63130000e+01   04.02810000e-03
  08.32838000e+01   06.14851000e+01   03.50013000e+01   00.00000000e+00
  08.08471000e+01   06.45148000e+01   02.87918000e+01  -04.69336000e-02
  07.81831000e+01   06.42673000e+01   03.44488000e+01  -07.68710000e-03
  08.01653000e+01   07.01061000e+01   03.56868000e+01  -03.37389000e-02
  08.27042000e+01   07.01955000e+01   03.01622000e+01   03.64969000e-02
  08.35473000e+01   06.01299000e+01   03.43572000e+01   00.00000000e+00
  08.03700000e+01   06.50164000e+01   03.02084000e+01  -09.58259000e-02
  07.87982000e+01   06.55704000e+01   03.42669000e+01  -01.77941000e-01
  08.06098000e+01   06.97125000e+01   03.43293000e+01   06.74294000e-02
  08.20767000e+01   06.89288000e+01   03.04260000e+01   01.44326000e-01
  08.31797000e+01   06.14812000e+01   03.65705000e+01   00.00000000e+00
  08.40269000e+01   06.25060000e+01   03.72439000e+01   00.00000000e+00
  08.38655000e+01   06.25379000e+01   03.87989000e+01   00.00000000e+00
  08.47549000e+01   06.35373000e+01   03.96480000e+01   00.00000000e+00
  08.61368000e+01   06.28321000e+01   03.98822000e+01   00.00000000e+00
  08.39703000e+01   06.39202000e+01   04.09989000e+01   00.00000000e+00
  08.44210000e+01   06.51743000e+01   04.16911000e+01   00.00000000e+00
  08.34852000e+01   06.54727000e+01   04.29260000e+01   00.00000000e+00
  08.35009000e+01   06.69183000e+01   04.35086000e+01   00.00000000e+00
  08.25803000e+01   06.78345000e+01   04.25019000e+01   00.00000000e+00
  08.49088000e+01   06.74667000e+01   04.37154000e+01   00.00000000e+00
  08.50559000e+01   06.85218000e+01   04.47087000e+01   00.00000000e+00
  08.64541000e+01   06.90866000e+01   04.47034000e+01   00.00000000e+00
  08.66426000e+01   07.02443000e+01   04.55852000e+01   00.00000000e+00
  08.69918000e+01   06.99830000e+01   04.70933000e+01   00.00000000e+00
  08.77466000e+01   07.12226000e+01   04.51124000e+01   00.00000000e+00
  08.01864000e+01   06.84101000e+01   03.40893000e+01   03.65717000e-02
  08.01887000e+01   06.73668000e+01   03.21013000e+01  -06.37550000e-03
  08.19300000e+01   07.28863000e+01   03.07618000e+01   01.79582000e-02
  08.27887000e+01   07.27124000e+01   03.23627000e+01   01.23366000e-02
  08.36524000e+01   07.27156000e+01   03.09666000e+01   01.80857000e-02
  07.78194000e+01   06.83587000e+01   03.74072000e+01  -03.55350000e-03
  07.94165000e+01   06.83323000e+01   03.81859000e+01  -05.48890000e-03
  07.85206000e+01   06.99908000e+01   03.78195000e+01  -05.73590000e-03
  07.76200000e+01   06.15751000e+01   03.33093000e+01  -01.16015000e-02
  07.82650000e+01   06.20118000e+01   03.18085000e+01  -01.03548000e-02
  07.94394000e+01   06.16416000e+01   03.30367000e+01  -01.10806000e-02
  07.99390000e+01   06.39162000e+01   02.68214000e+01  -06.50300000e-03
  07.88377000e+01   06.40098000e+01   02.82522000e+01  -03.84930000e-03
  07.95491000e+01   06.55643000e+01   02.77047000e+01  -06.75510000e-03
  08.50502000e+01   06.86007000e+01   02.44206000e+01   06.96000000e-05
  08.36550000e+01   06.75118000e+01   02.45793000e+01  -02.56130000e-03
  08.35013000e+01   06.92004000e+01   02.43479000e+01  -08.86000000e-04
  08.16690000e+01   07.06490000e+01   03.81759000e+01   02.66600000e-04
  08.26236000e+01   07.10296000e+01   03.67295000e+01   02.07780000e-03
  08.21168000e+01   07.22475000e+01   03.79175000e+01   03.44650000e-03
  07.70633000e+01   06.22221000e+01   03.69934000e+01   02.98050000e-03
  07.78922000e+01   06.16856000e+01   03.55059000e+01  -05.01900000e-04
  08.49282000e+01   06.43098000e+01   03.04517000e+01  -05.40000000e-06
  08.37684000e+01   06.56661000e+01   03.07495000e+01  -02.73660000e-03
  08.05180000e+01   07.22295000e+01   03.58763000e+01   06.65000000e-04
  07.96158000e+01   07.16341000e+01   03.71663000e+01  -04.07950000e-03
  08.36208000e+01   06.40409000e+01   02.82990000e+01   01.58140000e-02
  08.42879000e+01   06.56196000e+01   02.85631000e+01   09.11190000e-03
  08.87522000e+01   07.07963000e+01   04.48471000e+01   00.00000000e+00
  08.73853000e+01   07.16459000e+01   04.41756000e+01   00.00000000e+00
  08.78501000e+01   07.21106000e+01   04.57480000e+01   00.00000000e+00
  08.77203000e+01   06.92645000e+01   04.72383000e+01   00.00000000e+00
  08.73088000e+01   07.08788000e+01   04.76627000e+01   00.00000000e+00
  08.59792000e+01   06.97485000e+01   04.76311000e+01   00.00000000e+00
  08.70867000e+01   06.82136000e+01   04.49751000e+01   00.00000000e+00
  08.67768000e+01   06.93997000e+01   04.37079000e+01   00.00000000e+00
  08.45133000e+01   06.94364000e+01   04.46017000e+01   00.00000000e+00
  08.46814000e+01   06.80844000e+01   04.56922000e+01   00.00000000e+00
  08.56143000e+01   06.67162000e+01   04.40852000e+01   00.00000000e+00
  08.53363000e+01   06.78072000e+01   04.27257000e+01   00.00000000e+00
  08.28941000e+01   06.77477000e+01   04.14226000e+01   00.00000000e+00
  08.14671000e+01   06.76044000e+01   04.26359000e+01   00.00000000e+00
  08.27870000e+01   06.88853000e+01   04.27698000e+01   00.00000000e+00
  08.24665000e+01   06.52285000e+01   04.26780000e+01   00.00000000e+00
  08.37178000e+01   06.47816000e+01   04.37333000e+01   00.00000000e+00
  08.53780000e+01   06.49576000e+01   04.20595000e+01   00.00000000e+00
  08.44192000e+01   06.60154000e+01   04.10188000e+01   00.00000000e+00
  08.29106000e+01   06.41095000e+01   04.08465000e+01   00.00000000e+00
  08.40975000e+01   06.30537000e+01   04.16547000e+01   00.00000000e+00
  08.14188000e+01   07.15439000e+01   03.38590000e+01   07.20400000e-04
  07.82112000e+01   06.64169000e+01   03.60537000e+01  -02.39543000e-02
  07.94099000e+01   06.31838000e+01   03.07079000e+01   04.89340000e-03
  08.43451000e+01   06.81473000e+01   02.87396000e+01  -02.28199000e-02
  07.71483000e+01   06.44775000e+01   03.64862000e+01  -01.51750000e-03
  08.66568000e+01   06.33400000e+01   04.06532000e+01   00.00000000e+00
  08.59121000e+01   06.18374000e+01   04.04105000e+01   00.00000000e+00
  08.67867000e+01   06.27650000e+01   03.90249000e+01   00.00000000e+00
  08.49346000e+01   06.44144000e+01   03.90338000e+01   00.00000000e+00
  08.28276000e+01   06.28502000e+01   03.89367000e+01   00.00000000e+00
  08.40346000e+01   06.14966000e+01   03.92132000e+01   00.00000000e+00
  08.50476000e+01   06.22697000e+01   03.72357000e+01   00.00000000e+00
  08.38767000e+01   06.35163000e+01   03.67684000e+01   00.00000000e+00
  08.21215000e+01   06.14870000e+01   03.69363000e+01   00.00000000e+00
  08.34887000e+01   06.04379000e+01   03.68815000e+01   00.00000000e+00
  08.35319000e+01   06.01427000e+01   03.33080000e+01   00.00000000e+00
  08.44295000e+01   05.97165000e+01   03.47950000e+01   00.00000000e+00
  08.28170000e+01   05.93888000e+01   03.46289000e+01   00.00000000e+00
  08.11682000e+01   06.35413000e+01   02.89230000e+01   05.57290000e-03
  08.20256000e+01   06.57561000e+01   02.74871000e+01  -01.28866000e-02
  08.43799000e+01   06.28721000e+01   03.39468000e+01   00.00000000e+00
  08.58392000e+01   07.09571000e+01   04.55385000e+01   00.00000000e+00
  08.17012000e+01   06.37376000e+01   03.41712000e+01  -01.99830000e-03
  08.16904000e+01   06.24109000e+01   03.29561000e+01  -01.85290000e-03
