  08.38715000e+01   06.44968000e+01   02.84181000e+01  -06.11779000e-02
  07.88091000e+01   06.27481000e+01   03.59676000e+01   01.75852000e-02
  08.07545000e+01   07.07879000e+01   03.65686000e+01   01.01800000e-02
  08.34338000e+01   06.96736000e+01   02.87377000e+01  -01.32723000e-02
  08.13474000e+01   06.56179000e+01   03.05350000e+01  -04.57645000e-02
  08.46844000e+01   06.42954000e+01   02.97248000e+01   02.46758000e-02
  07.81918000e+01   06.15628000e+01   03.60947000e+01  -01.71993000e-02
  08.21863000e+01   07.09428000e+01   03.72276000e+01  -09.39340000e-03
  08.35082000e+01   06.81363000e+01   02.84464000e+01   07.66074000e-02
  08.01288000e+01   06.49302000e+01   03.32096000e+01   09.44338000e-02
  08.38774000e+01   07.05689000e+01   02.80072000e+01   01.54319000e-02
  08.42316000e+01   06.32372000e+01   03.07709000e+01  -01.56515000e-02
  08.32880000e+01   06.78291000e+01   02.70157000e+01  -02.00050000e-02
  08.17672000e+01   06.84308000e+01   03.15599000e+01  -08.09918000e-02
  08.43715000e+01   06.75953000e+01   02.48482000e+01   04.03650000e-03
  08.26098000e+01   06.74430000e+01   02.94478000e+01  -01.43447000e-01
  08.04204000e+01   06.35113000e+01   03.12386000e+01   01.23287000e-02
  07.96325000e+01   06.58707000e+01   03.54398000e+01   02.21683000e-01
  08.15718000e+01   07.00210000e+01   03.34672000e+01  -05.42921000e-02
  08.00489000e+01   06.38762000e+01   02.80082000e+01   02.66866000e-02
  07.94784000e+01   06.11896000e+01   03.31242000e+01   04.35609000e-02
  07.93961000e+01   06.82102000e+01   03.77218000e+01   02.36507000e-02
  08.27217000e+01   07.20032000e+01   03.11432000e+01  -06.09964000e-02
  08.33614000e+01   06.30265000e+01   03.30492000e+01   08.71130000e-03
  08.21027000e+01   06.61153000e+01   02.95219000e+01   01.26858000e-01
  08.01155000e+01   06.37100000e+01   03.26461000e+01  -03.45042000e-02
  08.01255000e+01   06.71835000e+01   03.53588000e+01  -02.04376000e-01
  08.19521000e+01   06.97269000e+01   03.20886000e+01   07.60142000e-02
  08.37866000e+01   06.21324000e+01   03.05393000e+01   05.08730000e-03
  08.22524000e+01   06.79171000e+01   02.65177000e+01   06.92200000e-04
  08.41138000e+01   06.20661000e+01   03.38494000e+01   00.00000000e+00
  08.23966000e+01   06.49853000e+01   02.85062000e+01   07.64245000e-02
  07.95891000e+01   06.26657000e+01   03.34995000e+01  -04.66821000e-02
  08.00558000e+01   06.83079000e+01   03.63498000e+01   01.65461000e-02
  08.25171000e+01   07.05895000e+01   03.10931000e+01   05.49912000e-02
  08.42381000e+01   06.37609000e+01   03.20442000e+01   03.30200000e-04
  08.44935000e+01   06.75620000e+01   02.63411000e+01   04.02810000e-03
  08.36543000e+01   06.09606000e+01   03.44273000e+01   00.00000000e+00
  08.13584000e+01   06.39697000e+01   02.88821000e+01  -04.69336000e-02
  07.93650000e+01   06.33169000e+01   03.47254000e+01  -07.68710000e-03
  08.05988000e+01   06.94877000e+01   03.58527000e+01  -03.37389000e-02
  08.28387000e+01   06.97237000e+01   03.00364000e+01   03.64969000e-02
  08.33551000e+01   05.97037000e+01   03.37249000e+01   00.00000000e+00
  08.09614000e+01   06.43990000e+01   03.03181000e+01  -09.58259000e-02
  07.96583000e+01   06.47931000e+01   03.45111000e+01  -01.77941000e-01
  08.10336000e+01   06.91487000e+01   03.44696000e+01   06.74294000e-02
  08.23583000e+01   06.84564000e+01   03.03583000e+01   01.44326000e-01
  08.32525000e+01   06.11496000e+01   03.59000000e+01   00.00000000e+00
  08.44672000e+01   06.05854000e+01   03.67610000e+01   00.00000000e+00
  08.39778000e+01   06.07883000e+01   03.81628000e+01   00.00000000e+00
  08.49487000e+01   06.05004000e+01   03.93150000e+01   00.00000000e+00
  08.51895000e+01   05.89675000e+01   03.93812000e+01   00.00000000e+00
  08.42680000e+01   06.09361000e+01   04.06511000e+01   00.00000000e+00
  08.42963000e+01   06.24728000e+01   04.10077000e+01   00.00000000e+00
  08.38125000e+01   06.25763000e+01   04.24703000e+01   00.00000000e+00
  08.38320000e+01   06.39397000e+01   04.31016000e+01   00.00000000e+00
  08.39230000e+01   06.38967000e+01   04.45958000e+01   00.00000000e+00
  08.27697000e+01   06.48638000e+01   04.26155000e+01   00.00000000e+00
  08.30887000e+01   06.63887000e+01   04.28696000e+01   00.00000000e+00
  08.44910000e+01   06.67123000e+01   04.22112000e+01   00.00000000e+00
  08.47708000e+01   06.82576000e+01   04.21099000e+01   00.00000000e+00
  08.46639000e+01   06.89806000e+01   04.34400000e+01   00.00000000e+00
  08.62012000e+01   06.86522000e+01   04.16736000e+01   00.00000000e+00
  08.05778000e+01   06.78257000e+01   03.41620000e+01   03.65717000e-02
  08.07568000e+01   06.67635000e+01   03.22112000e+01  -06.37550000e-03
  08.37686000e+01   07.21028000e+01   03.13280000e+01   01.79582000e-02
  08.24379000e+01   07.24108000e+01   03.01778000e+01   01.23366000e-02
  08.20700000e+01   07.24267000e+01   03.19289000e+01   01.80857000e-02
  07.84550000e+01   06.88305000e+01   03.76486000e+01  -03.55350000e-03
  07.91109000e+01   06.71744000e+01   03.79892000e+01  -05.48890000e-03
  07.99634000e+01   06.86626000e+01   03.85470000e+01  -05.73590000e-03
  07.84482000e+01   06.08549000e+01   03.32470000e+01  -01.16015000e-02
  07.97989000e+01   06.10499000e+01   03.21146000e+01  -01.03548000e-02
  08.00578000e+01   06.05819000e+01   03.38820000e+01  -01.10806000e-02
  07.92316000e+01   06.33921000e+01   02.86163000e+01  -06.50300000e-03
  07.96707000e+01   06.48471000e+01   02.77410000e+01  -03.84930000e-03
  08.02850000e+01   06.32861000e+01   02.71978000e+01  -06.75510000e-03
  08.40325000e+01   06.85844000e+01   02.45813000e+01   06.96000000e-05
  08.53182000e+01   06.72235000e+01   02.43607000e+01  -02.56130000e-03
  08.36303000e+01   06.68942000e+01   02.45349000e+01  -08.86000000e-04
  08.23555000e+01   07.02679000e+01   03.80706000e+01   02.66600000e-04
  08.30559000e+01   07.08358000e+01   03.65974000e+01   02.07780000e-03
  08.22291000e+01   07.19501000e+01   03.77069000e+01   03.44650000e-03
  07.78312000e+01   06.12515000e+01   03.71096000e+01   02.98050000e-03
  07.80322000e+01   06.08530000e+01   03.53468000e+01  -05.01900000e-04
  08.56882000e+01   06.40637000e+01   02.94453000e+01  -05.40000000e-06
  08.47973000e+01   06.52970000e+01   03.02044000e+01  -02.73660000e-03
  08.06290000e+01   07.16434000e+01   03.58288000e+01   06.65000000e-04
  07.99621000e+01   07.09117000e+01   03.73588000e+01  -04.07950000e-03
  08.39119000e+01   06.35681000e+01   02.78166000e+01   01.58140000e-02
  08.44870000e+01   06.51699000e+01   02.78381000e+01   09.11190000e-03
  08.69373000e+01   06.81826000e+01   04.24308000e+01   00.00000000e+00
  08.64836000e+01   06.80899000e+01   04.08286000e+01   00.00000000e+00
  08.62332000e+01   06.97624000e+01   04.15389000e+01   00.00000000e+00
  08.53152000e+01   06.84303000e+01   04.41480000e+01   00.00000000e+00
  08.49695000e+01   07.00367000e+01   04.33555000e+01   00.00000000e+00
  08.36415000e+01   06.90507000e+01   04.38477000e+01   00.00000000e+00
  08.53003000e+01   06.62571000e+01   04.28133000e+01   00.00000000e+00
  08.46351000e+01   06.61765000e+01   04.12414000e+01   00.00000000e+00
  08.23381000e+01   06.70517000e+01   04.24612000e+01   00.00000000e+00
  08.31658000e+01   06.65569000e+01   04.39361000e+01   00.00000000e+00
  08.24857000e+01   06.46972000e+01   04.15660000e+01   00.00000000e+00
  08.19041000e+01   06.46558000e+01   04.32135000e+01   00.00000000e+00
  08.46528000e+01   06.31347000e+01   04.48176000e+01   00.00000000e+00
  08.43094000e+01   06.48686000e+01   04.49153000e+01   00.00000000e+00
  08.29342000e+01   06.36546000e+01   04.50891000e+01   00.00000000e+00
  08.28174000e+01   06.21254000e+01   04.25940000e+01   00.00000000e+00
  08.45248000e+01   06.19855000e+01   04.30226000e+01   00.00000000e+00
  08.53323000e+01   06.28475000e+01   04.10386000e+01   00.00000000e+00
  08.36697000e+01   06.31244000e+01   04.04112000e+01   00.00000000e+00
  08.33146000e+01   06.04913000e+01   04.06287000e+01   00.00000000e+00
  08.49583000e+01   06.05610000e+01   04.14445000e+01   00.00000000e+00
  08.16775000e+01   07.10467000e+01   03.37840000e+01   07.20400000e-04
  07.93037000e+01   06.55548000e+01   03.64185000e+01  -02.39543000e-02
  08.01169000e+01   06.25956000e+01   03.09033000e+01   04.89340000e-03
  08.45276000e+01   06.77936000e+01   02.86956000e+01  -02.28199000e-02
  07.88712000e+01   06.33793000e+01   03.68455000e+01  -01.51750000e-03
  08.55288000e+01   05.87216000e+01   04.03735000e+01   00.00000000e+00
  08.43269000e+01   05.83375000e+01   03.91865000e+01   00.00000000e+00
  08.60103000e+01   05.87334000e+01   03.86572000e+01   00.00000000e+00
  08.59136000e+01   06.10237000e+01   03.91805000e+01   00.00000000e+00
  08.37254000e+01   06.18176000e+01   03.82136000e+01   00.00000000e+00
  08.30239000e+01   06.01699000e+01   03.82672000e+01   00.00000000e+00
  08.45804000e+01   05.94431000e+01   03.65952000e+01   00.00000000e+00
  08.54912000e+01   06.09838000e+01   03.65281000e+01   00.00000000e+00
  08.31169000e+01   06.21666000e+01   03.60634000e+01   00.00000000e+00
  08.24166000e+01   06.06028000e+01   03.62017000e+01   00.00000000e+00
  08.23617000e+01   05.93159000e+01   03.40708000e+01   00.00000000e+00
  08.33832000e+01   05.97372000e+01   03.26312000e+01   00.00000000e+00
  08.39879000e+01   05.89051000e+01   03.40212000e+01   00.00000000e+00
  08.17371000e+01   06.29727000e+01   02.88474000e+01   05.57290000e-03
  08.22596000e+01   06.52988000e+01   02.74269000e+01  -01.28866000e-02
  08.52105000e+01   06.21856000e+01   03.38978000e+01   00.00000000e+00
  08.41208000e+01   06.87561000e+01   04.13216000e+01   00.00000000e+00
  08.28178000e+01   06.36899000e+01   03.36996000e+01  -01.99830000e-03
  08.25068000e+01   06.24780000e+01   03.26042000e+01  -01.85290000e-03
