  08.61310000e+01   06.51160000e+01   02.86277000e+01  -06.11779000e-02
  08.03643000e+01   06.38313000e+01   03.57579000e+01   01.75852000e-02
  08.25742000e+01   07.13991000e+01   03.63028000e+01   01.01800000e-02
  08.59520000e+01   07.02636000e+01   02.87593000e+01  -01.32723000e-02
  08.35210000e+01   06.63745000e+01   03.04231000e+01  -04.57645000e-02
  08.65389000e+01   06.46488000e+01   03.00427000e+01   02.46758000e-02
  08.03187000e+01   06.26039000e+01   03.63514000e+01  -01.71993000e-02
  08.40647000e+01   07.15497000e+01   03.67379000e+01  -09.39340000e-03
  08.59356000e+01   06.87314000e+01   02.84175000e+01   07.66074000e-02
  08.23768000e+01   06.55790000e+01   03.30823000e+01   09.44338000e-02
  08.65298000e+01   07.10750000e+01   02.80073000e+01   01.54319000e-02
  08.60793000e+01   06.32279000e+01   03.04723000e+01  -01.56515000e-02
  08.54985000e+01   06.85314000e+01   02.70128000e+01  -02.00050000e-02
  08.38309000e+01   06.91813000e+01   03.14372000e+01  -08.09918000e-02
  08.62219000e+01   06.85245000e+01   02.47416000e+01   04.03650000e-03
  08.48802000e+01   06.80752000e+01   02.94046000e+01  -01.43447000e-01
  08.27680000e+01   06.41022000e+01   03.11657000e+01   01.23287000e-02
  08.16738000e+01   06.65209000e+01   03.51586000e+01   02.21683000e-01
  08.35081000e+01   07.07749000e+01   03.33248000e+01  -05.42921000e-02
  08.23135000e+01   06.48235000e+01   02.78998000e+01   02.66866000e-02
  08.15062000e+01   06.19755000e+01   03.30293000e+01   04.35609000e-02
  08.11112000e+01   06.88598000e+01   03.73468000e+01   02.36507000e-02
  08.49290000e+01   07.27989000e+01   03.10808000e+01  -06.09964000e-02
  08.58115000e+01   06.16968000e+01   03.23178000e+01   08.71130000e-03
  08.43895000e+01   06.67764000e+01   02.94577000e+01   01.26858000e-01
  08.23195000e+01   06.43250000e+01   03.25535000e+01  -03.45042000e-02
  08.19883000e+01   06.79106000e+01   03.50593000e+01  -02.04376000e-01
  08.40050000e+01   07.04153000e+01   03.19989000e+01   07.60142000e-02
  08.58729000e+01   06.23208000e+01   02.96519000e+01   05.08730000e-03
  08.43623000e+01   06.86470000e+01   02.66134000e+01   06.92200000e-04
  08.61281000e+01   06.17191000e+01   03.38447000e+01   00.00000000e+00
  08.46872000e+01   06.56745000e+01   02.84671000e+01   07.64245000e-02
  08.16539000e+01   06.34170000e+01   03.34563000e+01  -04.66821000e-02
  08.18378000e+01   06.89504000e+01   03.60775000e+01   01.65461000e-02
  08.47089000e+01   07.12604000e+01   03.10551000e+01   05.49912000e-02
  08.60865000e+01   06.29868000e+01   03.18611000e+01   03.30200000e-04
  08.65368000e+01   06.82822000e+01   02.61782000e+01   04.02810000e-03
  08.54881000e+01   06.10040000e+01   03.48509000e+01   00.00000000e+00
  08.35190000e+01   06.46264000e+01   02.88009000e+01  -04.69336000e-02
  08.12188000e+01   06.41321000e+01   03.45348000e+01  -07.68710000e-03
  08.23932000e+01   07.01230000e+01   03.55508000e+01  -03.37389000e-02
  08.51512000e+01   07.03956000e+01   03.00490000e+01   03.64969000e-02
  08.57006000e+01   05.95591000e+01   03.51627000e+01   00.00000000e+00
  08.31979000e+01   06.50444000e+01   03.02526000e+01  -09.58259000e-02
  08.17752000e+01   06.54500000e+01   03.42627000e+01  -01.77941000e-01
  08.29362000e+01   06.98109000e+01   03.42475000e+01   06.74294000e-02
  08.46478000e+01   06.91359000e+01   03.03068000e+01   01.44326000e-01
  08.43687000e+01   06.16808000e+01   03.56303000e+01   00.00000000e+00
  08.44997000e+01   06.18460000e+01   03.71457000e+01   00.00000000e+00
  08.57956000e+01   06.24521000e+01   03.75437000e+01   00.00000000e+00
  08.62102000e+01   06.25886000e+01   03.90346000e+01   00.00000000e+00
  08.64197000e+01   06.11982000e+01   03.96833000e+01   00.00000000e+00
  08.55026000e+01   06.37281000e+01   03.98675000e+01   00.00000000e+00
  08.57232000e+01   06.37261000e+01   04.13671000e+01   00.00000000e+00
  08.50531000e+01   06.48661000e+01   04.22124000e+01   00.00000000e+00
  08.55236000e+01   06.48448000e+01   04.37343000e+01   00.00000000e+00
  08.49596000e+01   06.37605000e+01   04.46816000e+01   00.00000000e+00
  08.69708000e+01   06.51971000e+01   04.40417000e+01   00.00000000e+00
  08.74172000e+01   06.66387000e+01   04.36534000e+01   00.00000000e+00
  08.65938000e+01   06.76701000e+01   04.45407000e+01   00.00000000e+00
  08.64869000e+01   06.92234000e+01   04.41558000e+01   00.00000000e+00
  08.79228000e+01   06.97946000e+01   04.39593000e+01   00.00000000e+00
  08.57113000e+01   06.95200000e+01   04.29102000e+01   00.00000000e+00
  08.26043000e+01   06.84879000e+01   03.39590000e+01   03.65717000e-02
  08.28572000e+01   06.75058000e+01   03.21905000e+01  -06.37550000e-03
  08.45199000e+01   07.32860000e+01   03.19340000e+01   01.79582000e-02
  08.59904000e+01   07.29942000e+01   03.09185000e+01   01.23366000e-02
  08.44420000e+01   07.31326000e+01   03.01349000e+01   01.80857000e-02
  08.03717000e+01   06.96563000e+01   03.75612000e+01  -03.55350000e-03
  08.05965000e+01   06.79289000e+01   03.74056000e+01  -05.48890000e-03
  08.17821000e+01   06.89360000e+01   03.81883000e+01  -05.73590000e-03
  08.11598000e+01   06.20685000e+01   03.20174000e+01  -01.16015000e-02
  08.25113000e+01   06.14766000e+01   03.31602000e+01  -01.03548000e-02
  08.08775000e+01   06.13300000e+01   03.36152000e+01  -01.10806000e-02
  08.21012000e+01   06.58796000e+01   02.78527000e+01  -06.50300000e-03
  08.25028000e+01   06.44990000e+01   02.68871000e+01  -03.84930000e-03
  08.15491000e+01   06.42621000e+01   02.83765000e+01  -06.75510000e-03
  08.71060000e+01   06.80731000e+01   02.42868000e+01   06.96000000e-05
  08.53528000e+01   06.79422000e+01   02.43744000e+01  -02.56130000e-03
  08.62356000e+01   06.95947000e+01   02.44729000e+01  -08.86000000e-04
  08.40695000e+01   07.25001000e+01   03.73335000e+01   02.66600000e-04
  08.43685000e+01   07.07433000e+01   03.74207000e+01   02.07780000e-03
  08.47365000e+01   07.17434000e+01   03.58670000e+01   03.44650000e-03
  07.96605000e+01   06.25061000e+01   03.72892000e+01   02.98050000e-03
  08.09031000e+01   06.17465000e+01   03.60235000e+01  -05.01900000e-04
  08.76491000e+01   06.47149000e+01   02.99533000e+01  -05.40000000e-06
  08.62108000e+01   06.53519000e+01   03.07365000e+01  -02.73660000e-03
  08.22143000e+01   07.22672000e+01   03.56736000e+01   06.65000000e-04
  08.19815000e+01   07.14140000e+01   03.72655000e+01  -04.07950000e-03
  08.61592000e+01   06.43031000e+01   02.78724000e+01   01.58140000e-02
  08.68337000e+01   06.58881000e+01   02.83785000e+01   09.11190000e-03
  08.58399000e+01   07.05539000e+01   04.24923000e+01   00.00000000e+00
  08.60045000e+01   06.87803000e+01   04.21887000e+01   00.00000000e+00
  08.46676000e+01   06.93146000e+01   04.31628000e+01   00.00000000e+00
  08.85370000e+01   06.97165000e+01   04.48460000e+01   00.00000000e+00
  08.83448000e+01   06.92738000e+01   04.30872000e+01   00.00000000e+00
  08.77944000e+01   07.08701000e+01   04.36334000e+01   00.00000000e+00
  08.55462000e+01   06.73587000e+01   04.45738000e+01   00.00000000e+00
  08.70501000e+01   06.75466000e+01   04.55224000e+01   00.00000000e+00
  08.85109000e+01   06.67288000e+01   04.39305000e+01   00.00000000e+00
  08.73358000e+01   06.66850000e+01   04.25135000e+01   00.00000000e+00
  08.72131000e+01   06.52023000e+01   04.50733000e+01   00.00000000e+00
  08.74969000e+01   06.44764000e+01   04.34571000e+01   00.00000000e+00
  08.38777000e+01   06.36267000e+01   04.45801000e+01   00.00000000e+00
  08.55513000e+01   06.28986000e+01   04.44025000e+01   00.00000000e+00
  08.51548000e+01   06.38692000e+01   04.57309000e+01   00.00000000e+00
  08.53209000e+01   06.58585000e+01   04.17652000e+01   00.00000000e+00
  08.39543000e+01   06.47479000e+01   04.23098000e+01   00.00000000e+00
  08.55468000e+01   06.27665000e+01   04.18473000e+01   00.00000000e+00
  08.67924000e+01   06.37611000e+01   04.14510000e+01   00.00000000e+00
  08.57720000e+01   06.47762000e+01   03.96297000e+01   00.00000000e+00
  08.44091000e+01   06.36391000e+01   03.97007000e+01   00.00000000e+00
  08.36865000e+01   07.17475000e+01   03.37265000e+01   07.20400000e-04
  08.12381000e+01   06.62055000e+01   03.61176000e+01  -02.39543000e-02
  08.26627000e+01   06.31148000e+01   03.07073000e+01   04.89340000e-03
  08.68821000e+01   06.82547000e+01   02.86983000e+01  -02.28199000e-02
  07.99359000e+01   06.46811000e+01   03.62671000e+01  -01.51750000e-03
  08.69898000e+01   06.05035000e+01   03.89648000e+01   00.00000000e+00
  08.69254000e+01   06.12968000e+01   04.05900000e+01   00.00000000e+00
  08.54655000e+01   06.06919000e+01   03.98756000e+01   00.00000000e+00
  08.72482000e+01   06.29467000e+01   03.89892000e+01   00.00000000e+00
  08.65671000e+01   06.18256000e+01   03.70317000e+01   00.00000000e+00
  08.58258000e+01   06.35163000e+01   03.72581000e+01   00.00000000e+00
  08.36481000e+01   06.24375000e+01   03.74917000e+01   00.00000000e+00
  08.43659000e+01   06.08583000e+01   03.76254000e+01   00.00000000e+00
  08.42197000e+01   06.27153000e+01   03.53179000e+01   00.00000000e+00
  08.35227000e+01   06.10816000e+01   03.55054000e+01   00.00000000e+00
  08.64451000e+01   05.90356000e+01   03.44872000e+01   00.00000000e+00
  08.60766000e+01   05.93896000e+01   03.61691000e+01   00.00000000e+00
  08.47357000e+01   05.90180000e+01   03.51982000e+01   00.00000000e+00
  08.39105000e+01   06.36640000e+01   02.88113000e+01   05.57290000e-03
  08.45779000e+01   06.60601000e+01   02.74085000e+01  -01.28866000e-02
  08.70322000e+01   06.22946000e+01   03.41487000e+01   00.00000000e+00
  08.60094000e+01   06.97138000e+01   04.49864000e+01   00.00000000e+00
  08.47646000e+01   06.14812000e+01   03.21469000e+01  -01.99830000e-03
  08.65155000e+01   06.09706000e+01   03.17129000e+01  -01.85290000e-03
