  08.58047000e+01   06.59307000e+01   02.75266000e+01  -06.11779000e-02
  08.11023000e+01   06.39006000e+01   03.52024000e+01   01.75852000e-02
  08.24482000e+01   07.17474000e+01   03.57029000e+01   01.01800000e-02
  08.54516000e+01   07.08655000e+01   02.82077000e+01  -01.32723000e-02
  08.33160000e+01   06.68338000e+01   02.97936000e+01  -04.57645000e-02
  08.64210000e+01   06.54421000e+01   02.88464000e+01   02.46758000e-02
  08.01341000e+01   06.29651000e+01   03.52871000e+01  -01.71993000e-02
  08.38767000e+01   07.17698000e+01   03.63699000e+01  -09.39340000e-03
  08.54338000e+01   06.93495000e+01   02.77624000e+01   07.66074000e-02
  08.20971000e+01   06.59727000e+01   03.23215000e+01   09.44338000e-02
  08.59769000e+01   07.17291000e+01   02.75271000e+01   01.54319000e-02
  08.60255000e+01   06.40562000e+01   02.93300000e+01  -01.56515000e-02
  08.50912000e+01   06.91288000e+01   02.63300000e+01  -02.00050000e-02
  08.35769000e+01   06.95900000e+01   03.08846000e+01  -08.09918000e-02
  08.59214000e+01   06.90711000e+01   02.40455000e+01   04.03650000e-03
  08.45246000e+01   06.86686000e+01   02.87260000e+01  -01.43447000e-01
  08.23895000e+01   06.46138000e+01   03.03011000e+01   01.23287000e-02
  08.15947000e+01   06.68839000e+01   03.46094000e+01   02.21683000e-01
  08.32725000e+01   07.10517000e+01   03.27475000e+01  -05.42921000e-02
  08.19359000e+01   06.52515000e+01   02.70715000e+01   02.66866000e-02
  08.13989000e+01   06.23069000e+01   03.21835000e+01   04.35609000e-02
  08.11170000e+01   06.89833000e+01   03.69438000e+01   02.36507000e-02
  08.45924000e+01   07.32971000e+01   03.06377000e+01  -06.09964000e-02
  08.55846000e+01   06.25858000e+01   03.11713000e+01   08.71130000e-03
  08.39595000e+01   06.73693000e+01   02.87178000e+01   01.26858000e-01
  08.20533000e+01   06.47348000e+01   03.16976000e+01  -03.45042000e-02
  08.18222000e+01   06.82575000e+01   03.44477000e+01  -02.04376000e-01
  08.37677000e+01   07.08673000e+01   03.14388000e+01   07.60142000e-02
  08.57311000e+01   06.31714000e+01   02.85086000e+01   05.08730000e-03
  08.39284000e+01   06.89937000e+01   02.59291000e+01   06.92200000e-04
  08.61090000e+01   06.22384000e+01   03.25722000e+01   00.00000000e+00
  08.42524000e+01   06.62875000e+01   02.75877000e+01   07.64245000e-02
  08.15395000e+01   06.37581000e+01   03.25987000e+01  -04.66821000e-02
  08.17088000e+01   06.92735000e+01   03.55255000e+01   01.65461000e-02
  08.44804000e+01   07.17430000e+01   03.05190000e+01   05.49912000e-02
  08.60446000e+01   06.39338000e+01   03.07218000e+01   03.30200000e-04
  08.61543000e+01   06.92869000e+01   02.54868000e+01   04.02810000e-03
  08.55687000e+01   06.16874000e+01   03.36102000e+01   00.00000000e+00
  08.31743000e+01   06.52065000e+01   02.79766000e+01  -04.69336000e-02
  08.14638000e+01   06.44293000e+01   03.38758000e+01  -07.68710000e-03
  08.22437000e+01   07.04122000e+01   03.49907000e+01  -03.37389000e-02
  08.48338000e+01   07.09279000e+01   02.95097000e+01   03.64969000e-02
  08.54258000e+01   06.01687000e+01   03.38025000e+01   00.00000000e+00
  08.29262000e+01   06.56021000e+01   02.94595000e+01  -09.58259000e-02
  08.17485000e+01   06.58310000e+01   03.36211000e+01  -01.77941000e-01
  08.26823000e+01   07.01346000e+01   03.36468000e+01   06.74294000e-02
  08.42898000e+01   06.96015000e+01   02.97621000e+01   01.44326000e-01
  08.47069000e+01   06.24339000e+01   03.46683000e+01   00.00000000e+00
  08.49116000e+01   06.20814000e+01   03.61292000e+01   00.00000000e+00
  08.62452000e+01   06.25923000e+01   03.66008000e+01   00.00000000e+00
  08.66572000e+01   06.24143000e+01   03.80984000e+01   00.00000000e+00
  08.66520000e+01   06.09534000e+01   03.85598000e+01   00.00000000e+00
  08.57160000e+01   06.32573000e+01   03.90244000e+01   00.00000000e+00
  08.61620000e+01   06.33503000e+01   04.05006000e+01   00.00000000e+00
  08.52886000e+01   06.43699000e+01   04.12022000e+01   00.00000000e+00
  08.53887000e+01   06.42433000e+01   04.27630000e+01   00.00000000e+00
  08.45936000e+01   06.31041000e+01   04.34103000e+01   00.00000000e+00
  08.68066000e+01   06.45034000e+01   04.34040000e+01   00.00000000e+00
  08.71475000e+01   06.59791000e+01   04.34118000e+01   00.00000000e+00
  08.62351000e+01   06.68608000e+01   04.42168000e+01   00.00000000e+00
  08.63355000e+01   06.83863000e+01   04.38429000e+01   00.00000000e+00
  08.77139000e+01   06.88692000e+01   04.37368000e+01   00.00000000e+00
  08.54902000e+01   06.87439000e+01   04.26712000e+01   00.00000000e+00
  08.23851000e+01   06.88269000e+01   03.33032000e+01   03.65717000e-02
  08.26596000e+01   06.78662000e+01   03.14976000e+01  -06.37550000e-03
  08.47089000e+01   07.37738000e+01   02.96051000e+01   01.79582000e-02
  08.36834000e+01   07.36390000e+01   03.10775000e+01   01.23366000e-02
  08.53965000e+01   07.37261000e+01   03.13277000e+01   01.80857000e-02
  08.09309000e+01   06.79849000e+01   03.70709000e+01  -03.55350000e-03
  08.18826000e+01   06.94188000e+01   03.76021000e+01  -05.48890000e-03
  08.02007000e+01   06.96074000e+01   03.70836000e+01  -05.73590000e-03
  08.16197000e+01   06.16911000e+01   03.30692000e+01  -01.16015000e-02
  08.04260000e+01   06.20070000e+01   03.17029000e+01  -01.03548000e-02
  08.22048000e+01   06.20966000e+01   03.14634000e+01  -01.10806000e-02
  08.12837000e+01   06.44484000e+01   02.72684000e+01  -06.50300000e-03
  08.14609000e+01   06.61797000e+01   02.73873000e+01  -03.84930000e-03
  08.21656000e+01   06.52460000e+01   02.60190000e+01  -06.75510000e-03
  08.52406000e+01   06.97940000e+01   02.36232000e+01   06.96000000e-05
  08.67872000e+01   06.92066000e+01   02.34415000e+01  -02.56130000e-03
  08.55117000e+01   06.80466000e+01   02.38761000e+01  -08.86000000e-04
  08.38021000e+01   07.09781000e+01   03.71525000e+01   02.66600000e-04
  08.46801000e+01   07.15560000e+01   03.56680000e+01   02.07780000e-03
  08.40862000e+01   07.27576000e+01   03.68960000e+01   03.44650000e-03
  07.98983000e+01   06.25646000e+01   03.63057000e+01   02.98050000e-03
  07.96010000e+01   06.25593000e+01   03.44106000e+01  -05.01900000e-04
  08.74591000e+01   06.54534000e+01   02.86768000e+01  -05.40000000e-06
  08.61842000e+01   06.62577000e+01   02.95418000e+01  -02.73660000e-03
  08.22654000e+01   07.25905000e+01   03.49764000e+01   06.65000000e-04
  08.17911000e+01   07.18738000e+01   03.65978000e+01  -04.07950000e-03
  08.59437000e+01   06.51000000e+01   02.68064000e+01   01.58140000e-02
  08.63839000e+01   06.67200000e+01   02.72134000e+01   09.11190000e-03
  08.58932000e+01   06.82441000e+01   04.18689000e+01   00.00000000e+00
  08.44462000e+01   06.84428000e+01   04.28418000e+01   00.00000000e+00
  08.54936000e+01   06.97574000e+01   04.23351000e+01   00.00000000e+00
  08.76648000e+01   06.99015000e+01   04.33965000e+01   00.00000000e+00
  08.82379000e+01   06.87529000e+01   04.46883000e+01   00.00000000e+00
  08.84202000e+01   06.83813000e+01   04.30196000e+01   00.00000000e+00
  08.52407000e+01   06.65539000e+01   04.39762000e+01   00.00000000e+00
  08.62665000e+01   06.66751000e+01   04.53726000e+01   00.00000000e+00
  08.81412000e+01   06.60501000e+01   04.38239000e+01   00.00000000e+00
  08.71370000e+01   06.62545000e+01   04.23827000e+01   00.00000000e+00
  08.68340000e+01   06.40731000e+01   04.43887000e+01   00.00000000e+00
  08.75749000e+01   06.39897000e+01   04.28593000e+01   00.00000000e+00
  08.35161000e+01   06.31192000e+01   04.31117000e+01   00.00000000e+00
  08.50240000e+01   06.21271000e+01   04.32382000e+01   00.00000000e+00
  08.46288000e+01   06.31076000e+01   04.45108000e+01   00.00000000e+00
  08.56849000e+01   06.53508000e+01   04.10271000e+01   00.00000000e+00
  08.42704000e+01   06.42656000e+01   04.09310000e+01   00.00000000e+00
  08.61233000e+01   06.24595000e+01   04.11614000e+01   00.00000000e+00
  08.72346000e+01   06.35324000e+01   04.06175000e+01   00.00000000e+00
  08.56708000e+01   06.42690000e+01   03.86242000e+01   00.00000000e+00
  08.46824000e+01   06.29273000e+01   03.88566000e+01   00.00000000e+00
  08.35918000e+01   07.20159000e+01   03.31839000e+01   07.20400000e-04
  08.12447000e+01   06.65759000e+01   03.55534000e+01  -02.39543000e-02
  08.21580000e+01   06.36817000e+01   02.97333000e+01   04.89340000e-03
  08.64354000e+01   06.90385000e+01   02.79628000e+01  -02.28199000e-02
  08.16174000e+01   06.43474000e+01   03.60930000e+01  -01.51750000e-03
  08.70303000e+01   06.07225000e+01   03.94962000e+01   00.00000000e+00
  08.56093000e+01   06.05991000e+01   03.85525000e+01   00.00000000e+00
  08.72363000e+01   06.04072000e+01   03.77860000e+01   00.00000000e+00
  08.76647000e+01   06.28193000e+01   03.81343000e+01   00.00000000e+00
  08.69958000e+01   06.21896000e+01   03.59473000e+01   00.00000000e+00
  08.62179000e+01   06.36539000e+01   03.64035000e+01   00.00000000e+00
  08.41011000e+01   06.26382000e+01   03.66758000e+01   00.00000000e+00
  08.47662000e+01   06.09900000e+01   03.62266000e+01   00.00000000e+00
  08.49891000e+01   06.34958000e+01   03.46134000e+01   00.00000000e+00
  08.36191000e+01   06.23048000e+01   03.43634000e+01   00.00000000e+00
  08.43067000e+01   05.99312000e+01   03.38617000e+01   00.00000000e+00
  08.56987000e+01   05.97509000e+01   03.28711000e+01   00.00000000e+00
  08.60375000e+01   05.97124000e+01   03.45563000e+01   00.00000000e+00
  08.36661000e+01   06.43437000e+01   02.79124000e+01   05.57290000e-03
  08.40945000e+01   06.66158000e+01   02.65586000e+01  -01.28866000e-02
  08.70925000e+01   06.26132000e+01   03.27157000e+01   00.00000000e+00
  08.59282000e+01   06.87154000e+01   04.47906000e+01   00.00000000e+00
  08.44869000e+01   06.25514000e+01   03.11173000e+01  -01.99830000e-03
  08.58774000e+01   06.17557000e+01   03.05640000e+01  -01.85290000e-03
