  08.38838000e+01   06.42353000e+01   02.76421000e+01  -06.11779000e-02
  07.80385000e+01   06.24314000e+01   03.47859000e+01   01.75852000e-02
  08.02373000e+01   07.01586000e+01   03.54625000e+01   01.01800000e-02
  08.31575000e+01   06.93042000e+01   02.78739000e+01  -01.32723000e-02
  08.11377000e+01   06.51688000e+01   02.96233000e+01  -04.57645000e-02
  08.43347000e+01   06.37541000e+01   02.90558000e+01   02.46758000e-02
  07.79205000e+01   06.11539000e+01   03.52235000e+01  -01.71993000e-02
  08.17194000e+01   07.04317000e+01   03.56553000e+01  -09.39340000e-03
  08.32630000e+01   06.77194000e+01   02.74748000e+01   07.66074000e-02
  07.98525000e+01   06.43933000e+01   03.21466000e+01   09.44338000e-02
  08.36997000e+01   07.02210000e+01   02.73009000e+01   01.54319000e-02
  08.38398000e+01   06.25263000e+01   02.97183000e+01  -01.56515000e-02
  08.29091000e+01   06.75463000e+01   02.60178000e+01  -02.00050000e-02
  08.12472000e+01   06.80092000e+01   03.05567000e+01  -08.09918000e-02
  08.38946000e+01   06.73580000e+01   02.37956000e+01   04.03650000e-03
  08.23761000e+01   06.70370000e+01   02.85279000e+01  -01.43447000e-01
  08.01854000e+01   06.29769000e+01   03.01810000e+01   01.23287000e-02
  07.91145000e+01   06.52973000e+01   03.43246000e+01   02.21683000e-01
  08.07945000e+01   06.96708000e+01   03.23869000e+01  -05.42921000e-02
  08.01298000e+01   06.33956000e+01   02.68761000e+01   02.66866000e-02
  07.85055000e+01   06.09348000e+01   03.20024000e+01   04.35609000e-02
  07.87085000e+01   06.73734000e+01   03.64967000e+01   02.36507000e-02
  08.20014000e+01   07.17082000e+01   03.00918000e+01  -06.09964000e-02
  08.28625000e+01   06.18236000e+01   03.18113000e+01   08.71130000e-03
  08.19412000e+01   06.56879000e+01   02.86355000e+01   01.26858000e-01
  07.97380000e+01   06.31502000e+01   03.15168000e+01  -03.45042000e-02
  07.94639000e+01   06.66856000e+01   03.41118000e+01  -02.04376000e-01
  08.12952000e+01   06.93124000e+01   03.10686000e+01   07.60142000e-02
  08.35197000e+01   06.14736000e+01   02.91660000e+01   05.08730000e-03
  08.17983000e+01   06.73847000e+01   02.55643000e+01   06.92200000e-04
  08.36618000e+01   06.07202000e+01   03.24624000e+01   00.00000000e+00
  08.23419000e+01   06.46261000e+01   02.76146000e+01   07.64245000e-02
  07.90179000e+01   06.22414000e+01   03.23570000e+01  -04.66821000e-02
  07.93274000e+01   06.77176000e+01   03.51243000e+01   01.65461000e-02
  08.18271000e+01   07.01830000e+01   03.00500000e+01   05.49912000e-02
  08.37221000e+01   06.26950000e+01   03.10541000e+01   03.30200000e-04
  08.40776000e+01   06.75776000e+01   02.52670000e+01   04.02810000e-03
  08.30562000e+01   05.96465000e+01   03.30115000e+01   00.00000000e+00
  08.12585000e+01   06.35185000e+01   02.79237000e+01  -04.69336000e-02
  07.87570000e+01   06.29252000e+01   03.35815000e+01  -07.68710000e-03
  07.99589000e+01   06.89001000e+01   03.46454000e+01  -03.37389000e-02
  08.23017000e+01   06.93477000e+01   02.90588000e+01   03.64969000e-02
  08.26760000e+01   05.84477000e+01   03.21722000e+01   00.00000000e+00
  08.08158000e+01   06.39050000e+01   02.93283000e+01  -09.58259000e-02
  07.92489000e+01   06.43022000e+01   03.33835000e+01  -01.77941000e-01
  08.02830000e+01   06.86589000e+01   03.32845000e+01   06.74294000e-02
  08.19446000e+01   06.80381000e+01   02.94253000e+01   01.44326000e-01
  08.24988000e+01   05.96147000e+01   03.44594000e+01   00.00000000e+00
  08.34404000e+01   06.02372000e+01   03.54208000e+01   00.00000000e+00
  08.28605000e+01   06.03391000e+01   03.68407000e+01   00.00000000e+00
  08.36940000e+01   06.12906000e+01   03.78259000e+01   00.00000000e+00
  08.52033000e+01   06.09426000e+01   03.77116000e+01   00.00000000e+00
  08.30939000e+01   06.12297000e+01   03.92974000e+01   00.00000000e+00
  08.39290000e+01   06.21721000e+01   04.01976000e+01   00.00000000e+00
  08.32016000e+01   06.24333000e+01   04.15666000e+01   00.00000000e+00
  08.36437000e+01   06.37665000e+01   04.23623000e+01   00.00000000e+00
  08.32936000e+01   06.37691000e+01   04.38872000e+01   00.00000000e+00
  08.30944000e+01   06.50087000e+01   04.15417000e+01   00.00000000e+00
  08.38161000e+01   06.63105000e+01   04.15309000e+01   00.00000000e+00
  08.51839000e+01   06.60758000e+01   04.09840000e+01   00.00000000e+00
  08.59843000e+01   06.73908000e+01   04.06997000e+01   00.00000000e+00
  08.62169000e+01   06.84056000e+01   04.18605000e+01   00.00000000e+00
  08.73009000e+01   06.71202000e+01   03.99794000e+01   00.00000000e+00
  07.99977000e+01   06.72909000e+01   03.30062000e+01   03.65717000e-02
  08.04131000e+01   06.62387000e+01   03.12200000e+01  -06.37550000e-03
  08.12488000e+01   07.20985000e+01   02.93483000e+01   01.79582000e-02
  08.17298000e+01   07.21885000e+01   03.10121000e+01   01.23366000e-02
  08.30056000e+01   07.19266000e+01   02.98724000e+01   01.80857000e-02
  07.79083000e+01   06.66580000e+01   03.65117000e+01  -03.55350000e-03
  07.93688000e+01   06.70984000e+01   03.72995000e+01  -05.48890000e-03
  07.82617000e+01   06.82869000e+01   03.68491000e+01  -05.73590000e-03
  07.92355000e+01   06.01658000e+01   03.23875000e+01  -01.16015000e-02
  07.74100000e+01   06.08236000e+01   03.21892000e+01  -01.03548000e-02
  07.86906000e+01   06.07567000e+01   03.09651000e+01  -01.10806000e-02
  08.05559000e+01   06.29275000e+01   02.59832000e+01  -06.50300000e-03
  07.94109000e+01   06.27125000e+01   02.72289000e+01  -03.84930000e-03
  07.96814000e+01   06.43480000e+01   02.66664000e+01  -06.75510000e-03
  08.31451000e+01   06.65473000e+01   02.36725000e+01   06.96000000e-05
  08.34281000e+01   06.82768000e+01   02.34335000e+01  -02.56130000e-03
  08.48421000e+01   06.70541000e+01   02.34113000e+01  -08.86000000e-04
  08.17304000e+01   07.13667000e+01   03.61040000e+01   02.66600000e-04
  08.20955000e+01   06.96343000e+01   03.62290000e+01   02.07780000e-03
  08.21030000e+01   07.05510000e+01   03.46054000e+01   03.44650000e-03
  07.73642000e+01   06.08386000e+01   03.61646000e+01   02.98050000e-03
  07.83986000e+01   06.02996000e+01   03.46839000e+01  -05.01900000e-04
  08.53827000e+01   06.35182000e+01   02.89575000e+01  -05.40000000e-06
  08.43827000e+01   06.45989000e+01   02.97234000e+01  -02.73660000e-03
  07.98078000e+01   07.09689000e+01   03.49389000e+01   06.65000000e-04
  07.97598000e+01   07.00359000e+01   03.64436000e+01  -04.07950000e-03
  08.40106000e+01   06.33570000e+01   02.70841000e+01   01.58140000e-02
  08.44102000e+01   06.51112000e+01   02.73285000e+01   09.11190000e-03
  08.72033000e+01   06.65378000e+01   03.90852000e+01   00.00000000e+00
  08.77095000e+01   06.80893000e+01   03.97574000e+01   00.00000000e+00
  08.80517000e+01   06.65587000e+01   04.05414000e+01   00.00000000e+00
  08.53662000e+01   06.88682000e+01   04.23089000e+01   00.00000000e+00
  08.68911000e+01   06.79264000e+01   04.25733000e+01   00.00000000e+00
  08.68823000e+01   06.91485000e+01   04.14560000e+01   00.00000000e+00
  08.57832000e+01   06.54761000e+01   04.16383000e+01   00.00000000e+00
  08.51748000e+01   06.55812000e+01   04.00001000e+01   00.00000000e+00
  08.32559000e+01   06.70062000e+01   04.08234000e+01   00.00000000e+00
  08.39172000e+01   06.67271000e+01   04.24918000e+01   00.00000000e+00
  08.28595000e+01   06.47649000e+01   04.04981000e+01   00.00000000e+00
  08.21883000e+01   06.53116000e+01   04.19864000e+01   00.00000000e+00
  08.38138000e+01   06.30141000e+01   04.45026000e+01   00.00000000e+00
  08.34597000e+01   06.47072000e+01   04.42157000e+01   00.00000000e+00
  08.22384000e+01   06.34117000e+01   04.39917000e+01   00.00000000e+00
  08.21167000e+01   06.25043000e+01   04.13164000e+01   00.00000000e+00
  08.32759000e+01   06.15261000e+01   04.21348000e+01   00.00000000e+00
  08.48700000e+01   06.16692000e+01   04.03942000e+01   00.00000000e+00
  08.41498000e+01   06.30930000e+01   03.96715000e+01   00.00000000e+00
  08.21581000e+01   06.16884000e+01   03.93087000e+01   00.00000000e+00
  08.29340000e+01   06.02432000e+01   03.96865000e+01   00.00000000e+00
  08.09427000e+01   07.06183000e+01   03.28056000e+01   07.20400000e-04
  07.86835000e+01   06.49204000e+01   03.52916000e+01  -02.39543000e-02
  08.01188000e+01   06.19845000e+01   02.97872000e+01   04.89340000e-03
  08.42692000e+01   06.74634000e+01   02.76905000e+01  -02.28199000e-02
  07.75089000e+01   06.31635000e+01   03.53950000e+01  -01.51750000e-03
  08.55380000e+01   06.08653000e+01   03.66334000e+01   00.00000000e+00
  08.56905000e+01   06.17984000e+01   03.80896000e+01   00.00000000e+00
  08.55148000e+01   06.01496000e+01   03.84158000e+01   00.00000000e+00
  08.34195000e+01   06.23067000e+01   03.74458000e+01   00.00000000e+00
  08.18197000e+01   06.06799000e+01   03.67657000e+01   00.00000000e+00
  08.28295000e+01   05.92861000e+01   03.72300000e+01   00.00000000e+00
  08.43020000e+01   05.95747000e+01   03.54697000e+01   00.00000000e+00
  08.37250000e+01   06.12071000e+01   03.51281000e+01   00.00000000e+00
  08.17161000e+01   06.03937000e+01   03.45055000e+01   00.00000000e+00
  08.21082000e+01   05.86191000e+01   03.48291000e+01   00.00000000e+00
  08.31787000e+01   05.84765000e+01   03.12194000e+01   00.00000000e+00
  08.29477000e+01   05.75662000e+01   03.27484000e+01   00.00000000e+00
  08.15718000e+01   05.84020000e+01   03.19250000e+01   00.00000000e+00
  08.16690000e+01   06.25124000e+01   02.80520000e+01   05.57290000e-03
  08.21415000e+01   06.49688000e+01   02.65914000e+01  -01.28866000e-02
  08.47167000e+01   06.07368000e+01   03.23416000e+01   00.00000000e+00
  08.53371000e+01   06.78968000e+01   04.00355000e+01   00.00000000e+00
  08.24206000e+01   06.25055000e+01   03.25817000e+01  -01.99830000e-03
  08.21317000e+01   06.13897000e+01   03.11623000e+01  -01.85290000e-03
