  08.59444000e+01   06.52154000e+01   02.84349000e+01  -06.11779000e-02
  08.04395000e+01   06.39461000e+01   03.60021000e+01   01.75852000e-02
  08.23601000e+01   07.16692000e+01   03.61323000e+01   01.01800000e-02
  08.53943000e+01   07.04105000e+01   02.88706000e+01  -01.32723000e-02
  08.34706000e+01   06.63120000e+01   03.05929000e+01  -04.57645000e-02
  08.64535000e+01   06.46968000e+01   02.98726000e+01   02.46758000e-02
  07.97965000e+01   06.28014000e+01   03.62966000e+01  -01.71993000e-02
  08.37816000e+01   07.16781000e+01   03.67379000e+01  -09.39340000e-03
  08.55130000e+01   06.88425000e+01   02.84447000e+01   07.66074000e-02
  08.20974000e+01   06.56915000e+01   03.32789000e+01   09.44338000e-02
  08.59289000e+01   07.12504000e+01   02.80966000e+01   01.54319000e-02
  08.60583000e+01   06.32876000e+01   03.04194000e+01  -01.56515000e-02
  08.54214000e+01   06.86694000e+01   02.69089000e+01  -02.00050000e-02
  08.34860000e+01   06.92445000e+01   03.14987000e+01  -08.09918000e-02
  08.66633000e+01   06.86321000e+01   02.48792000e+01   04.03650000e-03
  08.45811000e+01   06.81565000e+01   02.94128000e+01  -01.43447000e-01
  08.23205000e+01   06.42097000e+01   03.12859000e+01   01.23287000e-02
  08.15275000e+01   06.67525000e+01   03.54012000e+01   02.21683000e-01
  08.31604000e+01   07.07535000e+01   03.33517000e+01  -05.42921000e-02
  08.18898000e+01   06.48635000e+01   02.81823000e+01   02.66866000e-02
  08.07000000e+01   06.22241000e+01   03.33351000e+01   04.35609000e-02
  08.12709000e+01   06.89896000e+01   03.76070000e+01   02.36507000e-02
  08.44582000e+01   07.27842000e+01   03.11290000e+01  -06.09964000e-02
  08.54514000e+01   06.20086000e+01   03.24119000e+01   08.71130000e-03
  08.42396000e+01   06.67821000e+01   02.95240000e+01   01.26858000e-01
  08.19615000e+01   06.44226000e+01   03.26724000e+01  -03.45042000e-02
  08.16631000e+01   06.81581000e+01   03.51247000e+01  -02.04376000e-01
  08.35707000e+01   07.05168000e+01   03.20154000e+01   07.60142000e-02
  08.55808000e+01   06.23525000e+01   02.97526000e+01   05.08730000e-03
  08.44475000e+01   06.81878000e+01   02.62820000e+01   06.92200000e-04
  08.59413000e+01   06.18336000e+01   03.38528000e+01   00.00000000e+00
  08.44368000e+01   06.56989000e+01   02.84972000e+01   07.64245000e-02
  08.12550000e+01   06.36109000e+01   03.35523000e+01  -04.66821000e-02
  08.15707000e+01   06.92044000e+01   03.61408000e+01   01.65461000e-02
  08.42086000e+01   07.13512000e+01   03.10444000e+01   05.49912000e-02
  08.60198000e+01   06.32482000e+01   03.18253000e+01   03.30200000e-04
  08.65996000e+01   06.90138000e+01   02.62703000e+01   04.02810000e-03
  08.52908000e+01   06.13410000e+01   03.49037000e+01   00.00000000e+00
  08.32787000e+01   06.46992000e+01   02.88928000e+01  -04.69336000e-02
  08.11106000e+01   06.43111000e+01   03.47345000e+01  -07.68710000e-03
  08.20441000e+01   07.03564000e+01   03.55015000e+01  -03.37389000e-02
  08.46590000e+01   07.04855000e+01   03.00396000e+01   03.64969000e-02
  08.50497000e+01   05.98387000e+01   03.52764000e+01   00.00000000e+00
  08.30785000e+01   06.50140000e+01   03.03693000e+01  -09.58259000e-02
  08.16743000e+01   06.56556000e+01   03.45132000e+01  -01.77941000e-01
  08.24819000e+01   06.99362000e+01   03.41945000e+01   06.74294000e-02
  08.42450000e+01   06.92004000e+01   03.03634000e+01   01.44326000e-01
  08.46300000e+01   06.23724000e+01   03.57757000e+01   00.00000000e+00
  08.47559000e+01   06.23087000e+01   03.73059000e+01   00.00000000e+00
  08.61674000e+01   06.25451000e+01   03.78325000e+01   00.00000000e+00
  08.64361000e+01   06.24301000e+01   03.94051000e+01   00.00000000e+00
  08.62588000e+01   06.09530000e+01   03.99279000e+01   00.00000000e+00
  08.55138000e+01   06.34337000e+01   04.01344000e+01   00.00000000e+00
  08.58401000e+01   06.35753000e+01   04.16927000e+01   00.00000000e+00
  08.50145000e+01   06.47105000e+01   04.22345000e+01   00.00000000e+00
  08.48372000e+01   06.46786000e+01   04.38077000e+01   00.00000000e+00
  08.39919000e+01   06.35036000e+01   04.42656000e+01   00.00000000e+00
  08.61175000e+01   06.49722000e+01   04.46487000e+01   00.00000000e+00
  08.68391000e+01   06.62979000e+01   04.41907000e+01   00.00000000e+00
  08.59388000e+01   06.75388000e+01   04.45124000e+01   00.00000000e+00
  08.65250000e+01   06.89187000e+01   04.39628000e+01   00.00000000e+00
  08.80312000e+01   06.91936000e+01   04.40543000e+01   00.00000000e+00
  08.61019000e+01   06.91936000e+01   04.24514000e+01   00.00000000e+00
  08.22099000e+01   06.86219000e+01   03.40002000e+01   03.65717000e-02
  08.26574000e+01   06.75294000e+01   03.22053000e+01  -06.37550000e-03
  08.55068000e+01   07.30064000e+01   03.12243000e+01   01.79582000e-02
  08.40299000e+01   07.32966000e+01   03.02608000e+01   01.23366000e-02
  08.38907000e+01   07.31515000e+01   03.19517000e+01   01.80857000e-02
  08.02438000e+01   06.93137000e+01   03.78842000e+01  -03.55350000e-03
  08.13234000e+01   06.79524000e+01   03.79269000e+01  -05.48890000e-03
  08.19856000e+01   06.95406000e+01   03.82294000e+01  -05.73590000e-03
  07.96245000e+01   06.22897000e+01   03.34842000e+01  -01.16015000e-02
  08.08115000e+01   06.19976000e+01   03.22637000e+01  -01.03548000e-02
  08.11932000e+01   06.15089000e+01   03.40499000e+01  -01.10806000e-02
  08.11421000e+01   06.43067000e+01   02.86888000e+01  -06.50300000e-03
  08.15636000e+01   06.59325000e+01   02.82177000e+01  -03.84930000e-03
  08.18646000e+01   06.44579000e+01   02.72257000e+01  -06.75510000e-03
  08.63332000e+01   06.76278000e+01   02.46880000e+01   06.96000000e-05
  08.60178000e+01   06.93510000e+01   02.43364000e+01  -02.56130000e-03
  08.76715000e+01   06.86405000e+01   02.44073000e+01  -08.86000000e-04
  08.39565000e+01   07.07744000e+01   03.72508000e+01   02.66600000e-04
  08.45780000e+01   07.15635000e+01   03.59819000e+01   02.07780000e-03
  08.40604000e+01   07.26325000e+01   03.73057000e+01   03.44650000e-03
  07.93244000e+01   06.27342000e+01   03.72777000e+01   02.98050000e-03
  07.95699000e+01   06.19297000e+01   03.57606000e+01  -05.01900000e-04
  08.75258000e+01   06.45947000e+01   02.96849000e+01  -05.40000000e-06
  08.63419000e+01   06.55218000e+01   03.05062000e+01  -02.73660000e-03
  08.21788000e+01   07.24779000e+01   03.53865000e+01   06.65000000e-04
  08.17156000e+01   07.18108000e+01   03.69910000e+01  -04.07950000e-03
  08.61218000e+01   06.44563000e+01   02.77112000e+01   01.58140000e-02
  08.65126000e+01   06.61301000e+01   02.80613000e+01   09.11190000e-03
  08.64435000e+01   06.83415000e+01   04.18880000e+01   00.00000000e+00
  08.50361000e+01   06.92999000e+01   04.23478000e+01   00.00000000e+00
  08.64956000e+01   07.01210000e+01   04.20245000e+01   00.00000000e+00
  08.84496000e+01   07.01674000e+01   04.38160000e+01   00.00000000e+00
  08.82220000e+01   06.90095000e+01   04.51163000e+01   00.00000000e+00
  08.85520000e+01   06.84865000e+01   04.34684000e+01   00.00000000e+00
  08.49171000e+01   06.73153000e+01   04.42253000e+01   00.00000000e+00
  08.60051000e+01   06.75541000e+01   04.55920000e+01   00.00000000e+00
  08.77407000e+01   06.63160000e+01   04.48557000e+01   00.00000000e+00
  08.72295000e+01   06.62072000e+01   04.31505000e+01   00.00000000e+00
  08.57736000e+01   06.50240000e+01   04.56594000e+01   00.00000000e+00
  08.67854000e+01   06.40982000e+01   04.44248000e+01   00.00000000e+00
  08.32220000e+01   06.33268000e+01   04.35842000e+01   00.00000000e+00
  08.45006000e+01   06.24890000e+01   04.42485000e+01   00.00000000e+00
  08.35897000e+01   06.35511000e+01   04.52276000e+01   00.00000000e+00
  08.53900000e+01   06.56592000e+01   04.18960000e+01   00.00000000e+00
  08.39986000e+01   06.45174000e+01   04.18611000e+01   00.00000000e+00
  08.55388000e+01   06.27099000e+01   04.22295000e+01   00.00000000e+00
  08.68121000e+01   06.39494000e+01   04.18001000e+01   00.00000000e+00
  08.57098000e+01   06.43668000e+01   03.96628000e+01   00.00000000e+00
  08.44787000e+01   06.31337000e+01   03.98835000e+01   00.00000000e+00
  08.33165000e+01   07.18133000e+01   03.36946000e+01   07.20400000e-04
  08.09920000e+01   06.64925000e+01   03.62962000e+01  -02.39543000e-02
  08.21468000e+01   06.32075000e+01   03.10000000e+01   04.89340000e-03
  08.65169000e+01   06.85276000e+01   02.87262000e+01  -02.28199000e-02
  08.05193000e+01   06.46652000e+01   03.68748000e+01  -01.51750000e-03
  08.65747000e+01   06.06311000e+01   04.09514000e+01   00.00000000e+00
  08.51581000e+01   06.07837000e+01   03.99827000e+01   00.00000000e+00
  08.68844000e+01   06.02692000e+01   03.93273000e+01   00.00000000e+00
  08.74878000e+01   06.26472000e+01   03.95528000e+01   00.00000000e+00
  08.67635000e+01   06.17296000e+01   03.74493000e+01   00.00000000e+00
  08.64738000e+01   06.34903000e+01   03.73893000e+01   00.00000000e+00
  08.42522000e+01   06.31642000e+01   03.77900000e+01   00.00000000e+00
  08.41702000e+01   06.14333000e+01   03.76327000e+01   00.00000000e+00
  08.50568000e+01   06.33290000e+01   03.54866000e+01   00.00000000e+00
  08.35748000e+01   06.24848000e+01   03.54876000e+01   00.00000000e+00
  08.54675000e+01   05.92181000e+01   03.45160000e+01   00.00000000e+00
  08.53780000e+01   05.94929000e+01   03.62817000e+01   00.00000000e+00
  08.40289000e+01   05.95338000e+01   03.51228000e+01   00.00000000e+00
  08.37024000e+01   06.36976000e+01   02.87329000e+01   05.57290000e-03
  08.42084000e+01   06.60529000e+01   02.74779000e+01  -01.28866000e-02
  08.69261000e+01   06.22068000e+01   03.40750000e+01   00.00000000e+00
  08.59778000e+01   06.96100000e+01   04.45514000e+01   00.00000000e+00
  08.44134000e+01   06.19714000e+01   03.23292000e+01  -01.99830000e-03
  08.60095000e+01   06.12033000e+01   03.20040000e+01  -01.85290000e-03
