  08.50941000e+01   06.50980000e+01   02.89446000e+01  -06.11779000e-02
  07.99135000e+01   06.38434000e+01   03.58768000e+01   01.75852000e-02
  08.19512000e+01   07.14036000e+01   03.63411000e+01   01.01800000e-02
  08.47599000e+01   07.04056000e+01   02.87889000e+01  -01.32723000e-02
  08.24236000e+01   06.64399000e+01   03.04448000e+01  -04.57645000e-02
  08.53831000e+01   06.47582000e+01   03.04152000e+01   02.46758000e-02
  07.97164000e+01   06.25235000e+01   03.62403000e+01  -01.71993000e-02
  08.32458000e+01   07.11391000e+01   03.71015000e+01  -09.39340000e-03
  08.48676000e+01   06.88425000e+01   02.83995000e+01   07.66074000e-02
  08.11167000e+01   06.57141000e+01   03.29622000e+01   09.44338000e-02
  08.52596000e+01   07.13252000e+01   02.81276000e+01   01.54319000e-02
  08.47785000e+01   06.34888000e+01   03.10864000e+01  -01.56515000e-02
  08.46961000e+01   06.86205000e+01   02.68874000e+01  -02.00050000e-02
  08.27642000e+01   06.92206000e+01   03.13826000e+01  -08.09918000e-02
  08.59565000e+01   06.84142000e+01   02.49442000e+01   04.03650000e-03
  08.38386000e+01   06.81993000e+01   02.94495000e+01  -01.43447000e-01
  08.14407000e+01   06.42546000e+01   03.10484000e+01   01.23287000e-02
  08.06227000e+01   06.66897000e+01   03.51424000e+01   02.21683000e-01
  08.25238000e+01   07.07856000e+01   03.33352000e+01  -05.42921000e-02
  08.13364000e+01   06.49238000e+01   02.77428000e+01   02.66866000e-02
  08.02230000e+01   06.21819000e+01   03.30234000e+01   04.35609000e-02
  08.02704000e+01   06.88119000e+01   03.73683000e+01   02.36507000e-02
  08.40404000e+01   07.27514000e+01   03.11810000e+01  -06.09964000e-02
  08.44288000e+01   06.22600000e+01   03.30784000e+01   08.71130000e-03
  08.33490000e+01   06.68498000e+01   02.95411000e+01   01.26858000e-01
  08.10920000e+01   06.44814000e+01   03.23842000e+01  -03.45042000e-02
  08.09877000e+01   06.79953000e+01   03.49796000e+01  -02.04376000e-01
  08.30066000e+01   07.04131000e+01   03.20032000e+01   07.60142000e-02
  08.43123000e+01   06.25624000e+01   03.04945000e+01   05.08730000e-03
  08.36671000e+01   06.87495000e+01   02.62477000e+01   06.92200000e-04
  08.48552000e+01   06.20981000e+01   03.45155000e+01   00.00000000e+00
  08.37521000e+01   06.57338000e+01   02.86272000e+01   07.64245000e-02
  08.04416000e+01   06.36167000e+01   03.33340000e+01  -04.66821000e-02
  08.08815000e+01   06.90703000e+01   03.60222000e+01   01.65461000e-02
  08.36982000e+01   07.12990000e+01   03.10624000e+01   05.49912000e-02
  08.50425000e+01   06.34592000e+01   03.24327000e+01   03.30200000e-04
  08.59277000e+01   06.83142000e+01   02.63626000e+01   04.02810000e-03
  08.42410000e+01   06.13109000e+01   03.53830000e+01   00.00000000e+00
  08.25545000e+01   06.47538000e+01   02.87757000e+01  -04.69336000e-02
  08.02995000e+01   06.43287000e+01   03.45636000e+01  -07.68710000e-03
  08.15236000e+01   07.01979000e+01   03.55821000e+01  -03.37389000e-02
  08.40818000e+01   07.04645000e+01   03.00326000e+01   03.64969000e-02
  08.45347000e+01   05.98254000e+01   03.54972000e+01   00.00000000e+00
  08.20582000e+01   06.51762000e+01   03.01517000e+01  -09.58259000e-02
  08.06646000e+01   06.56455000e+01   03.42881000e+01  -01.77941000e-01
  08.18753000e+01   06.98895000e+01   03.41806000e+01   06.74294000e-02
  08.34926000e+01   06.92165000e+01   03.03502000e+01   01.44326000e-01
  08.31750000e+01   06.18223000e+01   03.63527000e+01   00.00000000e+00
  08.36301000e+01   06.18336000e+01   03.78395000e+01   00.00000000e+00
  08.49957000e+01   06.23896000e+01   03.80663000e+01   00.00000000e+00
  08.55319000e+01   06.22340000e+01   03.96156000e+01   00.00000000e+00
  08.61219000e+01   06.08255000e+01   03.98197000e+01   00.00000000e+00
  08.44794000e+01   06.25679000e+01   04.07067000e+01   00.00000000e+00
  08.50419000e+01   06.25958000e+01   04.22090000e+01   00.00000000e+00
  08.41623000e+01   06.34211000e+01   04.30596000e+01   00.00000000e+00
  08.45372000e+01   06.36368000e+01   04.45710000e+01   00.00000000e+00
  08.41256000e+01   06.24225000e+01   04.54841000e+01   00.00000000e+00
  08.58832000e+01   06.43702000e+01   04.49182000e+01   00.00000000e+00
  08.59937000e+01   06.58263000e+01   04.43775000e+01   00.00000000e+00
  08.49753000e+01   06.68106000e+01   04.48439000e+01   00.00000000e+00
  08.50774000e+01   06.81891000e+01   04.41134000e+01   00.00000000e+00
  08.63689000e+01   06.89388000e+01   04.44021000e+01   00.00000000e+00
  08.47886000e+01   06.80416000e+01   04.26191000e+01   00.00000000e+00
  08.14879000e+01   06.85585000e+01   03.38117000e+01   03.65717000e-02
  08.17211000e+01   06.75399000e+01   03.19822000e+01  -06.37550000e-03
  08.34977000e+01   07.33008000e+01   03.04446000e+01   01.79582000e-02
  08.37558000e+01   07.31160000e+01   03.21553000e+01   01.23366000e-02
  08.51497000e+01   07.29150000e+01   03.10621000e+01   01.80857000e-02
  08.01526000e+01   06.78168000e+01   03.77983000e+01  -03.55350000e-03
  08.08474000e+01   06.93522000e+01   03.81649000e+01  -05.48890000e-03
  07.93185000e+01   06.92395000e+01   03.71630000e+01  -05.73590000e-03
  08.02542000e+01   06.18315000e+01   03.19997000e+01  -01.16015000e-02
  08.10368000e+01   06.18013000e+01   03.35892000e+01  -01.03548000e-02
  07.93063000e+01   06.18599000e+01   03.34560000e+01  -01.10806000e-02
  08.15389000e+01   06.43758000e+01   02.68412000e+01  -06.50300000e-03
  08.04951000e+01   06.45251000e+01   02.83043000e+01  -03.84930000e-03
  08.11015000e+01   06.59845000e+01   02.76039000e+01  -06.75510000e-03
  08.69879000e+01   06.82432000e+01   02.46881000e+01   06.96000000e-05
  08.53069000e+01   06.76922000e+01   02.44621000e+01  -02.56130000e-03
  08.57068000e+01   06.94752000e+01   02.46985000e+01  -08.86000000e-04
  08.39505000e+01   07.08833000e+01   03.63192000e+01   02.66600000e-04
  08.34914000e+01   07.20384000e+01   03.76096000e+01   02.07780000e-03
  08.31890000e+01   07.03653000e+01   03.78901000e+01   03.44650000e-03
  07.91501000e+01   06.23249000e+01   03.71618000e+01   02.98050000e-03
  07.98368000e+01   06.16232000e+01   03.55705000e+01  -05.01900000e-04
  08.64380000e+01   06.47162000e+01   03.05751000e+01  -05.40000000e-06
  08.49600000e+01   06.55526000e+01   03.10577000e+01  -02.73660000e-03
  08.18023000e+01   07.23199000e+01   03.57251000e+01   06.65000000e-04
  08.11682000e+01   07.15733000e+01   03.70730000e+01  -04.07950000e-03
  08.54186000e+01   06.42108000e+01   02.83136000e+01   01.58140000e-02
  08.59283000e+01   06.57863000e+01   02.87724000e+01   09.11190000e-03
  08.55780000e+01   06.75141000e+01   04.21458000e+01   00.00000000e+00
  08.39677000e+01   06.74796000e+01   04.24088000e+01   00.00000000e+00
  08.47884000e+01   06.90474000e+01   04.21892000e+01   00.00000000e+00
  08.71678000e+01   06.84881000e+01   04.37242000e+01   00.00000000e+00
  08.63435000e+01   07.00375000e+01   04.41419000e+01   00.00000000e+00
  08.67497000e+01   06.88013000e+01   04.54328000e+01   00.00000000e+00
  08.39926000e+01   06.64430000e+01   04.46223000e+01   00.00000000e+00
  08.50767000e+01   06.67868000e+01   04.59076000e+01   00.00000000e+00
  08.69677000e+01   06.61324000e+01   04.45123000e+01   00.00000000e+00
  08.58483000e+01   06.58046000e+01   04.32865000e+01   00.00000000e+00
  08.59315000e+01   06.45003000e+01   04.59760000e+01   00.00000000e+00
  08.66931000e+01   06.37891000e+01   04.45375000e+01   00.00000000e+00
  08.41690000e+01   06.26444000e+01   04.65151000e+01   00.00000000e+00
  08.30557000e+01   06.21979000e+01   04.54181000e+01   00.00000000e+00
  08.47475000e+01   06.15322000e+01   04.53480000e+01   00.00000000e+00
  08.40579000e+01   06.43657000e+01   04.26055000e+01   00.00000000e+00
  08.31455000e+01   06.30886000e+01   04.31005000e+01   00.00000000e+00
  08.50414000e+01   06.15776000e+01   04.26046000e+01   00.00000000e+00
  08.60182000e+01   06.30965000e+01   04.22296000e+01   00.00000000e+00
  08.40309000e+01   06.35635000e+01   04.05738000e+01   00.00000000e+00
  08.36913000e+01   06.18398000e+01   04.06338000e+01   00.00000000e+00
  08.26624000e+01   07.17867000e+01   03.37203000e+01   07.20400000e-04
  08.02991000e+01   06.64864000e+01   03.62194000e+01  -02.39543000e-02
  08.13185000e+01   06.32084000e+01   03.08457000e+01   04.89340000e-03
  08.58865000e+01   06.84612000e+01   02.85710000e+01  -02.28199000e-02
  07.95977000e+01   06.46395000e+01   03.65772000e+01  -01.51750000e-03
  08.65656000e+01   06.07142000e+01   04.08271000e+01   00.00000000e+00
  08.54383000e+01   06.00407000e+01   03.95948000e+01   00.00000000e+00
  08.70076000e+01   06.07289000e+01   03.91266000e+01   00.00000000e+00
  08.64351000e+01   06.29190000e+01   03.97855000e+01   00.00000000e+00
  08.56548000e+01   06.18659000e+01   03.73720000e+01   00.00000000e+00
  08.51043000e+01   06.33392000e+01   03.77195000e+01   00.00000000e+00
  08.28950000e+01   06.22800000e+01   03.84215000e+01   00.00000000e+00
  08.35882000e+01   06.08245000e+01   03.81622000e+01   00.00000000e+00
  08.27223000e+01   06.27588000e+01   03.60237000e+01   00.00000000e+00
  08.22899000e+01   06.12289000e+01   03.63184000e+01   00.00000000e+00
  08.47391000e+01   05.95120000e+01   03.65337000e+01   00.00000000e+00
  08.35991000e+01   05.92589000e+01   03.51861000e+01   00.00000000e+00
  08.53483000e+01   05.95134000e+01   03.48284000e+01   00.00000000e+00
  08.27938000e+01   06.37212000e+01   02.88280000e+01   05.57290000e-03
  08.37945000e+01   06.60708000e+01   02.75745000e+01  -01.28866000e-02
  08.56753000e+01   06.26941000e+01   03.48199000e+01   00.00000000e+00
  08.42487000e+01   06.86690000e+01   04.46125000e+01   00.00000000e+00
  08.33356000e+01   06.23748000e+01   03.31608000e+01  -01.99830000e-03
  08.46453000e+01   06.12982000e+01   03.25318000e+01  -01.85290000e-03
