  08.45133000e+01   06.62933000e+01   02.80686000e+01  -06.11779000e-02
  07.94795000e+01   06.40225000e+01   03.55431000e+01   01.75852000e-02
  08.15680000e+01   07.17108000e+01   03.65136000e+01   01.01800000e-02
  08.42959000e+01   07.12343000e+01   02.87814000e+01  -01.32723000e-02
  08.20884000e+01   06.72255000e+01   03.02603000e+01  -04.57645000e-02
  08.52214000e+01   06.59327000e+01   02.93915000e+01   02.46758000e-02
  07.92358000e+01   06.26680000e+01   03.56893000e+01  -01.71993000e-02
  08.29545000e+01   07.16698000e+01   03.70367000e+01  -09.39340000e-03
  08.43504000e+01   06.97372000e+01   02.83252000e+01   07.66074000e-02
  08.09733000e+01   06.62738000e+01   03.29237000e+01   09.44338000e-02
  08.47582000e+01   07.21617000e+01   02.80859000e+01   01.54319000e-02
  08.47513000e+01   06.47334000e+01   03.02274000e+01  -01.56515000e-02
  08.41745000e+01   06.96617000e+01   02.68068000e+01  -02.00050000e-02
  08.24808000e+01   06.97863000e+01   03.15405000e+01  -08.09918000e-02
  08.52160000e+01   06.99121000e+01   02.47054000e+01   04.03650000e-03
  08.33262000e+01   06.90644000e+01   02.92760000e+01  -01.43447000e-01
  08.12948000e+01   06.50244000e+01   03.08868000e+01   01.23287000e-02
  08.05045000e+01   06.70379000e+01   03.52158000e+01   02.21683000e-01
  08.24906000e+01   07.10859000e+01   03.35845000e+01  -05.42921000e-02
  08.06661000e+01   06.58364000e+01   02.77658000e+01   02.66866000e-02
  07.99817000e+01   06.26909000e+01   03.24863000e+01   04.35609000e-02
  08.03359000e+01   06.90874000e+01   03.77124000e+01   02.36507000e-02
  08.37900000e+01   07.34108000e+01   03.16241000e+01  -06.09964000e-02
  08.42920000e+01   06.39537000e+01   03.24917000e+01   08.71130000e-03
  08.28223000e+01   06.77957000e+01   02.92630000e+01   01.26858000e-01
  08.09644000e+01   06.50936000e+01   03.21802000e+01  -03.45042000e-02
  08.08313000e+01   06.83454000e+01   03.51324000e+01  -02.04376000e-01
  08.27913000e+01   07.09952000e+01   03.22167000e+01   07.60142000e-02
  08.43575000e+01   06.36659000e+01   02.97478000e+01   05.08730000e-03
  08.31054000e+01   06.96862000e+01   02.62418000e+01   06.92200000e-04
  08.53580000e+01   06.28015000e+01   03.26355000e+01   00.00000000e+00
  08.30772000e+01   06.67840000e+01   02.80918000e+01   07.64245000e-02
  08.03620000e+01   06.41219000e+01   03.30168000e+01  -04.66821000e-02
  08.08296000e+01   06.92705000e+01   03.63117000e+01   01.65461000e-02
  08.33980000e+01   07.19752000e+01   03.12987000e+01   05.49912000e-02
  08.49072000e+01   06.49211000e+01   03.16139000e+01   03.30200000e-04
  08.54224000e+01   06.95787000e+01   02.61222000e+01   04.02810000e-03
  08.51639000e+01   06.15583000e+01   03.32280000e+01   00.00000000e+00
  08.19720000e+01   06.57359000e+01   02.85529000e+01  -04.69336000e-02
  08.01556000e+01   06.46484000e+01   03.43161000e+01  -07.68710000e-03
  08.12937000e+01   07.04533000e+01   03.57789000e+01  -03.37389000e-02
  08.36618000e+01   07.12340000e+01   03.01047000e+01   03.64969000e-02
  08.48860000e+01   06.03922000e+01   03.23156000e+01   00.00000000e+00
  08.17407000e+01   06.59751000e+01   03.00077000e+01  -09.58259000e-02
  08.05131000e+01   06.60670000e+01   03.41934000e+01  -01.77941000e-01
  08.17313000e+01   07.02293000e+01   03.44098000e+01   06.74294000e-02
  08.32132000e+01   06.99197000e+01   03.04057000e+01   01.44326000e-01
  08.52673000e+01   06.14193000e+01   03.47205000e+01   00.00000000e+00
  08.44914000e+01   06.24133000e+01   03.56547000e+01   00.00000000e+00
  08.43736000e+01   06.18643000e+01   03.70941000e+01   00.00000000e+00
  08.53410000e+01   06.24636000e+01   03.81368000e+01   00.00000000e+00
  08.67917000e+01   06.17962000e+01   03.81062000e+01   00.00000000e+00
  08.46719000e+01   06.22201000e+01   03.95298000e+01   00.00000000e+00
  08.54823000e+01   06.24965000e+01   04.07478000e+01   00.00000000e+00
  08.46380000e+01   06.22544000e+01   04.19793000e+01   00.00000000e+00
  08.52859000e+01   06.24984000e+01   04.33828000e+01   00.00000000e+00
  08.44522000e+01   06.20718000e+01   04.45980000e+01   00.00000000e+00
  08.59553000e+01   06.38970000e+01   04.36885000e+01   00.00000000e+00
  08.49441000e+01   06.50702000e+01   04.40608000e+01   00.00000000e+00
  08.57213000e+01   06.64126000e+01   04.42429000e+01   00.00000000e+00
  08.59505000e+01   06.72541000e+01   04.29833000e+01   00.00000000e+00
  08.45789000e+01   06.76077000e+01   04.23563000e+01   00.00000000e+00
  08.67110000e+01   06.85207000e+01   04.33191000e+01   00.00000000e+00
  08.14274000e+01   06.89853000e+01   03.40317000e+01   03.65717000e-02
  08.15987000e+01   06.80948000e+01   03.21489000e+01  -06.37550000e-03
  08.44277000e+01   07.34077000e+01   03.24877000e+01   01.79582000e-02
  08.42951000e+01   07.38628000e+01   03.07745000e+01   01.23366000e-02
  08.28798000e+01   07.39215000e+01   03.18062000e+01   01.80857000e-02
  08.01105000e+01   06.80310000e+01   03.78837000e+01  -03.55350000e-03
  08.11347000e+01   06.93144000e+01   03.84518000e+01  -05.48890000e-03
  07.94283000e+01   06.96624000e+01   03.79650000e+01  -05.73590000e-03
  08.05093000e+01   06.19350000e+01   03.30248000e+01  -01.16015000e-02
  07.88844000e+01   06.25606000e+01   03.24920000e+01  -01.03548000e-02
  08.02159000e+01   06.25343000e+01   03.14296000e+01  -01.10806000e-02
  08.03030000e+01   06.68061000e+01   02.78104000e+01  -06.50300000e-03
  08.07505000e+01   06.55305000e+01   02.67258000e+01  -03.84930000e-03
  07.99873000e+01   06.51243000e+01   02.83199000e+01  -06.75510000e-03
  08.61534000e+01   06.98128000e+01   02.41126000e+01   06.96000000e-05
  08.44414000e+01   06.92815000e+01   02.43470000e+01  -02.56130000e-03
  08.48470000e+01   07.08606000e+01   02.45989000e+01  -08.86000000e-04
  08.30786000e+01   07.25872000e+01   03.75645000e+01   02.66600000e-04
  08.32189000e+01   07.07734000e+01   03.75842000e+01   02.07780000e-03
  08.35821000e+01   07.15559000e+01   03.61417000e+01   03.44650000e-03
  07.87697000e+01   06.22820000e+01   03.66492000e+01   02.98050000e-03
  07.94047000e+01   06.19358000e+01   03.48526000e+01  -05.01900000e-04
  08.63144000e+01   06.58879000e+01   02.90751000e+01  -05.40000000e-06
  08.51879000e+01   06.68098000e+01   03.00472000e+01  -02.73660000e-03
  08.15390000e+01   07.25992000e+01   03.59035000e+01   06.65000000e-04
  08.08680000e+01   07.16699000e+01   03.73627000e+01  -04.07950000e-03
  08.45997000e+01   06.55103000e+01   02.72802000e+01   01.58140000e-02
  08.50874000e+01   06.71447000e+01   02.77037000e+01   09.11190000e-03
  08.60030000e+01   06.90897000e+01   04.38842000e+01   00.00000000e+00
  08.76335000e+01   06.82980000e+01   04.37961000e+01   00.00000000e+00
  08.69019000e+01   06.90775000e+01   04.23692000e+01   00.00000000e+00
  08.38567000e+01   06.68679000e+01   04.20876000e+01   00.00000000e+00
  08.39956000e+01   06.81181000e+01   04.31663000e+01   00.00000000e+00
  08.49545000e+01   06.82344000e+01   04.15007000e+01   00.00000000e+00
  08.51789000e+01   06.71036000e+01   04.48743000e+01   00.00000000e+00
  08.66139000e+01   06.60590000e+01   04.47616000e+01   00.00000000e+00
  08.42213000e+01   06.51352000e+01   04.32327000e+01   00.00000000e+00
  08.43673000e+01   06.47577000e+01   04.49579000e+01   00.00000000e+00
  08.67234000e+01   06.37332000e+01   04.43687000e+01   00.00000000e+00
  08.64874000e+01   06.40759000e+01   04.27732000e+01   00.00000000e+00
  08.34073000e+01   06.24057000e+01   04.46032000e+01   00.00000000e+00
  08.44234000e+01   06.09685000e+01   04.45572000e+01   00.00000000e+00
  08.48426000e+01   06.24212000e+01   04.55549000e+01   00.00000000e+00
  08.38684000e+01   06.30038000e+01   04.19812000e+01   00.00000000e+00
  08.40989000e+01   06.12539000e+01   04.18946000e+01   00.00000000e+00
  08.63807000e+01   06.19314000e+01   04.07929000e+01   00.00000000e+00
  08.57782000e+01   06.35002000e+01   04.07139000e+01   00.00000000e+00
  08.37950000e+01   06.28143000e+01   03.96327000e+01   00.00000000e+00
  08.44656000e+01   06.11630000e+01   03.94749000e+01   00.00000000e+00
  08.26260000e+01   07.21315000e+01   03.39581000e+01   07.20400000e-04
  08.02313000e+01   06.67654000e+01   03.62311000e+01  -02.39543000e-02
  08.10859000e+01   06.40901000e+01   03.04314000e+01   04.89340000e-03
  08.53315000e+01   06.92935000e+01   02.85779000e+01  -02.28199000e-02
  07.94032000e+01   06.45419000e+01   03.64628000e+01  -01.51750000e-03
  08.74039000e+01   06.24562000e+01   03.86898000e+01   00.00000000e+00
  08.67034000e+01   06.07450000e+01   03.83789000e+01   00.00000000e+00
  08.71580000e+01   06.19287000e+01   03.70828000e+01   00.00000000e+00
  08.55660000e+01   06.34973000e+01   03.79012000e+01   00.00000000e+00
  08.33477000e+01   06.20997000e+01   03.74034000e+01   00.00000000e+00
  08.43695000e+01   06.07419000e+01   03.71090000e+01   00.00000000e+00
  08.49195000e+01   06.34273000e+01   03.55695000e+01   00.00000000e+00
  08.34760000e+01   06.24415000e+01   03.52294000e+01   00.00000000e+00
  08.50004000e+01   06.03666000e+01   03.49549000e+01   00.00000000e+00
  08.63226000e+01   06.16204000e+01   03.49772000e+01   00.00000000e+00
  08.39290000e+01   05.99730000e+01   03.25591000e+01   00.00000000e+00
  08.50013000e+01   06.06254000e+01   03.12545000e+01   00.00000000e+00
  08.55384000e+01   05.95855000e+01   03.24344000e+01   00.00000000e+00
  08.23862000e+01   06.47297000e+01   02.84530000e+01   05.57290000e-03
  08.27587000e+01   06.71802000e+01   02.71406000e+01  -01.28866000e-02
  08.63919000e+01   06.30634000e+01   03.23383000e+01   00.00000000e+00
  08.65218000e+01   06.66864000e+01   04.22776000e+01   00.00000000e+00
  08.41114000e+01   06.44121000e+01   03.34705000e+01  -01.99830000e-03
  08.33352000e+01   06.34555000e+01   03.21886000e+01  -01.85290000e-03
