  08.39553000e+01   06.45591000e+01   02.84293000e+01  -06.11779000e-02
  07.89175000e+01   06.27238000e+01   03.57586000e+01   01.75852000e-02
  08.05704000e+01   07.07910000e+01   03.60212000e+01   01.01800000e-02
  08.32622000e+01   06.94211000e+01   02.84000000e+01  -01.32723000e-02
  08.12574000e+01   06.53959000e+01   03.03495000e+01  -04.57645000e-02
  08.46946000e+01   06.44323000e+01   02.98201000e+01   02.46758000e-02
  07.82265000e+01   06.15580000e+01   03.59737000e+01  -01.71993000e-02
  08.20678000e+01   07.09876000e+01   03.64258000e+01  -09.39340000e-03
  08.32622000e+01   06.78890000e+01   02.80524000e+01   07.66074000e-02
  08.01143000e+01   06.48344000e+01   03.29806000e+01   09.44338000e-02
  08.37754000e+01   07.02761000e+01   02.77234000e+01   01.54319000e-02
  08.43633000e+01   06.32453000e+01   03.08198000e+01  -01.56515000e-02
  08.29632000e+01   06.76301000e+01   02.65637000e+01  -02.00050000e-02
  08.14998000e+01   06.83285000e+01   03.12233000e+01  -08.09918000e-02
  08.41639000e+01   06.74964000e+01   02.43966000e+01   04.03650000e-03
  08.24167000e+01   06.72840000e+01   02.91669000e+01  -01.43447000e-01
  08.05957000e+01   06.32505000e+01   03.11191000e+01   01.23287000e-02
  07.97109000e+01   06.57007000e+01   03.52568000e+01   02.21683000e-01
  08.13520000e+01   06.98841000e+01   03.30658000e+01  -05.42921000e-02
  08.02804000e+01   06.34144000e+01   02.78948000e+01   02.66866000e-02
  07.93442000e+01   06.12111000e+01   03.29665000e+01   04.35609000e-02
  07.97698000e+01   06.80943000e+01   03.75559000e+01   02.36507000e-02
  08.27118000e+01   07.18811000e+01   03.08186000e+01  -06.09964000e-02
  08.34549000e+01   06.28613000e+01   03.29164000e+01   08.71130000e-03
  08.20450000e+01   06.59034000e+01   02.92699000e+01   01.26858000e-01
  08.00923000e+01   06.36140000e+01   03.23850000e+01  -03.45042000e-02
  07.99204000e+01   06.71400000e+01   03.50345000e+01  -02.04376000e-01
  08.17652000e+01   06.96137000e+01   03.17448000e+01   07.60142000e-02
  08.40383000e+01   06.21262000e+01   03.04740000e+01   05.08730000e-03
  08.18621000e+01   06.73754000e+01   02.61251000e+01   06.92200000e-04
  08.42716000e+01   06.18169000e+01   03.36313000e+01   00.00000000e+00
  08.24572000e+01   06.48348000e+01   02.83604000e+01   07.64245000e-02
  07.95465000e+01   06.26612000e+01   03.32576000e+01  -04.66821000e-02
  07.99582000e+01   06.81857000e+01   03.60687000e+01   01.65461000e-02
  08.24534000e+01   07.03692000e+01   03.06994000e+01   05.49912000e-02
  08.42412000e+01   06.36857000e+01   03.20251000e+01   03.30200000e-04
  08.41403000e+01   06.76268000e+01   02.58540000e+01   04.02810000e-03
  08.37734000e+01   06.05902000e+01   03.39875000e+01   00.00000000e+00
  08.15156000e+01   06.36451000e+01   02.88169000e+01  -04.69336000e-02
  07.94642000e+01   06.33085000e+01   03.44997000e+01  -07.68710000e-03
  08.03904000e+01   06.93736000e+01   03.53819000e+01  -03.37389000e-02
  08.26567000e+01   06.94927000e+01   02.97167000e+01   03.64969000e-02
  08.37327000e+01   05.93934000e+01   03.30736000e+01   00.00000000e+00
  08.10578000e+01   06.41145000e+01   03.01623000e+01  -09.58259000e-02
  07.97110000e+01   06.46962000e+01   03.43090000e+01  -01.77941000e-01
  08.06588000e+01   06.90405000e+01   03.39976000e+01   06.74294000e-02
  08.21003000e+01   06.82733000e+01   03.00695000e+01   01.44326000e-01
  08.30512000e+01   06.04749000e+01   03.53547000e+01   00.00000000e+00
  08.39294000e+01   06.12963000e+01   03.64104000e+01   00.00000000e+00
  08.36160000e+01   06.09034000e+01   03.78682000e+01   00.00000000e+00
  08.43375000e+01   06.18816000e+01   03.88627000e+01   00.00000000e+00
  08.57914000e+01   06.15085000e+01   03.90685000e+01   00.00000000e+00
  08.35645000e+01   06.21828000e+01   04.00979000e+01   00.00000000e+00
  08.40882000e+01   06.32403000e+01   04.11164000e+01   00.00000000e+00
  08.30346000e+01   06.37312000e+01   04.20218000e+01   00.00000000e+00
  08.35978000e+01   06.45151000e+01   04.32955000e+01   00.00000000e+00
  08.44191000e+01   06.36706000e+01   04.43175000e+01   00.00000000e+00
  08.44324000e+01   06.57892000e+01   04.29792000e+01   00.00000000e+00
  08.39100000e+01   06.67847000e+01   04.19804000e+01   00.00000000e+00
  08.49442000e+01   06.78245000e+01   04.15182000e+01   00.00000000e+00
  08.56056000e+01   06.86936000e+01   04.26436000e+01   00.00000000e+00
  08.66643000e+01   06.95413000e+01   04.18228000e+01   00.00000000e+00
  08.46797000e+01   06.97053000e+01   04.33890000e+01   00.00000000e+00
  08.02910000e+01   06.76946000e+01   03.38019000e+01   03.65717000e-02
  08.06094000e+01   06.66052000e+01   03.20468000e+01  -06.37550000e-03
  08.37433000e+01   07.20651000e+01   03.10862000e+01   01.79582000e-02
  08.25122000e+01   07.24167000e+01   02.98997000e+01   01.23366000e-02
  08.21108000e+01   07.24051000e+01   03.15981000e+01   01.80857000e-02
  07.93718000e+01   06.71156000e+01   03.78148000e+01  -03.55350000e-03
  08.07325000e+01   06.82348000e+01   03.80001000e+01  -05.48890000e-03
  07.90806000e+01   06.88642000e+01   03.78301000e+01  -05.73590000e-03
  07.99772000e+01   06.09247000e+01   03.21903000e+01  -01.16015000e-02
  07.96533000e+01   06.05309000e+01   03.37345000e+01  -01.03548000e-02
  07.82912000e+01   06.08655000e+01   03.28055000e+01  -01.10806000e-02
  08.05665000e+01   06.30816000e+01   02.69272000e+01  -06.50300000e-03
  07.96743000e+01   06.26176000e+01   02.84183000e+01  -03.84930000e-03
  07.97755000e+01   06.42616000e+01   02.75936000e+01  -06.75510000e-03
  08.35703000e+01   06.65754000e+01   02.42339000e+01   06.96000000e-05
  08.38567000e+01   06.83011000e+01   02.37634000e+01  -02.56130000e-03
  08.52306000e+01   06.72833000e+01   02.42112000e+01  -08.86000000e-04
  08.24327000e+01   07.00736000e+01   03.68643000e+01   02.66600000e-04
  08.26211000e+01   07.11077000e+01   03.55112000e+01   02.07780000e-03
  08.20691000e+01   07.17955000e+01   03.71253000e+01   03.44650000e-03
  07.79919000e+01   06.12275000e+01   03.69972000e+01   02.98050000e-03
  07.80205000e+01   06.09044000e+01   03.51415000e+01  -05.01900000e-04
  08.57164000e+01   06.41953000e+01   02.95958000e+01  -05.40000000e-06
  08.46415000e+01   06.53545000e+01   03.03088000e+01  -02.73660000e-03
  08.03645000e+01   07.15770000e+01   03.52985000e+01   06.65000000e-04
  07.99275000e+01   07.09707000e+01   03.68876000e+01  -04.07950000e-03
  08.40134000e+01   06.35257000e+01   02.79486000e+01   01.58140000e-02
  08.45638000e+01   06.52104000e+01   02.78570000e+01   09.11190000e-03
  08.42933000e+01   07.04592000e+01   04.27331000e+01   00.00000000e+00
  08.39544000e+01   06.91852000e+01   04.39731000e+01   00.00000000e+00
  08.53286000e+01   07.02863000e+01   04.40701000e+01   00.00000000e+00
  08.62663000e+01   07.05382000e+01   04.15792000e+01   00.00000000e+00
  08.74281000e+01   06.97725000e+01   04.25324000e+01   00.00000000e+00
  08.70590000e+01   06.90208000e+01   04.09178000e+01   00.00000000e+00
  08.57370000e+01   06.71529000e+01   04.10964000e+01   00.00000000e+00
  08.45613000e+01   06.85181000e+01   04.07687000e+01   00.00000000e+00
  08.36762000e+01   06.62168000e+01   04.10425000e+01   00.00000000e+00
  08.29975000e+01   06.72065000e+01   04.23595000e+01   00.00000000e+00
  08.45468000e+01   06.62902000e+01   04.39283000e+01   00.00000000e+00
  08.53808000e+01   06.53892000e+01   04.25321000e+01   00.00000000e+00
  08.51786000e+01   06.30337000e+01   04.38914000e+01   00.00000000e+00
  08.46766000e+01   06.43185000e+01   04.51648000e+01   00.00000000e+00
  08.37672000e+01   06.29472000e+01   04.47591000e+01   00.00000000e+00
  08.23395000e+01   06.44154000e+01   04.14821000e+01   00.00000000e+00
  08.24902000e+01   06.29244000e+01   04.24620000e+01   00.00000000e+00
  08.49633000e+01   06.27378000e+01   04.15446000e+01   00.00000000e+00
  08.45688000e+01   06.40518000e+01   04.06671000e+01   00.00000000e+00
  08.26797000e+01   06.27168000e+01   03.97340000e+01   00.00000000e+00
  08.31199000e+01   06.13255000e+01   04.05892000e+01   00.00000000e+00
  08.15701000e+01   07.08634000e+01   03.33338000e+01   07.20400000e-04
  07.94262000e+01   06.54038000e+01   03.62625000e+01  -02.39543000e-02
  08.06525000e+01   06.21983000e+01   03.08354000e+01   04.89340000e-03
  08.43265000e+01   06.75227000e+01   02.81232000e+01  -02.28199000e-02
  07.90488000e+01   06.32922000e+01   03.65964000e+01  -01.51750000e-03
  08.62042000e+01   06.21686000e+01   03.97263000e+01   00.00000000e+00
  08.57383000e+01   06.05160000e+01   03.94183000e+01   00.00000000e+00
  08.63799000e+01   06.15849000e+01   03.81354000e+01   00.00000000e+00
  08.43825000e+01   06.28105000e+01   03.83816000e+01   00.00000000e+00
  08.25772000e+01   06.10519000e+01   03.79793000e+01   00.00000000e+00
  08.39423000e+01   05.98720000e+01   03.80162000e+01   00.00000000e+00
  08.49417000e+01   06.10432000e+01   03.62616000e+01   00.00000000e+00
  08.38934000e+01   06.23759000e+01   03.62597000e+01   00.00000000e+00
  08.21221000e+01   06.09359000e+01   03.51307000e+01   00.00000000e+00
  08.29396000e+01   05.94265000e+01   03.56282000e+01   00.00000000e+00
  08.41305000e+01   05.95997000e+01   03.20774000e+01   00.00000000e+00
  08.41365000e+01   05.84854000e+01   03.35672000e+01   00.00000000e+00
  08.26528000e+01   05.91904000e+01   03.28167000e+01   00.00000000e+00
  08.19898000e+01   06.26661000e+01   02.88992000e+01   05.57290000e-03
  08.23198000e+01   06.49430000e+01   02.73033000e+01  -01.28866000e-02
  08.52501000e+01   06.20213000e+01   03.37355000e+01   00.00000000e+00
  08.60698000e+01   06.81035000e+01   04.34551000e+01   00.00000000e+00
  08.29496000e+01   06.34962000e+01   03.36585000e+01  -01.99830000e-03
  08.26215000e+01   06.23405000e+01   03.24073000e+01  -01.85290000e-03
