  08.42353000e+01   06.59037000e+01   02.85488000e+01  -06.11779000e-02
  07.89928000e+01   06.38375000e+01   03.54407000e+01   01.75852000e-02
  08.09860000e+01   07.15258000e+01   03.66096000e+01   01.01800000e-02
  08.40165000e+01   07.10490000e+01   02.89060000e+01  -01.32723000e-02
  08.15274000e+01   06.70110000e+01   03.02931000e+01  -04.57645000e-02
  08.47436000e+01   06.55775000e+01   02.99669000e+01   02.46758000e-02
  07.82901000e+01   06.26389000e+01   03.56020000e+01  -01.71993000e-02
  08.24297000e+01   07.18219000e+01   03.70228000e+01  -09.39340000e-03
  08.39208000e+01   06.95524000e+01   02.83964000e+01   07.66074000e-02
  08.03538000e+01   06.60697000e+01   03.27777000e+01   09.44338000e-02
  08.45623000e+01   07.19186000e+01   02.82356000e+01   01.54319000e-02
  08.40463000e+01   06.44013000e+01   03.06657000e+01  -01.56515000e-02
  08.36595000e+01   06.95254000e+01   02.69423000e+01  -02.00050000e-02
  08.19600000e+01   06.96810000e+01   03.15762000e+01  -08.09918000e-02
  08.47916000e+01   06.94926000e+01   02.48546000e+01   04.03650000e-03
  08.29279000e+01   06.88200000e+01   02.93738000e+01  -01.43447000e-01
  08.04953000e+01   06.47303000e+01   03.07087000e+01   01.23287000e-02
  07.98017000e+01   06.67696000e+01   03.50942000e+01   02.21683000e-01
  08.19188000e+01   07.10617000e+01   03.36058000e+01  -05.42921000e-02
  08.03856000e+01   06.55960000e+01   02.75164000e+01   02.66866000e-02
  07.91363000e+01   06.24889000e+01   03.24592000e+01   04.35609000e-02
  07.95085000e+01   06.88947000e+01   03.74353000e+01   02.36507000e-02
  08.31536000e+01   07.32586000e+01   03.13878000e+01  -06.09964000e-02
  08.35091000e+01   06.35527000e+01   03.28711000e+01   08.71130000e-03
  08.24048000e+01   06.75132000e+01   02.92988000e+01   01.26858000e-01
  08.00878000e+01   06.49464000e+01   03.20283000e+01  -03.45042000e-02
  08.03954000e+01   06.80875000e+01   03.50672000e+01  -02.04376000e-01
  08.22747000e+01   07.08790000e+01   03.22577000e+01   07.60142000e-02
  08.35107000e+01   06.34228000e+01   03.01407000e+01   05.08730000e-03
  08.26754000e+01   06.98913000e+01   02.63455000e+01   06.92200000e-04
  08.44336000e+01   06.24356000e+01   03.30742000e+01   00.00000000e+00
  08.27602000e+01   06.64316000e+01   02.82826000e+01   07.64245000e-02
  07.94512000e+01   06.38980000e+01   03.28774000e+01  -04.66821000e-02
  08.02722000e+01   06.90260000e+01   03.62067000e+01   01.65461000e-02
  08.29188000e+01   07.18066000e+01   03.12552000e+01   05.49912000e-02
  08.42091000e+01   06.44947000e+01   03.19912000e+01   03.30200000e-04
  08.48288000e+01   06.92857000e+01   02.62859000e+01   04.02810000e-03
  08.40771000e+01   06.11457000e+01   03.30145000e+01   00.00000000e+00
  08.15539000e+01   06.54250000e+01   02.84888000e+01  -04.69336000e-02
  07.93456000e+01   06.44493000e+01   03.41531000e+01  -07.68710000e-03
  08.08513000e+01   07.02473000e+01   03.57754000e+01  -03.37389000e-02
  08.32826000e+01   07.10064000e+01   03.02070000e+01   03.64969000e-02
  08.40897000e+01   06.03001000e+01   03.17015000e+01   00.00000000e+00
  08.11359000e+01   06.57032000e+01   02.99499000e+01  -09.58259000e-02
  07.98438000e+01   06.58256000e+01   03.40161000e+01  -01.77941000e-01
  08.13426000e+01   07.00749000e+01   03.43901000e+01   06.74294000e-02
  08.26212000e+01   06.97534000e+01   03.04269000e+01   01.44326000e-01
  08.36185000e+01   06.03368000e+01   03.42441000e+01   00.00000000e+00
  08.44345000e+01   06.02374000e+01   03.55027000e+01   00.00000000e+00
  08.40298000e+01   06.13577000e+01   03.64605000e+01   00.00000000e+00
  08.47673000e+01   06.13487000e+01   03.78189000e+01   00.00000000e+00
  08.41601000e+01   06.02728000e+01   03.87686000e+01   00.00000000e+00
  08.46462000e+01   06.27778000e+01   03.84800000e+01   00.00000000e+00
  08.54813000e+01   06.30801000e+01   03.97371000e+01   00.00000000e+00
  08.50867000e+01   06.44492000e+01   04.04075000e+01   00.00000000e+00
  08.56923000e+01   06.47623000e+01   04.17529000e+01   00.00000000e+00
  08.71044000e+01   06.41306000e+01   04.20424000e+01   00.00000000e+00
  08.58832000e+01   06.63218000e+01   04.19820000e+01   00.00000000e+00
  08.62286000e+01   06.68027000e+01   04.34112000e+01   00.00000000e+00
  08.61756000e+01   06.82387000e+01   04.37439000e+01   00.00000000e+00
  08.63041000e+01   06.86600000e+01   04.53227000e+01   00.00000000e+00
  08.73622000e+01   06.79204000e+01   04.61606000e+01   00.00000000e+00
  08.63102000e+01   07.01780000e+01   04.54270000e+01   00.00000000e+00
  08.09551000e+01   06.87528000e+01   03.40234000e+01   03.65717000e-02
  08.10137000e+01   06.79552000e+01   03.21326000e+01  -06.37550000e-03
  08.25381000e+01   07.37616000e+01   03.06084000e+01   01.79582000e-02
  08.28509000e+01   07.36422000e+01   03.23379000e+01   01.23366000e-02
  08.41662000e+01   07.36124000e+01   03.12428000e+01   01.80857000e-02
  07.86793000e+01   06.96718000e+01   03.74483000e+01  -03.55350000e-03
  07.90238000e+01   06.79338000e+01   03.75107000e+01  -05.48890000e-03
  08.01232000e+01   06.90946000e+01   03.83894000e+01  -05.73590000e-03
  07.81502000e+01   06.22246000e+01   03.26679000e+01  -01.16015000e-02
  07.92369000e+01   06.23460000e+01   03.13731000e+01  -01.03548000e-02
  07.99473000e+01   06.18678000e+01   03.28105000e+01  -01.10806000e-02
  08.03475000e+01   06.66638000e+01   02.72534000e+01  -06.50300000e-03
  08.06648000e+01   06.49496000e+01   02.66735000e+01  -03.84930000e-03
  07.93830000e+01   06.55285000e+01   02.79649000e+01  -06.75510000e-03
  08.38862000e+01   06.91609000e+01   02.43781000e+01   06.96000000e-05
  08.47525000e+01   07.05748000e+01   02.47246000e+01  -02.56130000e-03
  08.56407000e+01   06.91428000e+01   02.43272000e+01  -08.86000000e-04
  08.30156000e+01   07.21732000e+01   03.61884000e+01   02.66600000e-04
  08.24216000e+01   07.26276000e+01   03.77005000e+01   02.07780000e-03
  08.28842000e+01   07.09667000e+01   03.75837000e+01   03.44650000e-03
  07.81562000e+01   06.22306000e+01   03.65816000e+01   02.98050000e-03
  07.77109000e+01   06.20472000e+01   03.48753000e+01  -05.01900000e-04
  08.58150000e+01   06.52774000e+01   02.99376000e+01  -05.40000000e-06
  08.48812000e+01   06.64753000e+01   03.05915000e+01  -02.73660000e-03
  08.05798000e+01   07.23412000e+01   03.60169000e+01   06.65000000e-04
  08.01977000e+01   07.14395000e+01   03.73923000e+01  -04.07950000e-03
  08.42679000e+01   06.49826000e+01   02.80561000e+01   01.58140000e-02
  08.49395000e+01   06.64996000e+01   02.80488000e+01   09.11190000e-03
  08.62109000e+01   07.04865000e+01   04.64867000e+01   00.00000000e+00
  08.72038000e+01   07.06027000e+01   04.49822000e+01   00.00000000e+00
  08.55540000e+01   07.05606000e+01   04.47958000e+01   00.00000000e+00
  08.70541000e+01   06.68859000e+01   04.62193000e+01   00.00000000e+00
  08.82119000e+01   06.79344000e+01   04.55432000e+01   00.00000000e+00
  08.74914000e+01   06.83369000e+01   04.71650000e+01   00.00000000e+00
  08.68835000e+01   06.87822000e+01   04.31375000e+01   00.00000000e+00
  08.52514000e+01   06.86713000e+01   04.33705000e+01   00.00000000e+00
  08.56867000e+01   06.61748000e+01   04.41371000e+01   00.00000000e+00
  08.72710000e+01   06.65049000e+01   04.36434000e+01   00.00000000e+00
  08.65988000e+01   06.66128000e+01   04.12184000e+01   00.00000000e+00
  08.49274000e+01   06.67818000e+01   04.16627000e+01   00.00000000e+00
  08.76188000e+01   06.44925000e+01   04.29211000e+01   00.00000000e+00
  08.69283000e+01   06.30009000e+01   04.21905000e+01   00.00000000e+00
  08.76823000e+01   06.42139000e+01   04.11421000e+01   00.00000000e+00
  08.53029000e+01   06.52140000e+01   03.96874000e+01   00.00000000e+00
  08.40018000e+01   06.43778000e+01   04.05443000e+01   00.00000000e+00
  08.53027000e+01   06.22822000e+01   04.04078000e+01   00.00000000e+00
  08.65529000e+01   06.30754000e+01   03.94241000e+01   00.00000000e+00
  08.48117000e+01   06.35448000e+01   03.77693000e+01   00.00000000e+00
  08.36037000e+01   06.27344000e+01   03.87555000e+01   00.00000000e+00
  08.21313000e+01   07.20571000e+01   03.40741000e+01   07.20400000e-04
  07.92344000e+01   06.63424000e+01   03.59143000e+01  -02.39543000e-02
  08.02500000e+01   06.38153000e+01   03.01835000e+01   04.89340000e-03
  08.49152000e+01   06.92000000e+01   02.85863000e+01  -02.28199000e-02
  07.95153000e+01   06.42454000e+01   03.62788000e+01  -01.51750000e-03
  08.42963000e+01   05.92603000e+01   03.84807000e+01   00.00000000e+00
  08.46261000e+01   06.04026000e+01   03.97290000e+01   00.00000000e+00
  08.31081000e+01   06.05013000e+01   03.88940000e+01   00.00000000e+00
  08.57702000e+01   06.10906000e+01   03.75365000e+01   00.00000000e+00
  08.42391000e+01   06.22732000e+01   03.59187000e+01   00.00000000e+00
  08.29625000e+01   06.13052000e+01   03.66338000e+01   00.00000000e+00
  08.41190000e+01   05.93273000e+01   03.60578000e+01   00.00000000e+00
  08.55425000e+01   06.02054000e+01   03.54216000e+01   00.00000000e+00
  08.25587000e+01   06.05915000e+01   03.45216000e+01   00.00000000e+00
  08.35692000e+01   05.93043000e+01   03.39060000e+01   00.00000000e+00
  08.48225000e+01   05.95071000e+01   03.16886000e+01   00.00000000e+00
  08.30802000e+01   05.98179000e+01   03.17121000e+01   00.00000000e+00
  08.41903000e+01   06.09330000e+01   03.08327000e+01   00.00000000e+00
  08.18425000e+01   06.44035000e+01   02.84064000e+01   05.57290000e-03
  08.26186000e+01   06.67736000e+01   02.72181000e+01  -01.28866000e-02
  08.55133000e+01   06.26493000e+01   03.32248000e+01   00.00000000e+00
  08.53304000e+01   06.83843000e+01   04.57729000e+01   00.00000000e+00
  08.34028000e+01   06.40321000e+01   03.38129000e+01  -01.99830000e-03
  08.25089000e+01   06.33206000e+01   03.25780000e+01  -01.85290000e-03
