  08.49031000e+01   06.61936000e+01   02.85473000e+01  -06.11779000e-02
  08.02337000e+01   06.43637000e+01   03.59253000e+01   01.75852000e-02
  08.22218000e+01   07.22193000e+01   03.68653000e+01   01.01800000e-02
  08.47274000e+01   07.14328000e+01   02.89812000e+01  -01.32723000e-02
  08.25143000e+01   06.73924000e+01   03.05600000e+01  -04.57645000e-02
  08.54652000e+01   06.55313000e+01   02.99151000e+01   02.46758000e-02
  08.04324000e+01   06.30740000e+01   03.62396000e+01  -01.71993000e-02
  08.36430000e+01   07.21056000e+01   03.73988000e+01  -09.39340000e-03
  08.47568000e+01   06.98889000e+01   02.86671000e+01   07.66074000e-02
  08.14523000e+01   06.66134000e+01   03.32596000e+01   09.44338000e-02
  08.52384000e+01   07.23311000e+01   02.83495000e+01   01.54319000e-02
  08.48801000e+01   06.43192000e+01   03.06043000e+01  -01.56515000e-02
  08.46320000e+01   06.97687000e+01   02.72167000e+01  -02.00050000e-02
  08.26397000e+01   07.02143000e+01   03.16209000e+01  -08.09918000e-02
  08.57928000e+01   06.99503000e+01   02.50335000e+01   04.03650000e-03
  08.38146000e+01   06.91552000e+01   02.96103000e+01  -01.43447000e-01
  08.14398000e+01   06.53278000e+01   03.10851000e+01   01.23287000e-02
  08.07427000e+01   06.75170000e+01   03.54808000e+01   02.21683000e-01
  08.26163000e+01   07.17276000e+01   03.35418000e+01  -05.42921000e-02
  08.10641000e+01   06.61333000e+01   02.80181000e+01   02.66866000e-02
  08.06325000e+01   06.30435000e+01   03.28560000e+01   04.35609000e-02
  08.06343000e+01   06.95526000e+01   03.78270000e+01   02.36507000e-02
  08.36381000e+01   07.37788000e+01   03.12669000e+01  -06.09964000e-02
  08.48989000e+01   06.28671000e+01   03.24558000e+01   08.71130000e-03
  08.33152000e+01   06.79190000e+01   02.95999000e+01   01.26858000e-01
  08.12864000e+01   06.54540000e+01   03.25233000e+01  -03.45042000e-02
  08.11728000e+01   06.88711000e+01   03.53998000e+01  -02.04376000e-01
  08.28240000e+01   07.14807000e+01   03.21707000e+01   07.60142000e-02
  08.38813000e+01   06.36832000e+01   03.02190000e+01   05.08730000e-03
  08.36228000e+01   06.95234000e+01   02.66112000e+01   06.92200000e-04
  08.56839000e+01   06.22997000e+01   03.36912000e+01   00.00000000e+00
  08.34660000e+01   06.68514000e+01   02.85765000e+01   07.64245000e-02
  08.07572000e+01   06.44460000e+01   03.33697000e+01  -04.66821000e-02
  08.12090000e+01   06.98487000e+01   03.64582000e+01   01.65461000e-02
  08.33491000e+01   07.23218000e+01   03.11204000e+01   05.49912000e-02
  08.55548000e+01   06.39565000e+01   03.17354000e+01   03.30200000e-04
  08.58193000e+01   06.98732000e+01   02.65682000e+01   04.02810000e-03
  08.52436000e+01   06.14721000e+01   03.46329000e+01   00.00000000e+00
  08.23412000e+01   06.58580000e+01   02.88268000e+01  -04.69336000e-02
  08.06044000e+01   06.49952000e+01   03.46460000e+01  -07.68710000e-03
  08.18978000e+01   07.09969000e+01   03.60248000e+01  -03.37389000e-02
  08.38871000e+01   07.14561000e+01   03.01659000e+01   03.64969000e-02
  08.53932000e+01   05.99853000e+01   03.45469000e+01   00.00000000e+00
  08.21307000e+01   06.61808000e+01   03.02420000e+01  -09.58259000e-02
  08.09076000e+01   06.64350000e+01   03.45265000e+01  -01.77941000e-01
  08.20498000e+01   07.07507000e+01   03.45424000e+01   06.74294000e-02
  08.34162000e+01   07.02016000e+01   03.04929000e+01   01.44326000e-01
  08.45702000e+01   06.19688000e+01   03.58642000e+01   00.00000000e+00
  08.55138000e+01   06.20813000e+01   03.71177000e+01   00.00000000e+00
  08.47634000e+01   06.25349000e+01   03.83495000e+01   00.00000000e+00
  08.56031000e+01   06.26526000e+01   03.96796000e+01   00.00000000e+00
  08.58415000e+01   06.12723000e+01   04.03691000e+01   00.00000000e+00
  08.50382000e+01   06.37942000e+01   04.07371000e+01   00.00000000e+00
  08.56050000e+01   06.38956000e+01   04.21165000e+01   00.00000000e+00
  08.48692000e+01   06.49674000e+01   04.28855000e+01   00.00000000e+00
  08.52495000e+01   06.51960000e+01   04.44331000e+01   00.00000000e+00
  08.50697000e+01   06.38798000e+01   04.52038000e+01   00.00000000e+00
  08.65609000e+01   06.59247000e+01   04.46574000e+01   00.00000000e+00
  08.69320000e+01   06.72467000e+01   04.38999000e+01   00.00000000e+00
  08.59850000e+01   06.83471000e+01   04.42591000e+01   00.00000000e+00
  08.64372000e+01   06.97094000e+01   04.36542000e+01   00.00000000e+00
  08.56499000e+01   07.09008000e+01   04.43418000e+01   00.00000000e+00
  08.78979000e+01   06.99884000e+01   04.37671000e+01   00.00000000e+00
  08.16254000e+01   06.94865000e+01   03.42176000e+01   03.65717000e-02
  08.19055000e+01   06.83998000e+01   03.23730000e+01  -06.37550000e-03
  08.35527000e+01   07.43416000e+01   03.03431000e+01   01.79582000e-02
  08.29839000e+01   07.42106000e+01   03.20930000e+01   01.23366000e-02
  08.46705000e+01   07.38585000e+01   03.16065000e+01   01.80857000e-02
  07.97550000e+01   06.89337000e+01   03.77320000e+01  -03.55350000e-03
  08.13572000e+01   06.90297000e+01   03.84098000e+01  -05.48890000e-03
  08.03435000e+01   07.05350000e+01   03.82981000e+01  -05.73590000e-03
  08.03324000e+01   06.23202000e+01   03.35913000e+01  -01.16015000e-02
  07.99849000e+01   06.31057000e+01   03.20351000e+01  -01.03548000e-02
  08.15334000e+01   06.26791000e+01   03.24341000e+01  -01.10806000e-02
  08.09180000e+01   06.71727000e+01   02.79000000e+01  -06.50300000e-03
  08.11444000e+01   06.56925000e+01   02.70297000e+01  -03.84930000e-03
  08.02511000e+01   06.57106000e+01   02.85872000e+01  -06.75510000e-03
  08.54934000e+01   07.08726000e+01   02.45816000e+01   06.96000000e-05
  08.68495000e+01   06.96593000e+01   02.46524000e+01  -02.56130000e-03
  08.51439000e+01   06.91064000e+01   02.47299000e+01  -08.86000000e-04
  08.39001000e+01   07.12924000e+01   03.80659000e+01   02.66600000e-04
  08.43583000e+01   07.20161000e+01   03.65319000e+01   02.07780000e-03
  08.38200000e+01   07.30217000e+01   03.79948000e+01   03.44650000e-03
  08.02148000e+01   06.26683000e+01   03.72238000e+01   02.98050000e-03
  08.09064000e+01   06.23858000e+01   03.56110000e+01  -05.01900000e-04
  08.65070000e+01   06.53300000e+01   02.98375000e+01  -05.40000000e-06
  08.53609000e+01   06.63042000e+01   03.06694000e+01  -02.73660000e-03
  08.22104000e+01   07.31705000e+01   03.63100000e+01   06.65000000e-04
  08.16480000e+01   07.23176000e+01   03.77617000e+01  -04.07950000e-03
  08.48808000e+01   06.54022000e+01   02.77832000e+01   01.58140000e-02
  08.55814000e+01   06.69127000e+01   02.80552000e+01   09.11190000e-03
  08.79703000e+01   07.10589000e+01   04.35183000e+01   00.00000000e+00
  08.82746000e+01   06.98221000e+01   04.47693000e+01   00.00000000e+00
  08.85836000e+01   06.94550000e+01   04.30690000e+01   00.00000000e+00
  08.57465000e+01   07.06624000e+01   04.54416000e+01   00.00000000e+00
  08.61667000e+01   07.18370000e+01   04.42551000e+01   00.00000000e+00
  08.45969000e+01   07.09622000e+01   04.39863000e+01   00.00000000e+00
  08.50454000e+01   06.81311000e+01   04.38743000e+01   00.00000000e+00
  08.60264000e+01   06.82836000e+01   04.53911000e+01   00.00000000e+00
  08.79347000e+01   06.75508000e+01   04.41510000e+01   00.00000000e+00
  08.69723000e+01   06.69817000e+01   04.28192000e+01   00.00000000e+00
  08.65235000e+01   06.61948000e+01   04.57334000e+01   00.00000000e+00
  08.74591000e+01   06.52734000e+01   04.45637000e+01   00.00000000e+00
  08.43583000e+01   06.32695000e+01   04.47602000e+01   00.00000000e+00
  08.60530000e+01   06.34539000e+01   04.52307000e+01   00.00000000e+00
  08.46425000e+01   06.40338000e+01   04.62594000e+01   00.00000000e+00
  08.51970000e+01   06.59381000e+01   04.24219000e+01   00.00000000e+00
  08.37457000e+01   06.48216000e+01   04.27132000e+01   00.00000000e+00
  08.54977000e+01   06.29074000e+01   04.25741000e+01   00.00000000e+00
  08.67029000e+01   06.40728000e+01   04.19528000e+01   00.00000000e+00
  08.51780000e+01   06.47427000e+01   04.01357000e+01   00.00000000e+00
  08.39368000e+01   06.36938000e+01   04.07906000e+01   00.00000000e+00
  08.30057000e+01   07.26296000e+01   03.39927000e+01   07.20400000e-04
  08.03687000e+01   06.71749000e+01   03.64744000e+01  -02.39543000e-02
  08.11458000e+01   06.43762000e+01   03.06112000e+01   04.89340000e-03
  08.57668000e+01   06.96207000e+01   02.89456000e+01  -02.28199000e-02
  07.99228000e+01   06.50345000e+01   03.67585000e+01  -01.51750000e-03
  08.66864000e+01   06.13649000e+01   04.10191000e+01   00.00000000e+00
  08.50057000e+01   06.10624000e+01   04.09866000e+01   00.00000000e+00
  08.60149000e+01   06.04996000e+01   03.96635000e+01   00.00000000e+00
  08.65350000e+01   06.31469000e+01   03.93704000e+01   00.00000000e+00
  08.42011000e+01   06.34798000e+01   03.82556000e+01   00.00000000e+00
  08.39184000e+01   06.18484000e+01   03.86894000e+01   00.00000000e+00
  08.60611000e+01   06.12009000e+01   03.74141000e+01   00.00000000e+00
  08.63697000e+01   06.27594000e+01   03.69828000e+01   00.00000000e+00
  08.41026000e+01   06.29811000e+01   03.56589000e+01   00.00000000e+00
  08.37979000e+01   06.12698000e+01   03.60623000e+01   00.00000000e+00
  08.61037000e+01   05.97004000e+01   03.52726000e+01   00.00000000e+00
  08.44260000e+01   05.95039000e+01   03.47792000e+01   00.00000000e+00
  08.56646000e+01   05.97615000e+01   03.34868000e+01   00.00000000e+00
  08.25812000e+01   06.47792000e+01   02.84470000e+01   05.57290000e-03
  08.33881000e+01   06.73234000e+01   02.76302000e+01  -01.28866000e-02
  08.66306000e+01   06.27628000e+01   03.37360000e+01   00.00000000e+00
  08.63002000e+01   06.97417000e+01   04.25500000e+01   00.00000000e+00
  08.39683000e+01   06.32939000e+01   03.28394000e+01  -01.99830000e-03
  08.46704000e+01   06.20148000e+01   03.18183000e+01  -01.85290000e-03
