  08.49891000e+01   06.59816000e+01   02.84074000e+01  -06.11779000e-02
  07.96667000e+01   06.39537000e+01   03.55191000e+01   01.75852000e-02
  08.15254000e+01   07.16390000e+01   03.64324000e+01   01.01800000e-02
  08.42916000e+01   07.09987000e+01   02.87198000e+01  -01.32723000e-02
  08.23310000e+01   06.69067000e+01   03.02995000e+01  -04.57645000e-02
  08.55155000e+01   06.54026000e+01   02.97439000e+01   02.46758000e-02
  07.94439000e+01   06.26934000e+01   03.56997000e+01  -01.71993000e-02
  08.30773000e+01   07.15697000e+01   03.67384000e+01  -09.39340000e-03
  08.43955000e+01   06.95018000e+01   02.83193000e+01   07.66074000e-02
  08.10261000e+01   06.61213000e+01   03.27584000e+01   09.44338000e-02
  08.47827000e+01   07.19081000e+01   02.80619000e+01   01.54319000e-02
  08.50271000e+01   06.40146000e+01   03.01762000e+01  -01.56515000e-02
  08.40657000e+01   06.94210000e+01   02.67935000e+01  -02.00050000e-02
  08.23777000e+01   06.96384000e+01   03.13301000e+01  -08.09918000e-02
  08.50020000e+01   06.94843000e+01   02.46446000e+01   04.03650000e-03
  08.34537000e+01   06.87199000e+01   02.93144000e+01  -01.43447000e-01
  08.13495000e+01   06.47034000e+01   03.07142000e+01   01.23287000e-02
  08.04576000e+01   06.69055000e+01   03.50856000e+01   02.21683000e-01
  08.21500000e+01   07.10803000e+01   03.32565000e+01  -05.42921000e-02
  08.13172000e+01   06.55245000e+01   02.75570000e+01   02.66866000e-02
  08.01181000e+01   06.23839000e+01   03.25612000e+01   04.35609000e-02
  08.02050000e+01   06.89207000e+01   03.74768000e+01   02.36507000e-02
  08.35521000e+01   07.32231000e+01   03.13253000e+01  -06.09964000e-02
  08.44909000e+01   06.25654000e+01   03.19795000e+01   08.71130000e-03
  08.31274000e+01   06.74217000e+01   02.93320000e+01   01.26858000e-01
  08.09457000e+01   06.49218000e+01   03.20533000e+01  -03.45042000e-02
  08.07403000e+01   06.82713000e+01   03.50177000e+01  -02.04376000e-01
  08.25335000e+01   07.08552000e+01   03.18998000e+01   07.60142000e-02
  08.47391000e+01   06.30556000e+01   02.94631000e+01   05.08730000e-03
  08.29706000e+01   06.92252000e+01   02.62835000e+01   06.92200000e-04
  08.48475000e+01   06.23271000e+01   03.34331000e+01   00.00000000e+00
  08.35316000e+01   06.64716000e+01   02.82322000e+01   07.64245000e-02
  08.04038000e+01   06.38515000e+01   03.29830000e+01  -04.66821000e-02
  08.05726000e+01   06.92763000e+01   03.60801000e+01   01.65461000e-02
  08.31589000e+01   07.17928000e+01   03.09730000e+01   05.49912000e-02
  08.49655000e+01   06.39372000e+01   03.15421000e+01   03.30200000e-04
  08.52261000e+01   06.95377000e+01   02.60879000e+01   04.02810000e-03
  08.41235000e+01   06.17473000e+01   03.44055000e+01   00.00000000e+00
  08.25088000e+01   06.53012000e+01   02.85047000e+01  -04.69336000e-02
  08.02345000e+01   06.45148000e+01   03.42426000e+01  -07.68710000e-03
  08.11808000e+01   07.04083000e+01   03.55798000e+01  -03.37389000e-02
  08.35949000e+01   07.09657000e+01   02.99307000e+01   03.64969000e-02
  08.39591000e+01   06.02008000e+01   03.45518000e+01   00.00000000e+00
  08.20550000e+01   06.56084000e+01   02.99626000e+01  -09.58259000e-02
  08.04827000e+01   06.59072000e+01   03.40531000e+01  -01.77941000e-01
  08.15006000e+01   07.01543000e+01   03.41843000e+01   06.74294000e-02
  08.31219000e+01   06.96777000e+01   03.02392000e+01   01.44326000e-01
  08.33034000e+01   06.27293000e+01   03.52305000e+01   00.00000000e+00
  08.33579000e+01   06.24929000e+01   03.66909000e+01   00.00000000e+00
  08.47955000e+01   06.27599000e+01   03.72749000e+01   00.00000000e+00
  08.50484000e+01   06.24651000e+01   03.87761000e+01   00.00000000e+00
  08.45327000e+01   06.10853000e+01   03.91874000e+01   00.00000000e+00
  08.44885000e+01   06.36631000e+01   03.96180000e+01   00.00000000e+00
  08.47338000e+01   06.36854000e+01   04.10783000e+01   00.00000000e+00
  08.39674000e+01   06.48420000e+01   04.17920000e+01   00.00000000e+00
  08.41274000e+01   06.50061000e+01   04.33454000e+01   00.00000000e+00
  08.33862000e+01   06.38889000e+01   04.40524000e+01   00.00000000e+00
  08.55355000e+01   06.52860000e+01   04.38694000e+01   00.00000000e+00
  08.61422000e+01   06.66447000e+01   04.35090000e+01   00.00000000e+00
  08.52637000e+01   06.78122000e+01   04.41192000e+01   00.00000000e+00
  08.52985000e+01   06.92376000e+01   04.34663000e+01   00.00000000e+00
  08.65147000e+01   07.00202000e+01   04.39788000e+01   00.00000000e+00
  08.52114000e+01   06.92534000e+01   04.19616000e+01   00.00000000e+00
  08.11503000e+01   06.88501000e+01   03.38621000e+01   03.65717000e-02
  08.15312000e+01   06.78993000e+01   03.19812000e+01  -06.37550000e-03
  08.35811000e+01   07.39000000e+01   03.05502000e+01   01.79582000e-02
  08.28793000e+01   07.35450000e+01   03.20918000e+01   01.23366000e-02
  08.45412000e+01   07.30894000e+01   03.15944000e+01   01.80857000e-02
  07.97341000e+01   06.79848000e+01   03.77248000e+01  -03.55350000e-03
  08.10765000e+01   06.89608000e+01   03.81376000e+01  -05.48890000e-03
  07.95565000e+01   06.97591000e+01   03.77657000e+01  -05.73590000e-03
  07.91616000e+01   06.20237000e+01   03.28267000e+01  -01.16015000e-02
  08.02719000e+01   06.22141000e+01   03.14479000e+01  -01.03548000e-02
  08.07566000e+01   06.16374000e+01   03.29905000e+01  -01.10806000e-02
  08.15331000e+01   06.51582000e+01   02.65830000e+01  -06.50300000e-03
  08.04343000e+01   06.51289000e+01   02.80317000e+01  -03.84930000e-03
  08.10733000e+01   06.66115000e+01   02.74658000e+01  -06.75510000e-03
  08.59548000e+01   06.94279000e+01   02.41377000e+01   06.96000000e-05
  08.44773000e+01   06.85472000e+01   02.42846000e+01  -02.56130000e-03
  08.44664000e+01   07.03477000e+01   02.41994000e+01  -08.86000000e-04
  08.37782000e+01   07.16825000e+01   03.58616000e+01   02.66600000e-04
  08.32178000e+01   07.23511000e+01   03.74331000e+01   02.07780000e-03
  08.33425000e+01   07.07146000e+01   03.74157000e+01   03.44650000e-03
  07.89983000e+01   06.22636000e+01   03.66618000e+01   02.98050000e-03
  07.99198000e+01   06.19340000e+01   03.49841000e+01  -05.01900000e-04
  08.66092000e+01   06.52678000e+01   02.95889000e+01  -05.40000000e-06
  08.53688000e+01   06.61900000e+01   03.04719000e+01  -02.73660000e-03
  08.13611000e+01   07.25929000e+01   03.59240000e+01   06.65000000e-04
  08.07847000e+01   07.16303000e+01   03.72327000e+01  -04.07950000e-03
  08.49272000e+01   06.51937000e+01   02.75649000e+01   01.58140000e-02
  08.56153000e+01   06.68140000e+01   02.80640000e+01   09.11190000e-03
  08.53775000e+01   07.03129000e+01   04.17197000e+01   00.00000000e+00
  08.59866000e+01   06.86720000e+01   04.13833000e+01   00.00000000e+00
  08.41548000e+01   06.90014000e+01   04.17141000e+01   00.00000000e+00
  08.74293000e+01   06.93751000e+01   04.37391000e+01   00.00000000e+00
  08.66335000e+01   07.09685000e+01   04.35238000e+01   00.00000000e+00
  08.64754000e+01   07.01864000e+01   04.50599000e+01   00.00000000e+00
  08.42341000e+01   06.75175000e+01   04.40637000e+01   00.00000000e+00
  08.55242000e+01   06.79365000e+01   04.51858000e+01   00.00000000e+00
  08.71802000e+01   06.66476000e+01   04.39106000e+01   00.00000000e+00
  08.62400000e+01   06.66428000e+01   04.24088000e+01   00.00000000e+00
  08.55591000e+01   06.52748000e+01   04.49694000e+01   00.00000000e+00
  08.61160000e+01   06.43764000e+01   04.35729000e+01   00.00000000e+00
  08.23169000e+01   06.38900000e+01   04.38676000e+01   00.00000000e+00
  08.37875000e+01   06.29997000e+01   04.37145000e+01   00.00000000e+00
  08.33899000e+01   06.41093000e+01   04.51066000e+01   00.00000000e+00
  08.43146000e+01   06.57895000e+01   04.13766000e+01   00.00000000e+00
  08.28941000e+01   06.48156000e+01   04.15286000e+01   00.00000000e+00
  08.43072000e+01   06.27469000e+01   04.15174000e+01   00.00000000e+00
  08.57379000e+01   06.36353000e+01   04.13655000e+01   00.00000000e+00
  08.50441000e+01   06.44985000e+01   03.93216000e+01   00.00000000e+00
  08.34406000e+01   06.36909000e+01   03.92391000e+01   00.00000000e+00
  08.24118000e+01   07.20649000e+01   03.36962000e+01   07.20400000e-04
  08.03664000e+01   06.65848000e+01   03.61175000e+01  -02.39543000e-02
  08.11642000e+01   06.38094000e+01   03.01174000e+01   04.89340000e-03
  08.54312000e+01   06.92041000e+01   02.84028000e+01  -02.28199000e-02
  07.92454000e+01   06.46246000e+01   03.62886000e+01  -01.51750000e-03
  08.48052000e+01   06.08499000e+01   04.02294000e+01   00.00000000e+00
  08.34441000e+01   06.11960000e+01   03.90707000e+01   00.00000000e+00
  08.49048000e+01   06.03507000e+01   03.85290000e+01   00.00000000e+00
  08.61350000e+01   06.24311000e+01   03.90017000e+01   00.00000000e+00
  08.55223000e+01   06.21348000e+01   03.67207000e+01   00.00000000e+00
  08.49175000e+01   06.38552000e+01   03.71046000e+01   00.00000000e+00
  08.26111000e+01   06.31205000e+01   03.72374000e+01   00.00000000e+00
  08.31162000e+01   06.14039000e+01   03.68100000e+01   00.00000000e+00
  08.36120000e+01   06.37369000e+01   03.51562000e+01   00.00000000e+00
  08.22321000e+01   06.27320000e+01   03.49123000e+01   00.00000000e+00
  08.29598000e+01   05.97690000e+01   03.47359000e+01   00.00000000e+00
  08.45033000e+01   05.97335000e+01   03.37415000e+01   00.00000000e+00
  08.44510000e+01   05.99902000e+01   03.55171000e+01   00.00000000e+00
  08.29233000e+01   06.42700000e+01   02.83156000e+01   05.57290000e-03
  08.33353000e+01   06.68346000e+01   02.71705000e+01  -01.28866000e-02
  08.59265000e+01   06.26353000e+01   03.36658000e+01   00.00000000e+00
  08.44682000e+01   06.98715000e+01   04.37937000e+01   00.00000000e+00
  08.34317000e+01   06.25024000e+01   03.17456000e+01  -01.99830000e-03
  08.50116000e+01   06.18327000e+01   03.14004000e+01  -01.85290000e-03
