  08.32845000e+01   06.42980000e+01   02.91563000e+01  -06.11779000e-02
  07.73902000e+01   06.34626000e+01   03.64597000e+01   01.75852000e-02
  07.96544000e+01   07.10070000e+01   03.66333000e+01   01.01800000e-02
  08.28228000e+01   06.95223000e+01   02.90882000e+01  -01.32723000e-02
  08.04579000e+01   06.55414000e+01   03.09504000e+01  -04.57645000e-02
  08.37332000e+01   06.38936000e+01   03.05312000e+01   02.46758000e-02
  07.71064000e+01   06.21948000e+01   03.69483000e+01  -01.71993000e-02
  08.10844000e+01   07.14047000e+01   03.69253000e+01  -09.39340000e-03
  08.30627000e+01   06.79565000e+01   02.89941000e+01   07.66074000e-02
  07.92141000e+01   06.50181000e+01   03.36016000e+01   09.44338000e-02
  08.33482000e+01   07.03789000e+01   02.83662000e+01   01.54319000e-02
  08.31288000e+01   06.26341000e+01   03.11927000e+01  -01.56515000e-02
  08.31278000e+01   06.77066000e+01   02.74750000e+01  -02.00050000e-02
  08.08365000e+01   06.84450000e+01   03.18112000e+01  -08.09918000e-02
  08.45501000e+01   06.75156000e+01   02.54788000e+01   04.03650000e-03
  08.18858000e+01   06.73820000e+01   02.98856000e+01  -01.43447000e-01
  07.94209000e+01   06.34648000e+01   03.16664000e+01   01.23287000e-02
  07.87612000e+01   06.62087000e+01   03.57670000e+01   02.21683000e-01
  08.03840000e+01   07.02035000e+01   03.34757000e+01  -05.42921000e-02
  07.95085000e+01   06.36025000e+01   02.82456000e+01   02.66866000e-02
  07.78745000e+01   06.15648000e+01   03.38228000e+01   04.35609000e-02
  07.83659000e+01   06.84416000e+01   03.78987000e+01   02.36507000e-02
  08.18634000e+01   07.20736000e+01   03.11653000e+01  -06.09964000e-02
  08.22992000e+01   06.18593000e+01   03.33664000e+01   08.71130000e-03
  08.13536000e+01   06.60251000e+01   02.99564000e+01   01.26858000e-01
  07.89620000e+01   06.38140000e+01   03.30193000e+01  -03.45042000e-02
  07.91721000e+01   06.74886000e+01   03.55649000e+01  -02.04376000e-01
  08.08763000e+01   06.97923000e+01   03.21869000e+01   07.60142000e-02
  08.28638000e+01   06.15066000e+01   03.07479000e+01   05.08730000e-03
  08.21464000e+01   06.74221000e+01   02.67937000e+01   06.92200000e-04
  08.32726000e+01   06.07735000e+01   03.38060000e+01   00.00000000e+00
  08.17765000e+01   06.48327000e+01   02.89849000e+01   07.64245000e-02
  07.82300000e+01   06.30364000e+01   03.40525000e+01  -04.66821000e-02
  07.90734000e+01   06.85447000e+01   03.65125000e+01   01.65461000e-02
  08.16246000e+01   07.05636000e+01   03.12489000e+01   05.49912000e-02
  08.30658000e+01   06.28420000e+01   03.25435000e+01   03.30200000e-04
  08.43971000e+01   06.75645000e+01   02.69705000e+01   04.02810000e-03
  08.29579000e+01   05.95596000e+01   03.42098000e+01   00.00000000e+00
  08.06298000e+01   06.37354000e+01   02.93117000e+01  -04.69336000e-02
  07.81275000e+01   06.38076000e+01   03.52254000e+01  -07.68710000e-03
  07.95688000e+01   06.96730000e+01   03.59211000e+01  -03.37389000e-02
  08.20178000e+01   06.96476000e+01   03.03012000e+01   03.64969000e-02
  08.29346000e+01   05.83798000e+01   03.32554000e+01   00.00000000e+00
  08.00849000e+01   06.42513000e+01   03.07239000e+01  -09.58259000e-02
  07.87720000e+01   06.50409000e+01   03.49075000e+01  -01.77941000e-01
  07.99724000e+01   06.93627000e+01   03.45460000e+01   06.74294000e-02
  08.15626000e+01   06.83687000e+01   03.06951000e+01   01.44326000e-01
  08.26038000e+01   05.94391000e+01   03.57346000e+01   00.00000000e+00
  08.34997000e+01   06.03356000e+01   03.66510000e+01   00.00000000e+00
  08.29120000e+01   06.04271000e+01   03.80270000e+01   00.00000000e+00
  08.36235000e+01   06.13599000e+01   03.90554000e+01   00.00000000e+00
  08.49852000e+01   06.07067000e+01   03.95293000e+01   00.00000000e+00
  08.27173000e+01   06.16631000e+01   04.03112000e+01   00.00000000e+00
  08.32457000e+01   06.25591000e+01   04.14573000e+01   00.00000000e+00
  08.31197000e+01   06.41138000e+01   04.10302000e+01   00.00000000e+00
  08.41255000e+01   06.50931000e+01   04.18342000e+01   00.00000000e+00
  08.36803000e+01   06.51202000e+01   04.33242000e+01   00.00000000e+00
  08.41858000e+01   06.64928000e+01   04.12104000e+01   00.00000000e+00
  08.50050000e+01   06.66813000e+01   03.99138000e+01   00.00000000e+00
  08.64407000e+01   06.61307000e+01   04.01020000e+01   00.00000000e+00
  08.73519000e+01   06.67437000e+01   04.12519000e+01   00.00000000e+00
  08.84680000e+01   06.58121000e+01   04.16925000e+01   00.00000000e+00
  08.79047000e+01   06.81628000e+01   04.08456000e+01   00.00000000e+00
  07.96926000e+01   06.79587000e+01   03.44172000e+01   03.65717000e-02
  07.99061000e+01   06.67226000e+01   03.26486000e+01  -06.37550000e-03
  08.27177000e+01   07.24306000e+01   03.16637000e+01   01.79582000e-02
  08.20616000e+01   07.23894000e+01   03.00902000e+01   01.23366000e-02
  08.09906000e+01   07.25280000e+01   03.16400000e+01   01.80857000e-02
  07.90961000e+01   06.87812000e+01   03.86989000e+01  -03.55350000e-03
  07.74614000e+01   06.90444000e+01   03.77835000e+01  -05.48890000e-03
  07.79397000e+01   06.74573000e+01   03.81440000e+01  -05.73590000e-03
  07.74345000e+01   06.15538000e+01   03.28534000e+01  -01.16015000e-02
  07.87281000e+01   06.08844000e+01   03.38585000e+01  -01.03548000e-02
  07.70535000e+01   06.13496000e+01   03.45589000e+01  -01.10806000e-02
  07.86238000e+01   06.30792000e+01   02.85940000e+01  -06.50300000e-03
  07.92190000e+01   06.46077000e+01   02.81680000e+01  -03.84930000e-03
  07.98735000e+01   06.32210000e+01   02.73086000e+01  -06.75510000e-03
  08.40834000e+01   06.83872000e+01   02.50107000e+01   06.96000000e-05
  08.56094000e+01   06.74228000e+01   02.51639000e+01  -02.56130000e-03
  08.40910000e+01   06.66546000e+01   02.50367000e+01  -08.86000000e-04
  08.16652000e+01   07.06856000e+01   03.75430000e+01   02.66600000e-04
  08.16056000e+01   07.16433000e+01   03.59844000e+01   02.07780000e-03
  08.10249000e+01   07.22568000e+01   03.75223000e+01   03.44650000e-03
  07.66548000e+01   06.21945000e+01   03.79097000e+01   02.98050000e-03
  07.72984000e+01   06.12168000e+01   03.65871000e+01  -05.01900000e-04
  08.48177000e+01   06.37219000e+01   03.03295000e+01  -05.40000000e-06
  08.37712000e+01   06.47785000e+01   03.12016000e+01  -02.73660000e-03
  07.92962000e+01   07.18131000e+01   03.59720000e+01   06.65000000e-04
  07.92252000e+01   07.09608000e+01   03.76235000e+01  -04.07950000e-03
  08.33993000e+01   06.34796000e+01   02.84860000e+01   01.58140000e-02
  08.40181000e+01   06.50875000e+01   02.89434000e+01   09.11190000e-03
  08.69715000e+01   06.86674000e+01   04.05704000e+01   00.00000000e+00
  08.83537000e+01   06.86732000e+01   04.17292000e+01   00.00000000e+00
  08.86027000e+01   06.81204000e+01   03.99912000e+01   00.00000000e+00
  08.91546000e+01   06.55857000e+01   04.08667000e+01   00.00000000e+00
  08.90769000e+01   06.62009000e+01   04.24892000e+01   00.00000000e+00
  08.79213000e+01   06.49086000e+01   04.20336000e+01   00.00000000e+00
  08.62395000e+01   06.50920000e+01   04.03939000e+01   00.00000000e+00
  08.70613000e+01   06.61545000e+01   03.91651000e+01   00.00000000e+00
  08.44668000e+01   06.60878000e+01   03.91119000e+01   00.00000000e+00
  08.50935000e+01   06.77175000e+01   03.97360000e+01   00.00000000e+00
  08.31280000e+01   06.67220000e+01   04.08266000e+01   00.00000000e+00
  08.44416000e+01   06.73351000e+01   04.18547000e+01   00.00000000e+00
  08.40017000e+01   06.41234000e+01   04.37224000e+01   00.00000000e+00
  08.42721000e+01   06.58486000e+01   04.38538000e+01   00.00000000e+00
  08.25733000e+01   06.52311000e+01   04.34062000e+01   00.00000000e+00
  08.33811000e+01   06.40704000e+01   03.99898000e+01   00.00000000e+00
  08.20958000e+01   06.44620000e+01   04.11565000e+01   00.00000000e+00
  08.26098000e+01   06.23873000e+01   04.23986000e+01   00.00000000e+00
  08.43462000e+01   06.24534000e+01   04.15724000e+01   00.00000000e+00
  08.17531000e+01   06.19581000e+01   03.99890000e+01   00.00000000e+00
  08.26090000e+01   06.06952000e+01   04.08427000e+01   00.00000000e+00
  08.07712000e+01   07.12058000e+01   03.37660000e+01   07.20400000e-04
  07.83084000e+01   06.59631000e+01   03.66772000e+01  -02.39543000e-02
  07.89726000e+01   06.25125000e+01   03.13310000e+01   04.89340000e-03
  08.40308000e+01   06.76662000e+01   02.94088000e+01  -02.28199000e-02
  07.71710000e+01   06.42513000e+01   03.71192000e+01  -01.51750000e-03
  08.55370000e+01   06.02683000e+01   03.87506000e+01   00.00000000e+00
  08.55792000e+01   06.15794000e+01   03.98298000e+01   00.00000000e+00
  08.48900000e+01   05.99288000e+01   04.03746000e+01   00.00000000e+00
  08.38591000e+01   06.23097000e+01   03.85329000e+01   00.00000000e+00
  08.19923000e+01   06.09827000e+01   03.78023000e+01   00.00000000e+00
  08.26078000e+01   05.94528000e+01   03.84758000e+01   00.00000000e+00
  08.44512000e+01   05.99197000e+01   03.67336000e+01   00.00000000e+00
  08.35316000e+01   06.13391000e+01   03.62459000e+01   00.00000000e+00
  08.15373000e+01   05.96781000e+01   03.57579000e+01   00.00000000e+00
  08.25519000e+01   05.83671000e+01   03.59797000e+01   00.00000000e+00
  08.35599000e+01   05.75557000e+01   03.35345000e+01   00.00000000e+00
  08.18517000e+01   05.81147000e+01   03.32881000e+01   00.00000000e+00
  08.31726000e+01   05.87701000e+01   03.22462000e+01   00.00000000e+00
  08.11149000e+01   06.27803000e+01   02.94393000e+01   05.57290000e-03
  08.15643000e+01   06.51508000e+01   02.79671000e+01  -01.28866000e-02
  08.43834000e+01   06.09816000e+01   03.37942000e+01   00.00000000e+00
  08.67634000e+01   06.68005000e+01   04.21793000e+01   00.00000000e+00
  08.19566000e+01   06.24812000e+01   03.42015000e+01  -01.99830000e-03
  08.13660000e+01   06.15561000e+01   03.28219000e+01  -01.85290000e-03
