  08.37003000e+01   06.45523000e+01   02.91499000e+01  -06.11779000e-02
  07.82839000e+01   06.34194000e+01   03.62556000e+01   01.75852000e-02
  08.01433000e+01   07.11036000e+01   03.66313000e+01   01.01800000e-02
  08.38911000e+01   06.96272000e+01   02.94480000e+01  -01.32723000e-02
  08.09894000e+01   06.60213000e+01   03.08172000e+01  -04.57645000e-02
  08.44544000e+01   06.43556000e+01   03.05246000e+01   02.46758000e-02
  07.76895000e+01   06.21618000e+01   03.65648000e+01  -01.71993000e-02
  08.16215000e+01   07.12735000e+01   03.70502000e+01  -09.39340000e-03
  08.37397000e+01   06.81382000e+01   02.90400000e+01   07.66074000e-02
  07.97087000e+01   06.53561000e+01   03.33026000e+01   09.44338000e-02
  08.45088000e+01   07.04613000e+01   02.88250000e+01   01.54319000e-02
  08.35922000e+01   06.33289000e+01   03.14007000e+01  -01.56515000e-02
  08.36334000e+01   06.80606000e+01   02.75352000e+01  -02.00050000e-02
  08.16176000e+01   06.85995000e+01   03.18474000e+01  -08.09918000e-02
  08.49437000e+01   06.76552000e+01   02.54826000e+01   04.03650000e-03
  08.26440000e+01   06.75851000e+01   02.98440000e+01  -01.43447000e-01
  07.99034000e+01   06.38448000e+01   03.13514000e+01   01.23287000e-02
  07.91785000e+01   06.62836000e+01   03.55120000e+01   02.21683000e-01
  08.11949000e+01   07.03204000e+01   03.36419000e+01  -05.42921000e-02
  08.00776000e+01   06.43466000e+01   02.81063000e+01   02.66866000e-02
  07.84184000e+01   06.18685000e+01   03.33019000e+01   04.35609000e-02
  07.87411000e+01   06.84925000e+01   03.78022000e+01   02.36507000e-02
  08.31880000e+01   07.21010000e+01   03.17475000e+01  -06.09964000e-02
  08.26908000e+01   06.30946000e+01   03.36930000e+01   08.71130000e-03
  08.19826000e+01   06.63520000e+01   02.98437000e+01   01.26858000e-01
  07.94657000e+01   06.41171000e+01   03.26778000e+01  -03.45042000e-02
  07.95001000e+01   06.76566000e+01   03.53771000e+01  -02.04376000e-01
  08.18657000e+01   06.98790000e+01   03.23930000e+01   07.60142000e-02
  08.30098000e+01   06.23424000e+01   03.10150000e+01   05.08730000e-03
  08.26653000e+01   06.84298000e+01   02.69078000e+01   06.92200000e-04
  08.34944000e+01   06.20343000e+01   03.45244000e+01   00.00000000e+00
  08.23004000e+01   06.51693000e+01   02.88856000e+01   07.64245000e-02
  07.88644000e+01   06.32803000e+01   03.36369000e+01  -04.66821000e-02
  07.93111000e+01   06.86347000e+01   03.64124000e+01   01.65461000e-02
  08.27491000e+01   07.07083000e+01   03.15828000e+01   05.49912000e-02
  08.35503000e+01   06.37612000e+01   03.27254000e+01   03.30200000e-04
  08.48226000e+01   06.75585000e+01   02.69586000e+01   04.02810000e-03
  08.30701000e+01   06.09976000e+01   03.52417000e+01   00.00000000e+00
  08.11144000e+01   06.41963000e+01   02.92460000e+01  -04.69336000e-02
  07.87373000e+01   06.38987000e+01   03.48873000e+01  -07.68710000e-03
  07.99836000e+01   06.97774000e+01   03.59220000e+01  -03.37389000e-02
  08.30890000e+01   06.98084000e+01   03.06130000e+01   03.64969000e-02
  08.30164000e+01   05.95874000e+01   03.46877000e+01   00.00000000e+00
  08.06129000e+01   06.46921000e+01   03.05705000e+01  -09.58259000e-02
  07.92290000e+01   06.52171000e+01   03.46244000e+01  -01.77941000e-01
  08.04278000e+01   06.95067000e+01   03.45148000e+01   06.74294000e-02
  08.24084000e+01   06.85572000e+01   03.07941000e+01   01.44326000e-01
  08.27170000e+01   06.11660000e+01   03.66647000e+01   00.00000000e+00
  08.38122000e+01   06.19202000e+01   03.75173000e+01   00.00000000e+00
  08.32412000e+01   06.21180000e+01   03.89652000e+01   00.00000000e+00
  08.38655000e+01   06.32469000e+01   03.97825000e+01   00.00000000e+00
  08.52376000e+01   06.27530000e+01   04.01384000e+01   00.00000000e+00
  08.30380000e+01   06.37341000e+01   04.10138000e+01   00.00000000e+00
  08.36469000e+01   06.49006000e+01   04.17801000e+01   00.00000000e+00
  08.26938000e+01   06.53956000e+01   04.29925000e+01   00.00000000e+00
  08.29179000e+01   06.68586000e+01   04.34243000e+01   00.00000000e+00
  08.22378000e+01   06.78720000e+01   04.24643000e+01   00.00000000e+00
  08.43985000e+01   06.71152000e+01   04.38475000e+01   00.00000000e+00
  08.46869000e+01   06.83832000e+01   04.45952000e+01   00.00000000e+00
  08.61612000e+01   06.85667000e+01   04.47213000e+01   00.00000000e+00
  08.66051000e+01   06.99693000e+01   04.52910000e+01   00.00000000e+00
  08.61443000e+01   07.01266000e+01   04.67696000e+01   00.00000000e+00
  08.80275000e+01   07.02660000e+01   04.50538000e+01   00.00000000e+00
  08.01064000e+01   06.81284000e+01   03.42572000e+01   03.65717000e-02
  08.04759000e+01   06.70998000e+01   03.25112000e+01  -06.37550000e-03
  08.25803000e+01   07.25337000e+01   03.24853000e+01   01.79582000e-02
  08.42555000e+01   07.21598000e+01   03.21088000e+01   01.23366000e-02
  08.31391000e+01   07.25405000e+01   03.07891000e+01   01.80857000e-02
  07.84461000e+01   06.75460000e+01   03.81374000e+01  -03.55350000e-03
  07.95486000e+01   06.87113000e+01   03.84731000e+01  -05.48890000e-03
  07.79548000e+01   06.91488000e+01   03.79534000e+01  -05.73590000e-03
  07.91107000e+01   06.12585000e+01   03.39394000e+01  -01.16015000e-02
  07.73878000e+01   06.16120000e+01   03.35581000e+01  -01.03548000e-02
  07.85716000e+01   06.18260000e+01   03.22514000e+01  -01.10806000e-02
  07.99490000e+01   06.53619000e+01   02.77826000e+01  -06.50300000e-03
  08.03449000e+01   06.37806000e+01   02.72578000e+01  -03.84930000e-03
  07.91005000e+01   06.40723000e+01   02.84728000e+01  -06.75510000e-03
  08.49658000e+01   06.86652000e+01   02.50867000e+01   06.96000000e-05
  08.58542000e+01   06.71097000e+01   02.52104000e+01  -02.56130000e-03
  08.40995000e+01   06.71578000e+01   02.50254000e+01  -08.86000000e-04
  08.15576000e+01   07.21405000e+01   03.77169000e+01   02.66600000e-04
  08.20806000e+01   07.04344000e+01   03.75648000e+01   02.07780000e-03
  08.21651000e+01   07.15633000e+01   03.61826000e+01   03.44650000e-03
  07.75155000e+01   06.20241000e+01   03.76046000e+01   02.98050000e-03
  07.75052000e+01   06.13805000e+01   03.58092000e+01  -05.01900000e-04
  08.55081000e+01   06.39275000e+01   03.04095000e+01  -05.40000000e-06
  08.44053000e+01   06.53364000e+01   03.09664000e+01  -02.73660000e-03
  07.98001000e+01   07.18852000e+01   03.59463000e+01   06.65000000e-04
  07.94926000e+01   07.11069000e+01   03.75250000e+01  -04.07950000e-03
  08.38545000e+01   06.35619000e+01   02.87799000e+01   01.58140000e-02
  08.43591000e+01   06.51994000e+01   02.85629000e+01   09.11190000e-03
  08.87326000e+01   06.97649000e+01   04.56655000e+01   00.00000000e+00
  08.82698000e+01   07.00545000e+01   04.40208000e+01   00.00000000e+00
  08.81173000e+01   07.13583000e+01   04.51862000e+01   00.00000000e+00
  08.50984000e+01   07.02816000e+01   04.67086000e+01   00.00000000e+00
  08.64579000e+01   06.92518000e+01   04.73042000e+01   00.00000000e+00
  08.65259000e+01   07.10321000e+01   04.71870000e+01   00.00000000e+00
  08.65763000e+01   06.77941000e+01   04.53357000e+01   00.00000000e+00
  08.66057000e+01   06.84518000e+01   04.37772000e+01   00.00000000e+00
  08.43118000e+01   06.92008000e+01   04.39585000e+01   00.00000000e+00
  08.41801000e+01   06.84398000e+01   04.55443000e+01   00.00000000e+00
  08.47411000e+01   06.62320000e+01   04.43334000e+01   00.00000000e+00
  08.51303000e+01   06.71374000e+01   04.29704000e+01   00.00000000e+00
  08.26079000e+01   06.76190000e+01   04.14654000e+01   00.00000000e+00
  08.11595000e+01   06.77597000e+01   04.25136000e+01   00.00000000e+00
  08.24699000e+01   06.87882000e+01   04.28495000e+01   00.00000000e+00
  08.16837000e+01   06.54514000e+01   04.26124000e+01   00.00000000e+00
  08.26339000e+01   06.47292000e+01   04.37987000e+01   00.00000000e+00
  08.47150000e+01   06.47251000e+01   04.20949000e+01   00.00000000e+00
  08.36231000e+01   06.56245000e+01   04.09498000e+01   00.00000000e+00
  08.20395000e+01   06.40842000e+01   04.07275000e+01   00.00000000e+00
  08.28455000e+01   06.28219000e+01   04.16281000e+01   00.00000000e+00
  08.13964000e+01   07.13486000e+01   03.39151000e+01   07.20400000e-04
  07.87607000e+01   06.60802000e+01   03.64732000e+01  -02.39543000e-02
  07.97433000e+01   06.28374000e+01   03.09271000e+01   04.89340000e-03
  08.46986000e+01   06.75878000e+01   02.92952000e+01  -02.28199000e-02
  07.83657000e+01   06.41038000e+01   03.70899000e+01  -01.51750000e-03
  08.57900000e+01   06.36828000e+01   04.05211000e+01   00.00000000e+00
  08.52322000e+01   06.18710000e+01   04.08744000e+01   00.00000000e+00
  08.57639000e+01   06.23529000e+01   03.92867000e+01   00.00000000e+00
  08.39598000e+01   06.41135000e+01   03.91364000e+01   00.00000000e+00
  08.22008000e+01   06.23715000e+01   03.88046000e+01   00.00000000e+00
  08.34066000e+01   06.11779000e+01   03.94796000e+01   00.00000000e+00
  08.46986000e+01   06.13093000e+01   03.76517000e+01   00.00000000e+00
  08.40419000e+01   06.28213000e+01   03.69832000e+01   00.00000000e+00
  08.18722000e+01   06.18681000e+01   03.66203000e+01   00.00000000e+00
  08.24315000e+01   06.02141000e+01   03.71595000e+01   00.00000000e+00
  08.21144000e+01   05.91232000e+01   03.50915000e+01   00.00000000e+00
  08.30747000e+01   05.97401000e+01   03.35673000e+01   00.00000000e+00
  08.38793000e+01   05.89730000e+01   03.49469000e+01   00.00000000e+00
  08.15794000e+01   06.32063000e+01   02.92943000e+01   05.57290000e-03
  08.22954000e+01   06.54744000e+01   02.78056000e+01  -01.28866000e-02
  08.45347000e+01   06.20966000e+01   03.45250000e+01   00.00000000e+00
  08.60389000e+01   07.06966000e+01   04.46895000e+01   00.00000000e+00
  08.23549000e+01   06.37929000e+01   03.44745000e+01  -01.99830000e-03
  08.18147000e+01   06.27015000e+01   03.32111000e+01  -01.85290000e-03
