  08.33366000e+01   06.43310000e+01   02.83469000e+01  -06.11779000e-02
  07.81836000e+01   06.34311000e+01   03.57076000e+01   01.75852000e-02
  07.97512000e+01   07.12902000e+01   03.55900000e+01   01.01800000e-02
  08.28998000e+01   06.95700000e+01   02.82413000e+01  -01.32723000e-02
  08.05059000e+01   06.57973000e+01   02.99887000e+01  -04.57645000e-02
  08.38730000e+01   06.41590000e+01   02.98293000e+01   02.46758000e-02
  07.74823000e+01   06.23033000e+01   03.59409000e+01  -01.71993000e-02
  08.10965000e+01   07.13354000e+01   03.63806000e+01  -09.39340000e-03
  08.29445000e+01   06.80566000e+01   02.79815000e+01   07.66074000e-02
  07.93870000e+01   06.53241000e+01   03.26802000e+01   09.44338000e-02
  08.33876000e+01   07.04188000e+01   02.75219000e+01   01.54319000e-02
  08.32888000e+01   06.30162000e+01   03.07315000e+01  -01.56515000e-02
  08.26964000e+01   06.77664000e+01   02.64816000e+01  -02.00050000e-02
  08.07325000e+01   06.86302000e+01   03.08732000e+01  -08.09918000e-02
  08.36582000e+01   06.76671000e+01   02.43446000e+01   04.03650000e-03
  08.19194000e+01   06.73840000e+01   02.89723000e+01  -01.43447000e-01
  07.95828000e+01   06.37349000e+01   03.08831000e+01   01.23287000e-02
  07.87187000e+01   06.64262000e+01   03.48498000e+01   02.21683000e-01
  08.04541000e+01   07.03418000e+01   03.25515000e+01  -05.42921000e-02
  07.95100000e+01   06.39433000e+01   02.74379000e+01   02.66866000e-02
  07.87556000e+01   06.16666000e+01   03.28232000e+01   04.35609000e-02
  07.83431000e+01   06.86777000e+01   03.69559000e+01   02.36507000e-02
  08.19443000e+01   07.21104000e+01   03.02703000e+01  -06.09964000e-02
  08.22983000e+01   06.26989000e+01   03.28989000e+01   08.71130000e-03
  08.14814000e+01   06.61059000e+01   02.90678000e+01   01.26858000e-01
  07.92812000e+01   06.40671000e+01   03.21904000e+01  -03.45042000e-02
  07.89983000e+01   06.77855000e+01   03.45778000e+01  -02.04376000e-01
  08.09038000e+01   06.98916000e+01   03.13188000e+01   07.60142000e-02
  08.28536000e+01   06.19714000e+01   03.02882000e+01   05.08730000e-03
  08.16236000e+01   06.74162000e+01   02.60024000e+01   06.92200000e-04
  08.32533000e+01   06.17508000e+01   03.36589000e+01   00.00000000e+00
  08.18405000e+01   06.49199000e+01   02.82083000e+01   07.64245000e-02
  07.88838000e+01   06.31658000e+01   03.32196000e+01  -04.66821000e-02
  07.89088000e+01   06.88343000e+01   03.55558000e+01   01.65461000e-02
  08.16406000e+01   07.06081000e+01   03.03070000e+01   05.49912000e-02
  08.31222000e+01   06.35211000e+01   03.20075000e+01   03.30200000e-04
  08.38170000e+01   06.79661000e+01   02.57299000e+01   04.02810000e-03
  08.28622000e+01   06.06422000e+01   03.42669000e+01   00.00000000e+00
  08.06474000e+01   06.39194000e+01   02.85425000e+01  -04.69336000e-02
  07.86456000e+01   06.38842000e+01   03.44083000e+01  -07.68710000e-03
  07.95434000e+01   06.99360000e+01   03.49468000e+01  -03.37389000e-02
  08.21049000e+01   06.96800000e+01   02.94224000e+01   03.64969000e-02
  08.29599000e+01   05.92167000e+01   03.36193000e+01   00.00000000e+00
  08.02459000e+01   06.45151000e+01   02.98778000e+01  -09.58259000e-02
  07.89491000e+01   06.52710000e+01   03.40113000e+01  -01.77941000e-01
  07.99263000e+01   06.95430000e+01   03.35943000e+01   06.74294000e-02
  08.15816000e+01   06.84986000e+01   02.98439000e+01   01.44326000e-01
  08.24776000e+01   06.07536000e+01   03.57347000e+01   00.00000000e+00
  08.33939000e+01   06.14596000e+01   03.67993000e+01   00.00000000e+00
  08.27496000e+01   06.17556000e+01   03.81758000e+01   00.00000000e+00
  08.35064000e+01   06.27466000e+01   03.91747000e+01   00.00000000e+00
  08.48961000e+01   06.22363000e+01   03.95526000e+01   00.00000000e+00
  08.25967000e+01   06.30892000e+01   04.03824000e+01   00.00000000e+00
  08.31021000e+01   06.42459000e+01   04.11986000e+01   00.00000000e+00
  08.26705000e+01   06.43130000e+01   04.26090000e+01   00.00000000e+00
  08.33382000e+01   06.54816000e+01   04.34148000e+01   00.00000000e+00
  08.38071000e+01   06.52090000e+01   04.48260000e+01   00.00000000e+00
  08.28794000e+01   06.68949000e+01   04.30975000e+01   00.00000000e+00
  08.39450000e+01   06.79895000e+01   04.31481000e+01   00.00000000e+00
  08.49804000e+01   06.77832000e+01   04.19356000e+01   00.00000000e+00
  08.62435000e+01   06.86373000e+01   04.20589000e+01   00.00000000e+00
  08.69999000e+01   06.84795000e+01   04.07453000e+01   00.00000000e+00
  08.60034000e+01   07.01142000e+01   04.24414000e+01   00.00000000e+00
  07.95737000e+01   06.82424000e+01   03.34499000e+01   03.65717000e-02
  07.98627000e+01   06.70357000e+01   03.16480000e+01  -06.37550000e-03
  08.20373000e+01   07.23180000e+01   03.13305000e+01   01.79582000e-02
  08.28552000e+01   07.23428000e+01   02.97239000e+01   01.23366000e-02
  08.11479000e+01   07.27312000e+01   02.98407000e+01   01.80857000e-02
  07.78327000e+01   06.96500000e+01   03.72002000e+01  -03.55350000e-03
  07.76822000e+01   06.78075000e+01   03.70831000e+01  -05.48890000e-03
  07.90611000e+01   06.84896000e+01   03.76811000e+01  -05.73590000e-03
  07.94161000e+01   06.13745000e+01   03.20354000e+01  -01.16015000e-02
  07.90181000e+01   06.11794000e+01   03.36932000e+01  -01.03548000e-02
  07.76972000e+01   06.17375000e+01   03.24950000e+01  -01.10806000e-02
  07.92358000e+01   06.49853000e+01   02.71533000e+01  -06.50300000e-03
  07.98687000e+01   06.33676000e+01   02.65636000e+01  -03.84930000e-03
  07.86020000e+01   06.34498000e+01   02.77443000e+01  -06.75510000e-03
  08.46427000e+01   06.77130000e+01   02.39064000e+01   06.96000000e-05
  08.33618000e+01   06.65991000e+01   02.40806000e+01  -02.56130000e-03
  08.30759000e+01   06.83342000e+01   02.37115000e+01  -08.86000000e-04
  08.18515000e+01   07.14233000e+01   03.56152000e+01   02.66600000e-04
  08.11216000e+01   07.21908000e+01   03.70782000e+01   02.07780000e-03
  08.12592000e+01   07.03235000e+01   03.68697000e+01   03.44650000e-03
  07.71344000e+01   06.21245000e+01   03.69637000e+01   02.98050000e-03
  07.70941000e+01   06.16453000e+01   03.51218000e+01  -05.01900000e-04
  08.49016000e+01   06.39463000e+01   02.96229000e+01  -05.40000000e-06
  08.38720000e+01   06.51276000e+01   03.03969000e+01  -02.73660000e-03
  07.96554000e+01   07.20805000e+01   03.48232000e+01   06.65000000e-04
  07.90150000e+01   07.15681000e+01   03.64113000e+01  -04.07950000e-03
  08.33058000e+01   06.33681000e+01   02.78388000e+01   01.58140000e-02
  08.39962000e+01   06.50649000e+01   02.78240000e+01   09.11190000e-03
  08.58154000e+01   07.03584000e+01   04.35082000e+01   00.00000000e+00
  08.67828000e+01   07.07615000e+01   04.20032000e+01   00.00000000e+00
  08.50908000e+01   07.03009000e+01   04.19126000e+01   00.00000000e+00
  08.71877000e+01   06.74265000e+01   04.05257000e+01   00.00000000e+00
  08.64334000e+01   06.88645000e+01   03.99289000e+01   00.00000000e+00
  08.79604000e+01   06.89238000e+01   04.07404000e+01   00.00000000e+00
  08.51281000e+01   06.67307000e+01   04.18800000e+01   00.00000000e+00
  08.44228000e+01   06.80280000e+01   04.09255000e+01   00.00000000e+00
  08.33786000e+01   06.88534000e+01   04.30535000e+01   00.00000000e+00
  08.45083000e+01   06.80264000e+01   04.40390000e+01   00.00000000e+00
  08.23217000e+01   06.71703000e+01   04.21952000e+01   00.00000000e+00
  08.21620000e+01   06.71275000e+01   04.38391000e+01   00.00000000e+00
  08.48001000e+01   06.56252000e+01   04.49938000e+01   00.00000000e+00
  08.31184000e+01   06.55756000e+01   04.56400000e+01   00.00000000e+00
  08.38907000e+01   06.41354000e+01   04.48923000e+01   00.00000000e+00
  08.15881000e+01   06.43898000e+01   04.26511000e+01   00.00000000e+00
  08.29757000e+01   06.34458000e+01   04.31746000e+01   00.00000000e+00
  08.42008000e+01   06.41765000e+01   04.11962000e+01   00.00000000e+00
  08.27740000e+01   06.51786000e+01   04.07500000e+01   00.00000000e+00
  08.16103000e+01   06.33948000e+01   04.00222000e+01   00.00000000e+00
  08.26550000e+01   06.22341000e+01   04.10452000e+01   00.00000000e+00
  08.06542000e+01   07.13600000e+01   03.28242000e+01   07.20400000e-04
  07.83254000e+01   06.62649000e+01   03.58673000e+01  -02.39543000e-02
  07.93211000e+01   06.27434000e+01   03.04765000e+01   04.89340000e-03
  08.39478000e+01   06.77699000e+01   02.82362000e+01  -02.28199000e-02
  07.84210000e+01   06.40648000e+01   03.65777000e+01  -01.51750000e-03
  08.46880000e+01   06.13454000e+01   04.02151000e+01   00.00000000e+00
  08.54670000e+01   06.18965000e+01   03.86401000e+01   00.00000000e+00
  08.54369000e+01   06.29868000e+01   04.00252000e+01   00.00000000e+00
  08.34915000e+01   06.36447000e+01   03.85420000e+01   00.00000000e+00
  08.17224000e+01   06.21322000e+01   03.80452000e+01   00.00000000e+00
  08.25933000e+01   06.08458000e+01   03.86734000e+01   00.00000000e+00
  08.42769000e+01   06.08772000e+01   03.69052000e+01   00.00000000e+00
  08.38027000e+01   06.23586000e+01   03.62790000e+01   00.00000000e+00
  08.14801000e+01   06.12754000e+01   03.58237000e+01   00.00000000e+00
  08.23351000e+01   05.97664000e+01   03.60896000e+01   00.00000000e+00
  08.37184000e+01   05.87656000e+01   03.42620000e+01   00.00000000e+00
  08.20576000e+01   05.87040000e+01   03.37030000e+01   00.00000000e+00
  08.32970000e+01   05.91560000e+01   03.26053000e+01   00.00000000e+00
  08.10647000e+01   06.29077000e+01   02.85996000e+01   05.57290000e-03
  08.16912000e+01   06.52145000e+01   02.71804000e+01  -01.28866000e-02
  08.43540000e+01   06.19141000e+01   03.35560000e+01   00.00000000e+00
  08.68303000e+01   06.81951000e+01   04.29058000e+01   00.00000000e+00
  08.19360000e+01   06.34198000e+01   03.36341000e+01  -01.99830000e-03
  08.15480000e+01   06.21549000e+01   03.23621000e+01  -01.85290000e-03
