  08.49897000e+01   06.42821000e+01   02.86572000e+01  -06.11779000e-02
  07.98257000e+01   06.36704000e+01   03.60835000e+01   01.75852000e-02
  08.24350000e+01   07.13450000e+01   03.59787000e+01   01.01800000e-02
  08.52102000e+01   06.94752000e+01   02.85022000e+01  -01.32723000e-02
  08.26200000e+01   06.58896000e+01   03.04587000e+01  -04.57645000e-02
  08.55585000e+01   06.39698000e+01   03.00033000e+01   02.46758000e-02
  07.90039000e+01   06.25720000e+01   03.62024000e+01  -01.71993000e-02
  08.36741000e+01   07.12891000e+01   03.67937000e+01  -09.39340000e-03
  08.50453000e+01   06.79532000e+01   02.82097000e+01   07.66074000e-02
  08.14895000e+01   06.54174000e+01   03.32143000e+01   09.44338000e-02
  08.57573000e+01   07.02772000e+01   02.77798000e+01   01.54319000e-02
  08.48899000e+01   06.28077000e+01   03.07320000e+01  -01.56515000e-02
  08.46213000e+01   06.77995000e+01   02.68328000e+01  -02.00050000e-02
  08.30493000e+01   06.86548000e+01   03.12841000e+01  -08.09918000e-02
  08.53935000e+01   06.76413000e+01   02.46110000e+01   04.03650000e-03
  08.40726000e+01   06.74688000e+01   02.93248000e+01  -01.43447000e-01
  08.16068000e+01   06.38925000e+01   03.13381000e+01   01.23287000e-02
  08.10307000e+01   06.65212000e+01   03.53663000e+01   02.21683000e-01
  08.29615000e+01   07.03557000e+01   03.30093000e+01  -05.42921000e-02
  08.12524000e+01   06.41134000e+01   02.81160000e+01   02.66866000e-02
  08.04288000e+01   06.18450000e+01   03.34132000e+01   04.35609000e-02
  08.09940000e+01   06.90231000e+01   03.74763000e+01   02.36507000e-02
  08.43184000e+01   07.21300000e+01   03.08535000e+01  -06.09964000e-02
  08.45247000e+01   06.18393000e+01   03.28614000e+01   08.71130000e-03
  08.34589000e+01   06.62530000e+01   02.93745000e+01   01.26858000e-01
  08.12903000e+01   06.41197000e+01   03.27122000e+01  -03.45042000e-02
  08.15407000e+01   06.78267000e+01   03.51577000e+01  -02.04376000e-01
  08.33050000e+01   06.99192000e+01   03.17373000e+01   07.60142000e-02
  08.42950000e+01   06.18311000e+01   03.02237000e+01   05.08730000e-03
  08.34937000e+01   06.79071000e+01   02.63610000e+01   06.92200000e-04
  08.53149000e+01   06.19547000e+01   03.41329000e+01   00.00000000e+00
  08.36463000e+01   06.49948000e+01   02.85154000e+01   07.64245000e-02
  08.07333000e+01   06.33018000e+01   03.36994000e+01  -04.66821000e-02
  08.15617000e+01   06.89840000e+01   03.60824000e+01   01.65461000e-02
  08.40615000e+01   07.06579000e+01   03.07256000e+01   05.49912000e-02
  08.50144000e+01   06.29716000e+01   03.20685000e+01   03.30200000e-04
  08.57359000e+01   06.76076000e+01   02.60781000e+01   04.02810000e-03
  08.50123000e+01   06.13058000e+01   03.52705000e+01   00.00000000e+00
  08.24580000e+01   06.41089000e+01   02.89860000e+01  -04.69336000e-02
  08.05033000e+01   06.41301000e+01   03.48048000e+01  -07.68710000e-03
  08.20824000e+01   07.00466000e+01   03.53938000e+01  -03.37389000e-02
  08.44709000e+01   06.97400000e+01   02.97610000e+01   03.64969000e-02
  08.58127000e+01   06.00806000e+01   03.56398000e+01   00.00000000e+00
  08.22546000e+01   06.46283000e+01   03.03799000e+01  -09.58259000e-02
  08.10421000e+01   06.54012000e+01   03.45088000e+01  -01.77941000e-01
  08.24491000e+01   06.95857000e+01   03.41093000e+01   06.74294000e-02
  08.38559000e+01   06.84994000e+01   03.01616000e+01   01.44326000e-01
  08.41876000e+01   06.19086000e+01   03.64078000e+01   00.00000000e+00
  08.45907000e+01   06.17072000e+01   03.78520000e+01   00.00000000e+00
  08.58568000e+01   06.23866000e+01   03.83198000e+01   00.00000000e+00
  08.62368000e+01   06.22606000e+01   03.98459000e+01   00.00000000e+00
  08.65703000e+01   06.08468000e+01   04.02675000e+01   00.00000000e+00
  08.52894000e+01   06.30216000e+01   04.08239000e+01   00.00000000e+00
  08.57394000e+01   06.31501000e+01   04.23128000e+01   00.00000000e+00
  08.48659000e+01   06.41538000e+01   04.31232000e+01   00.00000000e+00
  08.56114000e+01   06.46779000e+01   04.43487000e+01   00.00000000e+00
  08.55129000e+01   06.38003000e+01   04.56816000e+01   00.00000000e+00
  08.69688000e+01   06.54988000e+01   04.42099000e+01   00.00000000e+00
  08.69562000e+01   06.67084000e+01   04.32494000e+01   00.00000000e+00
  08.58202000e+01   06.76474000e+01   04.35673000e+01   00.00000000e+00
  08.58549000e+01   06.90570000e+01   04.28576000e+01   00.00000000e+00
  08.68788000e+01   06.99894000e+01   04.35523000e+01   00.00000000e+00
  08.61032000e+01   06.90218000e+01   04.13046000e+01   00.00000000e+00
  08.20654000e+01   06.82424000e+01   03.39708000e+01   03.65717000e-02
  08.21600000e+01   06.71050000e+01   03.21908000e+01  -06.37550000e-03
  08.35701000e+01   07.25943000e+01   03.14873000e+01   01.79582000e-02
  08.52129000e+01   07.22774000e+01   03.14254000e+01   01.23366000e-02
  08.44014000e+01   07.25525000e+01   02.98281000e+01   01.80857000e-02
  08.03964000e+01   06.81229000e+01   03.77009000e+01  -03.55350000e-03
  08.18653000e+01   06.90230000e+01   03.82319000e+01  -05.48890000e-03
  08.02776000e+01   06.98102000e+01   03.77754000e+01  -05.73590000e-03
  07.93752000e+01   06.16946000e+01   03.33043000e+01  -01.16015000e-02
  08.08624000e+01   06.14507000e+01   03.24683000e+01  -01.03548000e-02
  08.07461000e+01   06.11822000e+01   03.42436000e+01  -01.10806000e-02
  08.10804000e+01   06.51776000e+01   02.79575000e+01  -06.50300000e-03
  08.14332000e+01   06.35336000e+01   02.72027000e+01  -03.84930000e-03
  08.03869000e+01   06.37085000e+01   02.87102000e+01  -06.75510000e-03
  08.63792000e+01   06.78109000e+01   02.40708000e+01   06.96000000e-05
  08.48036000e+01   06.68471000e+01   02.42424000e+01  -02.56130000e-03
  08.48469000e+01   06.85396000e+01   02.44580000e+01  -08.86000000e-04
  08.45207000e+01   07.08894000e+01   03.61751000e+01   02.66600000e-04
  08.38963000e+01   07.22864000e+01   03.69922000e+01   02.07780000e-03
  08.34904000e+01   07.06459000e+01   03.76933000e+01   03.44650000e-03
  07.85873000e+01   06.22526000e+01   03.71500000e+01   02.98050000e-03
  07.85914000e+01   06.20280000e+01   03.53059000e+01  -05.01900000e-04
  08.66454000e+01   06.37730000e+01   02.99656000e+01  -05.40000000e-06
  08.53961000e+01   06.46939000e+01   03.07710000e+01  -02.73660000e-03
  08.22813000e+01   07.22238000e+01   03.53445000e+01   06.65000000e-04
  08.16493000e+01   07.16732000e+01   03.66943000e+01  -04.07950000e-03
  08.50520000e+01   06.33417000e+01   02.80239000e+01   01.58140000e-02
  08.56796000e+01   06.49813000e+01   02.82049000e+01   09.11190000e-03
  08.56765000e+01   06.80933000e+01   04.09097000e+01   00.00000000e+00
  08.56068000e+01   06.98973000e+01   04.08656000e+01   00.00000000e+00
  08.71783000e+01   06.90979000e+01   04.11041000e+01   00.00000000e+00
  08.66869000e+01   07.10161000e+01   04.32068000e+01   00.00000000e+00
  08.68348000e+01   06.99554000e+01   04.46645000e+01   00.00000000e+00
  08.78792000e+01   06.97022000e+01   04.33680000e+01   00.00000000e+00
  08.49101000e+01   06.71490000e+01   04.33056000e+01   00.00000000e+00
  08.58005000e+01   06.80431000e+01   04.46038000e+01   00.00000000e+00
  08.79939000e+01   06.71120000e+01   04.35290000e+01   00.00000000e+00
  08.70502000e+01   06.64282000e+01   04.21904000e+01   00.00000000e+00
  08.72476000e+01   06.58539000e+01   04.51675000e+01   00.00000000e+00
  08.77634000e+01   06.48216000e+01   04.39122000e+01   00.00000000e+00
  08.44664000e+01   06.39290000e+01   04.60132000e+01   00.00000000e+00
  08.57112000e+01   06.28038000e+01   04.54667000e+01   00.00000000e+00
  08.62566000e+01   06.42425000e+01   04.63097000e+01   00.00000000e+00
  08.45771000e+01   06.50102000e+01   04.25390000e+01   00.00000000e+00
  08.39381000e+01   06.35917000e+01   04.33507000e+01   00.00000000e+00
  08.56407000e+01   06.21469000e+01   04.26751000e+01   00.00000000e+00
  08.68108000e+01   06.34136000e+01   04.23352000e+01   00.00000000e+00
  08.50442000e+01   06.39864000e+01   04.04207000e+01   00.00000000e+00
  08.44207000e+01   06.23658000e+01   04.08854000e+01   00.00000000e+00
  08.32669000e+01   07.13598000e+01   03.33307000e+01   07.20400000e-04
  08.04923000e+01   06.64492000e+01   03.63098000e+01  -02.39543000e-02
  08.14360000e+01   06.28129000e+01   03.10903000e+01   04.89340000e-03
  08.60485000e+01   06.75263000e+01   02.82874000e+01  -02.28199000e-02
  08.00285000e+01   06.43261000e+01   03.69308000e+01  -01.51750000e-03
  08.72285000e+01   06.09701000e+01   04.12055000e+01   00.00000000e+00
  08.56745000e+01   06.02554000e+01   04.04301000e+01   00.00000000e+00
  08.71400000e+01   06.03065000e+01   03.95367000e+01   00.00000000e+00
  08.71264000e+01   06.28724000e+01   03.98858000e+01   00.00000000e+00
  08.67702000e+01   06.21311000e+01   03.77243000e+01   00.00000000e+00
  08.57419000e+01   06.34373000e+01   03.81082000e+01   00.00000000e+00
  08.37612000e+01   06.21139000e+01   03.84964000e+01   00.00000000e+00
  08.46999000e+01   06.06491000e+01   03.80553000e+01   00.00000000e+00
  08.38859000e+01   06.30026000e+01   03.62124000e+01   00.00000000e+00
  08.33045000e+01   06.13423000e+01   03.62946000e+01   00.00000000e+00
  08.65893000e+01   05.97783000e+01   03.48183000e+01   00.00000000e+00
  08.64982000e+01   06.01000000e+01   03.64877000e+01   00.00000000e+00
  08.51400000e+01   05.92417000e+01   03.58191000e+01   00.00000000e+00
  08.26873000e+01   06.30984000e+01   02.90577000e+01   05.57290000e-03
  08.35388000e+01   06.51739000e+01   02.74708000e+01  -01.28866000e-02
  08.62200000e+01   06.25238000e+01   03.40398000e+01   00.00000000e+00
  08.48076000e+01   06.94329000e+01   04.29563000e+01   00.00000000e+00
  08.34097000e+01   06.18705000e+01   03.30781000e+01  -01.99830000e-03
  08.47613000e+01   06.08877000e+01   03.23256000e+01  -01.85290000e-03
