  08.29257000e+01   06.42435000e+01   02.87681000e+01  -06.11779000e-02
  07.76966000e+01   06.33093000e+01   03.62456000e+01   01.75852000e-02
  07.97193000e+01   07.11673000e+01   03.59224000e+01   01.01800000e-02
  08.26442000e+01   06.92214000e+01   02.86030000e+01  -01.32723000e-02
  08.03108000e+01   06.55039000e+01   03.06189000e+01  -04.57645000e-02
  08.34939000e+01   06.40314000e+01   03.02213000e+01   02.46758000e-02
  07.72557000e+01   06.20837000e+01   03.66370000e+01  -01.71993000e-02
  08.10635000e+01   07.13422000e+01   03.66985000e+01  -09.39340000e-03
  08.27185000e+01   06.77132000e+01   02.83770000e+01   07.66074000e-02
  07.90403000e+01   06.50844000e+01   03.32690000e+01   09.44338000e-02
  08.31528000e+01   07.00525000e+01   02.78649000e+01   01.54319000e-02
  08.30068000e+01   06.28652000e+01   03.10512000e+01  -01.56515000e-02
  08.25892000e+01   06.73712000e+01   02.69546000e+01  -02.00050000e-02
  08.06706000e+01   06.83800000e+01   03.14172000e+01  -08.09918000e-02
  08.37487000e+01   06.72972000e+01   02.47967000e+01   04.03650000e-03
  08.16319000e+01   06.71748000e+01   02.93914000e+01  -01.43447000e-01
  07.94033000e+01   06.34658000e+01   03.14842000e+01   01.23287000e-02
  07.86835000e+01   06.62102000e+01   03.53905000e+01   02.21683000e-01
  08.05117000e+01   07.00674000e+01   03.30779000e+01  -05.42921000e-02
  07.90530000e+01   06.37565000e+01   02.81311000e+01   02.66866000e-02
  07.79850000e+01   06.15936000e+01   03.34425000e+01   04.35609000e-02
  07.85227000e+01   06.87151000e+01   03.74931000e+01   02.36507000e-02
  08.17200000e+01   07.18766000e+01   03.05105000e+01  -06.09964000e-02
  08.20258000e+01   06.22254000e+01   03.32097000e+01   08.71130000e-03
  08.11436000e+01   06.58446000e+01   02.96375000e+01   01.26858000e-01
  07.89253000e+01   06.38377000e+01   03.27658000e+01  -03.45042000e-02
  07.90294000e+01   06.75239000e+01   03.51657000e+01  -02.04376000e-01
  08.09382000e+01   06.96935000e+01   03.18327000e+01   07.60142000e-02
  08.26781000e+01   06.17432000e+01   03.06940000e+01   05.08730000e-03
  08.16264000e+01   06.69564000e+01   02.64111000e+01   06.92200000e-04
  08.30491000e+01   06.14157000e+01   03.39972000e+01   00.00000000e+00
  08.14398000e+01   06.47256000e+01   02.86924000e+01   07.64245000e-02
  07.83990000e+01   06.29889000e+01   03.37866000e+01  -04.66821000e-02
  07.90599000e+01   06.86756000e+01   03.60917000e+01   01.65461000e-02
  08.14364000e+01   07.04694000e+01   03.06747000e+01   05.49912000e-02
  08.26900000e+01   06.32422000e+01   03.23687000e+01   03.30200000e-04
  08.38228000e+01   06.75263000e+01   02.62890000e+01   04.02810000e-03
  08.27049000e+01   06.03069000e+01   03.47072000e+01   00.00000000e+00
  08.02759000e+01   06.37187000e+01   02.90963000e+01  -04.69336000e-02
  07.81916000e+01   06.37225000e+01   03.49242000e+01  -07.68710000e-03
  07.95168000e+01   06.98004000e+01   03.53814000e+01  -03.37389000e-02
  08.18989000e+01   06.94855000e+01   02.97929000e+01   03.64969000e-02
  08.29775000e+01   05.89418000e+01   03.41506000e+01   00.00000000e+00
  07.99568000e+01   06.42300000e+01   03.04925000e+01  -09.58259000e-02
  07.86457000e+01   06.51101000e+01   03.45523000e+01  -01.77941000e-01
  07.98908000e+01   06.92754000e+01   03.41046000e+01   06.74294000e-02
  08.13758000e+01   06.82660000e+01   03.02532000e+01   01.44326000e-01
  08.21954000e+01   06.04525000e+01   03.61610000e+01   00.00000000e+00
  08.29475000e+01   06.14716000e+01   03.70274000e+01   00.00000000e+00
  08.24477000e+01   06.15263000e+01   03.84915000e+01   00.00000000e+00
  08.31903000e+01   06.25497000e+01   03.94111000e+01   00.00000000e+00
  08.45716000e+01   06.19993000e+01   03.96641000e+01   00.00000000e+00
  08.22986000e+01   06.28988000e+01   04.06744000e+01   00.00000000e+00
  08.30961000e+01   06.38653000e+01   04.16556000e+01   00.00000000e+00
  08.24806000e+01   06.38971000e+01   04.30545000e+01   00.00000000e+00
  08.31068000e+01   06.50192000e+01   04.39304000e+01   00.00000000e+00
  08.31589000e+01   06.47167000e+01   04.54232000e+01   00.00000000e+00
  08.23218000e+01   06.63112000e+01   04.36732000e+01   00.00000000e+00
  08.30407000e+01   06.76528000e+01   04.36356000e+01   00.00000000e+00
  08.45662000e+01   06.75904000e+01   04.31741000e+01   00.00000000e+00
  08.52961000e+01   06.88839000e+01   04.32870000e+01   00.00000000e+00
  08.68256000e+01   06.87112000e+01   04.30844000e+01   00.00000000e+00
  08.47138000e+01   06.98468000e+01   04.22455000e+01   00.00000000e+00
  07.94407000e+01   06.79540000e+01   03.39586000e+01   03.65717000e-02
  07.96697000e+01   06.67410000e+01   03.22773000e+01  -06.37550000e-03
  08.27252000e+01   07.20416000e+01   03.09025000e+01   01.79582000e-02
  08.15689000e+01   07.21795000e+01   02.95205000e+01   01.23366000e-02
  08.10867000e+01   07.24762000e+01   03.12329000e+01   01.80857000e-02
  07.82570000e+01   06.76624000e+01   03.78144000e+01  -03.55350000e-03
  07.92173000e+01   06.91092000e+01   03.82629000e+01  -05.48890000e-03
  07.75638000e+01   06.92582000e+01   03.76384000e+01  -05.73590000e-03
  07.69745000e+01   06.13708000e+01   03.36838000e+01  -01.16015000e-02
  07.82394000e+01   06.11459000e+01   03.24474000e+01  -01.03548000e-02
  07.85894000e+01   06.11130000e+01   03.41690000e+01  -01.10806000e-02
  07.82783000e+01   06.30180000e+01   02.84418000e+01  -06.50300000e-03
  07.85193000e+01   06.46611000e+01   02.81878000e+01  -03.84930000e-03
  07.94395000e+01   06.35025000e+01   02.71310000e+01  -06.75510000e-03
  08.31823000e+01   06.64423000e+01   02.45238000e+01   06.96000000e-05
  08.33319000e+01   06.82086000e+01   02.43151000e+01  -02.56130000e-03
  08.47660000e+01   06.73405000e+01   02.43796000e+01  -08.86000000e-04
  08.19550000e+01   07.13050000e+01   03.60577000e+01   02.66600000e-04
  08.10982000e+01   07.22665000e+01   03.71496000e+01   02.07780000e-03
  08.11192000e+01   07.06168000e+01   03.75059000e+01   03.44650000e-03
  07.68066000e+01   06.18407000e+01   03.76120000e+01   02.98050000e-03
  07.71048000e+01   06.12494000e+01   03.59394000e+01  -05.01900000e-04
  08.45731000e+01   06.38045000e+01   03.00538000e+01  -05.40000000e-06
  08.33596000e+01   06.49043000e+01   03.08235000e+01  -02.73660000e-03
  07.96279000e+01   07.19708000e+01   03.51833000e+01   06.65000000e-04
  07.89198000e+01   07.13844000e+01   03.67527000e+01  -04.07950000e-03
  08.30163000e+01   06.33185000e+01   02.82430000e+01   01.58140000e-02
  08.35398000e+01   06.49268000e+01   02.82357000e+01   09.11190000e-03
  08.36928000e+01   07.00821000e+01   04.24304000e+01   00.00000000e+00
  08.52967000e+01   07.07885000e+01   04.21869000e+01   00.00000000e+00
  08.47600000e+01   06.94826000e+01   04.12414000e+01   00.00000000e+00
  08.72468000e+01   06.81659000e+01   04.39109000e+01   00.00000000e+00
  08.71419000e+01   06.82187000e+01   04.21376000e+01   00.00000000e+00
  08.72755000e+01   06.97078000e+01   04.31059000e+01   00.00000000e+00
  08.50462000e+01   06.68283000e+01   04.38126000e+01   00.00000000e+00
  08.46794000e+01   06.71669000e+01   04.21196000e+01   00.00000000e+00
  08.24050000e+01   06.82965000e+01   04.30885000e+01   00.00000000e+00
  08.29686000e+01   06.80386000e+01   04.46813000e+01   00.00000000e+00
  08.18085000e+01   06.62366000e+01   04.27556000e+01   00.00000000e+00
  08.15436000e+01   06.62651000e+01   04.44085000e+01   00.00000000e+00
  08.21410000e+01   06.46095000e+01   04.59639000e+01   00.00000000e+00
  08.37496000e+01   06.38226000e+01   04.55367000e+01   00.00000000e+00
  08.37413000e+01   06.54513000e+01   04.60108000e+01   00.00000000e+00
  08.14251000e+01   06.41558000e+01   04.29004000e+01   00.00000000e+00
  08.25875000e+01   06.28246000e+01   04.34448000e+01   00.00000000e+00
  08.40439000e+01   06.35044000e+01   04.17705000e+01   00.00000000e+00
  08.32003000e+01   06.48409000e+01   04.11907000e+01   00.00000000e+00
  08.13572000e+01   06.33676000e+01   04.03376000e+01   00.00000000e+00
  08.20087000e+01   06.19538000e+01   04.11293000e+01   00.00000000e+00
  08.06148000e+01   07.11331000e+01   03.32704000e+01   07.20400000e-04
  07.83883000e+01   06.60211000e+01   03.64080000e+01  -02.39543000e-02
  07.92446000e+01   06.24535000e+01   03.11083000e+01   04.89340000e-03
  08.36435000e+01   06.73318000e+01   02.88192000e+01  -02.28199000e-02
  07.76684000e+01   06.40521000e+01   03.70228000e+01  -01.51750000e-03
  08.52508000e+01   06.28485000e+01   03.98970000e+01   00.00000000e+00
  08.45539000e+01   06.14029000e+01   04.06182000e+01   00.00000000e+00
  08.49542000e+01   06.13420000e+01   03.88713000e+01   00.00000000e+00
  08.33726000e+01   06.34251000e+01   03.88072000e+01   00.00000000e+00
  08.14019000e+01   06.18125000e+01   03.84456000e+01   00.00000000e+00
  08.25616000e+01   06.05144000e+01   03.88248000e+01   00.00000000e+00
  08.39729000e+01   06.12420000e+01   03.69304000e+01   00.00000000e+00
  08.28359000e+01   06.24227000e+01   03.65211000e+01   00.00000000e+00
  08.11360000e+01   06.05886000e+01   03.61595000e+01   00.00000000e+00
  08.22501000e+01   05.95011000e+01   03.66747000e+01   00.00000000e+00
  08.20560000e+01   05.84247000e+01   03.41609000e+01   00.00000000e+00
  08.32761000e+01   05.89411000e+01   03.31098000e+01   00.00000000e+00
  08.37754000e+01   05.84205000e+01   03.46719000e+01   00.00000000e+00
  08.06705000e+01   06.27008000e+01   02.91229000e+01   05.57290000e-03
  08.13369000e+01   06.50538000e+01   02.76252000e+01  -01.28866000e-02
  08.40369000e+01   06.18721000e+01   03.40109000e+01   00.00000000e+00
  08.50533000e+01   06.93039000e+01   04.42941000e+01   00.00000000e+00
  08.14541000e+01   06.28070000e+01   03.39182000e+01  -01.99830000e-03
  08.13333000e+01   06.16064000e+01   03.26870000e+01  -01.85290000e-03
