  08.30345000e+01   06.47984000e+01   02.88887000e+01  -06.11779000e-02
  07.75430000e+01   06.37857000e+01   03.59271000e+01   01.75852000e-02
  08.01283000e+01   07.13696000e+01   03.62826000e+01   01.01800000e-02
  08.27476000e+01   07.00522000e+01   02.85381000e+01  -01.32723000e-02
  08.04948000e+01   06.61761000e+01   03.04309000e+01  -04.57645000e-02
  08.33932000e+01   06.44052000e+01   03.03652000e+01   02.46758000e-02
  07.66976000e+01   06.26792000e+01   03.60884000e+01  -01.71993000e-02
  08.13701000e+01   07.11497000e+01   03.72381000e+01  -09.39340000e-03
  08.27282000e+01   06.85233000e+01   02.82465000e+01   07.66074000e-02
  07.94297000e+01   06.54869000e+01   03.30769000e+01   09.44338000e-02
  08.32668000e+01   07.09300000e+01   02.78525000e+01   01.54319000e-02
  08.27278000e+01   06.30320000e+01   03.08540000e+01  -01.56515000e-02
  08.25486000e+01   06.81364000e+01   02.67599000e+01  -02.00050000e-02
  08.08219000e+01   06.89370000e+01   03.13192000e+01  -08.09918000e-02
  08.35391000e+01   06.82661000e+01   02.45702000e+01   04.03650000e-03
  08.17459000e+01   06.78559000e+01   02.92109000e+01  -01.43447000e-01
  07.94620000e+01   06.40238000e+01   03.10920000e+01   01.23287000e-02
  07.87467000e+01   06.66409000e+01   03.51621000e+01   02.21683000e-01
  08.07175000e+01   07.05531000e+01   03.31970000e+01  -05.42921000e-02
  07.92506000e+01   06.46362000e+01   02.77555000e+01   02.66866000e-02
  07.82337000e+01   06.20357000e+01   03.32052000e+01   04.35609000e-02
  07.83118000e+01   06.89906000e+01   03.73558000e+01   02.36507000e-02
  08.22391000e+01   07.24051000e+01   03.10871000e+01  -06.09964000e-02
  08.21249000e+01   06.18425000e+01   03.28965000e+01   08.71130000e-03
  08.13068000e+01   06.65650000e+01   02.93889000e+01   01.26858000e-01
  07.92294000e+01   06.42885000e+01   03.24754000e+01  -03.45042000e-02
  07.91503000e+01   06.79615000e+01   03.50650000e+01  -02.04376000e-01
  08.10919000e+01   07.01723000e+01   03.18690000e+01   07.60142000e-02
  08.23697000e+01   06.21113000e+01   03.00992000e+01   05.08730000e-03
  08.16483000e+01   06.74865000e+01   02.62799000e+01   06.92200000e-04
  08.30002000e+01   06.13944000e+01   03.40563000e+01   00.00000000e+00
  08.16385000e+01   06.53795000e+01   02.84633000e+01   07.64245000e-02
  07.85559000e+01   06.34186000e+01   03.34410000e+01  -04.66821000e-02
  07.90524000e+01   06.90533000e+01   03.60019000e+01   01.65461000e-02
  08.17343000e+01   07.10290000e+01   03.08609000e+01   05.49912000e-02
  08.27782000e+01   06.29756000e+01   03.22376000e+01   03.30200000e-04
  08.36171000e+01   06.85766000e+01   02.60294000e+01   04.02810000e-03
  08.25713000e+01   06.05946000e+01   03.50091000e+01   00.00000000e+00
  08.04730000e+01   06.44267000e+01   02.87279000e+01  -04.69336000e-02
  07.82335000e+01   06.41430000e+01   03.46144000e+01  -07.68710000e-03
  07.98013000e+01   07.01247000e+01   03.54745000e+01  -03.37389000e-02
  08.20459000e+01   07.01368000e+01   02.98504000e+01   03.64969000e-02
  08.26511000e+01   05.90866000e+01   03.48699000e+01   00.00000000e+00
  08.01185000e+01   06.48503000e+01   03.01697000e+01  -09.58259000e-02
  07.88200000e+01   06.54957000e+01   03.43082000e+01  -01.77941000e-01
  08.01410000e+01   06.97283000e+01   03.41585000e+01   06.74294000e-02
  08.14492000e+01   06.88571000e+01   03.01481000e+01   01.44326000e-01
  08.20296000e+01   06.12102000e+01   03.63071000e+01   00.00000000e+00
  08.27548000e+01   06.07471000e+01   03.76626000e+01   00.00000000e+00
  08.23906000e+01   06.14207000e+01   03.90547000e+01   00.00000000e+00
  08.31909000e+01   06.27459000e+01   03.93700000e+01   00.00000000e+00
  08.47567000e+01   06.24406000e+01   03.96393000e+01   00.00000000e+00
  08.25347000e+01   06.34930000e+01   04.05107000e+01   00.00000000e+00
  08.33192000e+01   06.46460000e+01   04.10223000e+01   00.00000000e+00
  08.26294000e+01   06.54596000e+01   04.21174000e+01   00.00000000e+00
  08.35259000e+01   06.65525000e+01   04.28935000e+01   00.00000000e+00
  08.30603000e+01   06.70390000e+01   04.43084000e+01   00.00000000e+00
  08.38808000e+01   06.76714000e+01   04.17761000e+01   00.00000000e+00
  08.44864000e+01   06.89647000e+01   04.22044000e+01   00.00000000e+00
  08.58144000e+01   06.89293000e+01   04.29347000e+01   00.00000000e+00
  08.70441000e+01   06.86586000e+01   04.19617000e+01   00.00000000e+00
  08.74811000e+01   06.98999000e+01   04.11906000e+01   00.00000000e+00
  08.82918000e+01   06.81276000e+01   04.27304000e+01   00.00000000e+00
  07.96703000e+01   06.84531000e+01   03.39105000e+01   03.65717000e-02
  07.99526000e+01   06.72942000e+01   03.21018000e+01  -06.37550000e-03
  08.15649000e+01   07.29880000e+01   03.15804000e+01   01.79582000e-02
  08.31580000e+01   07.23414000e+01   03.17316000e+01   01.23366000e-02
  08.25145000e+01   07.27683000e+01   03.00771000e+01   01.80857000e-02
  07.85692000e+01   06.97899000e+01   03.81385000e+01  -03.55350000e-03
  07.72508000e+01   06.90305000e+01   03.71578000e+01  -05.48890000e-03
  07.85512000e+01   06.80315000e+01   03.78562000e+01  -05.73590000e-03
  07.87716000e+01   06.14381000e+01   03.39415000e+01  -01.16015000e-02
  07.71604000e+01   06.19361000e+01   03.32072000e+01  -01.03548000e-02
  07.84093000e+01   06.18339000e+01   03.21632000e+01  -01.10806000e-02
  07.92130000e+01   06.56317000e+01   02.73449000e+01  -06.50300000e-03
  07.92599000e+01   06.38847000e+01   02.69798000e+01  -03.84930000e-03
  07.83243000e+01   06.44549000e+01   02.82532000e+01  -06.75510000e-03
  08.44178000e+01   06.87682000e+01   02.40608000e+01   06.96000000e-05
  08.37035000e+01   06.71642000e+01   02.43750000e+01  -02.56130000e-03
  08.26604000e+01   06.86196000e+01   02.39965000e+01  -08.86000000e-04
  08.22982000e+01   07.07984000e+01   03.68027000e+01   02.66600000e-04
  08.15995000e+01   07.21059000e+01   03.77691000e+01   02.07780000e-03
  08.10343000e+01   07.03323000e+01   03.79081000e+01   03.44650000e-03
  07.61464000e+01   06.25905000e+01   03.70561000e+01   02.98050000e-03
  07.62836000e+01   06.20671000e+01   03.52531000e+01  -05.01900000e-04
  08.44987000e+01   06.43308000e+01   03.03191000e+01  -05.40000000e-06
  08.30580000e+01   06.51360000e+01   03.10463000e+01  -02.73660000e-03
  08.02677000e+01   07.22050000e+01   03.56694000e+01   06.65000000e-04
  07.92753000e+01   07.17382000e+01   03.69166000e+01  -04.07950000e-03
  08.32187000e+01   06.39007000e+01   02.82264000e+01   01.58140000e-02
  08.36443000e+01   06.56799000e+01   02.87548000e+01   09.11190000e-03
  08.91885000e+01   06.81276000e+01   04.21964000e+01   00.00000000e+00
  08.85501000e+01   06.87561000e+01   04.36365000e+01   00.00000000e+00
  08.81231000e+01   06.71727000e+01   04.30501000e+01   00.00000000e+00
  08.79214000e+01   07.07793000e+01   04.17335000e+01   00.00000000e+00
  08.80761000e+01   06.97075000e+01   04.02875000e+01   00.00000000e+00
  08.65632000e+01   07.03011000e+01   04.07547000e+01   00.00000000e+00
  08.59966000e+01   06.98278000e+01   04.35231000e+01   00.00000000e+00
  08.58194000e+01   06.80984000e+01   04.37133000e+01   00.00000000e+00
  08.46203000e+01   06.96006000e+01   04.13372000e+01   00.00000000e+00
  08.37569000e+01   06.94705000e+01   04.28273000e+01   00.00000000e+00
  08.44392000e+01   06.70201000e+01   04.10499000e+01   00.00000000e+00
  08.29107000e+01   06.80669000e+01   04.13232000e+01   00.00000000e+00
  08.28124000e+01   06.61323000e+01   04.49653000e+01   00.00000000e+00
  08.38128000e+01   06.76052000e+01   04.48248000e+01   00.00000000e+00
  08.21340000e+01   06.76570000e+01   04.43061000e+01   00.00000000e+00
  08.17140000e+01   06.59044000e+01   04.16614000e+01   00.00000000e+00
  08.23407000e+01   06.47305000e+01   04.28678000e+01   00.00000000e+00
  08.42262000e+01   06.41773000e+01   04.13747000e+01   00.00000000e+00
  08.34927000e+01   06.52916000e+01   04.02497000e+01   00.00000000e+00
  08.15743000e+01   06.38263000e+01   04.02167000e+01   00.00000000e+00
  08.23220000e+01   06.29311000e+01   04.14251000e+01   00.00000000e+00
  08.08618000e+01   07.16209000e+01   03.32173000e+01   07.20400000e-04
  07.83522000e+01   06.63955000e+01   03.61533000e+01  -02.39543000e-02
  07.92042000e+01   06.30341000e+01   03.07383000e+01   04.89340000e-03
  08.36799000e+01   06.80549000e+01   02.85041000e+01  -02.28199000e-02
  07.76561000e+01   06.43505000e+01   03.68066000e+01  -01.51750000e-03
  08.48702000e+01   06.18776000e+01   04.05954000e+01   00.00000000e+00
  08.51151000e+01   06.17527000e+01   03.89331000e+01   00.00000000e+00
  08.53076000e+01   06.33727000e+01   03.95604000e+01   00.00000000e+00
  08.30741000e+01   06.33833000e+01   03.84747000e+01   00.00000000e+00
  08.13776000e+01   06.16488000e+01   03.90214000e+01   00.00000000e+00
  08.26228000e+01   06.06572000e+01   03.98568000e+01   00.00000000e+00
  08.24904000e+01   05.97169000e+01   03.77600000e+01   00.00000000e+00
  08.38609000e+01   06.08254000e+01   03.75069000e+01   00.00000000e+00
  08.19978000e+01   06.23174000e+01   03.61012000e+01   00.00000000e+00
  08.10384000e+01   06.07966000e+01   03.63664000e+01   00.00000000e+00
  08.31629000e+01   05.87326000e+01   03.39519000e+01   00.00000000e+00
  08.32236000e+01   05.87810000e+01   03.57971000e+01   00.00000000e+00
  08.16777000e+01   05.86717000e+01   03.50162000e+01   00.00000000e+00
  08.09130000e+01   06.34482000e+01   02.86545000e+01   05.57290000e-03
  08.17725000e+01   06.55348000e+01   02.73780000e+01  -01.28866000e-02
  08.40578000e+01   06.16893000e+01   03.42249000e+01   00.00000000e+00
  08.66261000e+01   06.79303000e+01   04.12494000e+01   00.00000000e+00
  08.11775000e+01   06.22399000e+01   03.33303000e+01  -01.99830000e-03
  08.18321000e+01   06.10283000e+01   03.22871000e+01  -01.85290000e-03
