  08.26036000e+01   06.43743000e+01   02.72180000e+01  -06.11779000e-02
  07.78308000e+01   06.27631000e+01   03.47880000e+01   01.75852000e-02
  08.00690000e+01   07.03465000e+01   03.54203000e+01   01.01800000e-02
  08.23574000e+01   06.94545000e+01   02.76280000e+01  -01.32723000e-02
  08.02541000e+01   06.55340000e+01   02.93982000e+01  -04.57645000e-02
  08.32840000e+01   06.40841000e+01   02.85986000e+01   02.46758000e-02
  07.78459000e+01   06.14395000e+01   03.50742000e+01  -01.71993000e-02
  08.15257000e+01   07.05232000e+01   03.58509000e+01  -09.39340000e-03
  08.23201000e+01   06.79615000e+01   02.72633000e+01   07.66074000e-02
  07.91412000e+01   06.48059000e+01   03.20010000e+01   09.44338000e-02
  08.28435000e+01   07.03349000e+01   02.69148000e+01   01.54319000e-02
  08.26959000e+01   06.29765000e+01   02.93272000e+01  -01.56515000e-02
  08.20095000e+01   06.77706000e+01   02.58083000e+01  -02.00050000e-02
  08.06282000e+01   06.82815000e+01   03.04343000e+01  -08.09918000e-02
  08.30058000e+01   06.77065000e+01   02.35532000e+01   04.03650000e-03
  08.13519000e+01   06.72975000e+01   02.82481000e+01  -01.43447000e-01
  07.91883000e+01   06.33793000e+01   02.99972000e+01   01.23287000e-02
  07.87715000e+01   06.56539000e+01   03.43155000e+01   02.21683000e-01
  08.04195000e+01   06.97817000e+01   03.22948000e+01  -05.42921000e-02
  07.86487000e+01   06.41176000e+01   02.69060000e+01   02.66866000e-02
  07.77334000e+01   06.13202000e+01   03.17156000e+01   04.35609000e-02
  07.88685000e+01   06.76992000e+01   03.68116000e+01   02.36507000e-02
  08.17552000e+01   07.18575000e+01   03.01365000e+01  -06.09964000e-02
  08.18673000e+01   06.23350000e+01   03.14568000e+01   08.71130000e-03
  08.08985000e+01   06.60248000e+01   02.83072000e+01   01.26858000e-01
  07.89163000e+01   06.35953000e+01   03.13405000e+01  -03.45042000e-02
  07.92761000e+01   06.69274000e+01   03.42160000e+01  -02.04376000e-01
  08.07106000e+01   06.95348000e+01   03.09048000e+01   07.60142000e-02
  08.25449000e+01   06.18277000e+01   02.89627000e+01   05.08730000e-03
  08.09479000e+01   06.75485000e+01   02.53426000e+01   06.92200000e-04
  08.27163000e+01   06.11655000e+01   03.18735000e+01   00.00000000e+00
  08.11324000e+01   06.49362000e+01   02.73068000e+01   07.64245000e-02
  07.84008000e+01   06.26305000e+01   03.22155000e+01  -04.66821000e-02
  07.93167000e+01   06.79108000e+01   03.53375000e+01   01.65461000e-02
  08.13923000e+01   07.03648000e+01   02.99130000e+01   05.49912000e-02
  08.25313000e+01   06.33251000e+01   03.06393000e+01   03.30200000e-04
  08.31108000e+01   06.78620000e+01   02.50388000e+01   04.02810000e-03
  08.22021000e+01   05.99579000e+01   03.23563000e+01   00.00000000e+00
  08.00282000e+01   06.39780000e+01   02.76580000e+01  -04.69336000e-02
  07.83244000e+01   06.33269000e+01   03.34977000e+01  -07.68710000e-03
  07.98829000e+01   06.90665000e+01   03.47010000e+01  -03.37389000e-02
  08.17061000e+01   06.95393000e+01   02.89099000e+01   03.64969000e-02
  08.20081000e+01   05.87604000e+01   03.14244000e+01   00.00000000e+00
  07.98703000e+01   06.42806000e+01   02.91180000e+01  -09.58259000e-02
  07.87879000e+01   06.46786000e+01   03.33214000e+01  -01.77941000e-01
  08.00638000e+01   06.88206000e+01   03.33267000e+01   06.74294000e-02
  08.11673000e+01   06.82693000e+01   02.92468000e+01   01.44326000e-01
  08.18759000e+01   05.97363000e+01   03.39004000e+01   00.00000000e+00
  08.28348000e+01   06.02979000e+01   03.49215000e+01   00.00000000e+00
  08.21352000e+01   06.05217000e+01   03.62860000e+01   00.00000000e+00
  08.31195000e+01   06.07813000e+01   03.74652000e+01   00.00000000e+00
  08.42942000e+01   05.98409000e+01   03.75198000e+01   00.00000000e+00
  08.23826000e+01   06.10587000e+01   03.88088000e+01   00.00000000e+00
  08.30964000e+01   06.15555000e+01   04.00945000e+01   00.00000000e+00
  08.40915000e+01   06.26667000e+01   03.99171000e+01   00.00000000e+00
  08.41950000e+01   06.37169000e+01   04.10168000e+01   00.00000000e+00
  08.47722000e+01   06.30677000e+01   04.22555000e+01   00.00000000e+00
  08.28724000e+01   06.46123000e+01   04.11952000e+01   00.00000000e+00
  08.30468000e+01   06.58865000e+01   04.20377000e+01   00.00000000e+00
  08.40979000e+01   06.68155000e+01   04.14717000e+01   00.00000000e+00
  08.42707000e+01   06.80701000e+01   04.22768000e+01   00.00000000e+00
  08.50700000e+01   06.79601000e+01   04.36404000e+01   00.00000000e+00
  08.49687000e+01   06.90920000e+01   04.14484000e+01   00.00000000e+00
  07.97301000e+01   06.75240000e+01   03.31077000e+01   03.65717000e-02
  07.98112000e+01   06.65334000e+01   03.12063000e+01  -06.37550000e-03
  08.28358000e+01   07.20180000e+01   03.01653000e+01   01.79582000e-02
  08.13665000e+01   07.24374000e+01   02.91972000e+01   01.23366000e-02
  08.13690000e+01   07.22301000e+01   03.10351000e+01   01.80857000e-02
  07.96779000e+01   06.79580000e+01   03.75073000e+01  -03.55350000e-03
  07.82141000e+01   06.84987000e+01   03.70919000e+01  -05.48890000e-03
  07.83725000e+01   06.67356000e+01   03.69871000e+01  -05.73590000e-03
  07.68859000e+01   06.11669000e+01   03.23781000e+01  -01.16015000e-02
  07.73604000e+01   06.13315000e+01   03.06600000e+01  -01.03548000e-02
  07.84568000e+01   06.05776000e+01   03.17956000e+01  -01.10806000e-02
  07.85605000e+01   06.34437000e+01   02.60784000e+01  -06.50300000e-03
  07.78585000e+01   06.38722000e+01   02.75848000e+01  -03.84930000e-03
  07.84402000e+01   06.50833000e+01   02.65263000e+01  -06.75510000e-03
  08.39794000e+01   06.76195000e+01   02.31317000e+01   06.96000000e-05
  08.24856000e+01   06.67604000e+01   02.32254000e+01  -02.56130000e-03
  08.25412000e+01   06.86093000e+01   02.31893000e+01  -08.86000000e-04
  08.21867000e+01   07.04876000e+01   03.49498000e+01   02.66600000e-04
  08.16081000e+01   07.14649000e+01   03.63533000e+01   02.07780000e-03
  08.17724000e+01   06.97100000e+01   03.65277000e+01   03.44650000e-03
  07.73887000e+01   06.10437000e+01   03.59786000e+01   02.98050000e-03
  07.84042000e+01   06.07633000e+01   03.44363000e+01  -05.01900000e-04
  08.43209000e+01   06.38362000e+01   02.83891000e+01  -05.40000000e-06
  08.33670000e+01   06.49807000e+01   02.92645000e+01  -02.73660000e-03
  07.97577000e+01   07.11719000e+01   03.48770000e+01   06.65000000e-04
  07.93358000e+01   07.04215000e+01   03.62129000e+01  -04.07950000e-03
  08.26569000e+01   06.33728000e+01   02.66988000e+01   01.58140000e-02
  08.32426000e+01   06.50961000e+01   02.66845000e+01   09.11190000e-03
  08.49818000e+01   07.01484000e+01   04.17152000e+01   00.00000000e+00
  08.59673000e+01   06.86995000e+01   04.12176000e+01   00.00000000e+00
  08.43657000e+01   06.90956000e+01   04.04947000e+01   00.00000000e+00
  08.44940000e+01   06.73349000e+01   04.43146000e+01   00.00000000e+00
  08.60847000e+01   06.75978000e+01   04.33187000e+01   00.00000000e+00
  08.50736000e+01   06.89408000e+01   04.39080000e+01   00.00000000e+00
  08.50448000e+01   06.62910000e+01   04.15500000e+01   00.00000000e+00
  08.40629000e+01   06.68680000e+01   04.03936000e+01   00.00000000e+00
  08.20272000e+01   06.65089000e+01   04.19418000e+01   00.00000000e+00
  08.32611000e+01   06.56800000e+01   04.31027000e+01   00.00000000e+00
  08.26540000e+01   06.49517000e+01   04.01184000e+01   00.00000000e+00
  08.20796000e+01   06.39701000e+01   04.15930000e+01   00.00000000e+00
  08.56376000e+01   06.23505000e+01   04.19376000e+01   00.00000000e+00
  08.50807000e+01   06.37451000e+01   04.30176000e+01   00.00000000e+00
  08.40441000e+01   06.24104000e+01   04.27756000e+01   00.00000000e+00
  08.50685000e+01   06.23123000e+01   03.98431000e+01   00.00000000e+00
  08.39168000e+01   06.31662000e+01   03.90007000e+01   00.00000000e+00
  08.24401000e+01   06.19990000e+01   04.08130000e+01   00.00000000e+00
  08.35311000e+01   06.06416000e+01   04.05711000e+01   00.00000000e+00
  08.15221000e+01   06.18225000e+01   03.86404000e+01   00.00000000e+00
  08.19383000e+01   06.00342000e+01   03.89601000e+01   00.00000000e+00
  08.07858000e+01   07.07527000e+01   03.27074000e+01   07.20400000e-04
  07.84887000e+01   06.53683000e+01   03.53020000e+01  -02.39543000e-02
  07.89139000e+01   06.24742000e+01   02.94348000e+01   04.89340000e-03
  08.32831000e+01   06.74628000e+01   02.73468000e+01  -02.28199000e-02
  07.72294000e+01   06.34257000e+01   03.53227000e+01  -01.51750000e-03
  08.48409000e+01   05.99582000e+01   03.85137000e+01   00.00000000e+00
  08.39029000e+01   05.88320000e+01   03.73533000e+01   00.00000000e+00
  08.49364000e+01   06.01798000e+01   03.66715000e+01   00.00000000e+00
  08.35237000e+01   06.18086000e+01   03.73067000e+01   00.00000000e+00
  08.14295000e+01   06.13420000e+01   03.63817000e+01   00.00000000e+00
  08.14748000e+01   05.96889000e+01   03.64048000e+01   00.00000000e+00
  08.36482000e+01   05.95714000e+01   03.49861000e+01   00.00000000e+00
  08.33015000e+01   06.12236000e+01   03.45386000e+01   00.00000000e+00
  08.10249000e+01   06.03993000e+01   03.39888000e+01   00.00000000e+00
  08.16854000e+01   05.86674000e+01   03.41595000e+01   00.00000000e+00
  08.26782000e+01   05.79880000e+01   03.17563000e+01   00.00000000e+00
  08.09800000e+01   05.84651000e+01   03.13345000e+01   00.00000000e+00
  08.23512000e+01   05.92258000e+01   03.04710000e+01   00.00000000e+00
  08.03404000e+01   06.29181000e+01   02.76007000e+01   05.57290000e-03
  08.08280000e+01   06.52894000e+01   02.63430000e+01  -01.28866000e-02
  08.38364000e+01   06.11848000e+01   03.17069000e+01   00.00000000e+00
  08.33306000e+01   06.85346000e+01   04.24668000e+01   00.00000000e+00
  08.16517000e+01   06.28155000e+01   03.23717000e+01  -01.99830000e-03
  08.09575000e+01   06.19713000e+01   03.10777000e+01  -01.85290000e-03
