  08.28103000e+01   06.43083000e+01   02.80394000e+01  -06.11779000e-02
  07.79122000e+01   06.24910000e+01   03.52161000e+01   01.75852000e-02
  07.95244000e+01   07.02704000e+01   03.58686000e+01   01.01800000e-02
  08.23517000e+01   06.95049000e+01   02.82560000e+01  -01.32723000e-02
  08.01736000e+01   06.55453000e+01   02.99098000e+01  -04.57645000e-02
  08.34257000e+01   06.39198000e+01   02.94266000e+01   02.46758000e-02
  07.78730000e+01   06.12169000e+01   03.55475000e+01  -01.71993000e-02
  08.09220000e+01   07.04595000e+01   03.63747000e+01  -09.39340000e-03
  08.24388000e+01   06.80030000e+01   02.79001000e+01   07.66074000e-02
  07.90427000e+01   06.47265000e+01   03.24530000e+01   09.44338000e-02
  08.28078000e+01   07.04237000e+01   02.75303000e+01   01.54319000e-02
  08.28606000e+01   06.26846000e+01   03.01239000e+01  -01.56515000e-02
  08.21527000e+01   06.78025000e+01   02.64143000e+01  -02.00050000e-02
  08.05392000e+01   06.82608000e+01   03.10198000e+01  -08.09918000e-02
  08.30269000e+01   06.80020000e+01   02.42405000e+01   04.03650000e-03
  08.15050000e+01   06.73193000e+01   02.88629000e+01  -01.43447000e-01
  07.92687000e+01   06.33315000e+01   03.04672000e+01   01.23287000e-02
  07.84192000e+01   06.55375000e+01   03.46631000e+01   02.21683000e-01
  08.03054000e+01   06.97339000e+01   03.29295000e+01  -05.42921000e-02
  07.88768000e+01   06.42436000e+01   02.72590000e+01   02.66866000e-02
  07.79958000e+01   06.11663000e+01   03.21996000e+01   04.35609000e-02
  07.82714000e+01   06.76208000e+01   03.70298000e+01   02.36507000e-02
  08.18157000e+01   07.18286000e+01   03.08014000e+01  -06.09964000e-02
  08.20139000e+01   06.17746000e+01   03.21397000e+01   08.71130000e-03
  08.10233000e+01   06.60330000e+01   02.89345000e+01   01.26858000e-01
  07.89207000e+01   06.35682000e+01   03.17761000e+01  -03.45042000e-02
  07.88662000e+01   06.68857000e+01   03.45781000e+01  -02.04376000e-01
  08.07402000e+01   06.95043000e+01   03.16145000e+01   07.60142000e-02
  08.25417000e+01   06.16572000e+01   02.94807000e+01   05.08730000e-03
  08.10189000e+01   06.78629000e+01   02.59165000e+01   06.92200000e-04
  08.30795000e+01   06.07070000e+01   03.25104000e+01   00.00000000e+00
  08.13625000e+01   06.49315000e+01   02.79141000e+01   07.64245000e-02
  07.82986000e+01   06.25313000e+01   03.26163000e+01  -04.66821000e-02
  07.88195000e+01   06.78774000e+01   03.56160000e+01   01.65461000e-02
  08.14696000e+01   07.03680000e+01   03.06914000e+01   05.49912000e-02
  08.27358000e+01   06.28335000e+01   03.14425000e+01   03.30200000e-04
  08.32680000e+01   06.78389000e+01   02.56615000e+01   04.02810000e-03
  08.27000000e+01   05.94221000e+01   03.24495000e+01   00.00000000e+00
  08.01818000e+01   06.39908000e+01   02.81388000e+01  -04.69336000e-02
  07.82257000e+01   06.30661000e+01   03.39232000e+01  -07.68710000e-03
  07.93346000e+01   06.90029000e+01   03.51206000e+01  -03.37389000e-02
  08.17245000e+01   06.95379000e+01   02.96304000e+01   03.64969000e-02
  08.23871000e+01   05.87317000e+01   03.11182000e+01   00.00000000e+00
  07.98492000e+01   06.42457000e+01   02.96309000e+01  -09.58259000e-02
  07.85823000e+01   06.45086000e+01   03.37162000e+01  -01.77941000e-01
  07.97948000e+01   06.87629000e+01   03.38267000e+01   06.74294000e-02
  08.12327000e+01   06.82414000e+01   02.98741000e+01   01.44326000e-01
  08.25513000e+01   05.84959000e+01   03.36848000e+01   00.00000000e+00
  08.34298000e+01   05.88845000e+01   03.49149000e+01   00.00000000e+00
  08.26834000e+01   06.00769000e+01   03.56262000e+01   00.00000000e+00
  08.30548000e+01   06.03691000e+01   03.70510000e+01   00.00000000e+00
  08.28652000e+01   05.91839000e+01   03.81296000e+01   00.00000000e+00
  08.24097000e+01   06.17034000e+01   03.76256000e+01   00.00000000e+00
  08.25255000e+01   06.19760000e+01   03.91182000e+01   00.00000000e+00
  08.37732000e+01   06.25153000e+01   03.98015000e+01   00.00000000e+00
  08.40561000e+01   06.23532000e+01   04.12819000e+01   00.00000000e+00
  08.44616000e+01   06.08648000e+01   04.16903000e+01   00.00000000e+00
  08.28732000e+01   06.27450000e+01   04.22586000e+01   00.00000000e+00
  08.24644000e+01   06.42351000e+01   04.20251000e+01   00.00000000e+00
  08.35217000e+01   06.52705000e+01   04.25578000e+01   00.00000000e+00
  08.29863000e+01   06.66605000e+01   04.25346000e+01   00.00000000e+00
  08.39186000e+01   06.75645000e+01   04.33560000e+01   00.00000000e+00
  08.26159000e+01   06.72104000e+01   04.11735000e+01   00.00000000e+00
  07.93456000e+01   06.74923000e+01   03.34808000e+01   03.65717000e-02
  07.95531000e+01   06.65841000e+01   03.17172000e+01  -06.37550000e-03
  08.15060000e+01   07.24035000e+01   02.99489000e+01   01.79582000e-02
  08.14173000e+01   07.23803000e+01   03.16626000e+01   01.23366000e-02
  08.29353000e+01   07.18327000e+01   03.08902000e+01   01.80857000e-02
  07.75231000e+01   06.84186000e+01   03.72274000e+01  -03.55350000e-03
  07.79094000e+01   06.66093000e+01   03.72735000e+01  -05.48890000e-03
  07.90848000e+01   06.76957000e+01   03.77461000e+01  -05.73590000e-03
  07.71072000e+01   06.08244000e+01   03.26486000e+01  -01.16015000e-02
  07.77273000e+01   06.11550000e+01   03.11912000e+01  -01.03548000e-02
  07.88048000e+01   06.04586000e+01   03.26035000e+01  -01.10806000e-02
  07.85792000e+01   06.53012000e+01   02.73260000e+01  -06.50300000e-03
  07.92408000e+01   06.40648000e+01   02.62643000e+01  -03.84930000e-03
  07.80830000e+01   06.36064000e+01   02.75004000e+01  -06.75510000e-03
  08.21248000e+01   06.74285000e+01   02.38967000e+01   06.96000000e-05
  08.28620000e+01   06.90508000e+01   02.40238000e+01  -02.56130000e-03
  08.39151000e+01   06.75674000e+01   02.37075000e+01  -08.86000000e-04
  08.15403000e+01   07.04208000e+01   03.55203000e+01   02.66600000e-04
  08.10193000e+01   07.14250000e+01   03.68853000e+01   02.07780000e-03
  08.11321000e+01   06.96907000e+01   03.70217000e+01   03.44650000e-03
  07.75500000e+01   06.08673000e+01   03.65977000e+01   02.98050000e-03
  07.83523000e+01   06.04810000e+01   03.48586000e+01  -05.01900000e-04
  08.44811000e+01   06.36586000e+01   02.93458000e+01  -05.40000000e-06
  08.33827000e+01   06.47277000e+01   03.02176000e+01  -02.73660000e-03
  07.93837000e+01   07.11263000e+01   03.51726000e+01   06.65000000e-04
  07.88134000e+01   07.03695000e+01   03.67138000e+01  -04.07950000e-03
  08.29730000e+01   06.35960000e+01   02.72079000e+01   01.58140000e-02
  08.34077000e+01   06.51101000e+01   02.76131000e+01   09.11190000e-03
  08.18617000e+01   06.66348000e+01   04.06117000e+01   00.00000000e+00
  08.22439000e+01   06.82209000e+01   04.13392000e+01   00.00000000e+00
  08.35267000e+01   06.71804000e+01   04.05863000e+01   00.00000000e+00
  08.39352000e+01   06.71519000e+01   04.43586000e+01   00.00000000e+00
  08.49882000e+01   06.75847000e+01   04.29357000e+01   00.00000000e+00
  08.35222000e+01   06.85683000e+01   04.34210000e+01   00.00000000e+00
  08.37652000e+01   06.48496000e+01   04.35581000e+01   00.00000000e+00
  08.45496000e+01   06.52291000e+01   04.19978000e+01   00.00000000e+00
  08.21949000e+01   06.44120000e+01   04.09640000e+01   00.00000000e+00
  08.15057000e+01   06.44661000e+01   04.25375000e+01   00.00000000e+00
  08.20905000e+01   06.21221000e+01   04.18823000e+01   00.00000000e+00
  08.30026000e+01   06.26082000e+01   04.33323000e+01   00.00000000e+00
  08.46856000e+01   06.08056000e+01   04.27643000e+01   00.00000000e+00
  08.35386000e+01   06.03059000e+01   04.14928000e+01   00.00000000e+00
  08.52495000e+01   06.05244000e+01   04.10436000e+01   00.00000000e+00
  08.45347000e+01   06.19130000e+01   03.92927000e+01   00.00000000e+00
  08.39531000e+01   06.35597000e+01   03.94497000e+01   00.00000000e+00
  08.16186000e+01   06.25592000e+01   03.92910000e+01   00.00000000e+00
  08.21577000e+01   06.10674000e+01   03.96541000e+01   00.00000000e+00
  08.28766000e+01   06.26314000e+01   03.72061000e+01   00.00000000e+00
  08.13272000e+01   06.16502000e+01   03.75001000e+01   00.00000000e+00
  08.05495000e+01   07.06895000e+01   03.33940000e+01   07.20400000e-04
  07.81235000e+01   06.51400000e+01   03.56184000e+01  -02.39543000e-02
  07.91623000e+01   06.22965000e+01   03.01253000e+01   04.89340000e-03
  08.34330000e+01   06.75281000e+01   02.79969000e+01  -02.28199000e-02
  07.74962000e+01   06.31342000e+01   03.59894000e+01  -01.51750000e-03
  08.32660000e+01   05.82965000e+01   03.76257000e+01   00.00000000e+00
  08.35493000e+01   05.94498000e+01   03.89284000e+01   00.00000000e+00
  08.19086000e+01   05.89405000e+01   03.85724000e+01   00.00000000e+00
  08.41268000e+01   06.06439000e+01   03.70670000e+01   00.00000000e+00
  08.29132000e+01   06.09328000e+01   03.49638000e+01   00.00000000e+00
  08.16336000e+01   05.99111000e+01   03.56653000e+01   00.00000000e+00
  08.32974000e+01   05.80749000e+01   03.55710000e+01   00.00000000e+00
  08.44884000e+01   05.90434000e+01   03.46784000e+01   00.00000000e+00
  08.15048000e+01   05.84116000e+01   03.37787000e+01   00.00000000e+00
  08.28521000e+01   05.75085000e+01   03.34316000e+01   00.00000000e+00
  08.14119000e+01   05.82951000e+01   03.13139000e+01   00.00000000e+00
  08.25134000e+01   05.93021000e+01   03.02670000e+01   00.00000000e+00
  08.29965000e+01   05.78466000e+01   03.09430000e+01   00.00000000e+00
  08.04326000e+01   06.29078000e+01   02.79282000e+01   05.57290000e-03
  08.11822000e+01   06.52714000e+01   02.68936000e+01  -01.28866000e-02
  08.40860000e+01   06.08536000e+01   03.24293000e+01   00.00000000e+00
  08.21613000e+01   06.66491000e+01   04.31936000e+01   00.00000000e+00
  08.16988000e+01   06.20624000e+01   03.30892000e+01  -01.99830000e-03
  08.11722000e+01   06.13820000e+01   03.15780000e+01  -01.85290000e-03
