  08.35837000e+01   06.42213000e+01   02.78141000e+01  -06.11779000e-02
  07.80217000e+01   06.30345000e+01   03.50610000e+01   01.75852000e-02
  08.03293000e+01   07.07998000e+01   03.54634000e+01   01.01800000e-02
  08.34114000e+01   06.94909000e+01   02.81604000e+01  -01.32723000e-02
  08.10039000e+01   06.56245000e+01   02.96485000e+01  -04.57645000e-02
  08.41946000e+01   06.38530000e+01   02.92289000e+01   02.46758000e-02
  07.71501000e+01   06.19757000e+01   03.51825000e+01  -01.71993000e-02
  08.16589000e+01   07.05608000e+01   03.62921000e+01  -09.39340000e-03
  08.34153000e+01   06.79745000e+01   02.77143000e+01   07.66074000e-02
  07.95828000e+01   06.50202000e+01   03.21888000e+01   09.44338000e-02
  08.40310000e+01   07.03383000e+01   02.75915000e+01   01.54319000e-02
  08.34529000e+01   06.27557000e+01   03.00290000e+01  -01.56515000e-02
  08.32269000e+01   06.77980000e+01   02.62421000e+01  -02.00050000e-02
  08.11534000e+01   06.84403000e+01   03.06067000e+01  -08.09918000e-02
  08.44416000e+01   06.74243000e+01   02.41684000e+01   04.03650000e-03
  08.22722000e+01   06.73336000e+01   02.85231000e+01  -01.43447000e-01
  07.99110000e+01   06.34806000e+01   03.03372000e+01   01.23287000e-02
  07.90840000e+01   06.59613000e+01   03.44048000e+01   02.21683000e-01
  08.09012000e+01   07.01018000e+01   03.24396000e+01  -05.42921000e-02
  07.95855000e+01   06.40107000e+01   02.71488000e+01   02.66866000e-02
  07.83232000e+01   06.14004000e+01   03.21885000e+01   04.35609000e-02
  07.88580000e+01   06.81556000e+01   03.67930000e+01   02.36507000e-02
  08.23898000e+01   07.19333000e+01   03.02038000e+01  -06.09964000e-02
  08.26725000e+01   06.24167000e+01   03.22839000e+01   08.71130000e-03
  08.18396000e+01   06.60246000e+01   02.85917000e+01   01.26858000e-01
  07.94804000e+01   06.37474000e+01   03.16358000e+01  -03.45042000e-02
  07.94382000e+01   06.73134000e+01   03.43294000e+01  -02.04376000e-01
  08.13373000e+01   06.96888000e+01   03.11379000e+01   07.60142000e-02
  08.27977000e+01   06.18472000e+01   02.94617000e+01   05.08730000e-03
  08.21844000e+01   06.78022000e+01   02.55723000e+01   06.92200000e-04
  08.33675000e+01   06.12802000e+01   03.29913000e+01   00.00000000e+00
  08.21216000e+01   06.47951000e+01   02.76938000e+01   07.64245000e-02
  07.87673000e+01   06.28102000e+01   03.25373000e+01  -04.66821000e-02
  07.93524000e+01   06.83963000e+01   03.53780000e+01   01.65461000e-02
  08.21341000e+01   07.05050000e+01   03.01625000e+01   05.49912000e-02
  08.36188000e+01   06.29424000e+01   03.13487000e+01   03.30200000e-04
  08.44506000e+01   06.76572000e+01   02.56178000e+01   04.02810000e-03
  08.29619000e+01   06.02056000e+01   03.37574000e+01   00.00000000e+00
  08.08941000e+01   06.38877000e+01   02.80490000e+01  -04.69336000e-02
  07.86589000e+01   06.34559000e+01   03.37583000e+01  -07.68710000e-03
  07.99800000e+01   06.95078000e+01   03.48057000e+01  -03.37389000e-02
  08.25641000e+01   06.95934000e+01   02.92575000e+01   03.64969000e-02
  08.25612000e+01   05.88536000e+01   03.30891000e+01   00.00000000e+00
  08.06069000e+01   06.43208000e+01   02.94589000e+01  -09.58259000e-02
  07.91303000e+01   06.48733000e+01   03.34423000e+01  -01.77941000e-01
  08.02736000e+01   06.92226000e+01   03.34067000e+01   06.74294000e-02
  08.19624000e+01   06.83466000e+01   02.95091000e+01   01.44326000e-01
  08.27656000e+01   06.02962000e+01   03.52227000e+01   00.00000000e+00
  08.18148000e+01   06.13083000e+01   03.58644000e+01   00.00000000e+00
  08.18201000e+01   06.13699000e+01   03.74447000e+01   00.00000000e+00
  08.30502000e+01   06.19847000e+01   03.81507000e+01   00.00000000e+00
  08.42891000e+01   06.10590000e+01   03.80612000e+01   00.00000000e+00
  08.27767000e+01   06.24203000e+01   03.96131000e+01   00.00000000e+00
  08.35495000e+01   06.37255000e+01   04.00299000e+01   00.00000000e+00
  08.31231000e+01   06.41041000e+01   04.14201000e+01   00.00000000e+00
  08.38388000e+01   06.53183000e+01   04.21564000e+01   00.00000000e+00
  08.40830000e+01   06.51193000e+01   04.36448000e+01   00.00000000e+00
  08.31841000e+01   06.66373000e+01   04.16861000e+01   00.00000000e+00
  08.38935000e+01   06.80094000e+01   04.20177000e+01   00.00000000e+00
  08.51166000e+01   06.81807000e+01   04.10200000e+01   00.00000000e+00
  08.60129000e+01   06.94279000e+01   04.13523000e+01   00.00000000e+00
  08.65061000e+01   06.93180000e+01   04.28414000e+01   00.00000000e+00
  08.72155000e+01   06.94388000e+01   04.04354000e+01   00.00000000e+00
  07.99389000e+01   06.79025000e+01   03.31653000e+01   03.65717000e-02
  08.03461000e+01   06.68202000e+01   03.13192000e+01  -06.37550000e-03
  08.33072000e+01   07.21228000e+01   03.07539000e+01   01.79582000e-02
  08.25917000e+01   07.23064000e+01   02.91941000e+01   01.23366000e-02
  08.15795000e+01   07.24188000e+01   03.07530000e+01   01.80857000e-02
  07.80885000e+01   06.74411000e+01   03.69338000e+01  -03.55350000e-03
  07.97426000e+01   06.79046000e+01   03.74887000e+01  -05.48890000e-03
  07.83812000e+01   06.90363000e+01   03.70997000e+01  -05.73590000e-03
  07.85173000e+01   06.12246000e+01   03.11252000e+01  -01.16015000e-02
  07.88785000e+01   06.08786000e+01   03.28816000e+01  -01.03548000e-02
  07.72304000e+01   06.14995000e+01   03.23580000e+01  -01.10806000e-02
  07.97152000e+01   06.34924000e+01   02.62175000e+01  -06.50300000e-03
  07.87242000e+01   06.35174000e+01   02.75710000e+01  -03.84930000e-03
  07.93764000e+01   06.50960000e+01   02.69143000e+01  -06.75510000e-03
  08.41992000e+01   06.64222000e+01   02.38379000e+01   06.96000000e-05
  08.37369000e+01   06.81579000e+01   02.36340000e+01  -02.56130000e-03
  08.54696000e+01   06.75320000e+01   02.37879000e+01  -08.86000000e-04
  08.20567000e+01   07.15684000e+01   03.66149000e+01   02.66600000e-04
  08.14937000e+01   07.01146000e+01   03.72026000e+01   02.07780000e-03
  08.23178000e+01   06.99219000e+01   03.57562000e+01   03.44650000e-03
  07.66874000e+01   06.15775000e+01   03.61468000e+01   02.98050000e-03
  07.68526000e+01   06.13513000e+01   03.43701000e+01  -05.01900000e-04
  08.52450000e+01   06.36480000e+01   02.91414000e+01  -05.40000000e-06
  08.40445000e+01   06.46873000e+01   02.99711000e+01  -02.73660000e-03
  08.05438000e+01   07.15909000e+01   03.47143000e+01   06.65000000e-04
  07.94750000e+01   07.10670000e+01   03.61133000e+01  -04.07950000e-03
  08.35092000e+01   06.32534000e+01   02.72989000e+01   01.58140000e-02
  08.41801000e+01   06.49565000e+01   02.73011000e+01   09.11190000e-03
  08.68087000e+01   06.93733000e+01   03.94113000e+01   00.00000000e+00
  08.78700000e+01   07.03233000e+01   04.06443000e+01   00.00000000e+00
  08.77440000e+01   06.85709000e+01   04.07180000e+01   00.00000000e+00
  08.58038000e+01   06.96413000e+01   04.35022000e+01   00.00000000e+00
  08.66939000e+01   06.82619000e+01   04.30551000e+01   00.00000000e+00
  08.73204000e+01   06.99107000e+01   04.31344000e+01   00.00000000e+00
  08.57221000e+01   06.72624000e+01   04.11917000e+01   00.00000000e+00
  08.46586000e+01   06.82299000e+01   04.00443000e+01   00.00000000e+00
  08.32464000e+01   06.88933000e+01   04.19842000e+01   00.00000000e+00
  08.42103000e+01   06.79267000e+01   04.30660000e+01   00.00000000e+00
  08.33430000e+01   06.65212000e+01   04.06446000e+01   00.00000000e+00
  08.21631000e+01   06.66491000e+01   04.20005000e+01   00.00000000e+00
  08.45001000e+01   06.41110000e+01   04.37910000e+01   00.00000000e+00
  08.50400000e+01   06.56728000e+01   04.39407000e+01   00.00000000e+00
  08.33092000e+01   06.53525000e+01   04.43314000e+01   00.00000000e+00
  08.20492000e+01   06.43373000e+01   04.14030000e+01   00.00000000e+00
  08.32339000e+01   06.33361000e+01   04.21967000e+01   00.00000000e+00
  08.45973000e+01   06.35373000e+01   04.01369000e+01   00.00000000e+00
  08.34485000e+01   06.44519000e+01   03.93919000e+01   00.00000000e+00
  08.17232000e+01   06.25214000e+01   03.98188000e+01   00.00000000e+00
  08.32394000e+01   06.17633000e+01   04.03551000e+01   00.00000000e+00
  08.09822000e+01   07.11609000e+01   03.26248000e+01   07.20400000e-04
  07.87215000e+01   06.57043000e+01   03.53695000e+01  -02.39543000e-02
  07.97066000e+01   06.24306000e+01   03.00620000e+01   04.89340000e-03
  08.43240000e+01   06.73934000e+01   02.79647000e+01  -02.28199000e-02
  07.82619000e+01   06.35233000e+01   03.60146000e+01  -01.51750000e-03
  08.40365000e+01   06.00454000e+01   03.78925000e+01   00.00000000e+00
  08.49260000e+01   06.14108000e+01   03.72629000e+01   00.00000000e+00
  08.48675000e+01   06.11133000e+01   03.89333000e+01   00.00000000e+00
  08.32021000e+01   06.28834000e+01   03.76130000e+01   00.00000000e+00
  08.09326000e+01   06.19419000e+01   03.77680000e+01   00.00000000e+00
  08.17222000e+01   06.02854000e+01   03.76836000e+01   00.00000000e+00
  08.20627000e+01   06.23126000e+01   03.56422000e+01   00.00000000e+00
  08.07963000e+01   06.11420000e+01   03.54340000e+01   00.00000000e+00
  08.23903000e+01   05.93101000e+01   03.54373000e+01   00.00000000e+00
  08.36902000e+01   06.04229000e+01   03.56890000e+01   00.00000000e+00
  08.29988000e+01   05.81340000e+01   03.37636000e+01   00.00000000e+00
  08.15167000e+01   05.89302000e+01   03.30518000e+01   00.00000000e+00
  08.30596000e+01   05.87428000e+01   03.20972000e+01   00.00000000e+00
  08.10757000e+01   06.28391000e+01   02.80843000e+01   05.57290000e-03
  08.20144000e+01   06.53083000e+01   02.66741000e+01  -01.28866000e-02
  08.44250000e+01   06.13548000e+01   03.28732000e+01   00.00000000e+00
  08.55423000e+01   07.03533000e+01   04.11130000e+01   00.00000000e+00
  08.24200000e+01   06.31775000e+01   03.30446000e+01  -01.99830000e-03
  08.17871000e+01   06.21345000e+01   03.17805000e+01  -01.85290000e-03
