  08.52453000e+01   06.56535000e+01   02.82258000e+01  -06.11779000e-02
  07.95020000e+01   06.40748000e+01   03.51261000e+01   01.75852000e-02
  08.16682000e+01   07.17149000e+01   03.58650000e+01   01.01800000e-02
  08.46443000e+01   07.08224000e+01   02.81907000e+01  -01.32723000e-02
  08.26654000e+01   06.67706000e+01   02.99453000e+01  -04.57645000e-02
  08.56125000e+01   06.51642000e+01   02.95885000e+01   02.46758000e-02
  07.95788000e+01   06.27701000e+01   03.55773000e+01  -01.71993000e-02
  08.30477000e+01   07.19389000e+01   03.65450000e+01  -09.39340000e-03
  08.47419000e+01   06.92700000e+01   02.78390000e+01   07.66074000e-02
  08.12859000e+01   06.60636000e+01   03.24391000e+01   09.44338000e-02
  08.51779000e+01   07.17162000e+01   02.75042000e+01   01.54319000e-02
  08.52610000e+01   06.38547000e+01   03.00889000e+01  -01.56515000e-02
  08.43811000e+01   06.92215000e+01   02.63570000e+01  -02.00050000e-02
  08.28249000e+01   06.95406000e+01   03.09065000e+01  -08.09918000e-02
  08.52435000e+01   06.92782000e+01   02.41327000e+01   04.03650000e-03
  08.38067000e+01   06.85521000e+01   02.88517000e+01  -01.43447000e-01
  08.16864000e+01   06.46492000e+01   03.05222000e+01   01.23287000e-02
  08.06055000e+01   06.70034000e+01   03.46270000e+01   02.21683000e-01
  08.26015000e+01   07.10786000e+01   03.27784000e+01  -05.42921000e-02
  08.15294000e+01   06.52435000e+01   02.73013000e+01   02.66866000e-02
  08.02464000e+01   06.24834000e+01   03.24142000e+01   04.35609000e-02
  08.05422000e+01   06.89566000e+01   03.70012000e+01   02.36507000e-02
  08.36657000e+01   07.32939000e+01   03.05466000e+01  -06.09964000e-02
  08.50210000e+01   06.24797000e+01   03.20397000e+01   08.71130000e-03
  08.33617000e+01   06.72550000e+01   02.89267000e+01   01.26858000e-01
  08.12140000e+01   06.48650000e+01   03.18243000e+01  -03.45042000e-02
  08.11368000e+01   06.83084000e+01   03.46076000e+01  -02.04376000e-01
  08.29838000e+01   07.08046000e+01   03.14503000e+01   07.60142000e-02
  08.47536000e+01   06.29280000e+01   02.94831000e+01   05.08730000e-03
  08.32598000e+01   06.91226000e+01   02.58685000e+01   06.92200000e-04
  08.55997000e+01   06.24427000e+01   03.34975000e+01   00.00000000e+00
  08.38334000e+01   06.61672000e+01   02.80151000e+01   07.64245000e-02
  08.05568000e+01   06.39039000e+01   03.27174000e+01  -04.66821000e-02
  08.11237000e+01   06.92344000e+01   03.56307000e+01   01.65461000e-02
  08.35013000e+01   07.17565000e+01   03.04363000e+01   05.49912000e-02
  08.55727000e+01   06.36607000e+01   03.14162000e+01   03.30200000e-04
  08.55231000e+01   06.93154000e+01   02.55649000e+01   04.02810000e-03
  08.49847000e+01   06.19313000e+01   03.45514000e+01   00.00000000e+00
  08.27425000e+01   06.50471000e+01   02.82556000e+01  -04.69336000e-02
  08.01186000e+01   06.46369000e+01   03.38622000e+01  -07.68710000e-03
  08.16075000e+01   07.04458000e+01   03.50734000e+01  -03.37389000e-02
  08.39532000e+01   07.08733000e+01   02.94051000e+01   03.64969000e-02
  08.52562000e+01   06.05174000e+01   03.50620000e+01   00.00000000e+00
  08.23394000e+01   06.55301000e+01   02.96612000e+01  -09.58259000e-02
  08.07012000e+01   06.59813000e+01   03.37035000e+01  -01.77941000e-01
  08.20003000e+01   07.01983000e+01   03.37353000e+01   06.74294000e-02
  08.35200000e+01   06.95652000e+01   02.97633000e+01   01.44326000e-01
  08.41065000e+01   06.27788000e+01   03.54990000e+01   00.00000000e+00
  08.40340000e+01   06.24846000e+01   03.70611000e+01   00.00000000e+00
  08.53897000e+01   06.29173000e+01   03.77917000e+01   00.00000000e+00
  08.54569000e+01   06.28273000e+01   03.92603000e+01   00.00000000e+00
  08.51471000e+01   06.14424000e+01   03.97775000e+01   00.00000000e+00
  08.46607000e+01   06.39292000e+01   04.00573000e+01   00.00000000e+00
  08.48053000e+01   06.39053000e+01   04.15769000e+01   00.00000000e+00
  08.41905000e+01   06.51625000e+01   04.21958000e+01   00.00000000e+00
  08.44287000e+01   06.55213000e+01   04.37257000e+01   00.00000000e+00
  08.40210000e+01   06.42881000e+01   04.45728000e+01   00.00000000e+00
  08.58549000e+01   06.60319000e+01   04.39927000e+01   00.00000000e+00
  08.61214000e+01   06.74338000e+01   04.35077000e+01   00.00000000e+00
  08.52269000e+01   06.85461000e+01   04.40756000e+01   00.00000000e+00
  08.56725000e+01   06.99719000e+01   04.38766000e+01   00.00000000e+00
  08.70532000e+01   07.03334000e+01   04.44865000e+01   00.00000000e+00
  08.54505000e+01   07.04575000e+01   04.24044000e+01   00.00000000e+00
  08.16685000e+01   06.89049000e+01   03.34433000e+01   03.65717000e-02
  08.19690000e+01   06.78123000e+01   03.16059000e+01  -06.37550000e-03
  08.45373000e+01   07.34088000e+01   03.12075000e+01   01.79582000e-02
  08.38778000e+01   07.36487000e+01   02.95423000e+01   01.23366000e-02
  08.28434000e+01   07.38063000e+01   03.10276000e+01   01.80857000e-02
  07.96410000e+01   06.95076000e+01   03.72649000e+01  -03.55350000e-03
  08.02758000e+01   06.79253000e+01   03.70627000e+01  -05.48890000e-03
  08.13054000e+01   06.91309000e+01   03.77109000e+01  -05.73590000e-03
  07.93324000e+01   06.20246000e+01   03.28668000e+01  -01.16015000e-02
  08.02813000e+01   06.22901000e+01   03.13696000e+01  -01.03548000e-02
  08.11077000e+01   06.20972000e+01   03.28996000e+01  -01.10806000e-02
  08.06822000e+01   06.47081000e+01   02.75269000e+01  -06.50300000e-03
  08.13458000e+01   06.63074000e+01   02.69818000e+01  -03.84930000e-03
  08.17674000e+01   06.46735000e+01   02.63921000e+01  -06.75510000e-03
  08.46014000e+01   06.84234000e+01   02.38355000e+01   06.96000000e-05
  08.47479000e+01   07.01846000e+01   02.38593000e+01  -02.56130000e-03
  08.61486000e+01   06.91198000e+01   02.36598000e+01  -08.86000000e-04
  08.37040000e+01   07.23419000e+01   03.58207000e+01   02.66600000e-04
  08.30153000e+01   07.25070000e+01   03.74498000e+01   02.07780000e-03
  08.34107000e+01   07.09483000e+01   03.67197000e+01   03.44650000e-03
  07.91739000e+01   06.24642000e+01   03.65714000e+01   02.98050000e-03
  08.02270000e+01   06.20116000e+01   03.49834000e+01  -05.01900000e-04
  08.67228000e+01   06.52090000e+01   02.96788000e+01  -05.40000000e-06
  08.53232000e+01   06.58551000e+01   03.03098000e+01  -02.73660000e-03
  08.13065000e+01   07.25770000e+01   03.52605000e+01   06.65000000e-04
  08.09627000e+01   07.16965000e+01   03.67211000e+01  -04.07950000e-03
  08.54366000e+01   06.48840000e+01   02.74716000e+01   01.58140000e-02
  08.58731000e+01   06.65273000e+01   02.80153000e+01   09.11190000e-03
  08.44022000e+01   07.04790000e+01   04.23524000e+01   00.00000000e+00
  08.57915000e+01   07.14635000e+01   04.22982000e+01   00.00000000e+00
  08.58959000e+01   06.97868000e+01   04.17004000e+01   00.00000000e+00
  08.78430000e+01   06.98877000e+01   04.39115000e+01   00.00000000e+00
  08.71820000e+01   07.13686000e+01   04.45480000e+01   00.00000000e+00
  08.70869000e+01   06.97407000e+01   04.54297000e+01   00.00000000e+00
  08.42058000e+01   06.85283000e+01   04.37337000e+01   00.00000000e+00
  08.51302000e+01   06.83276000e+01   04.51479000e+01   00.00000000e+00
  08.71560000e+01   06.76505000e+01   04.38739000e+01   00.00000000e+00
  08.61859000e+01   06.75137000e+01   04.23538000e+01   00.00000000e+00
  08.60891000e+01   06.60156000e+01   04.51015000e+01   00.00000000e+00
  08.64947000e+01   06.52900000e+01   04.35763000e+01   00.00000000e+00
  08.30128000e+01   06.40109000e+01   04.43544000e+01   00.00000000e+00
  08.46262000e+01   06.34302000e+01   04.43528000e+01   00.00000000e+00
  08.41788000e+01   06.46593000e+01   04.56359000e+01   00.00000000e+00
  08.47019000e+01   06.59856000e+01   04.17108000e+01   00.00000000e+00
  08.31380000e+01   06.52208000e+01   04.20331000e+01   00.00000000e+00
  08.43064000e+01   06.30512000e+01   04.20050000e+01   00.00000000e+00
  08.58920000e+01   06.39577000e+01   04.17022000e+01   00.00000000e+00
  08.51836000e+01   06.48127000e+01   03.97139000e+01   00.00000000e+00
  08.35867000e+01   06.39595000e+01   03.97646000e+01   00.00000000e+00
  08.27382000e+01   07.20936000e+01   03.31319000e+01   07.20400000e-04
  08.02030000e+01   06.66053000e+01   03.55895000e+01  -02.39543000e-02
  08.14840000e+01   06.36880000e+01   03.01895000e+01   04.89340000e-03
  08.57444000e+01   06.89289000e+01   02.79953000e+01  -02.28199000e-02
  07.89425000e+01   06.47306000e+01   03.57754000e+01  -01.51750000e-03
  08.53191000e+01   06.13214000e+01   04.08543000e+01   00.00000000e+00
  08.40797000e+01   06.11616000e+01   03.96917000e+01   00.00000000e+00
  08.57636000e+01   06.07192000e+01   03.91786000e+01   00.00000000e+00
  08.64537000e+01   06.30433000e+01   03.95252000e+01   00.00000000e+00
  08.62165000e+01   06.23834000e+01   03.74277000e+01   00.00000000e+00
  08.55122000e+01   06.39419000e+01   03.74845000e+01   00.00000000e+00
  08.32543000e+01   06.31351000e+01   03.74851000e+01   00.00000000e+00
  08.36945000e+01   06.14992000e+01   03.72506000e+01   00.00000000e+00
  08.43811000e+01   06.37891000e+01   03.51668000e+01   00.00000000e+00
  08.30622000e+01   06.25244000e+01   03.51796000e+01   00.00000000e+00
  08.42210000e+01   05.99957000e+01   03.52377000e+01   00.00000000e+00
  08.58755000e+01   05.99698000e+01   03.44049000e+01   00.00000000e+00
  08.59148000e+01   06.06000000e+01   03.59691000e+01   00.00000000e+00
  08.29590000e+01   06.39766000e+01   02.82139000e+01   05.57290000e-03
  08.37715000e+01   06.65335000e+01   02.69434000e+01  -01.28866000e-02
  08.66259000e+01   06.27817000e+01   03.36040000e+01   00.00000000e+00
  08.50446000e+01   07.04833000e+01   04.45604000e+01   00.00000000e+00
  08.38927000e+01   06.25692000e+01   03.20923000e+01  -01.99830000e-03
  08.52535000e+01   06.15912000e+01   03.14044000e+01  -01.85290000e-03
