  08.36736000e+01   06.45296000e+01   02.87842000e+01  -06.11779000e-02
  07.84728000e+01   06.33290000e+01   03.59998000e+01   01.75852000e-02
  08.04191000e+01   07.09136000e+01   03.65561000e+01   01.01800000e-02
  08.33619000e+01   06.97703000e+01   02.90284000e+01  -01.32723000e-02
  08.09873000e+01   06.59039000e+01   03.05187000e+01  -04.57645000e-02
  08.42796000e+01   06.43549000e+01   03.02330000e+01   02.46758000e-02
  07.73548000e+01   06.25765000e+01   03.62088000e+01  -01.71993000e-02
  08.19160000e+01   07.09575000e+01   03.68200000e+01  -09.39340000e-03
  08.36495000e+01   06.82715000e+01   02.86791000e+01   07.66074000e-02
  07.96611000e+01   06.53218000e+01   03.30912000e+01   09.44338000e-02
  08.39715000e+01   07.06865000e+01   02.84704000e+01   01.54319000e-02
  08.37067000e+01   06.31819000e+01   03.10581000e+01  -01.56515000e-02
  08.33877000e+01   06.80584000e+01   02.72300000e+01  -02.00050000e-02
  08.13690000e+01   06.86218000e+01   03.16148000e+01  -08.09918000e-02
  08.42864000e+01   06.76659000e+01   02.49893000e+01   04.03650000e-03
  08.25835000e+01   06.75708000e+01   02.95814000e+01  -01.43447000e-01
  07.98469000e+01   06.37961000e+01   03.11757000e+01   01.23287000e-02
  07.93401000e+01   06.60982000e+01   03.53760000e+01   02.21683000e-01
  08.11602000e+01   07.01780000e+01   03.34915000e+01  -05.42921000e-02
  07.98216000e+01   06.44518000e+01   02.79902000e+01   02.66866000e-02
  07.85438000e+01   06.17398000e+01   03.31228000e+01   04.35609000e-02
  07.91331000e+01   06.82525000e+01   03.77010000e+01   02.36507000e-02
  08.24842000e+01   07.21615000e+01   03.12817000e+01  -06.09964000e-02
  08.24057000e+01   06.28067000e+01   03.30553000e+01   08.71130000e-03
  08.19933000e+01   06.62870000e+01   02.95664000e+01   01.26858000e-01
  07.95495000e+01   06.40394000e+01   03.24811000e+01  -03.45042000e-02
  07.96822000e+01   06.75002000e+01   03.52024000e+01  -02.04376000e-01
  08.15872000e+01   06.98670000e+01   03.21761000e+01   07.60142000e-02
  08.33439000e+01   06.20707000e+01   03.06379000e+01   05.08730000e-03
  08.22875000e+01   06.82857000e+01   02.66858000e+01   06.92200000e-04
  08.29014000e+01   06.16168000e+01   03.37651000e+01   00.00000000e+00
  08.22431000e+01   06.51113000e+01   02.85691000e+01   07.64245000e-02
  07.88876000e+01   06.31048000e+01   03.33972000e+01  -04.66821000e-02
  07.95531000e+01   06.84857000e+01   03.63394000e+01   01.65461000e-02
  08.21470000e+01   07.07161000e+01   03.11782000e+01   05.49912000e-02
  08.35394000e+01   06.35398000e+01   03.23940000e+01   03.30200000e-04
  08.44644000e+01   06.76400000e+01   02.64520000e+01   04.02810000e-03
  08.21639000e+01   06.05223000e+01   03.41387000e+01   00.00000000e+00
  08.10398000e+01   06.42306000e+01   02.89076000e+01  -04.69336000e-02
  07.88934000e+01   06.37703000e+01   03.46247000e+01  -07.68710000e-03
  08.01003000e+01   06.96769000e+01   03.57782000e+01  -03.37389000e-02
  08.25644000e+01   06.98225000e+01   03.02071000e+01   03.64969000e-02
  08.20901000e+01   05.93189000e+01   03.31572000e+01   00.00000000e+00
  08.05666000e+01   06.46199000e+01   03.03020000e+01  -09.58259000e-02
  07.92613000e+01   06.51270000e+01   03.43526000e+01  -01.77941000e-01
  08.05316000e+01   06.93561000e+01   03.43993000e+01   06.74294000e-02
  08.21357000e+01   06.85566000e+01   03.05240000e+01   01.44326000e-01
  08.18778000e+01   06.01910000e+01   03.55853000e+01   00.00000000e+00
  08.13987000e+01   06.13221000e+01   03.64915000e+01   00.00000000e+00
  08.18854000e+01   06.11024000e+01   03.79243000e+01   00.00000000e+00
  08.32819000e+01   06.17448000e+01   03.83827000e+01   00.00000000e+00
  08.44511000e+01   06.11209000e+01   03.76480000e+01   00.00000000e+00
  08.34497000e+01   06.15482000e+01   03.99338000e+01   00.00000000e+00
  08.46398000e+01   06.23610000e+01   04.06040000e+01   00.00000000e+00
  08.43333000e+01   06.26322000e+01   04.20960000e+01   00.00000000e+00
  08.30248000e+01   06.35060000e+01   04.24199000e+01   00.00000000e+00
  08.25084000e+01   06.31384000e+01   04.38504000e+01   00.00000000e+00
  08.31064000e+01   06.50471000e+01   04.22757000e+01   00.00000000e+00
  08.39259000e+01   06.59489000e+01   04.32105000e+01   00.00000000e+00
  08.35026000e+01   06.74374000e+01   04.30720000e+01   00.00000000e+00
  08.43850000e+01   06.84695000e+01   04.38225000e+01   00.00000000e+00
  08.40122000e+01   06.98977000e+01   04.35415000e+01   00.00000000e+00
  08.41839000e+01   06.81873000e+01   04.53924000e+01   00.00000000e+00
  08.01041000e+01   06.80786000e+01   03.40686000e+01   03.65717000e-02
  08.04476000e+01   06.70089000e+01   03.22587000e+01  -06.37550000e-03
  08.20723000e+01   07.26557000e+01   03.22070000e+01   01.79582000e-02
  08.35877000e+01   07.23233000e+01   03.10391000e+01   01.23366000e-02
  08.19835000e+01   07.25808000e+01   03.04247000e+01   01.80857000e-02
  07.84937000e+01   06.89754000e+01   03.80610000e+01  -03.55350000e-03
  07.86463000e+01   06.73202000e+01   03.78433000e+01  -05.48890000e-03
  08.00577000e+01   06.81652000e+01   03.82773000e+01  -05.73590000e-03
  07.86979000e+01   06.14413000e+01   03.20782000e+01  -01.16015000e-02
  07.90329000e+01   06.11085000e+01   03.39319000e+01  -01.03548000e-02
  07.75019000e+01   06.17025000e+01   03.33360000e+01  -01.10806000e-02
  07.95162000e+01   06.54907000e+01   02.78182000e+01  -06.50300000e-03
  08.02449000e+01   06.40606000e+01   02.70590000e+01  -03.84930000e-03
  07.89881000e+01   06.39342000e+01   02.83439000e+01  -06.75510000e-03
  08.37328000e+01   06.67858000e+01   02.46308000e+01   06.96000000e-05
  08.39395000e+01   06.86070000e+01   02.45782000e+01  -02.56130000e-03
  08.51872000e+01   06.75851000e+01   02.44362000e+01  -08.86000000e-04
  08.21541000e+01   07.17849000e+01   03.74925000e+01   02.66600000e-04
  08.22916000e+01   07.00757000e+01   03.72569000e+01   02.07780000e-03
  08.25448000e+01   07.10780000e+01   03.59640000e+01   03.44650000e-03
  07.70667000e+01   06.20992000e+01   03.71760000e+01   02.98050000e-03
  07.66688000e+01   06.22084000e+01   03.53834000e+01  -05.01900000e-04
  08.53325000e+01   06.41211000e+01   02.99828000e+01  -05.40000000e-06
  08.41511000e+01   06.52438000e+01   03.08224000e+01  -02.73660000e-03
  08.00237000e+01   07.18060000e+01   03.60546000e+01   06.65000000e-04
  07.99267000e+01   07.07979000e+01   03.75625000e+01  -04.07950000e-03
  08.36802000e+01   06.35483000e+01   02.83229000e+01   01.58140000e-02
  08.43563000e+01   06.51024000e+01   02.81822000e+01   09.11190000e-03
  08.48469000e+01   06.73793000e+01   04.56208000e+01   00.00000000e+00
  08.46597000e+01   06.89862000e+01   04.59777000e+01   00.00000000e+00
  08.32409000e+01   06.79655000e+01   04.58025000e+01   00.00000000e+00
  08.29495000e+01   07.01585000e+01   04.37660000e+01   00.00000000e+00
  08.48123000e+01   07.05473000e+01   04.39496000e+01   00.00000000e+00
  08.41955000e+01   06.99489000e+01   04.24642000e+01   00.00000000e+00
  08.34263000e+01   06.77444000e+01   04.20027000e+01   00.00000000e+00
  08.24283000e+01   06.75333000e+01   04.33693000e+01   00.00000000e+00
  08.37373000e+01   06.55380000e+01   04.42128000e+01   00.00000000e+00
  08.49905000e+01   06.58058000e+01   04.29574000e+01   00.00000000e+00
  08.33873000e+01   06.52000000e+01   04.12028000e+01   00.00000000e+00
  08.21024000e+01   06.54449000e+01   04.22852000e+01   00.00000000e+00
  08.22915000e+01   06.20579000e+01   04.38940000e+01   00.00000000e+00
  08.31935000e+01   06.34299000e+01   04.46838000e+01   00.00000000e+00
  08.15671000e+01   06.35807000e+01   04.41626000e+01   00.00000000e+00
  08.42162000e+01   06.17303000e+01   04.26328000e+01   00.00000000e+00
  08.51727000e+01   06.31777000e+01   04.25272000e+01   00.00000000e+00
  08.55535000e+01   06.18707000e+01   04.03315000e+01   00.00000000e+00
  08.46689000e+01   06.32995000e+01   04.00652000e+01   00.00000000e+00
  08.25140000e+01   06.17769000e+01   04.03107000e+01   00.00000000e+00
  08.35315000e+01   06.04684000e+01   04.01766000e+01   00.00000000e+00
  08.12411000e+01   07.12219000e+01   03.37721000e+01   07.20400000e-04
  07.91390000e+01   06.57262000e+01   03.63163000e+01  -02.39543000e-02
  07.96353000e+01   06.28031000e+01   03.07407000e+01   04.89340000e-03
  08.45796000e+01   06.77934000e+01   02.89276000e+01  -02.28199000e-02
  07.90851000e+01   06.37084000e+01   03.68841000e+01  -01.51750000e-03
  08.44548000e+01   06.14856000e+01   03.65867000e+01   00.00000000e+00
  08.54363000e+01   06.13925000e+01   03.79908000e+01   00.00000000e+00
  08.43207000e+01   06.00046000e+01   03.76729000e+01   00.00000000e+00
  08.30332000e+01   06.28060000e+01   03.80627000e+01   00.00000000e+00
  08.09986000e+01   06.15375000e+01   03.84057000e+01   00.00000000e+00
  08.18390000e+01   06.00188000e+01   03.81169000e+01   00.00000000e+00
  08.17394000e+01   06.22776000e+01   03.61226000e+01   00.00000000e+00
  08.03037000e+01   06.12295000e+01   03.63835000e+01   00.00000000e+00
  08.11215000e+01   05.93805000e+01   03.56067000e+01   00.00000000e+00
  08.28127000e+01   05.97258000e+01   03.59744000e+01   00.00000000e+00
  08.27275000e+01   05.84615000e+01   03.34628000e+01   00.00000000e+00
  08.10760000e+01   05.89614000e+01   03.31730000e+01   00.00000000e+00
  08.23359000e+01   05.94758000e+01   03.21775000e+01   00.00000000e+00
  08.13205000e+01   06.32070000e+01   02.87546000e+01   05.57290000e-03
  08.22311000e+01   06.54464000e+01   02.75508000e+01  -01.28866000e-02
  08.39835000e+01   06.15990000e+01   03.38232000e+01   00.00000000e+00
  08.54390000e+01   06.82821000e+01   04.35223000e+01   00.00000000e+00
  08.19081000e+01   06.34933000e+01   03.36913000e+01  -01.99830000e-03
  08.17098000e+01   06.24446000e+01   03.23584000e+01  -01.85290000e-03
