  08.59838000e+01   06.58978000e+01   02.85530000e+01  -06.11779000e-02
  08.02560000e+01   06.38295000e+01   03.53956000e+01   01.75852000e-02
  08.17584000e+01   07.16604000e+01   03.62600000e+01   01.01800000e-02
  08.52721000e+01   07.10812000e+01   02.87583000e+01  -01.32723000e-02
  08.32832000e+01   06.68044000e+01   03.02226000e+01  -04.57645000e-02
  08.62338000e+01   06.52411000e+01   02.99102000e+01   02.46758000e-02
  07.94400000e+01   06.27413000e+01   03.53261000e+01  -01.71993000e-02
  08.30562000e+01   07.17446000e+01   03.71352000e+01  -09.39340000e-03
  08.54288000e+01   06.95358000e+01   02.84501000e+01   07.66074000e-02
  08.20440000e+01   06.59702000e+01   03.28129000e+01   09.44338000e-02
  08.57444000e+01   07.19837000e+01   02.81124000e+01   01.54319000e-02
  08.60538000e+01   06.37880000e+01   03.02387000e+01  -01.56515000e-02
  08.52594000e+01   06.92790000e+01   02.70089000e+01  -02.00050000e-02
  08.34251000e+01   06.95856000e+01   03.14105000e+01  -08.09918000e-02
  08.63223000e+01   06.87635000e+01   02.49028000e+01   04.03650000e-03
  08.45265000e+01   06.87426000e+01   02.93574000e+01  -01.43447000e-01
  08.24361000e+01   06.45455000e+01   03.08304000e+01   01.23287000e-02
  08.11394000e+01   06.68359000e+01   03.50165000e+01   02.21683000e-01
  08.27967000e+01   07.10764000e+01   03.32309000e+01  -05.42921000e-02
  08.23161000e+01   06.52643000e+01   02.75498000e+01   02.66866000e-02
  08.14812000e+01   06.22317000e+01   03.27122000e+01   04.35609000e-02
  08.08460000e+01   06.90023000e+01   03.74729000e+01   02.36507000e-02
  08.42749000e+01   07.31989000e+01   03.12417000e+01  -06.09964000e-02
  08.58225000e+01   06.21132000e+01   03.19848000e+01   08.71130000e-03
  08.40715000e+01   06.73766000e+01   02.93033000e+01   01.26858000e-01
  08.20299000e+01   06.47667000e+01   03.21431000e+01  -03.45042000e-02
  08.14200000e+01   06.81722000e+01   03.49673000e+01  -02.04376000e-01
  08.33505000e+01   07.08654000e+01   03.19418000e+01   07.60142000e-02
  08.58970000e+01   06.29176000e+01   02.94021000e+01   05.08730000e-03
  08.42149000e+01   06.92886000e+01   02.63927000e+01   06.92200000e-04
  08.62118000e+01   06.19081000e+01   03.34942000e+01   00.00000000e+00
  08.45240000e+01   06.62761000e+01   02.82873000e+01   07.64245000e-02
  08.14800000e+01   06.37511000e+01   03.30237000e+01  -04.66821000e-02
  08.13230000e+01   06.91568000e+01   03.60403000e+01   01.65461000e-02
  08.41017000e+01   07.17868000e+01   03.10683000e+01   05.49912000e-02
  08.60918000e+01   06.35057000e+01   03.15874000e+01   03.30200000e-04
  08.64748000e+01   06.89864000e+01   02.63412000e+01   04.02810000e-03
  08.54366000e+01   06.15542000e+01   03.44903000e+01   00.00000000e+00
  08.35108000e+01   06.51298000e+01   02.84944000e+01  -04.69336000e-02
  08.09988000e+01   06.43900000e+01   03.41899000e+01  -07.68710000e-03
  08.16930000e+01   07.03716000e+01   03.54299000e+01  -03.37389000e-02
  08.45379000e+01   07.09888000e+01   03.00226000e+01   03.64969000e-02
  08.51575000e+01   06.01327000e+01   03.48723000e+01   00.00000000e+00
  08.30543000e+01   06.54450000e+01   02.99425000e+01  -09.58259000e-02
  08.14360000e+01   06.58173000e+01   03.40672000e+01  -01.77941000e-01
  08.22439000e+01   07.00984000e+01   03.41226000e+01   06.74294000e-02
  08.41731000e+01   06.96613000e+01   03.02883000e+01   01.44326000e-01
  08.47614000e+01   06.26688000e+01   03.52135000e+01   00.00000000e+00
  08.46738000e+01   06.27174000e+01   03.67344000e+01   00.00000000e+00
  08.60579000e+01   06.26790000e+01   03.73539000e+01   00.00000000e+00
  08.60893000e+01   06.24595000e+01   03.88908000e+01   00.00000000e+00
  08.58931000e+01   06.10405000e+01   03.92930000e+01   00.00000000e+00
  08.53338000e+01   06.34931000e+01   03.97502000e+01   00.00000000e+00
  08.58014000e+01   06.35924000e+01   04.12443000e+01   00.00000000e+00
  08.49876000e+01   06.47161000e+01   04.18501000e+01   00.00000000e+00
  08.48489000e+01   06.46060000e+01   04.33665000e+01   00.00000000e+00
  08.42570000e+01   06.33103000e+01   04.39881000e+01   00.00000000e+00
  08.60603000e+01   06.51304000e+01   04.41671000e+01   00.00000000e+00
  08.65331000e+01   06.65172000e+01   04.38064000e+01   00.00000000e+00
  08.55554000e+01   06.75609000e+01   04.44931000e+01   00.00000000e+00
  08.58576000e+01   06.90325000e+01   04.43139000e+01   00.00000000e+00
  08.72993000e+01   06.95571000e+01   04.47203000e+01   00.00000000e+00
  08.54315000e+01   06.95271000e+01   04.28543000e+01   00.00000000e+00
  08.21774000e+01   06.87244000e+01   03.38813000e+01   03.65717000e-02
  08.25739000e+01   06.77498000e+01   03.19986000e+01  -06.37550000e-03
  08.53622000e+01   07.33822000e+01   03.13067000e+01   01.79582000e-02
  08.40220000e+01   07.36962000e+01   03.02582000e+01   01.23366000e-02
  08.36859000e+01   07.35505000e+01   03.21001000e+01   01.80857000e-02
  08.02510000e+01   06.81284000e+01   03.76910000e+01  -03.55350000e-03
  08.16353000e+01   06.90550000e+01   03.82049000e+01  -05.48890000e-03
  08.01325000e+01   06.97956000e+01   03.76203000e+01  -05.73590000e-03
  08.23416000e+01   06.18562000e+01   03.21060000e+01  -01.16015000e-02
  08.15208000e+01   06.17278000e+01   03.36412000e+01  -01.03548000e-02
  08.05514000e+01   06.20913000e+01   03.22444000e+01  -01.10806000e-02
  08.18601000e+01   06.62294000e+01   02.75717000e+01  -06.50300000e-03
  08.27183000e+01   06.49765000e+01   02.66123000e+01  -03.84930000e-03
  08.15217000e+01   06.45474000e+01   02.77703000e+01  -06.75510000e-03
  08.72687000e+01   06.88608000e+01   02.44219000e+01   06.96000000e-05
  08.58699000e+01   06.77863000e+01   02.47780000e+01  -02.56130000e-03
  08.57900000e+01   06.95897000e+01   02.44395000e+01  -08.86000000e-04
  08.30119000e+01   07.09247000e+01   03.78465000e+01   02.66600000e-04
  08.40112000e+01   07.15281000e+01   03.66448000e+01   02.07780000e-03
  08.31805000e+01   07.26682000e+01   03.77502000e+01   03.44650000e-03
  07.89067000e+01   06.23515000e+01   03.61704000e+01   02.98050000e-03
  07.93411000e+01   06.22572000e+01   03.43977000e+01  -05.01900000e-04
  08.72923000e+01   06.54273000e+01   03.00379000e+01  -05.40000000e-06
  08.56907000e+01   06.57760000e+01   03.07310000e+01  -02.73660000e-03
  08.18076000e+01   07.24433000e+01   03.55672000e+01   06.65000000e-04
  08.08552000e+01   07.18101000e+01   03.68402000e+01  -04.07950000e-03
  08.64332000e+01   06.51572000e+01   02.77981000e+01   01.58140000e-02
  08.67292000e+01   06.67429000e+01   02.84474000e+01   09.11190000e-03
  08.59692000e+01   06.90234000e+01   04.19991000e+01   00.00000000e+00
  08.43762000e+01   06.93324000e+01   04.27183000e+01   00.00000000e+00
  08.55287000e+01   07.05436000e+01   04.27928000e+01   00.00000000e+00
  08.80538000e+01   06.92374000e+01   04.40416000e+01   00.00000000e+00
  08.73014000e+01   07.05908000e+01   04.48270000e+01   00.00000000e+00
  08.74663000e+01   06.90441000e+01   04.56472000e+01   00.00000000e+00
  08.45090000e+01   06.73618000e+01   04.43014000e+01   00.00000000e+00
  08.57108000e+01   06.73973000e+01   04.55388000e+01   00.00000000e+00
  08.75375000e+01   06.66159000e+01   04.41887000e+01   00.00000000e+00
  08.65790000e+01   06.68009000e+01   04.27299000e+01   00.00000000e+00
  08.59356000e+01   06.50673000e+01   04.52409000e+01   00.00000000e+00
  08.68586000e+01   06.44625000e+01   04.38395000e+01   00.00000000e+00
  08.38047000e+01   06.35794000e+01   04.49068000e+01   00.00000000e+00
  08.35057000e+01   06.30325000e+01   04.33293000e+01   00.00000000e+00
  08.49336000e+01   06.24868000e+01   04.40404000e+01   00.00000000e+00
  08.53116000e+01   06.56428000e+01   04.15006000e+01   00.00000000e+00
  08.39588000e+01   06.45922000e+01   04.14381000e+01   00.00000000e+00
  08.54946000e+01   06.25578000e+01   04.16435000e+01   00.00000000e+00
  08.68720000e+01   06.37120000e+01   04.13148000e+01   00.00000000e+00
  08.52694000e+01   06.44002000e+01   03.92078000e+01   00.00000000e+00
  08.43144000e+01   06.31285000e+01   03.98051000e+01   00.00000000e+00
  08.28934000e+01   07.20415000e+01   03.37277000e+01   07.20400000e-04
  08.06399000e+01   06.65164000e+01   03.59086000e+01  -02.39543000e-02
  08.23158000e+01   06.35693000e+01   03.03301000e+01   04.89340000e-03
  08.64804000e+01   06.93541000e+01   02.87860000e+01  -02.28199000e-02
  08.02695000e+01   06.43722000e+01   03.63208000e+01  -01.51750000e-03
  08.48701000e+01   06.07250000e+01   03.92409000e+01   00.00000000e+00
  08.64244000e+01   06.02649000e+01   03.87697000e+01   00.00000000e+00
  08.62776000e+01   06.09066000e+01   04.03271000e+01   00.00000000e+00
  08.71323000e+01   06.27283000e+01   03.91260000e+01   00.00000000e+00
  08.66844000e+01   06.18632000e+01   03.68639000e+01   00.00000000e+00
  08.64351000e+01   06.36329000e+01   03.70908000e+01   00.00000000e+00
  08.41573000e+01   06.36559000e+01   03.71154000e+01   00.00000000e+00
  08.42545000e+01   06.17961000e+01   03.71213000e+01   00.00000000e+00
  08.51445000e+01   06.36299000e+01   03.48435000e+01   00.00000000e+00
  08.37016000e+01   06.26635000e+01   03.48068000e+01   00.00000000e+00
  08.41308000e+01   05.98231000e+01   03.45597000e+01   00.00000000e+00
  08.58766000e+01   05.94345000e+01   03.44189000e+01   00.00000000e+00
  08.53186000e+01   06.00654000e+01   03.59494000e+01   00.00000000e+00
  08.40182000e+01   06.41711000e+01   02.82176000e+01   05.57290000e-03
  08.44448000e+01   06.67283000e+01   02.72777000e+01  -01.28866000e-02
  08.72865000e+01   06.20387000e+01   03.37691000e+01   00.00000000e+00
  08.52093000e+01   06.95374000e+01   04.50176000e+01   00.00000000e+00
  08.48122000e+01   06.18750000e+01   03.17567000e+01  -01.99830000e-03
  08.65943000e+01   06.14071000e+01   03.15195000e+01  -01.85290000e-03
