  08.42600000e+01   06.36484000e+01   02.87046000e+01  -06.11779000e-02
  07.84390000e+01   06.26328000e+01   03.56529000e+01   01.75852000e-02
  08.07730000e+01   07.02762000e+01   03.61131000e+01   01.01800000e-02
  08.42816000e+01   06.87715000e+01   02.87620000e+01  -01.32723000e-02
  08.15803000e+01   06.50811000e+01   03.02743000e+01  -04.57645000e-02
  08.46464000e+01   06.34241000e+01   03.02662000e+01   02.46758000e-02
  07.90896000e+01   06.28143000e+01   03.68417000e+01  -01.71993000e-02
  08.22125000e+01   07.03348000e+01   03.66882000e+01  -09.39340000e-03
  08.42335000e+01   06.72252000e+01   02.83504000e+01   07.66074000e-02
  08.00581000e+01   06.44983000e+01   03.28481000e+01   09.44338000e-02
  08.48226000e+01   06.97007000e+01   02.81587000e+01   01.54319000e-02
  08.37731000e+01   06.23747000e+01   03.10847000e+01  -01.56515000e-02
  08.39784000e+01   06.71012000e+01   02.68413000e+01  -02.00050000e-02
  08.19843000e+01   06.77908000e+01   03.12101000e+01  -08.09918000e-02
  08.50904000e+01   06.66836000e+01   02.47032000e+01   04.03650000e-03
  08.31583000e+01   06.66680000e+01   02.93175000e+01  -01.43447000e-01
  08.04322000e+01   06.29502000e+01   03.09896000e+01   01.23287000e-02
  07.95204000e+01   06.54853000e+01   03.50529000e+01   02.21683000e-01
  08.14896000e+01   06.94846000e+01   03.30059000e+01  -05.42921000e-02
  08.04328000e+01   06.35755000e+01   02.76790000e+01   02.66866000e-02
  07.89320000e+01   06.09267000e+01   03.29261000e+01   04.35609000e-02
  07.93382000e+01   06.76970000e+01   03.73385000e+01   02.36507000e-02
  08.33942000e+01   07.12270000e+01   03.09027000e+01  -06.09964000e-02
  08.27822000e+01   06.19118000e+01   03.31372000e+01   08.71130000e-03
  08.25115000e+01   06.54396000e+01   02.93093000e+01   01.26858000e-01
  07.99323000e+01   06.32521000e+01   03.22551000e+01  -03.45042000e-02
  07.99970000e+01   06.68337000e+01   03.48927000e+01  -02.04376000e-01
  08.21078000e+01   06.90670000e+01   03.17353000e+01   07.60142000e-02
  08.33310000e+01   06.12700000e+01   03.06750000e+01   05.08730000e-03
  08.28539000e+01   06.70350000e+01   02.63331000e+01   06.92200000e-04
  08.38159000e+01   06.11845000e+01   03.39682000e+01   00.00000000e+00
  08.28725000e+01   06.42270000e+01   02.84740000e+01   07.64245000e-02
  07.93203000e+01   06.23778000e+01   03.32342000e+01  -04.66821000e-02
  07.99355000e+01   06.78905000e+01   03.58797000e+01   01.65461000e-02
  08.29125000e+01   06.98175000e+01   03.08073000e+01   05.49912000e-02
  08.36148000e+01   06.28388000e+01   03.23523000e+01   03.30200000e-04
  08.51742000e+01   06.69054000e+01   02.61781000e+01   04.02810000e-03
  08.36356000e+01   06.02311000e+01   03.48629000e+01   00.00000000e+00
  08.15642000e+01   06.33920000e+01   02.87265000e+01  -04.69336000e-02
  07.91021000e+01   06.31145000e+01   03.44297000e+01  -07.68710000e-03
  08.05153000e+01   06.90434000e+01   03.53523000e+01  -03.37389000e-02
  08.34224000e+01   06.88718000e+01   02.99201000e+01   03.64969000e-02
  08.36097000e+01   05.87476000e+01   03.46593000e+01   00.00000000e+00
  08.11642000e+01   06.37829000e+01   03.00978000e+01  -09.58259000e-02
  07.96009000e+01   06.43960000e+01   03.41773000e+01  -01.77941000e-01
  08.08349000e+01   06.86369000e+01   03.39555000e+01   06.74294000e-02
  08.28250000e+01   06.76978000e+01   03.02194000e+01   01.44326000e-01
  08.35198000e+01   06.06678000e+01   03.63083000e+01   00.00000000e+00
  08.39321000e+01   05.97000000e+01   03.74705000e+01   00.00000000e+00
  08.37003000e+01   06.03726000e+01   03.88505000e+01   00.00000000e+00
  08.49035000e+01   06.02842000e+01   03.98237000e+01   00.00000000e+00
  08.53363000e+01   05.87522000e+01   04.00954000e+01   00.00000000e+00
  08.46151000e+01   06.08883000e+01   04.12780000e+01   00.00000000e+00
  08.43129000e+01   06.23580000e+01   04.13128000e+01   00.00000000e+00
  08.41102000e+01   06.28294000e+01   04.27840000e+01   00.00000000e+00
  08.43920000e+01   06.43007000e+01   04.31958000e+01   00.00000000e+00
  08.41909000e+01   06.45440000e+01   04.46383000e+01   00.00000000e+00
  08.35294000e+01   06.52969000e+01   04.23510000e+01   00.00000000e+00
  08.39384000e+01   06.67611000e+01   04.24448000e+01   00.00000000e+00
  08.54285000e+01   06.69042000e+01   04.22630000e+01   00.00000000e+00
  08.57947000e+01   06.84254000e+01   04.20976000e+01   00.00000000e+00
  08.52296000e+01   06.94581000e+01   04.31610000e+01   00.00000000e+00
  08.72932000e+01   06.86072000e+01   04.19057000e+01   00.00000000e+00
  08.06075000e+01   06.73180000e+01   03.37590000e+01   03.65717000e-02
  08.09471000e+01   06.61426000e+01   03.19523000e+01  -06.37550000e-03
  08.38206000e+01   07.14305000e+01   02.98839000e+01   01.79582000e-02
  08.25243000e+01   07.18716000e+01   03.10366000e+01   01.23366000e-02
  08.41409000e+01   07.12518000e+01   03.16547000e+01   01.80857000e-02
  08.00887000e+01   06.77119000e+01   03.81472000e+01  -03.55350000e-03
  07.87582000e+01   06.86222000e+01   03.74718000e+01  -05.48890000e-03
  07.86115000e+01   06.68469000e+01   03.74383000e+01  -05.73590000e-03
  07.79623000e+01   06.06653000e+01   03.33279000e+01  -01.16015000e-02
  07.88818000e+01   06.06724000e+01   03.19126000e+01  -01.03548000e-02
  07.96622000e+01   06.02677000e+01   03.34211000e+01  -01.10806000e-02
  08.05058000e+01   06.29634000e+01   02.67786000e+01  -06.50300000e-03
  07.95802000e+01   06.31486000e+01   02.82310000e+01  -03.84930000e-03
  08.01135000e+01   06.45928000e+01   02.74837000e+01  -06.75510000e-03
  08.45419000e+01   06.75034000e+01   02.42603000e+01   06.96000000e-05
  08.61509000e+01   06.67096000e+01   02.44061000e+01  -02.56130000e-03
  08.46455000e+01   06.57737000e+01   02.43917000e+01  -08.86000000e-04
  08.23007000e+01   07.12558000e+01   03.73127000e+01   02.66600000e-04
  08.23632000e+01   06.93339000e+01   03.71315000e+01   02.07780000e-03
  08.29114000e+01   07.06920000e+01   03.60790000e+01   03.44650000e-03
  07.86870000e+01   06.23693000e+01   03.77193000e+01   02.98050000e-03
  08.00283000e+01   06.33826000e+01   03.69908000e+01  -05.01900000e-04
  08.56356000e+01   06.30758000e+01   03.03639000e+01  -05.40000000e-06
  08.46676000e+01   06.44156000e+01   03.06428000e+01  -02.73660000e-03
  08.05945000e+01   07.11133000e+01   03.54469000e+01   06.65000000e-04
  08.01512000e+01   07.03280000e+01   03.69427000e+01  -04.07950000e-03
  08.43108000e+01   06.27085000e+01   02.80769000e+01   01.58140000e-02
  08.49320000e+01   06.43577000e+01   02.82761000e+01   09.11190000e-03
  08.79111000e+01   06.81781000e+01   04.27146000e+01   00.00000000e+00
  08.75376000e+01   06.80997000e+01   04.10052000e+01   00.00000000e+00
  08.74160000e+01   06.96769000e+01   04.17447000e+01   00.00000000e+00
  08.41610000e+01   06.96044000e+01   04.33448000e+01   00.00000000e+00
  08.56800000e+01   06.91334000e+01   04.40861000e+01   00.00000000e+00
  08.55763000e+01   07.04562000e+01   04.30517000e+01   00.00000000e+00
  08.58721000e+01   06.64995000e+01   04.31560000e+01   00.00000000e+00
  08.58343000e+01   06.63386000e+01   04.14134000e+01   00.00000000e+00
  08.33602000e+01   06.72817000e+01   04.16741000e+01   00.00000000e+00
  08.36565000e+01   06.71314000e+01   04.33453000e+01   00.00000000e+00
  08.37636000e+01   06.50909000e+01   04.12845000e+01   00.00000000e+00
  08.24683000e+01   06.50127000e+01   04.25775000e+01   00.00000000e+00
  08.43783000e+01   06.56109000e+01   04.48484000e+01   00.00000000e+00
  08.31819000e+01   06.42353000e+01   04.48286000e+01   00.00000000e+00
  08.49233000e+01   06.40219000e+01   04.52763000e+01   00.00000000e+00
  08.31005000e+01   06.25837000e+01   04.31049000e+01   00.00000000e+00
  08.46655000e+01   06.21850000e+01   04.34128000e+01   00.00000000e+00
  08.51189000e+01   06.29035000e+01   04.08010000e+01   00.00000000e+00
  08.33301000e+01   06.23782000e+01   04.08102000e+01   00.00000000e+00
  08.38171000e+01   06.03128000e+01   04.16523000e+01   00.00000000e+00
  08.54774000e+01   06.06680000e+01   04.18154000e+01   00.00000000e+00
  08.17230000e+01   07.04991000e+01   03.33330000e+01   07.20400000e-04
  07.89763000e+01   06.53145000e+01   03.59527000e+01  -02.39543000e-02
  08.01555000e+01   06.19201000e+01   03.06880000e+01   04.89340000e-03
  08.50692000e+01   06.66646000e+01   02.85771000e+01  -02.28199000e-02
  07.76473000e+01   06.19313000e+01   03.56646000e+01  -01.51750000e-03
  08.60774000e+01   05.87488000e+01   04.09159000e+01   00.00000000e+00
  08.44866000e+01   05.81861000e+01   04.04714000e+01   00.00000000e+00
  08.58171000e+01   05.82853000e+01   03.92733000e+01   00.00000000e+00
  08.57671000e+01   06.08474000e+01   03.94534000e+01   00.00000000e+00
  08.37691000e+01   06.14546000e+01   03.87129000e+01   00.00000000e+00
  08.27955000e+01   06.01931000e+01   03.94559000e+01   00.00000000e+00
  08.33481000e+01   05.88087000e+01   03.73921000e+01   00.00000000e+00
  08.49825000e+01   05.95077000e+01   03.73014000e+01   00.00000000e+00
  08.41861000e+01   06.15107000e+01   03.64684000e+01   00.00000000e+00
  08.24430000e+01   06.08893000e+01   03.64496000e+01   00.00000000e+00
  08.44140000e+01   05.82634000e+01   03.52117000e+01   00.00000000e+00
  08.26578000e+01   05.83961000e+01   03.49929000e+01   00.00000000e+00
  08.37916000e+01   05.85364000e+01   03.36023000e+01   00.00000000e+00
  08.18916000e+01   06.23896000e+01   02.88484000e+01   05.57290000e-03
  08.27804000e+01   06.46480000e+01   02.74880000e+01  -01.28866000e-02
  08.48628000e+01   06.14521000e+01   03.38492000e+01   00.00000000e+00
  08.53299000e+01   06.86137000e+01   04.11598000e+01   00.00000000e+00
  08.21822000e+01   06.24573000e+01   03.39056000e+01  -01.99830000e-03
  08.20432000e+01   06.12583000e+01   03.26249000e+01  -01.85290000e-03
