  08.65867000e+01   06.36935000e+01   02.95845000e+01  -06.11779000e-02
  08.07593000e+01   06.30538000e+01   03.66049000e+01   01.75852000e-02
  08.33011000e+01   07.06388000e+01   03.66778000e+01   01.01800000e-02
  08.61713000e+01   06.89172000e+01   02.92481000e+01  -01.32723000e-02
  08.38328000e+01   06.50946000e+01   03.12809000e+01  -04.57645000e-02
  08.69047000e+01   06.32353000e+01   03.10706000e+01   02.46758000e-02
  07.98703000e+01   06.20731000e+01   03.66871000e+01  -01.71993000e-02
  08.46858000e+01   07.06442000e+01   03.72717000e+01  -09.39340000e-03
  08.61173000e+01   06.73791000e+01   02.90168000e+01   07.66074000e-02
  08.25790000e+01   06.46511000e+01   03.38120000e+01   09.44338000e-02
  08.68548000e+01   06.96282000e+01   02.85069000e+01   01.54319000e-02
  08.61543000e+01   06.20362000e+01   03.17665000e+01  -01.56515000e-02
  08.57494000e+01   06.71123000e+01   02.75898000e+01  -02.00050000e-02
  08.40714000e+01   06.80118000e+01   03.19301000e+01  -08.09918000e-02
  08.65948000e+01   06.70203000e+01   02.53893000e+01   04.03650000e-03
  08.52369000e+01   06.67533000e+01   03.01019000e+01  -01.43447000e-01
  08.28257000e+01   06.30290000e+01   03.19234000e+01   01.23287000e-02
  08.19525000e+01   06.57747000e+01   03.59757000e+01   02.21683000e-01
  08.38224000e+01   06.95949000e+01   03.37386000e+01  -05.42921000e-02
  08.28516000e+01   06.35930000e+01   02.84600000e+01   02.66866000e-02
  08.13785000e+01   06.10895000e+01   03.39205000e+01   04.35609000e-02
  08.17553000e+01   06.81396000e+01   03.82028000e+01   02.36507000e-02
  08.49302000e+01   07.15592000e+01   03.13951000e+01  -06.09964000e-02
  08.55096000e+01   06.09990000e+01   03.37214000e+01   08.71130000e-03
  08.46969000e+01   06.54607000e+01   03.02556000e+01   01.26858000e-01
  08.24447000e+01   06.33741000e+01   03.32628000e+01  -03.45042000e-02
  08.24417000e+01   06.70750000e+01   03.58562000e+01  -02.04376000e-01
  08.42155000e+01   06.92562000e+01   03.24415000e+01   07.60142000e-02
  08.54963000e+01   06.11692000e+01   03.11731000e+01   05.08730000e-03
  08.46161000e+01   06.69383000e+01   02.71715000e+01   06.92200000e-04
  08.60078000e+01   06.08457000e+01   03.50928000e+01   00.00000000e+00
  08.51308000e+01   06.42448000e+01   02.93044000e+01   07.64245000e-02
  08.17119000e+01   06.25569000e+01   03.42448000e+01  -04.66821000e-02
  08.23282000e+01   06.82391000e+01   03.67806000e+01   01.65461000e-02
  08.47629000e+01   07.00561000e+01   03.13627000e+01   05.49912000e-02
  08.63169000e+01   06.20421000e+01   03.31030000e+01   03.30200000e-04
  08.68891000e+01   06.70430000e+01   02.68215000e+01   04.02810000e-03
  08.52352000e+01   06.03469000e+01   03.61208000e+01   00.00000000e+00
  08.39077000e+01   06.33439000e+01   02.95338000e+01  -04.69336000e-02
  08.14630000e+01   06.33206000e+01   03.53786000e+01  -07.68710000e-03
  08.29500000e+01   06.93110000e+01   03.61292000e+01  -03.37389000e-02
  08.53576000e+01   06.91515000e+01   03.04494000e+01   03.64969000e-02
  08.53438000e+01   05.89098000e+01   03.65862000e+01   00.00000000e+00
  08.35125000e+01   06.37652000e+01   03.10110000e+01  -09.58259000e-02
  08.20380000e+01   06.46438000e+01   03.50937000e+01  -01.77941000e-01
  08.32819000e+01   06.88661000e+01   03.48017000e+01   06.74294000e-02
  08.48914000e+01   06.78882000e+01   03.08504000e+01   01.44326000e-01
  08.43437000e+01   06.12669000e+01   03.69377000e+01   00.00000000e+00
  08.45315000e+01   06.11727000e+01   03.84207000e+01   00.00000000e+00
  08.58074000e+01   06.18316000e+01   03.89952000e+01   00.00000000e+00
  08.60856000e+01   06.16273000e+01   04.05004000e+01   00.00000000e+00
  08.58137000e+01   06.01575000e+01   04.09592000e+01   00.00000000e+00
  08.54193000e+01   06.26810000e+01   04.14348000e+01   00.00000000e+00
  08.58496000e+01   06.27097000e+01   04.28579000e+01   00.00000000e+00
  08.50324000e+01   06.36988000e+01   04.36608000e+01   00.00000000e+00
  08.55040000e+01   06.40610000e+01   04.51447000e+01   00.00000000e+00
  08.52281000e+01   06.29469000e+01   04.61585000e+01   00.00000000e+00
  08.68216000e+01   06.48676000e+01   04.53015000e+01   00.00000000e+00
  08.69601000e+01   06.61922000e+01   04.46240000e+01   00.00000000e+00
  08.56379000e+01   06.70278000e+01   04.48285000e+01   00.00000000e+00
  08.54819000e+01   06.84139000e+01   04.40928000e+01   00.00000000e+00
  08.68115000e+01   06.91693000e+01   04.41403000e+01   00.00000000e+00
  08.51796000e+01   06.82206000e+01   04.25530000e+01   00.00000000e+00
  08.30162000e+01   06.75444000e+01   03.46599000e+01   03.65717000e-02
  08.32561000e+01   06.63222000e+01   03.28291000e+01  -06.37550000e-03
  08.59676000e+01   07.18642000e+01   03.11186000e+01   01.79582000e-02
  08.44713000e+01   07.18917000e+01   03.05137000e+01   01.23366000e-02
  08.46113000e+01   07.20948000e+01   03.22342000e+01   01.80857000e-02
  08.11671000e+01   06.72734000e+01   03.82728000e+01  -03.55350000e-03
  08.25526000e+01   06.81969000e+01   03.88967000e+01  -05.48890000e-03
  08.10758000e+01   06.89568000e+01   03.83335000e+01  -05.73590000e-03
  08.04959000e+01   06.10998000e+01   03.33344000e+01  -01.16015000e-02
  08.22462000e+01   06.05873000e+01   03.34546000e+01  -01.03548000e-02
  08.12757000e+01   06.04724000e+01   03.47740000e+01  -01.10806000e-02
  08.19571000e+01   06.29075000e+01   02.86347000e+01  -06.50300000e-03
  08.25743000e+01   06.46062000e+01   02.83392000e+01  -03.84930000e-03
  08.33029000e+01   06.32874000e+01   02.75406000e+01  -06.75510000e-03
  08.74879000e+01   06.66619000e+01   02.49327000e+01   06.96000000e-05
  08.57469000e+01   06.64163000e+01   02.50471000e+01  -02.56130000e-03
  08.62892000e+01   06.80079000e+01   02.49439000e+01  -08.86000000e-04
  08.48774000e+01   07.15564000e+01   03.78408000e+01   02.66600000e-04
  08.48877000e+01   06.98152000e+01   03.79935000e+01   02.07780000e-03
  08.53017000e+01   07.06347000e+01   03.63495000e+01   03.44650000e-03
  07.93067000e+01   06.18157000e+01   03.76287000e+01   02.98050000e-03
  07.94103000e+01   06.16471000e+01   03.57595000e+01  -05.01900000e-04
  08.79374000e+01   06.28673000e+01   03.09558000e+01  -05.40000000e-06
  08.68430000e+01   06.40583000e+01   03.17920000e+01  -02.73660000e-03
  08.32132000e+01   07.13255000e+01   03.58573000e+01   06.65000000e-04
  08.25980000e+01   07.09381000e+01   03.74343000e+01  -04.07950000e-03
  08.67532000e+01   06.27947000e+01   02.88823000e+01   01.58140000e-02
  08.73184000e+01   06.43890000e+01   02.92562000e+01   09.11190000e-03
  08.41530000e+01   06.77699000e+01   04.23967000e+01   00.00000000e+00
  08.51836000e+01   06.91045000e+01   04.19779000e+01   00.00000000e+00
  08.59350000e+01   06.75336000e+01   04.21484000e+01   00.00000000e+00
  08.73185000e+01   06.92519000e+01   04.50608000e+01   00.00000000e+00
  08.75311000e+01   06.88550000e+01   04.34261000e+01   00.00000000e+00
  08.65804000e+01   07.02386000e+01   04.38144000e+01   00.00000000e+00
  08.48057000e+01   06.65251000e+01   04.43667000e+01   00.00000000e+00
  08.54405000e+01   06.72045000e+01   04.59183000e+01   00.00000000e+00
  08.78626000e+01   06.68740000e+01   04.48818000e+01   00.00000000e+00
  08.71040000e+01   06.60721000e+01   04.35317000e+01   00.00000000e+00
  08.69214000e+01   06.50354000e+01   04.63322000e+01   00.00000000e+00
  08.76711000e+01   06.42780000e+01   04.50716000e+01   00.00000000e+00
  08.51826000e+01   06.34167000e+01   04.71286000e+01   00.00000000e+00
  08.42480000e+01   06.25057000e+01   04.58240000e+01   00.00000000e+00
  08.60507000e+01   06.21269000e+01   04.61835000e+01   00.00000000e+00
  08.48660000e+01   06.46008000e+01   04.31313000e+01   00.00000000e+00
  08.39837000e+01   06.33962000e+01   04.37682000e+01   00.00000000e+00
  08.56308000e+01   06.17258000e+01   04.32378000e+01   00.00000000e+00
  08.68304000e+01   06.29321000e+01   04.30508000e+01   00.00000000e+00
  08.55439000e+01   06.37468000e+01   04.10673000e+01   00.00000000e+00
  08.43851000e+01   06.24597000e+01   04.15678000e+01   00.00000000e+00
  08.38353000e+01   07.06795000e+01   03.38638000e+01   07.20400000e-04
  08.15028000e+01   06.56284000e+01   03.69267000e+01  -02.39543000e-02
  08.26170000e+01   06.21025000e+01   03.14153000e+01   04.89340000e-03
  08.71170000e+01   06.70068000e+01   02.91279000e+01  -02.28199000e-02
  08.09843000e+01   06.35997000e+01   03.75232000e+01  -01.51750000e-03
  08.61719000e+01   06.00864000e+01   04.19459000e+01   00.00000000e+00
  08.47135000e+01   05.99388000e+01   04.09593000e+01   00.00000000e+00
  08.64012000e+01   05.94812000e+01   04.02873000e+01   00.00000000e+00
  08.71812000e+01   06.16457000e+01   04.05908000e+01   00.00000000e+00
  08.65894000e+01   06.13210000e+01   03.84760000e+01   00.00000000e+00
  08.56483000e+01   06.29038000e+01   03.87317000e+01   00.00000000e+00
  08.37331000e+01   06.16841000e+01   03.89484000e+01   00.00000000e+00
  08.46191000e+01   06.00651000e+01   03.86127000e+01   00.00000000e+00
  08.43322000e+01   06.22783000e+01   03.66035000e+01   00.00000000e+00
  08.33245000e+01   06.09525000e+01   03.66310000e+01   00.00000000e+00
  08.57874000e+01   05.84394000e+01   03.57752000e+01   00.00000000e+00
  08.59702000e+01   05.88896000e+01   03.74674000e+01   00.00000000e+00
  08.43506000e+01   05.84558000e+01   03.68390000e+01   00.00000000e+00
  08.42822000e+01   06.23048000e+01   02.94608000e+01   05.57290000e-03
  08.51207000e+01   06.46536000e+01   02.82784000e+01  -01.28866000e-02
  08.70064000e+01   06.12620000e+01   03.52904000e+01   00.00000000e+00
  08.47998000e+01   06.90883000e+01   04.46460000e+01   00.00000000e+00
  08.44165000e+01   06.13037000e+01   03.36648000e+01  -01.99830000e-03
  08.56805000e+01   06.00062000e+01   03.32773000e+01  -01.85290000e-03
