  08.41111000e+01   06.39768000e+01   02.91881000e+01  -06.11779000e-02
  07.90228000e+01   06.24161000e+01   03.63276000e+01   01.75852000e-02
  08.10425000e+01   07.02381000e+01   03.68893000e+01   01.01800000e-02
  08.37948000e+01   06.91720000e+01   02.93787000e+01  -01.32723000e-02
  08.15177000e+01   06.52448000e+01   03.08507000e+01  -04.57645000e-02
  08.45906000e+01   06.39447000e+01   03.06642000e+01   02.46758000e-02
  07.79036000e+01   06.16083000e+01   03.65140000e+01  -01.71993000e-02
  08.25662000e+01   07.01761000e+01   03.72902000e+01  -09.39340000e-03
  08.37800000e+01   06.76163000e+01   02.89577000e+01   07.66074000e-02
  08.02515000e+01   06.45304000e+01   03.33758000e+01   09.44338000e-02
  08.42980000e+01   07.00618000e+01   02.86774000e+01   01.54319000e-02
  08.39469000e+01   06.27983000e+01   03.15426000e+01  -01.56515000e-02
  08.34306000e+01   06.73801000e+01   02.75410000e+01  -02.00050000e-02
  08.18508000e+01   06.79818000e+01   03.19671000e+01  -08.09918000e-02
  08.44170000e+01   06.68143000e+01   02.54017000e+01   04.03650000e-03
  08.29146000e+01   06.69374000e+01   02.99585000e+01  -01.43447000e-01
  08.04531000e+01   06.31043000e+01   03.14105000e+01   01.23287000e-02
  07.98519000e+01   06.54241000e+01   03.56295000e+01   02.21683000e-01
  08.15102000e+01   06.96476000e+01   03.37969000e+01  -05.42921000e-02
  08.03679000e+01   06.36978000e+01   02.80736000e+01   02.66866000e-02
  07.91891000e+01   06.09001000e+01   03.33422000e+01   04.35609000e-02
  07.97276000e+01   06.74497000e+01   03.80627000e+01   02.36507000e-02
  08.27851000e+01   07.16361000e+01   03.14891000e+01  -06.09964000e-02
  08.32759000e+01   06.24223000e+01   03.37876000e+01   08.71130000e-03
  08.23677000e+01   06.56439000e+01   02.98562000e+01   01.26858000e-01
  08.00787000e+01   06.33286000e+01   03.27255000e+01  -03.45042000e-02
  08.00968000e+01   06.68045000e+01   03.55415000e+01  -02.04376000e-01
  08.20516000e+01   06.92468000e+01   03.25385000e+01   07.60142000e-02
  08.34053000e+01   06.17266000e+01   03.11839000e+01   05.08730000e-03
  08.23239000e+01   06.74434000e+01   02.70286000e+01   06.92200000e-04
  08.39907000e+01   06.12787000e+01   03.43924000e+01   00.00000000e+00
  08.26761000e+01   06.45163000e+01   02.88672000e+01   07.64245000e-02
  07.95719000e+01   06.23674000e+01   03.36962000e+01  -04.66821000e-02
  08.00445000e+01   06.77992000e+01   03.66347000e+01   01.65461000e-02
  08.26867000e+01   07.00977000e+01   03.15425000e+01   05.49912000e-02
  08.40478000e+01   06.32321000e+01   03.28559000e+01   03.30200000e-04
  08.45409000e+01   06.72813000e+01   02.67730000e+01   04.02810000e-03
  08.32813000e+01   06.03176000e+01   03.50086000e+01   00.00000000e+00
  08.15444000e+01   06.36174000e+01   02.91010000e+01  -04.69336000e-02
  07.95249000e+01   06.29447000e+01   03.49946000e+01  -07.68710000e-03
  08.06276000e+01   06.90058000e+01   03.60915000e+01  -03.37389000e-02
  08.31548000e+01   06.92109000e+01   03.05891000e+01   03.64969000e-02
  08.29118000e+01   05.90081000e+01   03.42654000e+01   00.00000000e+00
  08.11203000e+01   06.40019000e+01   03.05471000e+01  -09.58259000e-02
  07.98800000e+01   06.43076000e+01   03.47054000e+01  -01.77941000e-01
  08.08848000e+01   06.87182000e+01   03.47052000e+01   06.74294000e-02
  08.26068000e+01   06.79312000e+01   03.08570000e+01   01.44326000e-01
  08.30301000e+01   06.05978000e+01   03.64691000e+01   00.00000000e+00
  08.42125000e+01   06.03301000e+01   03.73944000e+01   00.00000000e+00
  08.38396000e+01   06.06381000e+01   03.89118000e+01   00.00000000e+00
  08.48984000e+01   06.01834000e+01   03.99981000e+01   00.00000000e+00
  08.50511000e+01   05.86472000e+01   03.99153000e+01   00.00000000e+00
  08.44636000e+01   06.05722000e+01   04.13458000e+01   00.00000000e+00
  08.46560000e+01   06.20377000e+01   04.18277000e+01   00.00000000e+00
  08.41285000e+01   06.22419000e+01   04.32997000e+01   00.00000000e+00
  08.41355000e+01   06.36987000e+01   04.38229000e+01   00.00000000e+00
  08.42622000e+01   06.36297000e+01   04.53636000e+01   00.00000000e+00
  08.30985000e+01   06.47105000e+01   04.31411000e+01   00.00000000e+00
  08.33251000e+01   06.62626000e+01   04.32018000e+01   00.00000000e+00
  08.48100000e+01   06.65927000e+01   04.31482000e+01   00.00000000e+00
  08.50872000e+01   06.80726000e+01   04.28404000e+01   00.00000000e+00
  08.47667000e+01   06.89304000e+01   04.40905000e+01   00.00000000e+00
  08.66319000e+01   06.82136000e+01   04.25648000e+01   00.00000000e+00
  08.06319000e+01   06.73613000e+01   03.44025000e+01   03.65717000e-02
  08.09099000e+01   06.63401000e+01   03.25745000e+01  -06.37550000e-03
  08.38382000e+01   07.18581000e+01   03.10989000e+01   01.79582000e-02
  08.20137000e+01   07.19601000e+01   03.08181000e+01   01.23366000e-02
  08.26456000e+01   07.21251000e+01   03.24757000e+01   01.80857000e-02
  07.94956000e+01   06.64431000e+01   03.81994000e+01  -03.55350000e-03
  08.06531000e+01   06.76151000e+01   03.86632000e+01  -05.48890000e-03
  07.88691000e+01   06.79642000e+01   03.84030000e+01  -05.73590000e-03
  07.82487000e+01   06.09364000e+01   03.28791000e+01  -01.16015000e-02
  07.99521000e+01   06.05133000e+01   03.26863000e+01  -01.03548000e-02
  07.90618000e+01   06.03146000e+01   03.42324000e+01  -01.10806000e-02
  07.96389000e+01   06.29496000e+01   02.82012000e+01  -06.50300000e-03
  07.98818000e+01   06.47337000e+01   02.79862000e+01  -03.84930000e-03
  08.07871000e+01   06.35093000e+01   02.71279000e+01  -06.75510000e-03
  08.37304000e+01   06.59165000e+01   02.53651000e+01   06.96000000e-05
  08.40388000e+01   06.75763000e+01   02.47199000e+01  -02.56130000e-03
  08.53524000e+01   06.65479000e+01   02.51013000e+01  -08.86000000e-04
  08.26749000e+01   06.93377000e+01   03.80408000e+01   02.66600000e-04
  08.30737000e+01   06.98742000e+01   03.63669000e+01   02.07780000e-03
  08.30326000e+01   07.11537000e+01   03.76581000e+01   03.44650000e-03
  07.77223000e+01   06.12353000e+01   03.74840000e+01   02.98050000e-03
  07.72571000e+01   06.13876000e+01   03.56950000e+01  -05.01900000e-04
  08.56588000e+01   06.37847000e+01   03.07287000e+01  -05.40000000e-06
  08.45159000e+01   06.48884000e+01   03.11936000e+01  -02.73660000e-03
  08.08401000e+01   07.10864000e+01   03.62902000e+01   06.65000000e-04
  08.04193000e+01   07.01383000e+01   03.77747000e+01  -04.07950000e-03
  08.42903000e+01   06.29597000e+01   02.88033000e+01   01.58140000e-02
  08.48480000e+01   06.46946000e+01   02.87123000e+01   09.11190000e-03
  08.72958000e+01   06.79477000e+01   04.34303000e+01   00.00000000e+00
  08.69806000e+01   06.77011000e+01   04.16789000e+01   00.00000000e+00
  08.67741000e+01   06.92902000e+01   04.23698000e+01   00.00000000e+00
  08.37540000e+01   06.87004000e+01   04.44412000e+01   00.00000000e+00
  08.54454000e+01   06.86863000e+01   04.48918000e+01   00.00000000e+00
  08.47964000e+01   06.99932000e+01   04.38788000e+01   00.00000000e+00
  08.51637000e+01   06.63613000e+01   04.41150000e+01   00.00000000e+00
  08.53290000e+01   06.58966000e+01   04.24383000e+01   00.00000000e+00
  08.27817000e+01   06.67081000e+01   04.23981000e+01   00.00000000e+00
  08.28717000e+01   06.65301000e+01   04.41889000e+01   00.00000000e+00
  08.30866000e+01   06.44908000e+01   04.20946000e+01   00.00000000e+00
  08.20831000e+01   06.44248000e+01   04.33725000e+01   00.00000000e+00
  08.53015000e+01   06.33614000e+01   04.56287000e+01   00.00000000e+00
  08.39027000e+01   06.45770000e+01   04.57611000e+01   00.00000000e+00
  08.36581000e+01   06.28605000e+01   04.58057000e+01   00.00000000e+00
  08.31115000e+01   06.18884000e+01   04.33282000e+01   00.00000000e+00
  08.46301000e+01   06.15294000e+01   04.39503000e+01   00.00000000e+00
  08.57128000e+01   06.22550000e+01   04.18282000e+01   00.00000000e+00
  08.41340000e+01   06.26673000e+01   04.10593000e+01   00.00000000e+00
  08.34092000e+01   06.02421000e+01   04.15695000e+01   00.00000000e+00
  08.49570000e+01   05.99292000e+01   04.20544000e+01   00.00000000e+00
  08.17460000e+01   07.06250000e+01   03.41215000e+01   07.20400000e-04
  07.95049000e+01   06.50937000e+01   03.65820000e+01  -02.39543000e-02
  08.01687000e+01   06.20747000e+01   03.09969000e+01   04.89340000e-03
  08.48551000e+01   06.72322000e+01   02.90760000e+01  -02.28199000e-02
  07.95661000e+01   06.26487000e+01   03.71799000e+01  -01.51750000e-03
  08.57796000e+01   05.82456000e+01   04.06224000e+01   00.00000000e+00
  08.41414000e+01   05.80963000e+01   03.98205000e+01   00.00000000e+00
  08.56089000e+01   05.85783000e+01   03.90266000e+01   00.00000000e+00
  08.58896000e+01   06.06128000e+01   03.96936000e+01   00.00000000e+00
  08.35513000e+01   06.17183000e+01   03.89552000e+01   00.00000000e+00
  08.28530000e+01   06.02352000e+01   03.89690000e+01   00.00000000e+00
  08.44867000e+01   05.93185000e+01   03.72218000e+01   00.00000000e+00
  08.51000000e+01   06.09153000e+01   03.70723000e+01   00.00000000e+00
  08.27234000e+01   06.16196000e+01   03.65890000e+01   00.00000000e+00
  08.21737000e+01   06.00074000e+01   03.68413000e+01   00.00000000e+00
  08.30741000e+01   05.82199000e+01   03.49195000e+01   00.00000000e+00
  08.18524000e+01   05.90962000e+01   03.39534000e+01   00.00000000e+00
  08.34769000e+01   05.89075000e+01   03.33596000e+01   00.00000000e+00
  08.19350000e+01   06.25834000e+01   02.90791000e+01   05.57290000e-03
  08.25756000e+01   06.48048000e+01   02.78112000e+01  -01.28866000e-02
  08.50609000e+01   06.11130000e+01   03.42991000e+01   00.00000000e+00
  08.45602000e+01   06.85343000e+01   04.19446000e+01   00.00000000e+00
  08.29741000e+01   06.29991000e+01   03.46408000e+01  -01.99830000e-03
  08.22905000e+01   06.22192000e+01   03.34211000e+01  -01.85290000e-03
