  08.47254000e+01   06.55698000e+01   02.82211000e+01  -06.11779000e-02
  07.94466000e+01   06.42201000e+01   03.55700000e+01   01.75852000e-02
  08.17670000e+01   07.18519000e+01   03.63339000e+01   01.01800000e-02
  08.44626000e+01   07.08088000e+01   02.85987000e+01  -01.32723000e-02
  08.22734000e+01   06.69224000e+01   03.02810000e+01  -04.57645000e-02
  08.52398000e+01   06.50329000e+01   02.95456000e+01   02.46758000e-02
  07.86135000e+01   06.31070000e+01   03.57239000e+01  -01.71993000e-02
  08.32292000e+01   07.17141000e+01   03.68170000e+01  -09.39340000e-03
  08.45509000e+01   06.93469000e+01   02.81538000e+01   07.66074000e-02
  08.09639000e+01   06.62433000e+01   03.28208000e+01   09.44338000e-02
  08.49208000e+01   07.16981000e+01   02.78682000e+01   01.54319000e-02
  08.46800000e+01   06.37392000e+01   03.01490000e+01  -01.56515000e-02
  08.40569000e+01   06.92388000e+01   02.67619000e+01  -02.00050000e-02
  08.25827000e+01   06.96585000e+01   03.13041000e+01  -08.09918000e-02
  08.48385000e+01   06.91508000e+01   02.44245000e+01   04.03650000e-03
  08.36697000e+01   06.86290000e+01   02.92323000e+01  -01.43447000e-01
  08.11755000e+01   06.48068000e+01   03.07930000e+01   01.23287000e-02
  08.03585000e+01   06.71259000e+01   03.50033000e+01   02.21683000e-01
  08.22462000e+01   07.11960000e+01   03.32290000e+01  -05.42921000e-02
  08.08006000e+01   06.57708000e+01   02.75906000e+01   02.66866000e-02
  07.99997000e+01   06.26301000e+01   03.27458000e+01   04.35609000e-02
  08.01947000e+01   06.92200000e+01   03.73653000e+01   02.36507000e-02
  08.36020000e+01   07.31461000e+01   03.10012000e+01  -06.09964000e-02
  08.45204000e+01   06.23264000e+01   03.20908000e+01   08.71130000e-03
  08.30746000e+01   06.73522000e+01   02.92575000e+01   01.26858000e-01
  08.08964000e+01   06.49994000e+01   03.21592000e+01  -03.45042000e-02
  08.07201000e+01   06.84884000e+01   03.49293000e+01  -02.04376000e-01
  08.26337000e+01   07.08967000e+01   03.19214000e+01   07.60142000e-02
  08.39726000e+01   06.29551000e+01   02.96080000e+01   05.08730000e-03
  08.28936000e+01   06.93175000e+01   02.64787000e+01   06.92200000e-04
  08.50428000e+01   06.22715000e+01   03.35399000e+01   00.00000000e+00
  08.32768000e+01   06.62930000e+01   02.81618000e+01   07.64245000e-02
  08.03181000e+01   06.40163000e+01   03.30821000e+01  -04.66821000e-02
  08.07048000e+01   06.94437000e+01   03.59745000e+01   01.65461000e-02
  08.33940000e+01   07.17324000e+01   03.09495000e+01   05.49912000e-02
  08.50158000e+01   06.36146000e+01   03.14802000e+01   03.30200000e-04
  08.51095000e+01   06.89937000e+01   02.58878000e+01   04.02810000e-03
  08.43409000e+01   06.17703000e+01   03.45588000e+01   00.00000000e+00
  08.20218000e+01   06.54004000e+01   02.84770000e+01  -04.69336000e-02
  08.00799000e+01   06.46981000e+01   03.42844000e+01  -07.68710000e-03
  08.12920000e+01   07.05893000e+01   03.55389000e+01  -03.37389000e-02
  08.38228000e+01   07.08770000e+01   02.98978000e+01   03.64969000e-02
  08.46043000e+01   06.02376000e+01   03.50392000e+01   00.00000000e+00
  08.18139000e+01   06.56902000e+01   02.99297000e+01  -09.58259000e-02
  08.04677000e+01   06.61081000e+01   03.40927000e+01  -01.77941000e-01
  08.16945000e+01   07.03483000e+01   03.41593000e+01   06.74294000e-02
  08.33596000e+01   06.95978000e+01   03.01797000e+01   01.44326000e-01
  08.35514000e+01   06.26523000e+01   03.55175000e+01   00.00000000e+00
  08.39629000e+01   06.26707000e+01   03.69769000e+01   00.00000000e+00
  08.53381000e+01   06.31633000e+01   03.72978000e+01   00.00000000e+00
  08.57095000e+01   06.30571000e+01   03.87434000e+01   00.00000000e+00
  08.56690000e+01   06.15852000e+01   03.92935000e+01   00.00000000e+00
  08.49145000e+01   06.39694000e+01   03.96894000e+01   00.00000000e+00
  08.52306000e+01   06.39958000e+01   04.12178000e+01   00.00000000e+00
  08.41738000e+01   06.49200000e+01   04.18913000e+01   00.00000000e+00
  08.44192000e+01   06.50672000e+01   04.34456000e+01   00.00000000e+00
  08.41231000e+01   06.37414000e+01   04.42289000e+01   00.00000000e+00
  08.56433000e+01   06.57878000e+01   04.39677000e+01   00.00000000e+00
  08.59785000e+01   06.71666000e+01   04.34153000e+01   00.00000000e+00
  08.49311000e+01   06.82025000e+01   04.35774000e+01   00.00000000e+00
  08.52389000e+01   06.95719000e+01   04.29439000e+01   00.00000000e+00
  08.65068000e+01   07.02432000e+01   04.36231000e+01   00.00000000e+00
  08.54161000e+01   06.95547000e+01   04.14351000e+01   00.00000000e+00
  08.13447000e+01   06.90451000e+01   03.38686000e+01   03.65717000e-02
  08.16051000e+01   06.79635000e+01   03.20410000e+01  -06.37550000e-03
  08.46375000e+01   07.34100000e+01   03.12304000e+01   01.79582000e-02
  08.32771000e+01   07.35024000e+01   03.00347000e+01   01.23366000e-02
  08.28902000e+01   07.36143000e+01   03.16032000e+01   01.80857000e-02
  07.94946000e+01   07.00505000e+01   03.76513000e+01  -03.55350000e-03
  07.96909000e+01   06.82361000e+01   03.74725000e+01  -05.48890000e-03
  08.11135000e+01   06.91244000e+01   03.79182000e+01  -05.73590000e-03
  08.07003000e+01   06.23370000e+01   03.19273000e+01  -01.16015000e-02
  08.01176000e+01   06.19628000e+01   03.36081000e+01  -01.03548000e-02
  07.90920000e+01   06.25508000e+01   03.21954000e+01  -01.10806000e-02
  08.08211000e+01   06.55541000e+01   02.65026000e+01  -06.50300000e-03
  08.00356000e+01   06.50899000e+01   02.80109000e+01  -03.84930000e-03
  08.04556000e+01   06.67787000e+01   02.77064000e+01  -06.75510000e-03
  08.48436000e+01   07.01999000e+01   02.41253000e+01   06.96000000e-05
  08.56487000e+01   06.87388000e+01   02.39248000e+01  -02.56130000e-03
  08.39149000e+01   06.87380000e+01   02.40318000e+01  -08.86000000e-04
  08.34486000e+01   07.26589000e+01   03.73026000e+01   02.66600000e-04
  08.33504000e+01   07.10044000e+01   03.76588000e+01   02.07780000e-03
  08.40146000e+01   07.14240000e+01   03.61037000e+01   03.44650000e-03
  07.81298000e+01   06.28823000e+01   03.67047000e+01   02.98050000e-03
  07.82924000e+01   06.24631000e+01   03.48823000e+01  -05.01900000e-04
  08.62663000e+01   06.49916000e+01   02.95308000e+01  -05.40000000e-06
  08.50118000e+01   06.58828000e+01   03.01303000e+01  -02.73660000e-03
  08.16893000e+01   07.27858000e+01   03.56953000e+01   06.65000000e-04
  08.11105000e+01   07.19890000e+01   03.72039000e+01  -04.07950000e-03
  08.47417000e+01   06.47821000e+01   02.75175000e+01   01.58140000e-02
  08.53843000e+01   06.62740000e+01   02.78426000e+01   09.11190000e-03
  08.48281000e+01   06.86272000e+01   04.11690000e+01   00.00000000e+00
  08.50048000e+01   07.04529000e+01   04.09896000e+01   00.00000000e+00
  08.64494000e+01   06.94086000e+01   04.12427000e+01   00.00000000e+00
  08.63295000e+01   07.03395000e+01   04.47237000e+01   00.00000000e+00
  08.74010000e+01   06.96708000e+01   04.34344000e+01   00.00000000e+00
  08.66575000e+01   07.12822000e+01   04.33777000e+01   00.00000000e+00
  08.40366000e+01   06.77565000e+01   04.31813000e+01   00.00000000e+00
  08.48962000e+01   06.84173000e+01   04.46812000e+01   00.00000000e+00
  08.68540000e+01   06.74587000e+01   04.39546000e+01   00.00000000e+00
  08.61767000e+01   06.70634000e+01   04.23388000e+01   00.00000000e+00
  08.54802000e+01   06.57792000e+01   04.50192000e+01   00.00000000e+00
  08.64131000e+01   06.50919000e+01   04.39106000e+01   00.00000000e+00
  08.41486000e+01   06.38987000e+01   04.52509000e+01   00.00000000e+00
  08.31053000e+01   06.35156000e+01   04.39752000e+01   00.00000000e+00
  08.48032000e+01   06.29343000e+01   04.40351000e+01   00.00000000e+00
  08.40975000e+01   06.58976000e+01   04.13952000e+01   00.00000000e+00
  08.32109000e+01   06.44290000e+01   04.18347000e+01   00.00000000e+00
  08.51907000e+01   06.29876000e+01   04.16858000e+01   00.00000000e+00
  08.62245000e+01   06.43658000e+01   04.14252000e+01   00.00000000e+00
  08.52695000e+01   06.49136000e+01   03.92748000e+01   00.00000000e+00
  08.38829000e+01   06.38182000e+01   03.94689000e+01   00.00000000e+00
  08.25206000e+01   07.21599000e+01   03.36674000e+01   07.20400000e-04
  08.01207000e+01   06.67568000e+01   03.60058000e+01  -02.39543000e-02
  08.09423000e+01   06.38082000e+01   03.03408000e+01   04.89340000e-03
  08.56320000e+01   06.91075000e+01   02.81884000e+01  -02.28199000e-02
  07.96261000e+01   06.48363000e+01   03.64278000e+01  -01.51750000e-03
  08.62954000e+01   06.14455000e+01   04.02515000e+01   00.00000000e+00
  08.46541000e+01   06.12982000e+01   03.95753000e+01   00.00000000e+00
  08.58672000e+01   06.08852000e+01   03.85267000e+01   00.00000000e+00
  08.67647000e+01   06.32735000e+01   03.89332000e+01   00.00000000e+00
  08.60578000e+01   06.25882000e+01   03.66602000e+01   00.00000000e+00
  08.52949000e+01   06.41877000e+01   03.69498000e+01   00.00000000e+00
  08.32021000e+01   06.33066000e+01   03.74668000e+01   00.00000000e+00
  08.38087000e+01   06.16712000e+01   03.73507000e+01   00.00000000e+00
  08.34748000e+01   06.36227000e+01   03.50629000e+01   00.00000000e+00
  08.25716000e+01   06.21720000e+01   03.55367000e+01   00.00000000e+00
  08.50519000e+01   06.03106000e+01   03.60154000e+01   00.00000000e+00
  08.37469000e+01   05.95049000e+01   03.50368000e+01   00.00000000e+00
  08.52575000e+01   05.99745000e+01   03.42307000e+01   00.00000000e+00
  08.22383000e+01   06.43842000e+01   02.82344000e+01   05.57290000e-03
  08.31124000e+01   06.66049000e+01   02.71543000e+01  -01.28866000e-02
  08.60523000e+01   06.26666000e+01   03.36590000e+01   00.00000000e+00
  08.43835000e+01   07.01205000e+01   04.32155000e+01   00.00000000e+00
  08.34439000e+01   06.22866000e+01   03.21928000e+01  -01.99830000e-03
  08.48752000e+01   06.13930000e+01   03.15062000e+01  -01.85290000e-03
