  08.64476000e+01   06.54946000e+01   02.92901000e+01  -06.11779000e-02
  08.04682000e+01   06.38013000e+01   03.59292000e+01   01.75852000e-02
  08.25865000e+01   07.15875000e+01   03.66087000e+01   01.01800000e-02
  08.54393000e+01   07.06498000e+01   02.88077000e+01  -01.32723000e-02
  08.36795000e+01   06.65975000e+01   03.07630000e+01  -04.57645000e-02
  08.66035000e+01   06.49337000e+01   03.06470000e+01   02.46758000e-02
  07.97106000e+01   06.26979000e+01   03.60566000e+01  -01.71993000e-02
  08.38521000e+01   07.13744000e+01   03.74890000e+01  -09.39340000e-03
  08.55616000e+01   06.90871000e+01   02.85877000e+01   07.66074000e-02
  08.21820000e+01   06.58089000e+01   03.32691000e+01   09.44338000e-02
  08.59525000e+01   07.15274000e+01   02.81294000e+01   01.54319000e-02
  08.61403000e+01   06.35768000e+01   03.10557000e+01  -01.56515000e-02
  08.53805000e+01   06.87424000e+01   02.71084000e+01  -02.00050000e-02
  08.35496000e+01   06.94211000e+01   03.15723000e+01  -08.09918000e-02
  08.62032000e+01   06.91222000e+01   02.49189000e+01   04.03650000e-03
  08.46323000e+01   06.84052000e+01   02.95681000e+01  -01.43447000e-01
  08.28105000e+01   06.43558000e+01   03.13866000e+01   01.23287000e-02
  08.15005000e+01   06.67266000e+01   03.53903000e+01   02.21683000e-01
  08.33632000e+01   07.08918000e+01   03.35473000e+01  -05.42921000e-02
  08.27487000e+01   06.50518000e+01   02.79984000e+01   02.66866000e-02
  08.13364000e+01   06.21676000e+01   03.31451000e+01   04.35609000e-02
  08.08582000e+01   06.90198000e+01   03.75555000e+01   02.36507000e-02
  08.48525000e+01   07.30011000e+01   03.14556000e+01  -06.09964000e-02
  08.55246000e+01   06.20875000e+01   03.28236000e+01   08.71130000e-03
  08.43508000e+01   06.70779000e+01   02.97023000e+01   01.26858000e-01
  08.22559000e+01   06.45925000e+01   03.26634000e+01  -03.45042000e-02
  08.18349000e+01   06.81352000e+01   03.52641000e+01  -02.04376000e-01
  08.37592000e+01   07.06895000e+01   03.21643000e+01   07.60142000e-02
  08.58730000e+01   06.26325000e+01   03.03269000e+01   05.08730000e-03
  08.43993000e+01   06.82323000e+01   02.66673000e+01   06.92200000e-04
  08.57041000e+01   06.18371000e+01   03.43233000e+01   00.00000000e+00
  08.49708000e+01   06.59891000e+01   02.89195000e+01   07.64245000e-02
  08.15907000e+01   06.36191000e+01   03.35783000e+01  -04.66821000e-02
  08.15583000e+01   06.92084000e+01   03.62708000e+01   01.65461000e-02
  08.44218000e+01   07.15422000e+01   03.12022000e+01   05.49912000e-02
  08.61011000e+01   06.34012000e+01   03.24241000e+01   03.30200000e-04
  08.63407000e+01   06.92582000e+01   02.63386000e+01   04.02810000e-03
  08.48324000e+01   06.13407000e+01   03.51832000e+01   00.00000000e+00
  08.38628000e+01   06.49268000e+01   02.91213000e+01  -04.69336000e-02
  08.12418000e+01   06.43004000e+01   03.47046000e+01  -07.68710000e-03
  08.23563000e+01   07.03369000e+01   03.58654000e+01  -03.37389000e-02
  08.47841000e+01   07.07563000e+01   03.01579000e+01   03.64969000e-02
  08.47959000e+01   05.98306000e+01   03.55468000e+01   00.00000000e+00
  08.34034000e+01   06.52875000e+01   03.05404000e+01  -09.58259000e-02
  08.16932000e+01   06.56540000e+01   03.45717000e+01  -01.77941000e-01
  08.28104000e+01   07.00211000e+01   03.45246000e+01   06.74294000e-02
  08.42200000e+01   06.94152000e+01   03.04826000e+01   01.44326000e-01
  08.40569000e+01   06.23507000e+01   03.60639000e+01   00.00000000e+00
  08.44516000e+01   06.24533000e+01   03.75117000e+01   00.00000000e+00
  08.60478000e+01   06.27427000e+01   03.76065000e+01   00.00000000e+00
  08.66177000e+01   06.26693000e+01   03.89725000e+01   00.00000000e+00
  08.65890000e+01   06.12871000e+01   03.95966000e+01   00.00000000e+00
  08.59047000e+01   06.38060000e+01   03.97992000e+01   00.00000000e+00
  08.63702000e+01   06.41258000e+01   04.12154000e+01   00.00000000e+00
  08.52503000e+01   06.45981000e+01   04.21740000e+01   00.00000000e+00
  08.55354000e+01   06.49912000e+01   04.35559000e+01   00.00000000e+00
  08.55937000e+01   06.37507000e+01   04.44391000e+01   00.00000000e+00
  08.68970000e+01   06.56634000e+01   04.37410000e+01   00.00000000e+00
  08.69638000e+01   06.70360000e+01   04.31174000e+01   00.00000000e+00
  08.57621000e+01   06.79051000e+01   04.35007000e+01   00.00000000e+00
  08.61247000e+01   06.94182000e+01   04.33580000e+01   00.00000000e+00
  08.69169000e+01   06.98899000e+01   04.46576000e+01   00.00000000e+00
  08.66329000e+01   06.98331000e+01   04.19192000e+01   00.00000000e+00
  08.25203000e+01   06.86554000e+01   03.42229000e+01   03.65717000e-02
  08.28022000e+01   06.76312000e+01   03.24207000e+01  -06.37550000e-03
  08.48699000e+01   07.31346000e+01   03.25254000e+01   01.79582000e-02
  08.58374000e+01   07.30222000e+01   03.09517000e+01   01.23366000e-02
  08.41111000e+01   07.36871000e+01   03.10694000e+01   01.80857000e-02
  08.13914000e+01   06.94911000e+01   03.83926000e+01  -03.55350000e-03
  07.99662000e+01   06.95515000e+01   03.74771000e+01  -05.48890000e-03
  08.05906000e+01   06.79417000e+01   03.76573000e+01  -05.73590000e-03
  08.16147000e+01   06.18754000e+01   03.21329000e+01  -01.16015000e-02
  08.18907000e+01   06.14022000e+01   03.37012000e+01  -01.03548000e-02
  08.02526000e+01   06.18781000e+01   03.31342000e+01  -01.10806000e-02
  08.32845000e+01   06.49547000e+01   02.70356000e+01  -06.50300000e-03
  08.19535000e+01   06.42743000e+01   02.81368000e+01  -03.84930000e-03
  08.23460000e+01   06.60581000e+01   02.80768000e+01  -06.75510000e-03
  08.54544000e+01   06.83848000e+01   02.46040000e+01   06.96000000e-05
  08.58128000e+01   06.99837000e+01   02.45869000e+01  -02.56130000e-03
  08.71162000e+01   06.90101000e+01   02.43984000e+01  -08.86000000e-04
  08.42212000e+01   07.22518000e+01   03.79736000e+01   02.66600000e-04
  08.36410000e+01   07.06488000e+01   03.81975000e+01   02.07780000e-03
  08.46966000e+01   07.09435000e+01   03.69087000e+01   03.44650000e-03
  07.93619000e+01   06.23393000e+01   03.70505000e+01   02.98050000e-03
  07.95015000e+01   06.19662000e+01   03.52644000e+01  -05.01900000e-04
  08.76624000e+01   06.49963000e+01   03.08398000e+01  -05.40000000e-06
  08.61328000e+01   06.55736000e+01   03.13324000e+01  -02.73660000e-03
  08.26403000e+01   07.24013000e+01   03.59519000e+01   06.65000000e-04
  08.17503000e+01   07.18042000e+01   03.72660000e+01  -04.07950000e-03
  08.67779000e+01   06.47700000e+01   02.85601000e+01   01.58140000e-02
  08.71727000e+01   06.63182000e+01   02.93273000e+01   09.11190000e-03
  08.60921000e+01   06.93613000e+01   04.11236000e+01   00.00000000e+00
  08.65432000e+01   07.09711000e+01   04.17896000e+01   00.00000000e+00
  08.76662000e+01   06.96016000e+01   04.19195000e+01   00.00000000e+00
  08.65030000e+01   06.94967000e+01   04.55742000e+01   00.00000000e+00
  08.79132000e+01   06.94828000e+01   04.45299000e+01   00.00000000e+00
  08.69691000e+01   07.09419000e+01   04.49400000e+01   00.00000000e+00
  08.49744000e+01   06.78053000e+01   04.28314000e+01   00.00000000e+00
  08.54688000e+01   06.76708000e+01   04.45217000e+01   00.00000000e+00
  08.78232000e+01   06.74753000e+01   04.35734000e+01   00.00000000e+00
  08.70917000e+01   06.69780000e+01   04.21037000e+01   00.00000000e+00
  08.70928000e+01   06.58449000e+01   04.47892000e+01   00.00000000e+00
  08.77250000e+01   06.50503000e+01   04.33772000e+01   00.00000000e+00
  08.46651000e+01   06.31452000e+01   04.44273000e+01   00.00000000e+00
  08.64144000e+01   06.30904000e+01   04.41301000e+01   00.00000000e+00
  08.57932000e+01   06.40284000e+01   04.54671000e+01   00.00000000e+00
  08.46912000e+01   06.53745000e+01   04.16642000e+01   00.00000000e+00
  08.45906000e+01   06.37391000e+01   04.22044000e+01   00.00000000e+00
  08.67559000e+01   06.31987000e+01   04.15943000e+01   00.00000000e+00
  08.70882000e+01   06.48810000e+01   04.12702000e+01   00.00000000e+00
  08.59830000e+01   06.47425000e+01   03.92230000e+01   00.00000000e+00
  08.49098000e+01   06.35847000e+01   03.97752000e+01   00.00000000e+00
  08.34507000e+01   07.18925000e+01   03.39286000e+01   07.20400000e-04
  08.10819000e+01   06.64558000e+01   03.63567000e+01  -02.39543000e-02
  08.26720000e+01   06.32961000e+01   03.12171000e+01   04.89340000e-03
  08.65816000e+01   06.88118000e+01   02.88931000e+01  -02.28199000e-02
  08.04069000e+01   06.45146000e+01   03.67855000e+01  -01.51750000e-03
  08.55811000e+01   06.09322000e+01   03.97973000e+01   00.00000000e+00
  08.70485000e+01   06.06148000e+01   03.89175000e+01   00.00000000e+00
  08.70517000e+01   06.13105000e+01   04.05609000e+01   00.00000000e+00
  08.76890000e+01   06.29135000e+01   03.88915000e+01   00.00000000e+00
  08.65541000e+01   06.19557000e+01   03.70105000e+01   00.00000000e+00
  08.63759000e+01   06.36977000e+01   03.71086000e+01   00.00000000e+00
  08.37589000e+01   06.31676000e+01   03.79812000e+01   00.00000000e+00
  08.41589000e+01   06.15162000e+01   03.80043000e+01   00.00000000e+00
  08.39418000e+01   06.33650000e+01   03.57034000e+01   00.00000000e+00
  08.30321000e+01   06.18960000e+01   03.60473000e+01   00.00000000e+00
  08.54515000e+01   05.92708000e+01   03.48970000e+01   00.00000000e+00
  08.51717000e+01   05.96932000e+01   03.65420000e+01   00.00000000e+00
  08.38133000e+01   05.95418000e+01   03.54643000e+01   00.00000000e+00
  08.42735000e+01   06.39606000e+01   02.89917000e+01   05.57290000e-03
  08.49081000e+01   06.62166000e+01   02.79156000e+01  -01.28866000e-02
  08.67346000e+01   06.20746000e+01   03.46638000e+01   00.00000000e+00
  08.52198000e+01   06.99912000e+01   04.35314000e+01   00.00000000e+00
  08.45442000e+01   06.20201000e+01   03.25014000e+01  -01.99830000e-03
  08.60241000e+01   06.13474000e+01   03.22259000e+01  -01.85290000e-03
