  08.51205000e+01   06.58603000e+01   02.82390000e+01  -06.11779000e-02
  07.94996000e+01   06.44966000e+01   03.55372000e+01   01.75852000e-02
  08.18083000e+01   07.20993000e+01   03.62328000e+01   01.01800000e-02
  08.46445000e+01   07.11408000e+01   02.84215000e+01  -01.32723000e-02
  08.26836000e+01   06.70293000e+01   03.03725000e+01  -04.57645000e-02
  08.57190000e+01   06.52056000e+01   02.95156000e+01   02.46758000e-02
  07.92438000e+01   06.32108000e+01   03.59381000e+01  -01.71993000e-02
  08.31434000e+01   07.20279000e+01   03.68748000e+01  -09.39340000e-03
  08.45981000e+01   06.95479000e+01   02.81371000e+01   07.66074000e-02
  08.12318000e+01   06.64180000e+01   03.29509000e+01   09.44338000e-02
  08.51934000e+01   07.19910000e+01   02.77489000e+01   01.54319000e-02
  08.51719000e+01   06.38907000e+01   03.00572000e+01  -01.56515000e-02
  08.41949000e+01   06.93659000e+01   02.66785000e+01  -02.00050000e-02
  08.29302000e+01   06.98316000e+01   03.13256000e+01  -08.09918000e-02
  08.49008000e+01   06.94613000e+01   02.44042000e+01   04.03650000e-03
  08.38269000e+01   06.89092000e+01   02.92309000e+01  -01.43447000e-01
  08.15852000e+01   06.50307000e+01   03.09311000e+01   01.23287000e-02
  08.06923000e+01   06.73483000e+01   03.51086000e+01   02.21683000e-01
  08.25759000e+01   07.14203000e+01   03.31253000e+01  -05.42921000e-02
  08.11644000e+01   06.58565000e+01   02.76578000e+01   02.66866000e-02
  07.99483000e+01   06.28976000e+01   03.27155000e+01   04.35609000e-02
  08.04584000e+01   06.96016000e+01   03.75005000e+01   02.36507000e-02
  08.38386000e+01   07.34911000e+01   03.09204000e+01  -06.09964000e-02
  08.50603000e+01   06.25394000e+01   03.20034000e+01   08.71130000e-03
  08.33663000e+01   06.75770000e+01   02.93001000e+01   01.26858000e-01
  08.11518000e+01   06.51764000e+01   03.22730000e+01  -03.45042000e-02
  08.12570000e+01   06.86610000e+01   03.50919000e+01  -02.04376000e-01
  08.29564000e+01   07.11133000e+01   03.17794000e+01   07.60142000e-02
  08.44371000e+01   06.30881000e+01   02.94784000e+01   05.08730000e-03
  08.30370000e+01   06.91520000e+01   02.63104000e+01   06.92200000e-04
  08.55778000e+01   06.24171000e+01   03.34081000e+01   00.00000000e+00
  08.36437000e+01   06.64051000e+01   02.82617000e+01   07.64245000e-02
  08.04403000e+01   06.42374000e+01   03.31472000e+01  -04.66821000e-02
  08.11079000e+01   06.97406000e+01   03.60748000e+01   01.65461000e-02
  08.35929000e+01   07.20465000e+01   03.07599000e+01   05.49912000e-02
  08.55765000e+01   06.37782000e+01   03.13574000e+01   03.30200000e-04
  08.51893000e+01   06.95693000e+01   02.58226000e+01   04.02810000e-03
  08.49072000e+01   06.18739000e+01   03.44371000e+01   00.00000000e+00
  08.24070000e+01   06.55169000e+01   02.85322000e+01  -04.69336000e-02
  08.02425000e+01   06.49198000e+01   03.43319000e+01  -07.68710000e-03
  08.16164000e+01   07.08254000e+01   03.54435000e+01  -03.37389000e-02
  08.39691000e+01   07.11985000e+01   02.97676000e+01   03.64969000e-02
  08.48018000e+01   06.03939000e+01   03.47618000e+01   00.00000000e+00
  08.22133000e+01   06.58865000e+01   03.00342000e+01  -09.58259000e-02
  08.06877000e+01   06.63007000e+01   03.41788000e+01  -01.77941000e-01
  08.21013000e+01   07.05479000e+01   03.41272000e+01   06.74294000e-02
  08.35263000e+01   06.98876000e+01   03.01207000e+01   01.44326000e-01
  08.40011000e+01   06.27869000e+01   03.52060000e+01   00.00000000e+00
  08.39075000e+01   06.26428000e+01   03.67740000e+01   00.00000000e+00
  08.53130000e+01   06.27663000e+01   03.74681000e+01   00.00000000e+00
  08.53920000e+01   06.26853000e+01   03.90369000e+01   00.00000000e+00
  08.48819000e+01   06.13460000e+01   03.94918000e+01   00.00000000e+00
  08.46600000e+01   06.38582000e+01   03.97163000e+01   00.00000000e+00
  08.49627000e+01   06.39990000e+01   04.11842000e+01   00.00000000e+00
  08.42975000e+01   06.52853000e+01   04.17946000e+01   00.00000000e+00
  08.47194000e+01   06.55217000e+01   04.33234000e+01   00.00000000e+00
  08.43377000e+01   06.44090000e+01   04.43432000e+01   00.00000000e+00
  08.61811000e+01   06.60785000e+01   04.35362000e+01   00.00000000e+00
  08.63284000e+01   06.75344000e+01   04.31288000e+01   00.00000000e+00
  08.58748000e+01   06.85263000e+01   04.42361000e+01   00.00000000e+00
  08.58466000e+01   07.00422000e+01   04.38354000e+01   00.00000000e+00
  08.73085000e+01   07.05269000e+01   04.34669000e+01   00.00000000e+00
  08.49072000e+01   07.02494000e+01   04.26388000e+01   00.00000000e+00
  08.17900000e+01   06.92197000e+01   03.39014000e+01   03.65717000e-02
  08.20074000e+01   06.81981000e+01   03.21038000e+01  -06.37550000e-03
  08.27704000e+01   07.38502000e+01   03.09622000e+01   01.79582000e-02
  08.44649000e+01   07.37433000e+01   03.17750000e+01   01.23366000e-02
  08.43128000e+01   07.38596000e+01   02.99752000e+01   01.80857000e-02
  08.02281000e+01   07.05989000e+01   03.79370000e+01  -03.55350000e-03
  07.95494000e+01   06.90121000e+01   03.74284000e+01  -05.48890000e-03
  08.12409000e+01   06.91164000e+01   03.81167000e+01  -05.73590000e-03
  08.07292000e+01   06.21530000e+01   03.26536000e+01  -01.16015000e-02
  07.92275000e+01   06.26221000e+01   03.34264000e+01  -01.03548000e-02
  07.93883000e+01   06.30578000e+01   03.17832000e+01  -01.10806000e-02
  08.13106000e+01   06.52779000e+01   02.67175000e+01  -06.50300000e-03
  08.01992000e+01   06.56614000e+01   02.80851000e+01  -03.84930000e-03
  08.10564000e+01   06.68682000e+01   02.74503000e+01  -06.75510000e-03
  08.42817000e+01   06.85527000e+01   02.41498000e+01   06.96000000e-05
  08.42820000e+01   07.03628000e+01   02.42263000e+01  -02.56130000e-03
  08.58481000e+01   06.94507000e+01   02.38781000e+01  -08.86000000e-04
  08.38067000e+01   07.21578000e+01   03.60746000e+01   02.66600000e-04
  08.33611000e+01   07.27913000e+01   03.76670000e+01   02.07780000e-03
  08.31483000e+01   07.10926000e+01   03.74332000e+01   03.44650000e-03
  07.86453000e+01   06.28986000e+01   03.68263000e+01   02.98050000e-03
  07.97838000e+01   06.23529000e+01   03.54045000e+01  -05.01900000e-04
  08.67236000e+01   06.50013000e+01   02.90717000e+01  -05.40000000e-06
  08.58099000e+01   06.60555000e+01   03.01713000e+01  -02.73660000e-03
  08.18329000e+01   07.29788000e+01   03.56243000e+01   06.65000000e-04
  08.10462000e+01   07.22469000e+01   03.70233000e+01  -04.07950000e-03
  08.52074000e+01   06.51425000e+01   02.74458000e+01   01.58140000e-02
  08.57519000e+01   06.67250000e+01   02.78402000e+01   09.11190000e-03
  08.47291000e+01   07.13464000e+01   04.26132000e+01   00.00000000e+00
  08.52775000e+01   06.98185000e+01   04.16895000e+01   00.00000000e+00
  08.39742000e+01   06.97657000e+01   04.27181000e+01   00.00000000e+00
  08.76183000e+01   07.02563000e+01   04.24430000e+01   00.00000000e+00
  08.72973000e+01   07.16233000e+01   04.34250000e+01   00.00000000e+00
  08.79911000e+01   07.02383000e+01   04.42489000e+01   00.00000000e+00
  08.48366000e+01   06.82781000e+01   04.46154000e+01   00.00000000e+00
  08.65424000e+01   06.84222000e+01   04.50403000e+01   00.00000000e+00
  08.73461000e+01   06.77187000e+01   04.29846000e+01   00.00000000e+00
  08.58155000e+01   06.76461000e+01   04.22026000e+01   00.00000000e+00
  08.63370000e+01   06.58627000e+01   04.46049000e+01   00.00000000e+00
  08.68407000e+01   06.53259000e+01   04.29778000e+01   00.00000000e+00
  08.49479000e+01   06.34381000e+01   04.42041000e+01   00.00000000e+00
  08.45392000e+01   06.49219000e+01   04.52821000e+01   00.00000000e+00
  08.32942000e+01   06.41951000e+01   04.43425000e+01   00.00000000e+00
  08.46919000e+01   06.60969000e+01   04.11541000e+01   00.00000000e+00
  08.32381000e+01   06.54529000e+01   04.16884000e+01   00.00000000e+00
  08.44943000e+01   06.32388000e+01   04.17752000e+01   00.00000000e+00
  08.60079000e+01   06.41710000e+01   04.13594000e+01   00.00000000e+00
  08.49048000e+01   06.48054000e+01   03.91802000e+01   00.00000000e+00
  08.36128000e+01   06.36069000e+01   03.96175000e+01   00.00000000e+00
  08.26022000e+01   07.24602000e+01   03.34668000e+01   07.20400000e-04
  08.01041000e+01   06.70642000e+01   03.59393000e+01  -02.39543000e-02
  08.14179000e+01   06.40258000e+01   03.05051000e+01   04.89340000e-03
  08.55914000e+01   06.92370000e+01   02.83047000e+01  -02.28199000e-02
  07.89192000e+01   06.53087000e+01   03.60105000e+01  -01.51750000e-03
  08.49174000e+01   06.13061000e+01   04.05829000e+01   00.00000000e+00
  08.38494000e+01   06.12499000e+01   03.90517000e+01   00.00000000e+00
  08.54290000e+01   06.04399000e+01   03.91065000e+01   00.00000000e+00
  08.64228000e+01   06.27969000e+01   03.93726000e+01   00.00000000e+00
  08.59695000e+01   06.19262000e+01   03.71581000e+01   00.00000000e+00
  08.57857000e+01   06.37003000e+01   03.72336000e+01   00.00000000e+00
  08.32922000e+01   06.34797000e+01   03.71462000e+01   00.00000000e+00
  08.34707000e+01   06.16569000e+01   03.70646000e+01   00.00000000e+00
  08.42930000e+01   06.38229000e+01   03.50196000e+01   00.00000000e+00
  08.29421000e+01   06.27260000e+01   03.48006000e+01   00.00000000e+00
  08.58229000e+01   06.01776000e+01   03.49724000e+01   00.00000000e+00
  08.42486000e+01   06.02208000e+01   03.56493000e+01   00.00000000e+00
  08.42860000e+01   05.97913000e+01   03.39578000e+01   00.00000000e+00
  08.26250000e+01   06.44899000e+01   02.84183000e+01   05.57290000e-03
  08.35514000e+01   06.69046000e+01   02.73305000e+01  -01.28866000e-02
  08.66076000e+01   06.27333000e+01   03.36977000e+01   00.00000000e+00
  08.55049000e+01   07.06220000e+01   04.47031000e+01   00.00000000e+00
  08.39803000e+01   06.25244000e+01   03.19254000e+01  -01.99830000e-03
  08.54900000e+01   06.17037000e+01   03.14492000e+01  -01.85290000e-03
