  08.57073000e+01   06.44834000e+01   02.89334000e+01  -06.11779000e-02
  08.04681000e+01   06.34746000e+01   03.63379000e+01   01.75852000e-02
  08.30966000e+01   07.08854000e+01   03.65286000e+01   01.01800000e-02
  08.55858000e+01   06.94869000e+01   02.87514000e+01  -01.32723000e-02
  08.29787000e+01   06.57368000e+01   03.05724000e+01  -04.57645000e-02
  08.62144000e+01   06.41345000e+01   03.03366000e+01   02.46758000e-02
  07.97964000e+01   06.23505000e+01   03.66924000e+01  -01.71993000e-02
  08.45502000e+01   07.06186000e+01   03.71179000e+01  -09.39340000e-03
  08.55671000e+01   06.78700000e+01   02.85146000e+01   07.66074000e-02
  08.19472000e+01   06.51922000e+01   03.33500000e+01   09.44338000e-02
  08.60012000e+01   07.03382000e+01   02.79634000e+01   01.54319000e-02
  08.56997000e+01   06.28161000e+01   03.09966000e+01  -01.56515000e-02
  08.52316000e+01   06.76531000e+01   02.71130000e+01  -02.00050000e-02
  08.36553000e+01   06.85475000e+01   03.15319000e+01  -08.09918000e-02
  08.63051000e+01   06.75368000e+01   02.49061000e+01   04.03650000e-03
  08.45056000e+01   06.73521000e+01   02.95873000e+01  -01.43447000e-01
  08.22774000e+01   06.35513000e+01   03.15432000e+01   01.23287000e-02
  08.15645000e+01   06.62527000e+01   03.55348000e+01   02.21683000e-01
  08.35289000e+01   07.01372000e+01   03.33785000e+01  -05.42921000e-02
  08.17530000e+01   06.40504000e+01   02.83886000e+01   02.66866000e-02
  08.12167000e+01   06.15967000e+01   03.37144000e+01   04.35609000e-02
  08.15842000e+01   06.84714000e+01   03.78447000e+01   02.36507000e-02
  08.48020000e+01   07.21195000e+01   03.09508000e+01  -06.09964000e-02
  08.49673000e+01   06.18150000e+01   03.30336000e+01   08.71130000e-03
  08.38847000e+01   06.60953000e+01   02.96444000e+01   01.26858000e-01
  08.19179000e+01   06.39101000e+01   03.28756000e+01  -03.45042000e-02
  08.20400000e+01   06.75262000e+01   03.53460000e+01  -02.04376000e-01
  08.39828000e+01   06.97875000e+01   03.20725000e+01   07.60142000e-02
  08.55249000e+01   06.17873000e+01   03.04161000e+01   05.08730000e-03
  08.41243000e+01   06.74137000e+01   02.66096000e+01   06.92200000e-04
  08.57792000e+01   06.17303000e+01   03.43030000e+01   00.00000000e+00
  08.42150000e+01   06.49333000e+01   02.87419000e+01   07.64245000e-02
  08.13290000e+01   06.30660000e+01   03.38198000e+01  -04.66821000e-02
  08.20606000e+01   06.85393000e+01   03.63659000e+01   01.65461000e-02
  08.45705000e+01   07.06090000e+01   03.09833000e+01   05.49912000e-02
  08.54607000e+01   06.30120000e+01   03.23647000e+01   03.30200000e-04
  08.63675000e+01   06.76428000e+01   02.63884000e+01   04.02810000e-03
  08.52907000e+01   06.12471000e+01   03.54770000e+01   00.00000000e+00
  08.30648000e+01   06.39758000e+01   02.91696000e+01  -04.69336000e-02
  08.09409000e+01   06.38741000e+01   03.49659000e+01  -07.68710000e-03
  08.27089000e+01   06.96341000e+01   03.57873000e+01  -03.37389000e-02
  08.49157000e+01   06.96640000e+01   03.00132000e+01   03.64969000e-02
  08.54223000e+01   05.97370000e+01   03.58186000e+01   00.00000000e+00
  08.27560000e+01   06.44346000e+01   03.05426000e+01  -09.58259000e-02
  08.15304000e+01   06.51864000e+01   03.46078000e+01  -01.77941000e-01
  08.28688000e+01   06.93096000e+01   03.43502000e+01   06.74294000e-02
  08.43650000e+01   06.83993000e+01   03.04604000e+01   01.44326000e-01
  08.44537000e+01   06.20820000e+01   03.63851000e+01   00.00000000e+00
  08.47744000e+01   06.19715000e+01   03.79083000e+01   00.00000000e+00
  08.61749000e+01   06.23631000e+01   03.83413000e+01   00.00000000e+00
  08.66545000e+01   06.22474000e+01   03.98216000e+01   00.00000000e+00
  08.66863000e+01   06.07441000e+01   04.01447000e+01   00.00000000e+00
  08.57403000e+01   06.30131000e+01   04.08432000e+01   00.00000000e+00
  08.64512000e+01   06.32354000e+01   04.21842000e+01   00.00000000e+00
  08.55997000e+01   06.41882000e+01   04.30465000e+01   00.00000000e+00
  08.60096000e+01   06.43587000e+01   04.45035000e+01   00.00000000e+00
  08.56567000e+01   06.30395000e+01   04.53194000e+01   00.00000000e+00
  08.72885000e+01   06.50180000e+01   04.49011000e+01   00.00000000e+00
  08.75637000e+01   06.64330000e+01   04.43195000e+01   00.00000000e+00
  08.64782000e+01   06.74201000e+01   04.49539000e+01   00.00000000e+00
  08.68763000e+01   06.88617000e+01   04.48437000e+01   00.00000000e+00
  08.83095000e+01   06.91466000e+01   04.53554000e+01   00.00000000e+00
  08.67107000e+01   06.92699000e+01   04.33455000e+01   00.00000000e+00
  08.25054000e+01   06.80566000e+01   03.41227000e+01   03.65717000e-02
  08.26008000e+01   06.69355000e+01   03.23277000e+01  -06.37550000e-03
  08.56575000e+01   07.23001000e+01   03.03116000e+01   01.79582000e-02
  08.38521000e+01   07.25115000e+01   03.04066000e+01   01.23366000e-02
  08.49868000e+01   07.25554000e+01   03.19163000e+01   01.80857000e-02
  08.07624000e+01   06.78017000e+01   03.80333000e+01  -03.55350000e-03
  08.23093000e+01   06.81337000e+01   03.85924000e+01  -05.48890000e-03
  08.13574000e+01   06.94216000e+01   03.82427000e+01  -05.73590000e-03
  08.01212000e+01   06.14874000e+01   03.35674000e+01  -01.16015000e-02
  08.16045000e+01   06.11487000e+01   03.27751000e+01  -01.03548000e-02
  08.16232000e+01   06.11339000e+01   03.46458000e+01  -01.10806000e-02
  08.09652000e+01   06.35686000e+01   02.89470000e+01  -06.50300000e-03
  08.15182000e+01   06.51127000e+01   02.80681000e+01  -03.84930000e-03
  08.19005000e+01   06.35243000e+01   02.74070000e+01  -06.75510000e-03
  08.66682000e+01   06.85313000e+01   02.44315000e+01   06.96000000e-05
  08.68908000e+01   06.67599000e+01   02.44677000e+01  -02.56130000e-03
  08.53134000e+01   06.73093000e+01   02.43808000e+01  -08.86000000e-04
  08.50937000e+01   07.15380000e+01   03.74322000e+01   02.66600000e-04
  08.44821000e+01   06.99762000e+01   03.79378000e+01   02.07780000e-03
  08.51931000e+01   07.02507000e+01   03.62504000e+01   03.44650000e-03
  07.94918000e+01   06.21624000e+01   03.76706000e+01   02.98050000e-03
  07.92414000e+01   06.17316000e+01   03.60189000e+01  -05.01900000e-04
  08.72481000e+01   06.40756000e+01   03.02882000e+01  -05.40000000e-06
  08.60489000e+01   06.50017000e+01   03.09418000e+01  -02.73660000e-03
  08.32225000e+01   07.17984000e+01   03.58624000e+01   06.65000000e-04
  08.24869000e+01   07.09988000e+01   03.74771000e+01  -04.07950000e-03
  08.59882000e+01   06.36283000e+01   02.82656000e+01   01.58140000e-02
  08.63398000e+01   06.52990000e+01   02.86860000e+01   09.11190000e-03
  08.75333000e+01   06.89387000e+01   04.27059000e+01   00.00000000e+00
  08.57642000e+01   06.88567000e+01   04.29203000e+01   00.00000000e+00
  08.66059000e+01   07.03538000e+01   04.33110000e+01   00.00000000e+00
  08.82862000e+01   06.87392000e+01   04.63834000e+01   00.00000000e+00
  08.91494000e+01   06.86531000e+01   04.48440000e+01   00.00000000e+00
  08.86320000e+01   07.01762000e+01   04.53843000e+01   00.00000000e+00
  08.55468000e+01   06.72812000e+01   04.44723000e+01   00.00000000e+00
  08.62998000e+01   06.70231000e+01   04.59673000e+01   00.00000000e+00
  08.85253000e+01   06.66407000e+01   04.47501000e+01   00.00000000e+00
  08.76734000e+01   06.64622000e+01   04.32977000e+01   00.00000000e+00
  08.71903000e+01   06.51065000e+01   04.60142000e+01   00.00000000e+00
  08.81190000e+01   06.44008000e+01   04.46988000e+01   00.00000000e+00
  08.57430000e+01   06.32369000e+01   04.63964000e+01   00.00000000e+00
  08.45970000e+01   06.27675000e+01   04.51771000e+01   00.00000000e+00
  08.62129000e+01   06.21645000e+01   04.50724000e+01   00.00000000e+00
  08.56301000e+01   06.51486000e+01   04.25217000e+01   00.00000000e+00
  08.45328000e+01   06.39879000e+01   04.31180000e+01   00.00000000e+00
  08.66276000e+01   06.22675000e+01   04.26999000e+01   00.00000000e+00
  08.74304000e+01   06.36952000e+01   04.20135000e+01   00.00000000e+00
  08.57635000e+01   06.40135000e+01   04.04662000e+01   00.00000000e+00
  08.47670000e+01   06.26837000e+01   04.09147000e+01   00.00000000e+00
  08.38107000e+01   07.11274000e+01   03.37020000e+01   07.20400000e-04
  08.10191000e+01   06.60194000e+01   03.65085000e+01  -02.39543000e-02
  08.22566000e+01   06.25041000e+01   03.12254000e+01   04.89340000e-03
  08.66069000e+01   06.74714000e+01   02.88114000e+01  -02.28199000e-02
  08.07008000e+01   06.41160000e+01   03.71938000e+01  -01.51750000e-03
  08.74408000e+01   06.07512000e+01   04.09051000e+01   00.00000000e+00
  08.56998000e+01   06.04317000e+01   04.06149000e+01   00.00000000e+00
  08.69618000e+01   06.01618000e+01   03.92816000e+01   00.00000000e+00
  08.76049000e+01   06.26619000e+01   03.97834000e+01   00.00000000e+00
  08.68459000e+01   06.18373000e+01   03.77144000e+01   00.00000000e+00
  08.62242000e+01   06.34379000e+01   03.82375000e+01   00.00000000e+00
  08.40546000e+01   06.26593000e+01   03.83843000e+01   00.00000000e+00
  08.46303000e+01   06.09936000e+01   03.82843000e+01   00.00000000e+00
  08.45070000e+01   06.31801000e+01   03.62114000e+01   00.00000000e+00
  08.34544000e+01   06.16638000e+01   03.61665000e+01   00.00000000e+00
  08.57025000e+01   05.91373000e+01   03.49570000e+01   00.00000000e+00
  08.60381000e+01   05.96005000e+01   03.67158000e+01   00.00000000e+00
  08.43712000e+01   05.94866000e+01   03.60243000e+01   00.00000000e+00
  08.34101000e+01   06.29643000e+01   02.92062000e+01   05.57290000e-03
  08.40926000e+01   06.52043000e+01   02.77307000e+01  -01.28866000e-02
  08.67890000e+01   06.21126000e+01   03.42339000e+01   00.00000000e+00
  08.62586000e+01   06.95259000e+01   04.54040000e+01   00.00000000e+00
  08.39129000e+01   06.18273000e+01   03.31177000e+01  -01.99830000e-03
  08.52479000e+01   06.09459000e+01   03.25413000e+01  -01.85290000e-03
