  08.58038000e+01   06.59390000e+01   02.87342000e+01  -06.11779000e-02
  08.04790000e+01   06.45454000e+01   03.57803000e+01   01.75852000e-02
  08.27433000e+01   07.23197000e+01   03.62072000e+01   01.01800000e-02
  08.53056000e+01   07.12071000e+01   02.84254000e+01  -01.32723000e-02
  08.32373000e+01   06.72410000e+01   03.02883000e+01  -04.57645000e-02
  08.61873000e+01   06.56671000e+01   03.01982000e+01   02.46758000e-02
  08.01189000e+01   06.32906000e+01   03.61238000e+01  -01.71993000e-02
  08.39779000e+01   07.20923000e+01   03.70627000e+01  -09.39340000e-03
  08.53273000e+01   06.96140000e+01   02.80800000e+01   07.66074000e-02
  08.19458000e+01   06.65210000e+01   03.29808000e+01   09.44338000e-02
  08.57419000e+01   07.21175000e+01   02.77619000e+01   01.54319000e-02
  08.57089000e+01   06.43228000e+01   03.08383000e+01  -01.56515000e-02
  08.48781000e+01   06.93343000e+01   02.66210000e+01  -02.00050000e-02
  08.35660000e+01   07.00201000e+01   03.12111000e+01  -08.09918000e-02
  08.58062000e+01   06.96553000e+01   02.42954000e+01   04.03650000e-03
  08.44185000e+01   06.90279000e+01   02.90989000e+01  -01.43447000e-01
  08.23759000e+01   06.50274000e+01   03.10501000e+01   01.23287000e-02
  08.15138000e+01   06.75203000e+01   03.51428000e+01   02.21683000e-01
  08.32209000e+01   07.16097000e+01   03.30221000e+01  -05.42921000e-02
  08.20226000e+01   06.54898000e+01   02.79538000e+01   02.66866000e-02
  08.10833000e+01   06.28879000e+01   03.29302000e+01   04.35609000e-02
  08.13786000e+01   06.97268000e+01   03.74049000e+01   02.36507000e-02
  08.43972000e+01   07.36671000e+01   03.06994000e+01  -06.09964000e-02
  08.55940000e+01   06.32229000e+01   03.28995000e+01   08.71130000e-03
  08.39896000e+01   06.76893000e+01   02.92018000e+01   01.26858000e-01
  08.18901000e+01   06.52755000e+01   03.23982000e+01  -03.45042000e-02
  08.19315000e+01   06.88214000e+01   03.49365000e+01  -02.04376000e-01
  08.35708000e+01   07.13172000e+01   03.17090000e+01   07.60142000e-02
  08.51653000e+01   06.33862000e+01   03.02868000e+01   05.08730000e-03
  08.38796000e+01   06.88282000e+01   02.61973000e+01   06.92200000e-04
  08.61845000e+01   06.30729000e+01   03.42168000e+01   00.00000000e+00
  08.43953000e+01   06.64356000e+01   02.84224000e+01   07.64245000e-02
  08.12374000e+01   06.43363000e+01   03.32999000e+01  -04.66821000e-02
  08.18326000e+01   06.98598000e+01   03.59734000e+01   01.65461000e-02
  08.40791000e+01   07.21744000e+01   03.06031000e+01   05.49912000e-02
  08.60592000e+01   06.44045000e+01   03.21440000e+01   03.30200000e-04
  08.59167000e+01   06.97456000e+01   02.57672000e+01   04.02810000e-03
  08.56717000e+01   06.23144000e+01   03.52363000e+01   00.00000000e+00
  08.32788000e+01   06.54185000e+01   02.87919000e+01  -04.69336000e-02
  08.09974000e+01   06.50778000e+01   03.45206000e+01  -07.68710000e-03
  08.24366000e+01   07.10164000e+01   03.54497000e+01  -03.37389000e-02
  08.45454000e+01   07.12836000e+01   02.96352000e+01   03.64969000e-02
  08.60322000e+01   06.08744000e+01   03.54557000e+01   00.00000000e+00
  08.29462000e+01   06.59331000e+01   03.01716000e+01  -09.58259000e-02
  08.14476000e+01   06.64825000e+01   03.42360000e+01  -01.77941000e-01
  08.26840000e+01   07.07126000e+01   03.40429000e+01   06.74294000e-02
  08.41859000e+01   07.00378000e+01   03.00394000e+01   01.44326000e-01
  08.46747000e+01   06.28995000e+01   03.61764000e+01   00.00000000e+00
  08.49176000e+01   06.29927000e+01   03.76911000e+01   00.00000000e+00
  08.63089000e+01   06.36647000e+01   03.79298000e+01   00.00000000e+00
  08.68557000e+01   06.35758000e+01   03.94426000e+01   00.00000000e+00
  08.71737000e+01   06.21088000e+01   03.97619000e+01   00.00000000e+00
  08.58782000e+01   06.42769000e+01   04.03914000e+01   00.00000000e+00
  08.65191000e+01   06.47004000e+01   04.17389000e+01   00.00000000e+00
  08.54761000e+01   06.52529000e+01   04.27998000e+01   00.00000000e+00
  08.59646000e+01   06.56237000e+01   04.43039000e+01   00.00000000e+00
  08.55329000e+01   06.45875000e+01   04.53758000e+01   00.00000000e+00
  08.74716000e+01   06.58164000e+01   04.44088000e+01   00.00000000e+00
  08.80419000e+01   06.70757000e+01   04.38600000e+01   00.00000000e+00
  08.75140000e+01   06.82254000e+01   04.47430000e+01   00.00000000e+00
  08.75356000e+01   06.95687000e+01   04.40145000e+01   00.00000000e+00
  08.88693000e+01   06.99653000e+01   04.34565000e+01   00.00000000e+00
  08.63601000e+01   06.97960000e+01   04.30298000e+01   00.00000000e+00
  08.23928000e+01   06.93745000e+01   03.37959000e+01   03.65717000e-02
  08.26242000e+01   06.83319000e+01   03.19397000e+01  -06.37550000e-03
  08.38543000e+01   07.41478000e+01   03.15378000e+01   01.79582000e-02
  08.54530000e+01   07.39288000e+01   03.05941000e+01   01.23366000e-02
  08.38690000e+01   07.39606000e+01   02.98102000e+01   01.80857000e-02
  08.06047000e+01   07.05178000e+01   03.76695000e+01  -03.55350000e-03
  08.09602000e+01   06.87665000e+01   03.77644000e+01  -05.48890000e-03
  08.23254000e+01   06.98008000e+01   03.80745000e+01  -05.73590000e-03
  08.19199000e+01   06.22813000e+01   03.32460000e+01  -01.16015000e-02
  08.01694000e+01   06.24402000e+01   03.33736000e+01  -01.03548000e-02
  08.09111000e+01   06.28216000e+01   03.18388000e+01  -01.10806000e-02
  08.15887000e+01   06.64970000e+01   02.78678000e+01  -06.50300000e-03
  08.22602000e+01   06.50618000e+01   02.69149000e+01  -03.84930000e-03
  08.13243000e+01   06.49125000e+01   02.85341000e+01  -06.75510000e-03
  08.56201000e+01   06.86526000e+01   02.38908000e+01   06.96000000e-05
  08.49525000e+01   07.02242000e+01   02.38650000e+01  -02.56130000e-03
  08.67524000e+01   06.97971000e+01   02.36655000e+01  -08.86000000e-04
  08.38307000e+01   07.14654000e+01   03.79899000e+01   02.66600000e-04
  08.47655000e+01   07.15520000e+01   03.64435000e+01   02.07780000e-03
  08.44287000e+01   07.30170000e+01   03.75332000e+01   03.44650000e-03
  07.98705000e+01   06.29949000e+01   03.71932000e+01   02.98050000e-03
  08.01861000e+01   06.24279000e+01   03.54462000e+01  -05.01900000e-04
  08.72696000e+01   06.55658000e+01   03.01763000e+01  -05.40000000e-06
  08.59862000e+01   06.65095000e+01   03.08272000e+01  -02.73660000e-03
  08.28997000e+01   07.31244000e+01   03.54408000e+01   06.65000000e-04
  08.18298000e+01   07.25787000e+01   03.67966000e+01  -04.07950000e-03
  08.59036000e+01   06.50530000e+01   02.81452000e+01   01.58140000e-02
  08.65373000e+01   06.67228000e+01   02.84853000e+01   09.11190000e-03
  08.64437000e+01   07.08077000e+01   04.29257000e+01   00.00000000e+00
  08.65096000e+01   06.94122000e+01   04.20601000e+01   00.00000000e+00
  08.54244000e+01   06.95322000e+01   04.34465000e+01   00.00000000e+00
  08.89731000e+01   07.09691000e+01   04.31831000e+01   00.00000000e+00
  08.96138000e+01   06.97948000e+01   04.42961000e+01   00.00000000e+00
  08.92046000e+01   06.93234000e+01   04.26636000e+01   00.00000000e+00
  08.64727000e+01   06.80233000e+01   04.50765000e+01   00.00000000e+00
  08.81628000e+01   06.81307000e+01   04.56456000e+01   00.00000000e+00
  08.91504000e+01   06.72078000e+01   04.38889000e+01   00.00000000e+00
  08.77094000e+01   06.71877000e+01   04.28413000e+01   00.00000000e+00
  08.77759000e+01   06.57858000e+01   04.54999000e+01   00.00000000e+00
  08.80626000e+01   06.49933000e+01   04.39535000e+01   00.00000000e+00
  08.61051000e+01   06.36821000e+01   04.52565000e+01   00.00000000e+00
  08.57229000e+01   06.50151000e+01   04.63985000e+01   00.00000000e+00
  08.45031000e+01   06.42985000e+01   04.52743000e+01   00.00000000e+00
  08.49945000e+01   06.61321000e+01   04.22674000e+01   00.00000000e+00
  08.48498000e+01   06.43752000e+01   04.29662000e+01   00.00000000e+00
  08.70367000e+01   06.38436000e+01   04.21510000e+01   00.00000000e+00
  08.73075000e+01   06.54750000e+01   04.15616000e+01   00.00000000e+00
  08.55764000e+01   06.51858000e+01   03.98734000e+01   00.00000000e+00
  08.50191000e+01   06.36264000e+01   04.05220000e+01   00.00000000e+00
  08.32966000e+01   07.26962000e+01   03.31382000e+01   07.20400000e-04
  08.11163000e+01   06.72223000e+01   03.61223000e+01  -02.39543000e-02
  08.22564000e+01   06.40353000e+01   03.06866000e+01   04.89340000e-03
  08.63847000e+01   06.93411000e+01   02.82495000e+01  -02.28199000e-02
  08.04900000e+01   06.52582000e+01   03.65614000e+01  -01.51750000e-03
  08.77544000e+01   06.20635000e+01   04.06731000e+01   00.00000000e+00
  08.62140000e+01   06.15114000e+01   03.98379000e+01   00.00000000e+00
  08.77975000e+01   06.16962000e+01   03.89650000e+01   00.00000000e+00
  08.77788000e+01   06.41703000e+01   03.95127000e+01   00.00000000e+00
  08.70775000e+01   06.32248000e+01   03.73060000e+01   00.00000000e+00
  08.63990000e+01   06.46862000e+01   03.76697000e+01   00.00000000e+00
  08.41776000e+01   06.36588000e+01   03.82030000e+01   00.00000000e+00
  08.48593000e+01   06.20431000e+01   03.81921000e+01   00.00000000e+00
  08.42383000e+01   06.37901000e+01   03.57171000e+01   00.00000000e+00
  08.39270000e+01   06.21163000e+01   03.61748000e+01   00.00000000e+00
  08.68158000e+01   06.06528000e+01   03.48273000e+01   00.00000000e+00
  08.63648000e+01   06.06320000e+01   03.64462000e+01   00.00000000e+00
  08.51001000e+01   06.03490000e+01   03.52236000e+01   00.00000000e+00
  08.35765000e+01   06.43731000e+01   02.87831000e+01   05.57290000e-03
  08.42906000e+01   06.65246000e+01   02.73278000e+01  -01.28866000e-02
  08.71128000e+01   06.36756000e+01   03.44635000e+01   00.00000000e+00
  08.72385000e+01   07.01922000e+01   04.48167000e+01   00.00000000e+00
  08.45077000e+01   06.32595000e+01   03.29093000e+01  -01.99830000e-03
  08.60133000e+01   06.23333000e+01   03.23471000e+01  -01.85290000e-03
