  08.42692000e+01   06.51539000e+01   02.91826000e+01  -06.11779000e-02
  07.84846000e+01   06.36642000e+01   03.61708000e+01   01.75852000e-02
  08.08694000e+01   07.13632000e+01   03.67541000e+01   01.01800000e-02
  08.37663000e+01   07.02953000e+01   02.90892000e+01  -01.32723000e-02
  08.13915000e+01   06.63997000e+01   03.07187000e+01  -04.57645000e-02
  08.46953000e+01   06.50093000e+01   03.06423000e+01   02.46758000e-02
  07.86554000e+01   06.24215000e+01   03.66425000e+01  -01.71993000e-02
  08.21270000e+01   07.11515000e+01   03.75253000e+01  -09.39340000e-03
  08.39380000e+01   06.87528000e+01   02.88612000e+01   07.66074000e-02
  08.00636000e+01   06.56858000e+01   03.34537000e+01   09.44338000e-02
  08.42339000e+01   07.11627000e+01   02.83463000e+01   01.54319000e-02
  08.40692000e+01   06.39223000e+01   03.15033000e+01  -01.56515000e-02
  08.37896000e+01   06.84111000e+01   02.73974000e+01  -02.00050000e-02
  08.17082000e+01   06.91182000e+01   03.17846000e+01  -08.09918000e-02
  08.50906000e+01   06.82496000e+01   02.53247000e+01   04.03650000e-03
  08.28107000e+01   06.80784000e+01   02.97844000e+01  -01.43447000e-01
  08.03044000e+01   06.42529000e+01   03.13772000e+01   01.23287000e-02
  07.92393000e+01   06.66646000e+01   03.56144000e+01   02.21683000e-01
  08.14916000e+01   07.07214000e+01   03.36747000e+01  -05.42921000e-02
  08.05931000e+01   06.47093000e+01   02.81031000e+01   02.66866000e-02
  07.91411000e+01   06.20094000e+01   03.33477000e+01   04.35609000e-02
  07.91439000e+01   06.89240000e+01   03.79022000e+01   02.36507000e-02
  08.25982000e+01   07.27709000e+01   03.13931000e+01  -06.09964000e-02
  08.31641000e+01   06.35513000e+01   03.35918000e+01   08.71130000e-03
  08.23484000e+01   06.67700000e+01   02.98399000e+01   01.26858000e-01
  07.98823000e+01   06.44499000e+01   03.27956000e+01  -03.45042000e-02
  07.96926000e+01   06.80536000e+01   03.54879000e+01  -02.04376000e-01
  08.19078000e+01   07.04145000e+01   03.23532000e+01   07.60142000e-02
  08.36245000e+01   06.28471000e+01   03.10910000e+01   05.08730000e-03
  08.27748000e+01   06.81346000e+01   02.68140000e+01   06.92200000e-04
  08.37756000e+01   06.23824000e+01   03.43028000e+01   00.00000000e+00
  08.28358000e+01   06.56347000e+01   02.89296000e+01   07.64245000e-02
  07.93662000e+01   06.34843000e+01   03.36899000e+01  -04.66821000e-02
  07.97532000e+01   06.90717000e+01   03.65041000e+01   01.65461000e-02
  08.24586000e+01   07.13010000e+01   03.12941000e+01   05.49912000e-02
  08.40882000e+01   06.42923000e+01   03.28249000e+01   03.30200000e-04
  08.50217000e+01   06.84810000e+01   02.67667000e+01   04.02810000e-03
  08.32988000e+01   06.12029000e+01   03.47541000e+01   00.00000000e+00
  08.16768000e+01   06.45819000e+01   02.92271000e+01  -04.69336000e-02
  07.91498000e+01   06.41666000e+01   03.49378000e+01  -07.68710000e-03
  08.04546000e+01   07.01545000e+01   03.59713000e+01  -03.37389000e-02
  08.29186000e+01   07.03951000e+01   03.02653000e+01   03.64969000e-02
  08.32766000e+01   05.99073000e+01   03.38003000e+01   00.00000000e+00
  08.10529000e+01   06.50496000e+01   03.05599000e+01  -09.58259000e-02
  07.95305000e+01   06.55480000e+01   03.47241000e+01  -01.77941000e-01
  08.08189000e+01   06.98592000e+01   03.46163000e+01   06.74294000e-02
  08.24165000e+01   06.90981000e+01   03.06480000e+01   01.44326000e-01
  08.31551000e+01   06.09548000e+01   03.62015000e+01   00.00000000e+00
  08.29733000e+01   06.21489000e+01   03.71288000e+01   00.00000000e+00
  08.31978000e+01   06.18500000e+01   03.86533000e+01   00.00000000e+00
  08.46232000e+01   06.18352000e+01   03.93027000e+01   00.00000000e+00
  08.56134000e+01   06.06924000e+01   03.87394000e+01   00.00000000e+00
  08.46518000e+01   06.17904000e+01   04.08634000e+01   00.00000000e+00
  08.43546000e+01   06.31719000e+01   04.15849000e+01   00.00000000e+00
  08.46228000e+01   06.31428000e+01   04.30868000e+01   00.00000000e+00
  08.45484000e+01   06.44658000e+01   04.39518000e+01   00.00000000e+00
  08.51173000e+01   06.43837000e+01   04.54374000e+01   00.00000000e+00
  08.32083000e+01   06.52512000e+01   04.38818000e+01   00.00000000e+00
  08.33666000e+01   06.67537000e+01   04.40307000e+01   00.00000000e+00
  08.43887000e+01   06.73904000e+01   04.30989000e+01   00.00000000e+00
  08.45273000e+01   06.89199000e+01   04.31287000e+01   00.00000000e+00
  08.56346000e+01   06.94640000e+01   04.21630000e+01   00.00000000e+00
  08.31731000e+01   06.95981000e+01   04.28164000e+01   00.00000000e+00
  08.04218000e+01   06.85825000e+01   03.43619000e+01   03.65717000e-02
  08.06950000e+01   06.75140000e+01   03.25466000e+01  -06.37550000e-03
  08.32948000e+01   07.30926000e+01   03.06596000e+01   01.79582000e-02
  08.15833000e+01   07.31097000e+01   03.11701000e+01   01.23366000e-02
  08.29321000e+01   07.29543000e+01   03.24223000e+01   01.80857000e-02
  07.95753000e+01   06.80808000e+01   03.84663000e+01  -03.55350000e-03
  07.92235000e+01   06.97396000e+01   03.85374000e+01  -05.48890000e-03
  07.81062000e+01   06.87506000e+01   03.77165000e+01  -05.73590000e-03
  07.96884000e+01   06.13329000e+01   03.39672000e+01  -01.16015000e-02
  07.80605000e+01   06.19187000e+01   03.34155000e+01  -01.03548000e-02
  07.93539000e+01   06.18605000e+01   03.23306000e+01  -01.10806000e-02
  08.02930000e+01   06.57251000e+01   02.78073000e+01  -06.50300000e-03
  08.10400000e+01   06.42633000e+01   02.72005000e+01  -03.84930000e-03
  07.98189000e+01   06.40533000e+01   02.84046000e+01  -06.75510000e-03
  08.50247000e+01   06.92073000e+01   02.48403000e+01   06.96000000e-05
  08.60372000e+01   06.78503000e+01   02.50092000e+01  -02.56130000e-03
  08.43022000e+01   06.75570000e+01   02.49897000e+01  -08.86000000e-04
  08.28549000e+01   07.09140000e+01   03.67613000e+01   02.66600000e-04
  08.23488000e+01   07.20788000e+01   03.80011000e+01   02.07780000e-03
  08.20825000e+01   07.03309000e+01   03.82671000e+01   03.44650000e-03
  07.81432000e+01   06.20414000e+01   03.75601000e+01   02.98050000e-03
  07.92574000e+01   06.16044000e+01   03.61800000e+01  -05.01900000e-04
  08.57455000e+01   06.48395000e+01   03.04955000e+01  -05.40000000e-06
  08.45407000e+01   06.59330000e+01   03.11495000e+01  -02.73660000e-03
  08.09627000e+01   07.22508000e+01   03.60174000e+01   06.65000000e-04
  08.00992000e+01   07.16596000e+01   03.74669000e+01  -04.07950000e-03
  08.44490000e+01   06.41405000e+01   02.87309000e+01   01.58140000e-02
  08.48919000e+01   06.59869000e+01   02.87890000e+01   09.11190000e-03
  08.32839000e+01   07.07093000e+01   04.29581000e+01   00.00000000e+00
  08.27830000e+01   06.95547000e+01   04.17748000e+01   00.00000000e+00
  08.23836000e+01   06.93121000e+01   04.35351000e+01   00.00000000e+00
  08.65537000e+01   06.88335000e+01   04.23982000e+01   00.00000000e+00
  08.53018000e+01   06.92696000e+01   04.11132000e+01   00.00000000e+00
  08.57623000e+01   07.05989000e+01   04.22977000e+01   00.00000000e+00
  08.53074000e+01   06.69502000e+01   04.34989000e+01   00.00000000e+00
  08.43028000e+01   06.70100000e+01   04.21041000e+01   00.00000000e+00
  08.23753000e+01   06.71879000e+01   04.40235000e+01   00.00000000e+00
  08.36444000e+01   06.69914000e+01   04.50267000e+01   00.00000000e+00
  08.28759000e+01   06.52222000e+01   04.28292000e+01   00.00000000e+00
  08.22924000e+01   06.49700000e+01   04.44459000e+01   00.00000000e+00
  08.61984000e+01   06.45983000e+01   04.53277000e+01   00.00000000e+00
  08.45695000e+01   06.50831000e+01   04.60237000e+01   00.00000000e+00
  08.49651000e+01   06.34119000e+01   04.58050000e+01   00.00000000e+00
  08.39890000e+01   06.24054000e+01   04.35005000e+01   00.00000000e+00
  08.56520000e+01   06.28526000e+01   04.31392000e+01   00.00000000e+00
  08.49878000e+01   06.40456000e+01   04.11923000e+01   00.00000000e+00
  08.33117000e+01   06.33877000e+01   04.14829000e+01   00.00000000e+00
  08.40172000e+01   06.09486000e+01   04.11753000e+01   00.00000000e+00
  08.57244000e+01   06.15037000e+01   04.10759000e+01   00.00000000e+00
  08.18016000e+01   07.17286000e+01   03.39951000e+01   07.20400000e-04
  07.87523000e+01   06.64058000e+01   03.65780000e+01  -02.39543000e-02
  08.01310000e+01   06.32388000e+01   03.10373000e+01   04.89340000e-03
  08.48931000e+01   06.84325000e+01   02.91443000e+01  -02.28199000e-02
  07.79127000e+01   06.43434000e+01   03.68901000e+01  -01.51750000e-03
  08.64602000e+01   06.04912000e+01   03.94486000e+01   00.00000000e+00
  08.50231000e+01   05.98227000e+01   03.87372000e+01   00.00000000e+00
  08.60778000e+01   06.09789000e+01   03.78479000e+01   00.00000000e+00
  08.51079000e+01   06.28282000e+01   03.91189000e+01   00.00000000e+00
  08.26231000e+01   06.25951000e+01   03.91339000e+01   00.00000000e+00
  08.26674000e+01   06.09782000e+01   03.89736000e+01   00.00000000e+00
  08.37259000e+01   06.29392000e+01   03.68490000e+01   00.00000000e+00
  08.20525000e+01   06.25659000e+01   03.68900000e+01   00.00000000e+00
  08.21568000e+01   06.05461000e+01   03.62255000e+01   00.00000000e+00
  08.39132000e+01   06.02381000e+01   03.65278000e+01   00.00000000e+00
  08.39377000e+01   06.00930000e+01   03.29785000e+01   00.00000000e+00
  08.37362000e+01   05.90798000e+01   03.42937000e+01   00.00000000e+00
  08.23068000e+01   05.97511000e+01   03.34499000e+01   00.00000000e+00
  08.20325000e+01   06.35388000e+01   02.93865000e+01   05.57290000e-03
  08.28629000e+01   06.57846000e+01   02.78132000e+01  -01.28866000e-02
  08.48739000e+01   06.23332000e+01   03.42812000e+01   00.00000000e+00
  08.46879000e+01   06.91894000e+01   04.41446000e+01   00.00000000e+00
  08.27241000e+01   06.42678000e+01   03.43073000e+01  -01.99830000e-03
  08.23004000e+01   06.31072000e+01   03.30179000e+01  -01.85290000e-03
