  08.41568000e+01   06.52164000e+01   02.82409000e+01  -06.11779000e-02
  07.88110000e+01   06.38156000e+01   03.55701000e+01   01.75852000e-02
  08.07229000e+01   07.17573000e+01   03.60364000e+01   01.01800000e-02
  08.38917000e+01   07.03604000e+01   02.85011000e+01  -01.32723000e-02
  08.15943000e+01   06.65002000e+01   03.02914000e+01  -04.57645000e-02
  08.48241000e+01   06.47831000e+01   02.96142000e+01   02.46758000e-02
  07.88661000e+01   06.25978000e+01   03.60908000e+01  -01.71993000e-02
  08.21037000e+01   07.16588000e+01   03.66567000e+01  -09.39340000e-03
  08.40031000e+01   06.88735000e+01   02.82272000e+01   07.66074000e-02
  08.03242000e+01   06.57847000e+01   03.28498000e+01   09.44338000e-02
  08.43182000e+01   07.12744000e+01   02.77586000e+01   01.54319000e-02
  08.41460000e+01   06.37947000e+01   03.05536000e+01  -01.56515000e-02
  08.36676000e+01   06.86866000e+01   02.67334000e+01  -02.00050000e-02
  08.19584000e+01   06.92606000e+01   03.12450000e+01  -08.09918000e-02
  08.44874000e+01   06.85257000e+01   02.44724000e+01   04.03650000e-03
  08.30505000e+01   06.82454000e+01   02.92507000e+01  -01.43447000e-01
  08.06597000e+01   06.43071000e+01   03.09857000e+01   01.23287000e-02
  07.97491000e+01   06.67579000e+01   03.50558000e+01   02.21683000e-01
  08.14875000e+01   07.09300000e+01   03.30159000e+01  -05.42921000e-02
  08.05037000e+01   06.47753000e+01   02.75475000e+01   02.66866000e-02
  07.94094000e+01   06.21200000e+01   03.28948000e+01   04.35609000e-02
  07.90650000e+01   06.91282000e+01   03.71769000e+01   02.36507000e-02
  08.28490000e+01   07.29216000e+01   03.06159000e+01  -06.09964000e-02
  08.33335000e+01   06.32463000e+01   03.27431000e+01   08.71130000e-03
  08.25126000e+01   06.69350000e+01   02.93615000e+01   01.26858000e-01
  08.02865000e+01   06.45431000e+01   03.23275000e+01  -03.45042000e-02
  08.00382000e+01   06.81236000e+01   03.48540000e+01  -02.04376000e-01
  08.20017000e+01   07.05687000e+01   03.16957000e+01   07.60142000e-02
  08.38100000e+01   06.27173000e+01   03.00966000e+01   05.08730000e-03
  08.25594000e+01   06.85127000e+01   02.62552000e+01   06.92200000e-04
  08.44519000e+01   06.22596000e+01   03.31499000e+01   00.00000000e+00
  08.27946000e+01   06.58024000e+01   02.82992000e+01   07.64245000e-02
  07.95922000e+01   06.35974000e+01   03.31983000e+01  -04.66821000e-02
  07.98746000e+01   06.92787000e+01   03.58895000e+01   01.65461000e-02
  08.26055000e+01   07.14296000e+01   03.05856000e+01   05.49912000e-02
  08.39967000e+01   06.42408000e+01   03.18501000e+01   03.30200000e-04
  08.48026000e+01   06.87021000e+01   02.59282000e+01   04.02810000e-03
  08.44235000e+01   06.11491000e+01   03.38957000e+01   00.00000000e+00
  08.16723000e+01   06.47749000e+01   02.86067000e+01  -04.69336000e-02
  07.93725000e+01   06.43450000e+01   03.43262000e+01  -07.68710000e-03
  08.05043000e+01   07.04024000e+01   03.53364000e+01  -03.37389000e-02
  08.31576000e+01   07.04968000e+01   02.97031000e+01   03.64969000e-02
  08.41506000e+01   05.97236000e+01   03.32881000e+01   00.00000000e+00
  08.12990000e+01   06.52007000e+01   03.00574000e+01  -09.58259000e-02
  07.98435000e+01   06.56856000e+01   03.41362000e+01  -01.77941000e-01
  08.08816000e+01   07.00055000e+01   03.39583000e+01   06.74294000e-02
  08.27060000e+01   06.92147000e+01   03.01274000e+01   01.44326000e-01
  08.46042000e+01   06.12150000e+01   03.53548000e+01   00.00000000e+00
  08.32838000e+01   06.08707000e+01   03.60939000e+01   00.00000000e+00
  08.32796000e+01   06.07971000e+01   03.76727000e+01   00.00000000e+00
  08.40471000e+01   06.19184000e+01   03.84553000e+01   00.00000000e+00
  08.55280000e+01   06.13344000e+01   03.87356000e+01   00.00000000e+00
  08.34475000e+01   06.23373000e+01   03.98092000e+01   00.00000000e+00
  08.42879000e+01   06.32343000e+01   04.07639000e+01   00.00000000e+00
  08.34715000e+01   06.39576000e+01   04.18029000e+01   00.00000000e+00
  08.42444000e+01   06.48009000e+01   04.28352000e+01   00.00000000e+00
  08.55620000e+01   06.41231000e+01   04.35000000e+01   00.00000000e+00
  08.34221000e+01   06.58290000e+01   04.37358000e+01   00.00000000e+00
  08.40499000e+01   06.71592000e+01   04.39099000e+01   00.00000000e+00
  08.41557000e+01   06.78078000e+01   04.25519000e+01   00.00000000e+00
  08.50136000e+01   06.91297000e+01   04.25379000e+01   00.00000000e+00
  08.51836000e+01   06.94656000e+01   04.10395000e+01   00.00000000e+00
  08.42953000e+01   07.02160000e+01   04.33371000e+01   00.00000000e+00
  08.05935000e+01   06.87157000e+01   03.37305000e+01   03.65717000e-02
  08.09598000e+01   06.76202000e+01   03.19836000e+01  -06.37550000e-03
  08.30687000e+01   07.32338000e+01   03.16458000e+01   01.79582000e-02
  08.36405000e+01   07.31081000e+01   02.99489000e+01   01.23366000e-02
  08.19343000e+01   07.33613000e+01   03.02521000e+01   01.80857000e-02
  07.90084000e+01   07.00405000e+01   03.77278000e+01  -03.55350000e-03
  07.80921000e+01   06.86987000e+01   03.70174000e+01  -05.48890000e-03
  07.96878000e+01   06.84789000e+01   03.76979000e+01  -05.73590000e-03
  08.02679000e+01   06.16462000e+01   03.33211000e+01  -01.16015000e-02
  07.85065000e+01   06.16718000e+01   03.33632000e+01  -01.03548000e-02
  07.92347000e+01   06.19674000e+01   03.18169000e+01  -01.10806000e-02
  08.00717000e+01   06.57181000e+01   02.76161000e+01  -06.50300000e-03
  08.08037000e+01   06.44137000e+01   02.65597000e+01  -03.84930000e-03
  07.97516000e+01   06.40742000e+01   02.79029000e+01  -06.75510000e-03
  08.40750000e+01   06.94881000e+01   02.41631000e+01   06.96000000e-05
  08.54432000e+01   06.82146000e+01   02.40263000e+01  -02.56130000e-03
  08.37793000e+01   06.77007000e+01   02.44043000e+01  -08.86000000e-04
  08.21455000e+01   07.08084000e+01   03.73793000e+01   02.66600000e-04
  08.29467000e+01   07.15252000e+01   03.59357000e+01   02.07780000e-03
  08.22474000e+01   07.25226000e+01   03.72840000e+01   03.44650000e-03
  07.84043000e+01   06.23450000e+01   03.70640000e+01   02.98050000e-03
  07.93269000e+01   06.17790000e+01   03.55652000e+01  -05.01900000e-04
  08.57937000e+01   06.43804000e+01   02.92696000e+01  -05.40000000e-06
  08.50084000e+01   06.56993000e+01   03.02234000e+01  -02.73660000e-03
  08.06966000e+01   07.25216000e+01   03.52543000e+01   06.65000000e-04
  07.99666000e+01   07.19763000e+01   03.67771000e+01  -04.07950000e-03
  08.41197000e+01   06.43323000e+01   02.75393000e+01   01.58140000e-02
  08.48586000e+01   06.58802000e+01   02.77377000e+01   09.11190000e-03
  08.48844000e+01   07.11050000e+01   04.32883000e+01   00.00000000e+00
  08.32896000e+01   07.04463000e+01   04.29936000e+01   00.00000000e+00
  08.43880000e+01   06.99002000e+01   04.44311000e+01   00.00000000e+00
  08.56793000e+01   07.04588000e+01   04.08964000e+01   00.00000000e+00
  08.56960000e+01   06.86801000e+01   04.05576000e+01   00.00000000e+00
  08.41530000e+01   06.95193000e+01   04.05959000e+01   00.00000000e+00
  08.46577000e+01   06.71018000e+01   04.18689000e+01   00.00000000e+00
  08.31544000e+01   06.79676000e+01   04.21802000e+01   00.00000000e+00
  08.33814000e+01   06.77963000e+01   04.45302000e+01   00.00000000e+00
  08.50408000e+01   06.70902000e+01   04.43151000e+01   00.00000000e+00
  08.24891000e+01   06.59768000e+01   04.32591000e+01   00.00000000e+00
  08.33689000e+01   06.52907000e+01   04.46849000e+01   00.00000000e+00
  08.63228000e+01   06.48927000e+01   04.38375000e+01   00.00000000e+00
  08.52467000e+01   06.33856000e+01   04.42669000e+01   00.00000000e+00
  08.61070000e+01   06.35752000e+01   04.27470000e+01   00.00000000e+00
  08.28187000e+01   06.46770000e+01   04.13191000e+01   00.00000000e+00
  08.28956000e+01   06.31433000e+01   04.22408000e+01   00.00000000e+00
  08.49043000e+01   06.25350000e+01   04.13247000e+01   00.00000000e+00
  08.47806000e+01   06.40318000e+01   04.01376000e+01   00.00000000e+00
  08.25158000e+01   06.28768000e+01   03.96242000e+01   00.00000000e+00
  08.31348000e+01   06.14096000e+01   04.02360000e+01   00.00000000e+00
  08.15922000e+01   07.19495000e+01   03.33752000e+01   07.20400000e-04
  07.94539000e+01   06.65364000e+01   03.61026000e+01  -02.39543000e-02
  08.04699000e+01   06.33379000e+01   03.05354000e+01   04.89340000e-03
  08.49860000e+01   06.84742000e+01   02.85247000e+01  -02.28199000e-02
  07.83461000e+01   06.44244000e+01   03.62745000e+01  -01.51750000e-03
  08.61243000e+01   06.20529000e+01   03.92980000e+01   00.00000000e+00
  08.54552000e+01   06.04802000e+01   03.93671000e+01   00.00000000e+00
  08.60814000e+01   06.10532000e+01   03.78456000e+01   00.00000000e+00
  08.41385000e+01   06.27622000e+01   03.78852000e+01   00.00000000e+00
  08.22134000e+01   06.08606000e+01   03.79622000e+01   00.00000000e+00
  08.36115000e+01   05.97738000e+01   03.79353000e+01   00.00000000e+00
  08.26028000e+01   06.17220000e+01   03.58105000e+01   00.00000000e+00
  08.28109000e+01   05.99084000e+01   03.57408000e+01   00.00000000e+00
  08.55154000e+01   06.05933000e+01   03.55796000e+01   00.00000000e+00
  08.48701000e+01   06.21963000e+01   03.56823000e+01   00.00000000e+00
  08.31684000e+01   05.92572000e+01   03.36311000e+01   00.00000000e+00
  08.40708000e+01   05.98153000e+01   03.21423000e+01   00.00000000e+00
  08.49147000e+01   05.90183000e+01   03.36134000e+01   00.00000000e+00
  08.21369000e+01   06.37930000e+01   02.86097000e+01   05.57290000e-03
  08.26962000e+01   06.60763000e+01   02.72862000e+01  -01.28866000e-02
  08.54482000e+01   06.26022000e+01   03.27602000e+01   00.00000000e+00
  08.60828000e+01   06.89776000e+01   04.28684000e+01   00.00000000e+00
  08.30375000e+01   06.37815000e+01   03.36584000e+01  -01.99830000e-03
  08.25453000e+01   06.25722000e+01   03.23331000e+01  -01.85290000e-03
