  08.42124000e+01   06.47614000e+01   02.96619000e+01  -06.11779000e-02
  07.85530000e+01   06.37078000e+01   03.65313000e+01   01.75852000e-02
  08.00493000e+01   07.15724000e+01   03.66847000e+01   01.01800000e-02
  08.39653000e+01   07.00844000e+01   02.97296000e+01  -01.32723000e-02
  08.14881000e+01   06.60940000e+01   03.11285000e+01  -04.57645000e-02
  08.45628000e+01   06.45708000e+01   03.11406000e+01   02.46758000e-02
  07.76925000e+01   06.26342000e+01   03.67841000e+01  -01.71993000e-02
  08.14591000e+01   07.19043000e+01   03.72140000e+01  -09.39340000e-03
  08.40228000e+01   06.84989000e+01   02.94251000e+01   07.66074000e-02
  07.99051000e+01   06.56727000e+01   03.36678000e+01   09.44338000e-02
  08.45388000e+01   07.09462000e+01   02.91343000e+01   01.54319000e-02
  08.39461000e+01   06.33699000e+01   03.19569000e+01  -01.56515000e-02
  08.38421000e+01   06.82315000e+01   02.79234000e+01  -02.00050000e-02
  08.15462000e+01   06.89786000e+01   03.20962000e+01  -08.09918000e-02
  08.49702000e+01   06.79908000e+01   02.58818000e+01   04.03650000e-03
  08.28308000e+01   06.78933000e+01   03.02402000e+01  -01.43447000e-01
  08.05379000e+01   06.40093000e+01   03.19277000e+01   01.23287000e-02
  07.91331000e+01   06.66652000e+01   03.58311000e+01   02.21683000e-01
  08.11578000e+01   07.06910000e+01   03.38134000e+01  -05.42921000e-02
  08.05307000e+01   06.44162000e+01   02.86227000e+01   02.66866000e-02
  07.89589000e+01   06.19052000e+01   03.37811000e+01   04.35609000e-02
  07.87723000e+01   06.90277000e+01   03.79509000e+01   02.36507000e-02
  08.27078000e+01   07.25953000e+01   03.18576000e+01  -06.09964000e-02
  08.29959000e+01   06.26802000e+01   03.40366000e+01   08.71130000e-03
  08.24062000e+01   06.65631000e+01   03.02858000e+01   01.26858000e-01
  07.99299000e+01   06.43314000e+01   03.31357000e+01  -03.45042000e-02
  07.94753000e+01   06.80417000e+01   03.55880000e+01  -02.04376000e-01
  08.16513000e+01   07.02605000e+01   03.26151000e+01   07.60142000e-02
  08.37027000e+01   06.22610000e+01   03.14792000e+01   05.08730000e-03
  08.28163000e+01   06.78826000e+01   02.74067000e+01   06.92200000e-04
  08.40700000e+01   06.16971000e+01   03.44160000e+01   00.00000000e+00
  08.28110000e+01   06.53238000e+01   02.93728000e+01   07.64245000e-02
  07.92995000e+01   06.34387000e+01   03.40464000e+01  -04.66821000e-02
  07.93656000e+01   06.91376000e+01   03.65619000e+01   01.65461000e-02
  08.25142000e+01   07.11230000e+01   03.17132000e+01   05.49912000e-02
  08.37589000e+01   06.37678000e+01   03.32782000e+01   03.30200000e-04
  08.50437000e+01   06.83098000e+01   02.73095000e+01   04.02810000e-03
  08.40215000e+01   06.06914000e+01   03.53404000e+01   00.00000000e+00
  08.16687000e+01   06.43734000e+01   02.96489000e+01  -04.69336000e-02
  07.90551000e+01   06.41438000e+01   03.52098000e+01  -07.68710000e-03
  07.99764000e+01   07.02274000e+01   03.59688000e+01  -03.37389000e-02
  08.30249000e+01   07.02009000e+01   03.08127000e+01   03.64969000e-02
  08.35132000e+01   05.93714000e+01   03.49184000e+01   00.00000000e+00
  08.12107000e+01   06.48447000e+01   03.09899000e+01  -09.58259000e-02
  07.93770000e+01   06.55612000e+01   03.49372000e+01  -01.77941000e-01
  08.04195000e+01   06.98819000e+01   03.46647000e+01   06.74294000e-02
  08.24302000e+01   06.89387000e+01   03.10883000e+01   01.44326000e-01
  08.44674000e+01   06.07675000e+01   03.67734000e+01   00.00000000e+00
  08.35843000e+01   06.17675000e+01   03.76081000e+01   00.00000000e+00
  08.35128000e+01   06.15266000e+01   03.91434000e+01   00.00000000e+00
  08.45957000e+01   06.23037000e+01   03.99107000e+01   00.00000000e+00
  08.60288000e+01   06.17073000e+01   03.98471000e+01   00.00000000e+00
  08.41227000e+01   06.26237000e+01   04.13527000e+01   00.00000000e+00
  08.29564000e+01   06.35908000e+01   04.16760000e+01   00.00000000e+00
  08.27687000e+01   06.38102000e+01   04.31821000e+01   00.00000000e+00
  08.37847000e+01   06.48192000e+01   04.37457000e+01   00.00000000e+00
  08.50844000e+01   06.42242000e+01   04.43835000e+01   00.00000000e+00
  08.31638000e+01   06.60669000e+01   04.45033000e+01   00.00000000e+00
  08.38937000e+01   06.74016000e+01   04.47491000e+01   00.00000000e+00
  08.44491000e+01   06.78571000e+01   04.34035000e+01   00.00000000e+00
  08.52028000e+01   06.92504000e+01   04.34220000e+01   00.00000000e+00
  08.57821000e+01   06.95626000e+01   04.20483000e+01   00.00000000e+00
  08.43252000e+01   07.03536000e+01   04.40843000e+01   00.00000000e+00
  08.00707000e+01   06.85318000e+01   03.44640000e+01   03.65717000e-02
  08.06108000e+01   06.73535000e+01   03.27933000e+01  -06.37550000e-03
  08.24381000e+01   07.32062000e+01   03.09998000e+01   01.79582000e-02
  08.21265000e+01   07.28342000e+01   03.26651000e+01   01.23366000e-02
  08.37820000e+01   07.25494000e+01   03.21999000e+01   01.80857000e-02
  07.95775000e+01   06.90656000e+01   03.86095000e+01  -03.55350000e-03
  07.81538000e+01   06.98076000e+01   03.81376000e+01  -05.48890000e-03
  07.81692000e+01   06.80873000e+01   03.79687000e+01  -05.73590000e-03
  07.91749000e+01   06.13708000e+01   03.47694000e+01  -01.16015000e-02
  07.78757000e+01   06.17973000e+01   03.37703000e+01  -01.03548000e-02
  07.93982000e+01   06.15711000e+01   03.28579000e+01  -01.10806000e-02
  08.05645000e+01   06.53970000e+01   02.81223000e+01  -06.50300000e-03
  08.07413000e+01   06.37706000e+01   02.77374000e+01  -03.84930000e-03
  07.96079000e+01   06.41623000e+01   02.91024000e+01  -06.75510000e-03
  08.44962000e+01   06.88051000e+01   02.53181000e+01   06.96000000e-05
  08.59576000e+01   06.78589000e+01   02.55413000e+01  -02.56130000e-03
  08.44301000e+01   06.71079000e+01   02.57660000e+01  -08.86000000e-04
  08.20903000e+01   07.22477000e+01   03.63635000e+01   02.66600000e-04
  08.12877000e+01   07.26472000e+01   03.79398000e+01   02.07780000e-03
  08.18787000e+01   07.10409000e+01   03.76571000e+01   03.44650000e-03
  07.72295000e+01   06.24334000e+01   03.77833000e+01   02.98050000e-03
  07.73911000e+01   06.18902000e+01   03.60260000e+01  -05.01900000e-04
  08.56493000e+01   06.43533000e+01   03.11031000e+01  -05.40000000e-06
  08.45090000e+01   06.54615000e+01   03.17477000e+01  -02.73660000e-03
  07.96700000e+01   07.23357000e+01   03.60037000e+01   06.65000000e-04
  07.93587000e+01   07.15103000e+01   03.75546000e+01  -04.07950000e-03
  08.44739000e+01   06.38552000e+01   02.91652000e+01   01.58140000e-02
  08.48862000e+01   06.55516000e+01   02.93338000e+01   09.11190000e-03
  08.46997000e+01   07.13687000e+01   04.40169000e+01   00.00000000e+00
  08.33616000e+01   07.04767000e+01   04.35515000e+01   00.00000000e+00
  08.42335000e+01   07.01009000e+01   04.50862000e+01   00.00000000e+00
  08.64594000e+01   06.87851000e+01   04.18178000e+01   00.00000000e+00
  08.50513000e+01   06.97722000e+01   04.12558000e+01   00.00000000e+00
  08.63761000e+01   07.04724000e+01   04.21864000e+01   00.00000000e+00
  08.52255000e+01   06.72115000e+01   04.30169000e+01   00.00000000e+00
  08.36438000e+01   06.79132000e+01   04.26527000e+01   00.00000000e+00
  08.32384000e+01   06.80523000e+01   04.52821000e+01   00.00000000e+00
  08.46548000e+01   06.72239000e+01   04.54140000e+01   00.00000000e+00
  08.21554000e+01   06.62929000e+01   04.41409000e+01   00.00000000e+00
  08.29966000e+01   06.56117000e+01   04.54517000e+01   00.00000000e+00
  08.52193000e+01   06.31305000e+01   04.41184000e+01   00.00000000e+00
  08.59321000e+01   06.48368000e+01   04.40697000e+01   00.00000000e+00
  08.50035000e+01   06.42013000e+01   04.54710000e+01   00.00000000e+00
  08.17872000e+01   06.43361000e+01   04.32188000e+01   00.00000000e+00
  08.25052000e+01   06.29550000e+01   04.37582000e+01   00.00000000e+00
  08.30426000e+01   06.45811000e+01   04.12023000e+01   00.00000000e+00
  08.20702000e+01   06.31447000e+01   04.12324000e+01   00.00000000e+00
  08.38593000e+01   06.17567000e+01   04.19102000e+01   00.00000000e+00
  08.49717000e+01   06.30716000e+01   04.18975000e+01   00.00000000e+00
  08.12777000e+01   07.17544000e+01   03.41316000e+01   07.20400000e-04
  07.85440000e+01   06.65387000e+01   03.67609000e+01  -02.39543000e-02
  08.04340000e+01   06.29850000e+01   03.16497000e+01   04.89340000e-03
  08.49480000e+01   06.81975000e+01   02.99492000e+01  -02.28199000e-02
  07.88473000e+01   06.43540000e+01   03.73764000e+01  -01.51750000e-03
  08.66817000e+01   06.23575000e+01   04.03958000e+01   00.00000000e+00
  08.59372000e+01   06.06918000e+01   04.02999000e+01   00.00000000e+00
  08.64552000e+01   06.17275000e+01   03.88397000e+01   00.00000000e+00
  08.46333000e+01   06.32841000e+01   03.94746000e+01   00.00000000e+00
  08.24434000e+01   06.16137000e+01   03.93549000e+01   00.00000000e+00
  08.37645000e+01   06.05091000e+01   03.93265000e+01   00.00000000e+00
  08.38638000e+01   06.27380000e+01   03.73805000e+01   00.00000000e+00
  08.25939000e+01   06.15912000e+01   03.70757000e+01   00.00000000e+00
  08.45565000e+01   05.97828000e+01   03.71805000e+01   00.00000000e+00
  08.54733000e+01   06.12021000e+01   03.67652000e+01   00.00000000e+00
  08.24858000e+01   05.91660000e+01   03.51764000e+01   00.00000000e+00
  08.36163000e+01   05.92622000e+01   03.38547000e+01   00.00000000e+00
  08.40895000e+01   05.85681000e+01   03.53349000e+01   00.00000000e+00
  08.22237000e+01   06.34074000e+01   02.97671000e+01   05.57290000e-03
  08.27124000e+01   06.55207000e+01   02.83388000e+01  -01.28866000e-02
  08.50407000e+01   06.19500000e+01   03.39606000e+01   00.00000000e+00
  08.60322000e+01   06.92574000e+01   04.41265000e+01   00.00000000e+00
  08.24832000e+01   06.30431000e+01   03.49181000e+01  -01.99830000e-03
  08.22603000e+01   06.21478000e+01   03.33767000e+01  -01.85290000e-03
