  08.57134000e+01   06.39478000e+01   02.86060000e+01  -06.11779000e-02
  08.05753000e+01   06.29885000e+01   03.60176000e+01   01.75852000e-02
  08.33460000e+01   07.05204000e+01   03.64258000e+01   01.01800000e-02
  08.54282000e+01   06.93161000e+01   02.85031000e+01  -01.32723000e-02
  08.32564000e+01   06.55068000e+01   03.05303000e+01  -04.57645000e-02
  08.63503000e+01   06.37696000e+01   03.00256000e+01   02.46758000e-02
  07.97198000e+01   06.20250000e+01   03.62392000e+01  -01.71993000e-02
  08.48034000e+01   07.05289000e+01   03.67604000e+01  -09.39340000e-03
  08.54671000e+01   06.77297000e+01   02.82004000e+01   07.66074000e-02
  08.19849000e+01   06.49213000e+01   03.31566000e+01   09.44338000e-02
  08.58441000e+01   07.01443000e+01   02.77116000e+01   01.54319000e-02
  08.56538000e+01   06.27215000e+01   03.09031000e+01  -01.56515000e-02
  08.50857000e+01   06.74707000e+01   02.67168000e+01  -02.00050000e-02
  08.37582000e+01   06.82447000e+01   03.15595000e+01  -08.09918000e-02
  08.60653000e+01   06.69439000e+01   02.45545000e+01   04.03650000e-03
  08.45864000e+01   06.70879000e+01   02.93621000e+01  -01.43447000e-01
  08.20407000e+01   06.34468000e+01   03.12489000e+01   01.23287000e-02
  08.17823000e+01   06.59051000e+01   03.54326000e+01   02.21683000e-01
  08.35914000e+01   07.00099000e+01   03.32647000e+01  -05.42921000e-02
  08.18379000e+01   06.40697000e+01   02.79477000e+01   02.66866000e-02
  08.11343000e+01   06.12846000e+01   03.33315000e+01   04.35609000e-02
  08.16354000e+01   06.81379000e+01   03.76649000e+01   02.36507000e-02
  08.48443000e+01   07.18128000e+01   03.08234000e+01  -06.09964000e-02
  08.49257000e+01   06.22159000e+01   03.31689000e+01   08.71130000e-03
  08.40754000e+01   06.58351000e+01   02.95108000e+01   01.26858000e-01
  08.17534000e+01   06.36964000e+01   03.25747000e+01  -03.45042000e-02
  08.22675000e+01   06.71934000e+01   03.52972000e+01  -02.04376000e-01
  08.39313000e+01   06.95792000e+01   03.19390000e+01   07.60142000e-02
  08.49246000e+01   06.18857000e+01   03.03966000e+01   05.08730000e-03
  08.39524000e+01   06.74924000e+01   02.61525000e+01   06.92200000e-04
  08.54484000e+01   06.13267000e+01   03.42840000e+01   00.00000000e+00
  08.42858000e+01   06.46590000e+01   02.84758000e+01   07.64245000e-02
  08.12432000e+01   06.27598000e+01   03.35384000e+01  -04.66821000e-02
  08.22774000e+01   06.82383000e+01   03.62684000e+01   01.65461000e-02
  08.45305000e+01   07.02909000e+01   03.08834000e+01   05.49912000e-02
  08.59082000e+01   06.28231000e+01   03.23190000e+01   03.30200000e-04
  08.61885000e+01   06.71798000e+01   02.60136000e+01   04.02810000e-03
  08.46864000e+01   06.05368000e+01   03.50757000e+01   00.00000000e+00
  08.30593000e+01   06.37712000e+01   02.88721000e+01  -04.69336000e-02
  08.10777000e+01   06.34946000e+01   03.47205000e+01  -07.68710000e-03
  08.28884000e+01   06.93369000e+01   03.57189000e+01  -03.37389000e-02
  08.48041000e+01   06.93703000e+01   02.98187000e+01   03.64969000e-02
  08.42289000e+01   05.90986000e+01   03.46752000e+01   00.00000000e+00
  08.28014000e+01   06.41838000e+01   03.03410000e+01  -09.58259000e-02
  08.16377000e+01   06.48339000e+01   03.45194000e+01  -01.77941000e-01
  08.31533000e+01   06.90303000e+01   03.43199000e+01   06.74294000e-02
  08.43217000e+01   06.81489000e+01   03.03087000e+01   01.44326000e-01
  08.38542000e+01   06.09661000e+01   03.61736000e+01   00.00000000e+00
  08.43497000e+01   06.08051000e+01   03.75963000e+01   00.00000000e+00
  08.58035000e+01   06.13451000e+01   03.77803000e+01   00.00000000e+00
  08.65132000e+01   06.13256000e+01   03.91806000e+01   00.00000000e+00
  08.66190000e+01   05.98745000e+01   03.97716000e+01   00.00000000e+00
  08.59622000e+01   06.25410000e+01   04.00289000e+01   00.00000000e+00
  08.62382000e+01   06.24243000e+01   04.16072000e+01   00.00000000e+00
  08.56040000e+01   06.37742000e+01   04.22639000e+01   00.00000000e+00
  08.58975000e+01   06.40796000e+01   04.37560000e+01   00.00000000e+00
  08.53987000e+01   06.29133000e+01   04.47756000e+01   00.00000000e+00
  08.72300000e+01   06.47508000e+01   04.41019000e+01   00.00000000e+00
  08.73445000e+01   06.62077000e+01   04.37026000e+01   00.00000000e+00
  08.63619000e+01   06.71307000e+01   04.45216000e+01   00.00000000e+00
  08.66842000e+01   06.86575000e+01   04.43323000e+01   00.00000000e+00
  08.81507000e+01   06.90652000e+01   04.40779000e+01   00.00000000e+00
  08.57701000e+01   06.92705000e+01   04.33082000e+01   00.00000000e+00
  08.27973000e+01   06.76971000e+01   03.41282000e+01   03.65717000e-02
  08.28006000e+01   06.66146000e+01   03.23126000e+01  -06.37550000e-03
  08.49054000e+01   07.23925000e+01   03.17979000e+01   01.79582000e-02
  08.58515000e+01   07.19094000e+01   03.04297000e+01   01.23366000e-02
  08.40758000e+01   07.22666000e+01   03.01613000e+01   01.80857000e-02
  08.22880000e+01   06.85685000e+01   03.84328000e+01  -03.55350000e-03
  08.05702000e+01   06.83933000e+01   03.76680000e+01  -05.48890000e-03
  08.16272000e+01   06.71202000e+01   03.79967000e+01  -05.73590000e-03
  08.13865000e+01   06.07113000e+01   03.42137000e+01  -01.16015000e-02
  08.01654000e+01   06.10389000e+01   03.29630000e+01  -01.03548000e-02
  08.18994000e+01   06.10033000e+01   03.25323000e+01  -01.10806000e-02
  08.16525000e+01   06.51661000e+01   02.80095000e+01  -06.50300000e-03
  08.22468000e+01   06.37279000e+01   02.70116000e+01  -03.84930000e-03
  08.10169000e+01   06.34332000e+01   02.83320000e+01  -06.75510000e-03
  08.70905000e+01   06.69716000e+01   02.40965000e+01   06.96000000e-05
  08.54840000e+01   06.60049000e+01   02.44153000e+01  -02.56130000e-03
  08.56516000e+01   06.78673000e+01   02.41255000e+01  -08.86000000e-04
  08.48857000e+01   07.12643000e+01   03.75718000e+01   02.66600000e-04
  08.51502000e+01   06.95223000e+01   03.71574000e+01   02.07780000e-03
  08.51936000e+01   07.09318000e+01   03.58479000e+01   03.44650000e-03
  07.92650000e+01   06.18784000e+01   03.72800000e+01   02.98050000e-03
  07.93740000e+01   06.13926000e+01   03.54391000e+01  -05.01900000e-04
  08.73206000e+01   06.33961000e+01   02.99267000e+01  -05.40000000e-06
  08.64866000e+01   06.47031000e+01   03.05832000e+01  -02.73660000e-03
  08.29858000e+01   07.14570000e+01   03.59601000e+01   06.65000000e-04
  08.28824000e+01   07.04994000e+01   03.73781000e+01  -04.07950000e-03
  08.57455000e+01   06.29906000e+01   02.80907000e+01   01.58140000e-02
  08.63671000e+01   06.45105000e+01   02.79679000e+01   09.11190000e-03
  08.47677000e+01   06.92383000e+01   04.37696000e+01   00.00000000e+00
  08.61066000e+01   07.03238000e+01   04.31873000e+01   00.00000000e+00
  08.58414000e+01   06.86316000e+01   04.24426000e+01   00.00000000e+00
  08.83198000e+01   06.85403000e+01   04.30821000e+01   00.00000000e+00
  08.82084000e+01   07.01419000e+01   04.41511000e+01   00.00000000e+00
  08.87671000e+01   06.85143000e+01   04.48700000e+01   00.00000000e+00
  08.52807000e+01   06.68556000e+01   04.43744000e+01   00.00000000e+00
  08.66383000e+01   06.68462000e+01   04.55154000e+01   00.00000000e+00
  08.83103000e+01   06.64046000e+01   04.39099000e+01   00.00000000e+00
  08.71755000e+01   06.63104000e+01   04.26617000e+01   00.00000000e+00
  08.74439000e+01   06.46769000e+01   04.51481000e+01   00.00000000e+00
  08.79775000e+01   06.42229000e+01   04.34608000e+01   00.00000000e+00
  08.44060000e+01   06.24955000e+01   04.44635000e+01   00.00000000e+00
  08.61262000e+01   06.21240000e+01   04.47867000e+01   00.00000000e+00
  08.52306000e+01   06.32887000e+01   04.57876000e+01   00.00000000e+00
  08.58845000e+01   06.46245000e+01   04.16662000e+01   00.00000000e+00
  08.44982000e+01   06.36891000e+01   04.20861000e+01   00.00000000e+00
  08.58238000e+01   06.14732000e+01   04.20683000e+01   00.00000000e+00
  08.73530000e+01   06.23978000e+01   04.17356000e+01   00.00000000e+00
  08.64793000e+01   06.33864000e+01   03.95612000e+01   00.00000000e+00
  08.48944000e+01   06.25813000e+01   03.98865000e+01   00.00000000e+00
  08.37577000e+01   07.10605000e+01   03.35412000e+01   07.20400000e-04
  08.15004000e+01   06.56189000e+01   03.64120000e+01  -02.39543000e-02
  08.18141000e+01   06.24853000e+01   03.07340000e+01   04.89340000e-03
  08.64683000e+01   06.74478000e+01   02.84388000e+01  -02.28199000e-02
  08.08066000e+01   06.37678000e+01   03.68207000e+01  -01.51750000e-03
  08.55678000e+01   05.95179000e+01   04.00385000e+01   00.00000000e+00
  08.70377000e+01   05.90854000e+01   03.91607000e+01   00.00000000e+00
  08.71733000e+01   05.98497000e+01   04.06883000e+01   00.00000000e+00
  08.75340000e+01   06.15403000e+01   03.89718000e+01   00.00000000e+00
  08.64946000e+01   06.07941000e+01   03.71257000e+01   00.00000000e+00
  08.58979000e+01   06.23606000e+01   03.74387000e+01   00.00000000e+00
  08.37658000e+01   06.12837000e+01   03.83758000e+01   00.00000000e+00
  08.43209000e+01   05.97349000e+01   03.78108000e+01   00.00000000e+00
  08.35592000e+01   06.20068000e+01   03.60052000e+01   00.00000000e+00
  08.28564000e+01   06.04401000e+01   03.62477000e+01   00.00000000e+00
  08.42941000e+01   05.83515000e+01   03.54693000e+01   00.00000000e+00
  08.32730000e+01   05.91912000e+01   03.43008000e+01   00.00000000e+00
  08.47133000e+01   05.88260000e+01   03.37811000e+01   00.00000000e+00
  08.31368000e+01   06.26828000e+01   02.88693000e+01   05.57290000e-03
  08.41311000e+01   06.50198000e+01   02.74608000e+01  -01.28866000e-02
  08.64782000e+01   06.14777000e+01   03.46326000e+01   00.00000000e+00
  08.65555000e+01   06.91651000e+01   04.52750000e+01   00.00000000e+00
  08.43550000e+01   06.29814000e+01   03.36396000e+01  -01.99830000e-03
  08.41950000e+01   06.17078000e+01   03.25516000e+01  -01.85290000e-03
