  08.41687000e+01   06.55033000e+01   02.83378000e+01  -06.11779000e-02
  07.90936000e+01   06.38639000e+01   03.57737000e+01   01.75852000e-02
  08.05090000e+01   07.17191000e+01   03.66299000e+01   01.01800000e-02
  08.37103000e+01   07.08320000e+01   02.90051000e+01  -01.32723000e-02
  08.17225000e+01   06.66944000e+01   03.05531000e+01  -04.57645000e-02
  08.48373000e+01   06.51608000e+01   02.96865000e+01   02.46758000e-02
  07.81307000e+01   06.29629000e+01   03.57772000e+01  -01.71993000e-02
  08.18469000e+01   07.19755000e+01   03.73291000e+01  -09.39340000e-03
  08.38083000e+01   06.93306000e+01   02.85124000e+01   07.66074000e-02
  08.05094000e+01   06.59550000e+01   03.30312000e+01   09.44338000e-02
  08.41566000e+01   07.17714000e+01   02.83162000e+01   01.54319000e-02
  08.40500000e+01   06.42041000e+01   03.06796000e+01  -01.56515000e-02
  08.33866000e+01   06.91910000e+01   02.70914000e+01  -02.00050000e-02
  08.19366000e+01   06.94636000e+01   03.16855000e+01  -08.09918000e-02
  08.40569000e+01   06.90597000e+01   02.48276000e+01   04.03650000e-03
  08.29698000e+01   06.84816000e+01   02.96103000e+01  -01.43447000e-01
  08.04124000e+01   06.46276000e+01   03.09611000e+01   01.23287000e-02
  07.99719000e+01   06.67299000e+01   03.52948000e+01   02.21683000e-01
  08.16165000e+01   07.10269000e+01   03.35597000e+01  -05.42921000e-02
  08.03139000e+01   06.52189000e+01   02.78427000e+01   02.66866000e-02
  07.92402000e+01   06.24207000e+01   03.25968000e+01   04.35609000e-02
  07.95994000e+01   06.88804000e+01   03.76351000e+01   02.36507000e-02
  08.27873000e+01   07.30807000e+01   03.15078000e+01  -06.09964000e-02
  08.33070000e+01   06.38328000e+01   03.28998000e+01   08.71130000e-03
  08.25141000e+01   06.71542000e+01   02.95934000e+01   01.26858000e-01
  08.02139000e+01   06.48794000e+01   03.23213000e+01  -03.45042000e-02
  08.03015000e+01   06.80874000e+01   03.52692000e+01  -02.04376000e-01
  08.20001000e+01   07.07423000e+01   03.22310000e+01   07.60142000e-02
  08.34148000e+01   06.32115000e+01   03.03437000e+01   05.08730000e-03
  08.22731000e+01   06.89597000e+01   02.66994000e+01   06.92200000e-04
  08.41171000e+01   06.27310000e+01   03.33656000e+01   00.00000000e+00
  08.26325000e+01   06.61337000e+01   02.84222000e+01   07.64245000e-02
  07.96691000e+01   06.38500000e+01   03.32087000e+01  -04.66821000e-02
  08.00890000e+01   06.91338000e+01   03.63083000e+01   01.65461000e-02
  08.25890000e+01   07.16250000e+01   03.12834000e+01   05.49912000e-02
  08.41663000e+01   06.46442000e+01   03.19506000e+01   03.30200000e-04
  08.44280000e+01   06.92313000e+01   02.62238000e+01   04.02810000e-03
  08.36558000e+01   06.15400000e+01   03.37533000e+01   00.00000000e+00
  08.14964000e+01   06.50786000e+01   02.87728000e+01  -04.69336000e-02
  07.96667000e+01   06.44131000e+01   03.44526000e+01  -07.68710000e-03
  08.05390000e+01   07.04406000e+01   03.58520000e+01  -03.37389000e-02
  08.30974000e+01   07.08089000e+01   03.02869000e+01   03.64969000e-02
  08.32971000e+01   06.04298000e+01   03.27619000e+01   00.00000000e+00
  08.12562000e+01   06.54546000e+01   03.02368000e+01  -09.58259000e-02
  08.01156000e+01   06.57822000e+01   03.43153000e+01  -01.77941000e-01
  08.09883000e+01   07.01408000e+01   03.44734000e+01   06.74294000e-02
  08.26023000e+01   06.94730000e+01   03.05464000e+01   01.44326000e-01
  08.31970000e+01   06.14830000e+01   03.52211000e+01   00.00000000e+00
  08.42554000e+01   06.21371000e+01   03.61221000e+01   00.00000000e+00
  08.38320000e+01   06.18932000e+01   03.76674000e+01   00.00000000e+00
  08.47082000e+01   06.25522000e+01   03.87687000e+01   00.00000000e+00
  08.61206000e+01   06.19066000e+01   03.86662000e+01   00.00000000e+00
  08.40177000e+01   06.23786000e+01   04.01258000e+01   00.00000000e+00
  08.48220000e+01   06.28375000e+01   04.13884000e+01   00.00000000e+00
  08.39609000e+01   06.27563000e+01   04.26238000e+01   00.00000000e+00
  08.45992000e+01   06.28316000e+01   04.40763000e+01   00.00000000e+00
  08.35447000e+01   06.26702000e+01   04.52107000e+01   00.00000000e+00
  08.54020000e+01   06.41974000e+01   04.41977000e+01   00.00000000e+00
  08.46396000e+01   06.54965000e+01   04.40243000e+01   00.00000000e+00
  08.56673000e+01   06.66917000e+01   04.41493000e+01   00.00000000e+00
  08.50591000e+01   06.81114000e+01   04.42144000e+01   00.00000000e+00
  08.61725000e+01   06.91802000e+01   04.44612000e+01   00.00000000e+00
  08.43288000e+01   06.85261000e+01   04.28758000e+01   00.00000000e+00
  08.08066000e+01   06.87385000e+01   03.41575000e+01   03.65717000e-02
  08.11106000e+01   06.77825000e+01   03.22903000e+01  -06.37550000e-03
  08.21101000e+01   07.34378000e+01   03.22653000e+01   01.79582000e-02
  08.38628000e+01   07.32494000e+01   03.16274000e+01   01.23366000e-02
  08.25394000e+01   07.34253000e+01   03.04371000e+01   01.80857000e-02
  08.04367000e+01   06.87353000e+01   03.82649000e+01  -03.55350000e-03
  07.90127000e+01   06.97364000e+01   03.80090000e+01  -05.48890000e-03
  07.90912000e+01   06.79308000e+01   03.76853000e+01  -05.73590000e-03
  07.99204000e+01   06.21581000e+01   03.18105000e+01  -01.16015000e-02
  07.93389000e+01   06.17271000e+01   03.34316000e+01  -01.03548000e-02
  07.82764000e+01   06.24996000e+01   03.20847000e+01  -01.10806000e-02
  07.94374000e+01   06.50078000e+01   02.83975000e+01  -06.50300000e-03
  08.02294000e+01   06.62735000e+01   02.74608000e+01  -03.84930000e-03
  08.03203000e+01   06.45861000e+01   02.70229000e+01  -06.75510000e-03
  08.50364000e+01   06.90446000e+01   02.43457000e+01   06.96000000e-05
  08.35038000e+01   06.81827000e+01   02.46149000e+01  -02.56130000e-03
  08.34827000e+01   06.99192000e+01   02.45324000e+01  -08.86000000e-04
  08.21217000e+01   07.12220000e+01   03.79934000e+01   02.66600000e-04
  08.26182000e+01   07.21591000e+01   03.66488000e+01   02.07780000e-03
  08.16378000e+01   07.29153000e+01   03.78023000e+01   03.44650000e-03
  07.76683000e+01   06.27644000e+01   03.67644000e+01   02.98050000e-03
  07.77558000e+01   06.24368000e+01   03.48435000e+01  -05.01900000e-04
  08.56539000e+01   06.44830000e+01   02.94583000e+01  -05.40000000e-06
  08.52970000e+01   06.59921000e+01   03.02036000e+01  -02.73660000e-03
  08.02289000e+01   07.25809000e+01   03.60096000e+01   06.65000000e-04
  07.97575000e+01   07.17083000e+01   03.74366000e+01  -04.07950000e-03
  08.43209000e+01   06.46042000e+01   02.77458000e+01   01.58140000e-02
  08.48455000e+01   06.62843000e+01   02.79225000e+01   09.11190000e-03
  08.37732000e+01   06.94711000e+01   04.29259000e+01   00.00000000e+00
  08.50564000e+01   06.84706000e+01   04.20836000e+01   00.00000000e+00
  08.35004000e+01   06.78238000e+01   04.27620000e+01   00.00000000e+00
  08.67153000e+01   06.90686000e+01   04.54251000e+01   00.00000000e+00
  08.68119000e+01   06.92594000e+01   04.35619000e+01   00.00000000e+00
  08.56491000e+01   07.00810000e+01   04.45185000e+01   00.00000000e+00
  08.62406000e+01   06.66630000e+01   04.50698000e+01   00.00000000e+00
  08.63793000e+01   06.66570000e+01   04.32927000e+01   00.00000000e+00
  08.41418000e+01   06.54936000e+01   04.30240000e+01   00.00000000e+00
  08.38336000e+01   06.56385000e+01   04.47788000e+01   00.00000000e+00
  08.58568000e+01   06.41748000e+01   04.51996000e+01   00.00000000e+00
  08.62630000e+01   06.42948000e+01   04.35164000e+01   00.00000000e+00
  08.29790000e+01   06.17370000e+01   04.50584000e+01   00.00000000e+00
  08.42350000e+01   06.25240000e+01   04.60373000e+01   00.00000000e+00
  08.29643000e+01   06.35859000e+01   04.52504000e+01   00.00000000e+00
  08.31609000e+01   06.34809000e+01   04.25747000e+01   00.00000000e+00
  08.35137000e+01   06.17351000e+01   04.26233000e+01   00.00000000e+00
  08.56899000e+01   06.22117000e+01   04.15873000e+01   00.00000000e+00
  08.52047000e+01   06.38939000e+01   04.13069000e+01   00.00000000e+00
  08.30677000e+01   06.29495000e+01   04.01208000e+01   00.00000000e+00
  08.38605000e+01   06.13331000e+01   04.02686000e+01   00.00000000e+00
  08.19171000e+01   07.20106000e+01   03.38976000e+01   07.20400000e-04
  07.96178000e+01   06.64544000e+01   03.62870000e+01  -02.39543000e-02
  07.99083000e+01   06.36646000e+01   03.05992000e+01   04.89340000e-03
  08.48413000e+01   06.89849000e+01   02.87214000e+01  -02.28199000e-02
  07.93622000e+01   06.43306000e+01   03.66920000e+01  -01.51750000e-03
  08.67725000e+01   06.22690000e+01   03.93532000e+01   00.00000000e+00
  08.61028000e+01   06.08413000e+01   03.86701000e+01   00.00000000e+00
  08.64926000e+01   06.21629000e+01   03.76498000e+01   00.00000000e+00
  08.48453000e+01   06.36143000e+01   03.86417000e+01   00.00000000e+00
  08.28483000e+01   06.23029000e+01   03.78488000e+01   00.00000000e+00
  08.37867000e+01   06.08218000e+01   03.78102000e+01   00.00000000e+00
  08.51947000e+01   06.16068000e+01   03.59086000e+01   00.00000000e+00
  08.43977000e+01   06.31833000e+01   03.59955000e+01   00.00000000e+00
  08.21979000e+01   06.20294000e+01   03.53078000e+01   00.00000000e+00
  08.30970000e+01   06.04357000e+01   03.54507000e+01   00.00000000e+00
  08.38174000e+01   05.94732000e+01   03.30314000e+01   00.00000000e+00
  08.22356000e+01   06.03027000e+01   03.26547000e+01   00.00000000e+00
  08.37172000e+01   06.06746000e+01   03.17259000e+01   00.00000000e+00
  08.17758000e+01   06.40153000e+01   02.87017000e+01   05.57290000e-03
  08.23041000e+01   06.64969000e+01   02.74196000e+01  -01.28866000e-02
  08.51710000e+01   06.28306000e+01   03.31527000e+01   00.00000000e+00
  08.42403000e+01   06.81926000e+01   04.49869000e+01   00.00000000e+00
  08.30490000e+01   06.45544000e+01   03.36785000e+01  -01.99830000e-03
  08.23680000e+01   06.34104000e+01   03.24486000e+01  -01.85290000e-03
