  08.41415000e+01   06.59010000e+01   02.83374000e+01  -06.11779000e-02
  07.89957000e+01   06.41854000e+01   03.61305000e+01   01.75852000e-02
  08.15578000e+01   07.16333000e+01   03.69291000e+01   01.01800000e-02
  08.37407000e+01   07.08744000e+01   02.88566000e+01  -01.32723000e-02
  08.16559000e+01   06.68750000e+01   03.06187000e+01  -04.57645000e-02
  08.49233000e+01   06.55575000e+01   02.96121000e+01   02.46758000e-02
  07.85324000e+01   06.29241000e+01   03.63073000e+01  -01.71993000e-02
  08.29917000e+01   07.14849000e+01   03.75887000e+01  -09.39340000e-03
  08.36462000e+01   06.93798000e+01   02.84046000e+01   07.66074000e-02
  08.05246000e+01   06.60800000e+01   03.33322000e+01   09.44338000e-02
  08.43678000e+01   07.17041000e+01   02.81949000e+01   01.54319000e-02
  08.44723000e+01   06.43089000e+01   03.03841000e+01  -01.56515000e-02
  08.32308000e+01   06.94187000e+01   02.69183000e+01  -02.00050000e-02
  08.20160000e+01   06.95608000e+01   03.17851000e+01  -08.09918000e-02
  08.41051000e+01   06.91518000e+01   02.47176000e+01   04.03650000e-03
  08.27784000e+01   06.86760000e+01   02.94610000e+01  -01.43447000e-01
  08.07674000e+01   06.45820000e+01   03.13449000e+01   01.23287000e-02
  08.00531000e+01   06.69832000e+01   03.55551000e+01   02.21683000e-01
  08.21146000e+01   07.10969000e+01   03.37402000e+01  -05.42921000e-02
  08.03398000e+01   06.50238000e+01   02.81689000e+01   02.66866000e-02
  07.95737000e+01   06.24994000e+01   03.33376000e+01   04.35609000e-02
  07.99152000e+01   06.91333000e+01   03.79771000e+01   02.36507000e-02
  08.34364000e+01   07.30899000e+01   03.16270000e+01  -06.09964000e-02
  08.37626000e+01   06.35855000e+01   03.26212000e+01   08.71130000e-03
  08.22691000e+01   06.73538000e+01   02.94858000e+01   01.26858000e-01
  08.04414000e+01   06.48377000e+01   03.27330000e+01  -03.45042000e-02
  08.05259000e+01   06.83278000e+01   03.54942000e+01  -02.04376000e-01
  08.22766000e+01   07.08107000e+01   03.23610000e+01   07.60142000e-02
  08.40912000e+01   06.32270000e+01   02.99163000e+01   05.08730000e-03
  08.21142000e+01   06.93350000e+01   02.63482000e+01   06.92200000e-04
  08.47425000e+01   06.25434000e+01   03.30462000e+01   00.00000000e+00
  08.25879000e+01   06.62275000e+01   02.84412000e+01   07.64245000e-02
  07.98308000e+01   06.39189000e+01   03.36499000e+01  -04.66821000e-02
  08.04600000e+01   06.93494000e+01   03.65136000e+01   01.65461000e-02
  08.30233000e+01   07.17095000e+01   03.14164000e+01   05.49912000e-02
  08.43789000e+01   06.45682000e+01   03.17208000e+01   03.30200000e-04
  08.44033000e+01   06.93994000e+01   02.61151000e+01   04.02810000e-03
  08.44592000e+01   06.12990000e+01   03.34937000e+01   00.00000000e+00
  08.16844000e+01   06.50995000e+01   02.89649000e+01  -04.69336000e-02
  07.95782000e+01   06.45999000e+01   03.48382000e+01  -07.68710000e-03
  08.11806000e+01   07.04223000e+01   03.60553000e+01  -03.37389000e-02
  08.31777000e+01   07.08973000e+01   03.02797000e+01   03.64969000e-02
  08.43868000e+01   06.01364000e+01   03.25914000e+01   00.00000000e+00
  08.13845000e+01   06.55151000e+01   03.04499000e+01  -09.58259000e-02
  08.00288000e+01   06.59868000e+01   03.46297000e+01  -01.77941000e-01
  08.14329000e+01   07.02293000e+01   03.46341000e+01   06.74294000e-02
  08.25621000e+01   06.96546000e+01   03.05475000e+01   01.44326000e-01
  08.40313000e+01   06.09831000e+01   03.49230000e+01   00.00000000e+00
  08.49043000e+01   06.16423000e+01   03.59835000e+01   00.00000000e+00
  08.42820000e+01   06.17850000e+01   03.74154000e+01   00.00000000e+00
  08.49348000e+01   06.28501000e+01   03.83985000e+01   00.00000000e+00
  08.63726000e+01   06.23722000e+01   03.89209000e+01   00.00000000e+00
  08.39371000e+01   06.31192000e+01   03.95998000e+01   00.00000000e+00
  08.44317000e+01   06.41679000e+01   04.07364000e+01   00.00000000e+00
  08.33282000e+01   06.44562000e+01   04.17115000e+01   00.00000000e+00
  08.37304000e+01   06.51726000e+01   04.30198000e+01   00.00000000e+00
  08.45809000e+01   06.42958000e+01   04.40254000e+01   00.00000000e+00
  08.41265000e+01   06.66185000e+01   04.28323000e+01   00.00000000e+00
  08.55432000e+01   06.69053000e+01   04.22672000e+01   00.00000000e+00
  08.59527000e+01   06.83091000e+01   04.27179000e+01   00.00000000e+00
  08.63000000e+01   06.86486000e+01   04.41981000e+01   00.00000000e+00
  08.76515000e+01   06.80875000e+01   04.46030000e+01   00.00000000e+00
  08.64037000e+01   07.01644000e+01   04.42841000e+01   00.00000000e+00
  08.10818000e+01   06.89218000e+01   03.43600000e+01   03.65717000e-02
  08.11257000e+01   06.79528000e+01   03.24602000e+01  -06.37550000e-03
  08.43667000e+01   07.30644000e+01   03.21111000e+01   01.79582000e-02
  08.35936000e+01   07.36261000e+01   03.07074000e+01   01.23366000e-02
  08.25886000e+01   07.35651000e+01   03.22203000e+01   01.80857000e-02
  07.99656000e+01   06.79981000e+01   03.81993000e+01  -03.55350000e-03
  08.06174000e+01   06.95830000e+01   03.86356000e+01  -05.48890000e-03
  07.88516000e+01   06.93229000e+01   03.79570000e+01  -05.73590000e-03
  07.85299000e+01   06.23704000e+01   03.33581000e+01  -01.16015000e-02
  07.99834000e+01   06.23670000e+01   03.22980000e+01  -01.03548000e-02
  08.01683000e+01   06.18569000e+01   03.39769000e+01  -01.10806000e-02
  08.05055000e+01   06.44934000e+01   02.72685000e+01  -06.50300000e-03
  07.95715000e+01   06.44705000e+01   02.87577000e+01  -03.84930000e-03
  08.00135000e+01   06.60084000e+01   02.77989000e+01  -06.75510000e-03
  08.37196000e+01   07.00694000e+01   02.42505000e+01   06.96000000e-05
  08.50729000e+01   06.87540000e+01   02.43165000e+01  -02.56130000e-03
  08.34660000e+01   06.83516000e+01   02.45946000e+01  -08.86000000e-04
  08.36044000e+01   07.15205000e+01   03.67320000e+01   02.66600000e-04
  08.31875000e+01   07.23186000e+01   03.82384000e+01   02.07780000e-03
  08.30583000e+01   07.05654000e+01   03.81301000e+01   03.44650000e-03
  07.79222000e+01   06.27084000e+01   03.71734000e+01   02.98050000e-03
  07.86622000e+01   06.20722000e+01   03.56794000e+01  -05.01900000e-04
  08.59550000e+01   06.53797000e+01   02.93042000e+01  -05.40000000e-06
  08.49810000e+01   06.62926000e+01   03.02960000e+01  -02.73660000e-03
  08.16059000e+01   07.25053000e+01   03.62858000e+01   06.65000000e-04
  08.07630000e+01   07.17699000e+01   03.76532000e+01  -04.07950000e-03
  08.42286000e+01   06.49078000e+01   02.77083000e+01   01.58140000e-02
  08.47806000e+01   06.66140000e+01   02.79036000e+01   09.11190000e-03
  08.54887000e+01   07.06046000e+01   04.38771000e+01   00.00000000e+00
  08.65362000e+01   07.05830000e+01   04.52585000e+01   00.00000000e+00
  08.72739000e+01   07.04546000e+01   04.36947000e+01   00.00000000e+00
  08.76390000e+01   06.81053000e+01   04.57097000e+01   00.00000000e+00
  08.77577000e+01   06.70498000e+01   04.42843000e+01   00.00000000e+00
  08.84251000e+01   06.87032000e+01   04.42280000e+01   00.00000000e+00
  08.68017000e+01   06.86223000e+01   04.20640000e+01   00.00000000e+00
  08.51311000e+01   06.90005000e+01   04.24512000e+01   00.00000000e+00
  08.62993000e+01   06.62281000e+01   04.26443000e+01   00.00000000e+00
  08.55258000e+01   06.68516000e+01   04.12219000e+01   00.00000000e+00
  08.33870000e+01   06.70346000e+01   04.22250000e+01   00.00000000e+00
  08.40219000e+01   06.70485000e+01   04.38414000e+01   00.00000000e+00
  08.46911000e+01   06.48168000e+01   04.49968000e+01   00.00000000e+00
  08.41585000e+01   06.33205000e+01   04.41921000e+01   00.00000000e+00
  08.55312000e+01   06.40258000e+01   04.35461000e+01   00.00000000e+00
  08.24809000e+01   06.50401000e+01   04.13119000e+01   00.00000000e+00
  08.29441000e+01   06.34970000e+01   04.20111000e+01   00.00000000e+00
  08.52797000e+01   06.36519000e+01   04.12709000e+01   00.00000000e+00
  08.48962000e+01   06.50364000e+01   04.03776000e+01   00.00000000e+00
  08.29095000e+01   06.33713000e+01   03.93005000e+01   00.00000000e+00
  08.39207000e+01   06.21589000e+01   04.01498000e+01   00.00000000e+00
  08.24704000e+01   07.19514000e+01   03.43225000e+01   07.20400000e-04
  07.96177000e+01   06.67986000e+01   03.65160000e+01  -02.39543000e-02
  08.04778000e+01   06.36037000e+01   03.09158000e+01   04.89340000e-03
  08.46609000e+01   06.89405000e+01   02.84439000e+01  -02.28199000e-02
  07.87343000e+01   06.47893000e+01   03.69753000e+01  -01.51750000e-03
  08.69496000e+01   06.32024000e+01   03.92307000e+01   00.00000000e+00
  08.63173000e+01   06.16873000e+01   03.97041000e+01   00.00000000e+00
  08.68462000e+01   06.18734000e+01   03.81352000e+01   00.00000000e+00
  08.48922000e+01   06.37876000e+01   03.78242000e+01   00.00000000e+00
  08.31714000e+01   06.20354000e+01   03.72891000e+01   00.00000000e+00
  08.42111000e+01   06.07786000e+01   03.78523000e+01   00.00000000e+00
  08.58268000e+01   06.11130000e+01   03.60362000e+01   00.00000000e+00
  08.51683000e+01   06.26035000e+01   03.55818000e+01   00.00000000e+00
  08.30877000e+01   06.13965000e+01   03.51835000e+01   00.00000000e+00
  08.41299000e+01   05.99542000e+01   03.50828000e+01   00.00000000e+00
  08.36039000e+01   05.95242000e+01   03.29111000e+01   00.00000000e+00
  08.42002000e+01   06.03646000e+01   03.15978000e+01   00.00000000e+00
  08.52936000e+01   05.94519000e+01   03.26956000e+01   00.00000000e+00
  08.22212000e+01   06.41362000e+01   02.89809000e+01   05.57290000e-03
  08.21919000e+01   06.65827000e+01   02.74649000e+01  -01.28866000e-02
  08.57557000e+01   06.27250000e+01   03.30397000e+01   00.00000000e+00
  08.54897000e+01   06.83852000e+01   04.48587000e+01   00.00000000e+00
  08.34535000e+01   06.41931000e+01   03.34261000e+01  -01.99830000e-03
  08.28359000e+01   06.31052000e+01   03.23947000e+01  -01.85290000e-03
