  08.34505000e+01   06.43157000e+01   02.72061000e+01  -06.11779000e-02
  07.79336000e+01   06.28263000e+01   03.43691000e+01   01.75852000e-02
  08.01956000e+01   07.06263000e+01   03.48791000e+01   01.01800000e-02
  08.29318000e+01   06.95621000e+01   02.73047000e+01  -01.32723000e-02
  08.07641000e+01   06.56033000e+01   02.91151000e+01  -04.57645000e-02
  08.41225000e+01   06.40409000e+01   02.85941000e+01   02.46758000e-02
  07.69936000e+01   06.18735000e+01   03.44033000e+01  -01.71993000e-02
  08.14771000e+01   07.08654000e+01   03.56448000e+01  -09.39340000e-03
  08.30597000e+01   06.79657000e+01   02.71119000e+01   07.66074000e-02
  07.95906000e+01   06.49128000e+01   03.17848000e+01   09.44338000e-02
  08.34323000e+01   07.03491000e+01   02.65529000e+01   01.54319000e-02
  08.34978000e+01   06.29719000e+01   02.94072000e+01  -01.56515000e-02
  08.28056000e+01   06.76559000e+01   02.56132000e+01  -02.00050000e-02
  08.11183000e+01   06.83825000e+01   03.00663000e+01  -08.09918000e-02
  08.40417000e+01   06.72661000e+01   02.34787000e+01   04.03650000e-03
  08.21288000e+01   06.73599000e+01   02.81192000e+01  -01.43447000e-01
  07.97591000e+01   06.34166000e+01   02.97554000e+01   01.23287000e-02
  07.91695000e+01   06.57671000e+01   03.39451000e+01   02.21683000e-01
  08.08691000e+01   06.98847000e+01   03.19011000e+01  -05.42921000e-02
  07.97294000e+01   06.40178000e+01   02.65458000e+01   02.66866000e-02
  07.83076000e+01   06.13668000e+01   03.16155000e+01   04.35609000e-02
  07.91562000e+01   06.78476000e+01   03.62448000e+01   02.36507000e-02
  08.22012000e+01   07.20320000e+01   02.96004000e+01  -06.09964000e-02
  08.26147000e+01   06.25245000e+01   03.16650000e+01   08.71130000e-03
  08.16891000e+01   06.60205000e+01   02.82082000e+01   01.26858000e-01
  07.93708000e+01   06.37254000e+01   03.10969000e+01  -03.45042000e-02
  07.95992000e+01   06.70967000e+01   03.38476000e+01  -02.04376000e-01
  08.12450000e+01   06.96134000e+01   03.06165000e+01   07.60142000e-02
  08.31125000e+01   06.18391000e+01   02.90689000e+01   05.08730000e-03
  08.17149000e+01   06.74747000e+01   02.51105000e+01   06.92200000e-04
  08.35217000e+01   06.15615000e+01   03.24592000e+01   00.00000000e+00
  08.20535000e+01   06.49558000e+01   02.71408000e+01   07.64245000e-02
  07.86316000e+01   06.28006000e+01   03.19845000e+01  -04.66821000e-02
  07.95631000e+01   06.80736000e+01   03.48621000e+01   01.65461000e-02
  08.19622000e+01   07.05340000e+01   02.96541000e+01   05.49912000e-02
  08.33779000e+01   06.34007000e+01   03.07239000e+01   03.30200000e-04
  08.40368000e+01   06.75992000e+01   02.49172000e+01   04.02810000e-03
  08.30714000e+01   06.06337000e+01   03.33073000e+01   00.00000000e+00
  08.09261000e+01   06.39200000e+01   02.74386000e+01  -04.69336000e-02
  07.85294000e+01   06.34043000e+01   03.31736000e+01  -07.68710000e-03
  08.00653000e+01   06.92567000e+01   03.42837000e+01  -03.37389000e-02
  08.23252000e+01   06.96333000e+01   02.86020000e+01   03.64969000e-02
  08.24765000e+01   05.93030000e+01   03.28876000e+01   00.00000000e+00
  08.04700000e+01   06.43166000e+01   02.88638000e+01  -09.58259000e-02
  07.92879000e+01   06.46958000e+01   03.30678000e+01  -01.77941000e-01
  08.04127000e+01   06.89764000e+01   03.29344000e+01   06.74294000e-02
  08.19018000e+01   06.83644000e+01   02.90169000e+01   01.44326000e-01
  08.29567000e+01   06.10839000e+01   03.47922000e+01   00.00000000e+00
  08.39048000e+01   06.03410000e+01   03.57642000e+01   00.00000000e+00
  08.37591000e+01   06.08055000e+01   03.72056000e+01   00.00000000e+00
  08.46696000e+01   06.02642000e+01   03.83122000e+01   00.00000000e+00
  08.49267000e+01   05.86887000e+01   03.81821000e+01   00.00000000e+00
  08.40074000e+01   06.04126000e+01   03.97025000e+01   00.00000000e+00
  08.40281000e+01   06.18153000e+01   04.01344000e+01   00.00000000e+00
  08.31888000e+01   06.20340000e+01   04.14136000e+01   00.00000000e+00
  08.34635000e+01   06.35104000e+01   04.19837000e+01   00.00000000e+00
  08.36783000e+01   06.35921000e+01   04.35247000e+01   00.00000000e+00
  08.24746000e+01   06.45418000e+01   04.14846000e+01   00.00000000e+00
  08.25667000e+01   06.60332000e+01   04.19441000e+01   00.00000000e+00
  08.39182000e+01   06.67235000e+01   04.16310000e+01   00.00000000e+00
  08.39321000e+01   06.81439000e+01   04.11210000e+01   00.00000000e+00
  08.34688000e+01   06.92370000e+01   04.21112000e+01   00.00000000e+00
  08.52902000e+01   06.86090000e+01   04.07322000e+01   00.00000000e+00
  08.00149000e+01   06.76655000e+01   03.26640000e+01   03.65717000e-02
  08.01628000e+01   06.66576000e+01   03.08376000e+01  -06.37550000e-03
  08.32529000e+01   07.22611000e+01   02.94961000e+01   01.79582000e-02
  08.15054000e+01   07.23363000e+01   02.88051000e+01   01.23366000e-02
  08.18497000e+01   07.23583000e+01   03.05706000e+01   01.80857000e-02
  08.00598000e+01   06.80704000e+01   03.67919000e+01  -03.55350000e-03
  07.82969000e+01   06.85454000e+01   03.65676000e+01  -05.48890000e-03
  07.87775000e+01   06.68981000e+01   03.64254000e+01  -05.73590000e-03
  07.88163000e+01   06.11322000e+01   03.06524000e+01  -01.16015000e-02
  07.86710000e+01   06.06881000e+01   03.24057000e+01  -01.03548000e-02
  07.72917000e+01   06.12069000e+01   03.15341000e+01  -01.10806000e-02
  07.89667000e+01   06.33990000e+01   02.70029000e+01  -06.50300000e-03
  07.93767000e+01   06.50059000e+01   02.65255000e+01  -03.84930000e-03
  07.99308000e+01   06.37908000e+01   02.55740000e+01  -06.75510000e-03
  08.35902000e+01   06.80811000e+01   02.29215000e+01   06.96000000e-05
  08.50474000e+01   06.71021000e+01   02.30682000e+01  -02.56130000e-03
  08.34442000e+01   06.63881000e+01   02.32968000e+01  -08.86000000e-04
  08.17877000e+01   07.00676000e+01   03.62425000e+01   02.66600000e-04
  08.21941000e+01   07.11447000e+01   03.48683000e+01   02.07780000e-03
  08.14456000e+01   07.17554000e+01   03.62173000e+01   03.44650000e-03
  07.66083000e+01   06.15384000e+01   03.54132000e+01   02.98050000e-03
  07.63812000e+01   06.14999000e+01   03.35664000e+01  -05.01900000e-04
  08.50316000e+01   06.35513000e+01   02.84220000e+01  -05.40000000e-06
  08.41048000e+01   06.49949000e+01   02.90309000e+01  -02.73660000e-03
  08.00175000e+01   07.14569000e+01   03.40794000e+01   06.65000000e-04
  07.93710000e+01   07.07660000e+01   03.55724000e+01  -04.07950000e-03
  08.35193000e+01   06.34170000e+01   02.65238000e+01   01.58140000e-02
  08.40818000e+01   06.51073000e+01   02.67599000e+01   09.11190000e-03
  08.57133000e+01   06.79674000e+01   03.99973000e+01   00.00000000e+00
  08.52866000e+01   06.96766000e+01   04.03759000e+01   00.00000000e+00
  08.59088000e+01   06.84854000e+01   04.15588000e+01   00.00000000e+00
  08.39888000e+01   06.92531000e+01   04.30506000e+01   00.00000000e+00
  08.36591000e+01   07.02081000e+01   04.16280000e+01   00.00000000e+00
  08.24283000e+01   06.91102000e+01   04.21343000e+01   00.00000000e+00
  08.46412000e+01   06.66542000e+01   04.24792000e+01   00.00000000e+00
  08.43226000e+01   06.61726000e+01   04.07218000e+01   00.00000000e+00
  08.17998000e+01   06.65193000e+01   04.13392000e+01   00.00000000e+00
  08.22160000e+01   06.61546000e+01   04.30240000e+01   00.00000000e+00
  08.26009000e+01   06.46195000e+01   04.03843000e+01   00.00000000e+00
  08.14978000e+01   06.40692000e+01   04.17891000e+01   00.00000000e+00
  08.27170000e+01   06.38457000e+01   04.39527000e+01   00.00000000e+00
  08.39656000e+01   06.26166000e+01   04.39280000e+01   00.00000000e+00
  08.44419000e+01   06.43301000e+01   04.37001000e+01   00.00000000e+00
  08.21258000e+01   06.19002000e+01   04.12198000e+01   00.00000000e+00
  08.34938000e+01   06.12881000e+01   04.21566000e+01   00.00000000e+00
  08.50987000e+01   06.21189000e+01   04.03584000e+01   00.00000000e+00
  08.35452000e+01   06.23464000e+01   03.93586000e+01   00.00000000e+00
  08.29583000e+01   06.00704000e+01   03.96949000e+01   00.00000000e+00
  08.45715000e+01   05.98084000e+01   04.04208000e+01   00.00000000e+00
  08.09875000e+01   07.08935000e+01   03.22986000e+01   07.20400000e-04
  07.86504000e+01   06.54494000e+01   03.47980000e+01  -02.39543000e-02
  07.94148000e+01   06.24547000e+01   02.93124000e+01   04.89340000e-03
  08.40869000e+01   06.77090000e+01   02.74533000e+01  -02.28199000e-02
  07.83251000e+01   06.31725000e+01   03.52932000e+01  -01.51750000e-03
  08.39971000e+01   05.81108000e+01   03.81301000e+01   00.00000000e+00
  08.53625000e+01   05.84378000e+01   03.71789000e+01   00.00000000e+00
  08.55914000e+01   05.82670000e+01   03.89666000e+01   00.00000000e+00
  08.56244000e+01   06.07559000e+01   03.81973000e+01   00.00000000e+00
  08.40652000e+01   06.18498000e+01   03.70379000e+01   00.00000000e+00
  08.27322000e+01   06.08219000e+01   03.75156000e+01   00.00000000e+00
  08.38154000e+01   05.92912000e+01   03.56327000e+01   00.00000000e+00
  08.48848000e+01   06.06395000e+01   03.53017000e+01   00.00000000e+00
  08.31384000e+01   06.21481000e+01   03.49366000e+01   00.00000000e+00
  08.18982000e+01   06.08075000e+01   03.49524000e+01   00.00000000e+00
  08.27387000e+01   05.90910000e+01   03.18203000e+01   00.00000000e+00
  08.28592000e+01   05.84797000e+01   03.35103000e+01   00.00000000e+00
  08.13811000e+01   05.93643000e+01   03.29824000e+01   00.00000000e+00
  08.12342000e+01   06.28453000e+01   02.74710000e+01   05.57290000e-03
  08.18132000e+01   06.53221000e+01   02.61413000e+01  -01.28866000e-02
  08.45994000e+01   06.16079000e+01   03.23533000e+01   00.00000000e+00
  08.32319000e+01   06.81224000e+01   04.02833000e+01   00.00000000e+00
  08.22840000e+01   06.31932000e+01   03.24112000e+01  -01.99830000e-03
  08.17324000e+01   06.20191000e+01   03.12676000e+01  -01.85290000e-03
