  08.49456000e+01   06.60426000e+01   02.80382000e+01  -06.11779000e-02
  08.00122000e+01   06.44202000e+01   03.55792000e+01   01.75852000e-02
  08.19019000e+01   07.20231000e+01   03.64199000e+01   01.01800000e-02
  08.45217000e+01   07.13430000e+01   02.85529000e+01  -01.32723000e-02
  08.25374000e+01   06.71170000e+01   03.01682000e+01  -04.57645000e-02
  08.56353000e+01   06.57006000e+01   02.93712000e+01   02.46758000e-02
  07.93064000e+01   06.33030000e+01   03.58048000e+01  -01.71993000e-02
  08.29580000e+01   07.17743000e+01   03.74457000e+01  -09.39340000e-03
  08.46178000e+01   06.98044000e+01   02.81378000e+01   07.66074000e-02
  08.13809000e+01   06.63502000e+01   03.27933000e+01   09.44338000e-02
  08.49820000e+01   07.22058000e+01   02.78759000e+01   01.54319000e-02
  08.51861000e+01   06.44274000e+01   03.00829000e+01  -01.56515000e-02
  08.42886000e+01   06.96184000e+01   02.66110000e+01  -02.00050000e-02
  08.28765000e+01   06.99321000e+01   03.13357000e+01  -08.09918000e-02
  08.52261000e+01   06.96340000e+01   02.43376000e+01   04.03650000e-03
  08.37761000e+01   06.89938000e+01   02.91242000e+01  -01.43447000e-01
  08.16040000e+01   06.50052000e+01   03.07820000e+01   01.23287000e-02
  08.09006000e+01   06.73167000e+01   03.50231000e+01   02.21683000e-01
  08.25827000e+01   07.14870000e+01   03.32291000e+01  -05.42921000e-02
  08.09720000e+01   06.57818000e+01   02.75485000e+01   02.66866000e-02
  08.07485000e+01   06.27239000e+01   03.28399000e+01   04.35609000e-02
  08.02907000e+01   06.95117000e+01   03.71998000e+01   02.36507000e-02
  08.37627000e+01   07.35641000e+01   03.11839000e+01  -06.09964000e-02
  08.45168000e+01   06.34671000e+01   03.21904000e+01   08.71130000e-03
  08.32547000e+01   06.76282000e+01   02.91223000e+01   01.26858000e-01
  08.13313000e+01   06.51185000e+01   03.21723000e+01  -03.45042000e-02
  08.11322000e+01   06.87303000e+01   03.48751000e+01  -02.04376000e-01
  08.29098000e+01   07.11801000e+01   03.18910000e+01   07.60142000e-02
  08.49152000e+01   06.34041000e+01   02.95089000e+01   05.08730000e-03
  08.31525000e+01   06.95242000e+01   02.61867000e+01   06.92200000e-04
  08.54260000e+01   06.26582000e+01   03.29219000e+01   00.00000000e+00
  08.34674000e+01   06.66139000e+01   02.80509000e+01   07.64245000e-02
  08.09049000e+01   06.41599000e+01   03.30863000e+01  -04.66821000e-02
  08.09762000e+01   06.96691000e+01   03.59289000e+01   01.65461000e-02
  08.35331000e+01   07.20540000e+01   03.10011000e+01   05.49912000e-02
  08.50985000e+01   06.45471000e+01   03.14533000e+01   03.30200000e-04
  08.53644000e+01   06.96355000e+01   02.57605000e+01   04.02810000e-03
  08.51888000e+01   06.14870000e+01   03.35116000e+01   00.00000000e+00
  08.23585000e+01   06.55711000e+01   02.83808000e+01  -04.69336000e-02
  08.06145000e+01   06.48676000e+01   03.42759000e+01  -07.68710000e-03
  08.17334000e+01   07.07955000e+01   03.55497000e+01  -03.37389000e-02
  08.39096000e+01   07.12839000e+01   02.98888000e+01   03.64969000e-02
  08.50518000e+01   06.01573000e+01   03.27569000e+01   00.00000000e+00
  08.21583000e+01   06.58544000e+01   02.98871000e+01  -09.58259000e-02
  08.09559000e+01   06.62271000e+01   03.41107000e+01  -01.77941000e-01
  08.20954000e+01   07.05914000e+01   03.41647000e+01   06.74294000e-02
  08.34502000e+01   06.99495000e+01   03.01248000e+01   01.44326000e-01
  08.47994000e+01   06.14528000e+01   03.49656000e+01   00.00000000e+00
  08.44058000e+01   06.27979000e+01   03.56226000e+01   00.00000000e+00
  08.39617000e+01   06.26791000e+01   03.70948000e+01   00.00000000e+00
  08.49390000e+01   06.30137000e+01   03.82263000e+01   00.00000000e+00
  08.60692000e+01   06.19879000e+01   03.83110000e+01   00.00000000e+00
  08.41535000e+01   06.31477000e+01   03.95602000e+01   00.00000000e+00
  08.49360000e+01   06.38750000e+01   04.07073000e+01   00.00000000e+00
  08.42449000e+01   06.35137000e+01   04.20368000e+01   00.00000000e+00
  08.51668000e+01   06.36068000e+01   04.33128000e+01   00.00000000e+00
  08.44230000e+01   06.29720000e+01   04.45147000e+01   00.00000000e+00
  08.60820000e+01   06.48081000e+01   04.36117000e+01   00.00000000e+00
  08.53307000e+01   06.59376000e+01   04.43728000e+01   00.00000000e+00
  08.60577000e+01   06.73196000e+01   04.45382000e+01   00.00000000e+00
  08.67923000e+01   06.79618000e+01   04.33818000e+01   00.00000000e+00
  08.56961000e+01   06.82895000e+01   04.22585000e+01   00.00000000e+00
  08.74395000e+01   06.92566000e+01   04.39303000e+01   00.00000000e+00
  08.18285000e+01   06.92598000e+01   03.38260000e+01   03.65717000e-02
  08.19798000e+01   06.82092000e+01   03.18713000e+01  -06.37550000e-03
  08.31093000e+01   07.38496000e+01   03.18796000e+01   01.79582000e-02
  08.47777000e+01   07.35562000e+01   03.16004000e+01   01.23366000e-02
  08.35184000e+01   07.40637000e+01   03.02860000e+01   01.80857000e-02
  07.94590000e+01   06.89577000e+01   03.70576000e+01  -03.55350000e-03
  08.09592000e+01   06.89649000e+01   03.79143000e+01  -05.48890000e-03
  07.99421000e+01   07.04438000e+01   03.77190000e+01  -05.73590000e-03
  07.97453000e+01   06.25821000e+01   03.23960000e+01  -01.16015000e-02
  08.15881000e+01   06.24861000e+01   03.20716000e+01  -01.03548000e-02
  08.08466000e+01   06.22177000e+01   03.38078000e+01  -01.10806000e-02
  08.11219000e+01   06.52221000e+01   02.66099000e+01  -06.50300000e-03
  08.01266000e+01   06.53780000e+01   02.81422000e+01  -03.84930000e-03
  08.07666000e+01   06.68428000e+01   02.73051000e+01  -06.75510000e-03
  08.62006000e+01   06.98200000e+01   02.39409000e+01   06.96000000e-05
  08.48177000e+01   06.87044000e+01   02.39125000e+01  -02.56130000e-03
  08.45244000e+01   07.04497000e+01   02.40294000e+01  -08.86000000e-04
  08.32835000e+01   07.27687000e+01   03.79751000e+01   02.66600000e-04
  08.26201000e+01   07.10624000e+01   03.81999000e+01   02.07780000e-03
  08.37825000e+01   07.13696000e+01   03.68867000e+01   03.44650000e-03
  07.89272000e+01   06.30359000e+01   03.68143000e+01   02.98050000e-03
  07.89299000e+01   06.26252000e+01   03.49836000e+01  -05.01900000e-04
  08.66630000e+01   06.55531000e+01   02.91049000e+01  -05.40000000e-06
  08.56781000e+01   06.65811000e+01   03.00698000e+01  -02.73660000e-03
  08.21642000e+01   07.29121000e+01   03.57883000e+01   06.65000000e-04
  08.09363000e+01   07.22744000e+01   03.68873000e+01  -04.07950000e-03
  08.49135000e+01   06.51218000e+01   02.75031000e+01   01.58140000e-02
  08.55043000e+01   06.68634000e+01   02.75805000e+01   09.11190000e-03
  08.67547000e+01   06.98782000e+01   04.44975000e+01   00.00000000e+00
  08.83115000e+01   06.91051000e+01   04.45925000e+01   00.00000000e+00
  08.78314000e+01   06.97922000e+01   04.30420000e+01   00.00000000e+00
  08.53985000e+01   06.73511000e+01   04.18704000e+01   00.00000000e+00
  08.48046000e+01   06.87979000e+01   04.26726000e+01   00.00000000e+00
  08.61436000e+01   06.89371000e+01   04.15199000e+01   00.00000000e+00
  08.52529000e+01   06.79511000e+01   04.49930000e+01   00.00000000e+00
  08.67361000e+01   06.70856000e+01   04.53518000e+01   00.00000000e+00
  08.44743000e+01   06.61079000e+01   04.37737000e+01   00.00000000e+00
  08.49831000e+01   06.55902000e+01   04.53006000e+01   00.00000000e+00
  08.69474000e+01   06.44868000e+01   04.41939000e+01   00.00000000e+00
  08.65391000e+01   06.52869000e+01   04.27307000e+01   00.00000000e+00
  08.39334000e+01   06.19869000e+01   04.42959000e+01   00.00000000e+00
  08.51696000e+01   06.28067000e+01   04.52990000e+01   00.00000000e+00
  08.37150000e+01   06.36956000e+01   04.48212000e+01   00.00000000e+00
  08.33127000e+01   06.40027000e+01   04.21670000e+01   00.00000000e+00
  08.39449000e+01   06.24812000e+01   04.21127000e+01   00.00000000e+00
  08.58758000e+01   06.33825000e+01   04.07065000e+01   00.00000000e+00
  08.50536000e+01   06.49734000e+01   04.04777000e+01   00.00000000e+00
  08.31980000e+01   06.36227000e+01   03.94876000e+01   00.00000000e+00
  08.39917000e+01   06.21415000e+01   03.98873000e+01   00.00000000e+00
  08.25511000e+01   07.25047000e+01   03.35571000e+01   07.20400000e-04
  08.04980000e+01   06.71201000e+01   03.60050000e+01  -02.39543000e-02
  08.14967000e+01   06.40021000e+01   03.04038000e+01   04.89340000e-03
  08.56958000e+01   06.94848000e+01   02.82965000e+01  -02.28199000e-02
  08.02108000e+01   06.50166000e+01   03.64620000e+01  -01.51750000e-03
  08.66795000e+01   06.21522000e+01   03.91260000e+01   00.00000000e+00
  08.57579000e+01   06.09397000e+01   03.82947000e+01   00.00000000e+00
  08.65590000e+01   06.21585000e+01   03.73350000e+01   00.00000000e+00
  08.52801000e+01   06.40600000e+01   03.80435000e+01   00.00000000e+00
  08.32132000e+01   06.34772000e+01   03.72233000e+01   00.00000000e+00
  08.35275000e+01   06.16464000e+01   03.71600000e+01   00.00000000e+00
  08.51526000e+01   06.36160000e+01   03.56068000e+01   00.00000000e+00
  08.34886000e+01   06.30680000e+01   03.50799000e+01   00.00000000e+00
  08.40437000e+01   06.06919000e+01   03.51880000e+01   00.00000000e+00
  08.56833000e+01   06.10924000e+01   03.54458000e+01   00.00000000e+00
  08.49306000e+01   06.01754000e+01   03.16793000e+01   00.00000000e+00
  08.59225000e+01   05.94846000e+01   03.28833000e+01   00.00000000e+00
  08.41514000e+01   05.95858000e+01   03.30958000e+01   00.00000000e+00
  08.27131000e+01   06.45996000e+01   02.81181000e+01   05.57290000e-03
  08.31241000e+01   06.70188000e+01   02.71280000e+01  -01.28866000e-02
  08.64625000e+01   06.28559000e+01   03.27855000e+01   00.00000000e+00
  08.75285000e+01   06.72087000e+01   04.30378000e+01   00.00000000e+00
  08.39455000e+01   06.38642000e+01   03.30000000e+01  -01.99830000e-03
  08.38234000e+01   06.28209000e+01   03.15957000e+01  -01.85290000e-03
