  08.58807000e+01   06.54005000e+01   02.85659000e+01  -06.11779000e-02
  08.06422000e+01   06.37700000e+01   03.58549000e+01   01.75852000e-02
  08.27586000e+01   07.17065000e+01   03.63424000e+01   01.01800000e-02
  08.52250000e+01   07.05355000e+01   02.84973000e+01  -01.32723000e-02
  08.31662000e+01   06.66750000e+01   03.03920000e+01  -04.57645000e-02
  08.64396000e+01   06.49868000e+01   02.99530000e+01   02.46758000e-02
  07.99442000e+01   06.26554000e+01   03.61307000e+01  -01.71993000e-02
  08.41926000e+01   07.20615000e+01   03.67052000e+01  -09.39340000e-03
  08.53643000e+01   06.90105000e+01   02.82405000e+01   07.66074000e-02
  08.20882000e+01   06.58235000e+01   03.31160000e+01   09.44338000e-02
  08.57711000e+01   07.13850000e+01   02.77222000e+01   01.54319000e-02
  08.59381000e+01   06.37474000e+01   03.06440000e+01  -01.56515000e-02
  08.50017000e+01   06.87319000e+01   02.67932000e+01  -02.00050000e-02
  08.36450000e+01   06.93580000e+01   03.14100000e+01  -08.09918000e-02
  08.58615000e+01   06.85955000e+01   02.45274000e+01   04.03650000e-03
  08.44134000e+01   06.84067000e+01   02.92670000e+01  -01.43447000e-01
  08.22367000e+01   06.44938000e+01   03.10857000e+01   01.23287000e-02
  08.17143000e+01   06.68174000e+01   03.52817000e+01   02.21683000e-01
  08.33716000e+01   07.09742000e+01   03.33360000e+01  -05.42921000e-02
  08.20369000e+01   06.51462000e+01   02.77710000e+01   02.66866000e-02
  08.09405000e+01   06.23363000e+01   03.30649000e+01   04.35609000e-02
  08.11632000e+01   06.90305000e+01   03.74690000e+01   02.36507000e-02
  08.44187000e+01   07.30481000e+01   03.09149000e+01  -06.09964000e-02
  08.54231000e+01   06.26795000e+01   03.26376000e+01   08.71130000e-03
  08.40413000e+01   06.70909000e+01   02.94409000e+01   01.26858000e-01
  08.19031000e+01   06.46521000e+01   03.24514000e+01  -03.45042000e-02
  08.21323000e+01   06.81435000e+01   03.52121000e+01  -02.04376000e-01
  08.36898000e+01   07.06947000e+01   03.19083000e+01   07.60142000e-02
  08.55329000e+01   06.28047000e+01   03.00299000e+01   05.08730000e-03
  08.38917000e+01   06.84231000e+01   02.63917000e+01   06.92200000e-04
  08.58558000e+01   06.26629000e+01   03.40384000e+01   00.00000000e+00
  08.43312000e+01   06.59510000e+01   02.84721000e+01   07.64245000e-02
  08.12922000e+01   06.37225000e+01   03.33949000e+01  -04.66821000e-02
  08.20199000e+01   06.91856000e+01   03.62770000e+01   01.65461000e-02
  08.41367000e+01   07.15676000e+01   03.08533000e+01   05.49912000e-02
  08.60618000e+01   06.38079000e+01   03.20140000e+01   03.30200000e-04
  08.61241000e+01   06.88886000e+01   02.59444000e+01   04.02810000e-03
  08.51116000e+01   06.22712000e+01   03.50391000e+01   00.00000000e+00
  08.32411000e+01   06.49280000e+01   02.87580000e+01  -04.69336000e-02
  08.10807000e+01   06.43782000e+01   03.45858000e+01  -07.68710000e-03
  08.26973000e+01   07.03166000e+01   03.57184000e+01  -03.37389000e-02
  08.45167000e+01   07.06772000e+01   02.98211000e+01   03.64969000e-02
  08.50899000e+01   06.08464000e+01   03.54760000e+01   00.00000000e+00
  08.28917000e+01   06.53389000e+01   03.01617000e+01  -09.58259000e-02
  08.16380000e+01   06.56955000e+01   03.44227000e+01  -01.77941000e-01
  08.29386000e+01   07.00204000e+01   03.43176000e+01   06.74294000e-02
  08.41019000e+01   06.94346000e+01   03.01995000e+01   01.44326000e-01
  08.42492000e+01   06.32388000e+01   03.58234000e+01   00.00000000e+00
  08.43086000e+01   06.32774000e+01   03.73939000e+01   00.00000000e+00
  08.58447000e+01   06.36904000e+01   03.77779000e+01   00.00000000e+00
  08.62748000e+01   06.34178000e+01   03.92864000e+01   00.00000000e+00
  08.63186000e+01   06.18931000e+01   03.94953000e+01   00.00000000e+00
  08.54085000e+01   06.42357000e+01   04.03577000e+01   00.00000000e+00
  08.56626000e+01   06.39604000e+01   04.18275000e+01   00.00000000e+00
  08.50028000e+01   06.49994000e+01   04.27490000e+01   00.00000000e+00
  08.55876000e+01   06.51552000e+01   04.42062000e+01   00.00000000e+00
  08.57230000e+01   06.38432000e+01   04.49568000e+01   00.00000000e+00
  08.68039000e+01   06.60002000e+01   04.43742000e+01   00.00000000e+00
  08.69611000e+01   06.72931000e+01   04.35529000e+01   00.00000000e+00
  08.59619000e+01   06.83986000e+01   04.39637000e+01   00.00000000e+00
  08.61705000e+01   06.98844000e+01   04.34932000e+01   00.00000000e+00
  08.73897000e+01   07.05074000e+01   04.41994000e+01   00.00000000e+00
  08.63525000e+01   06.99156000e+01   04.20344000e+01   00.00000000e+00
  08.26666000e+01   06.86869000e+01   03.40576000e+01   03.65717000e-02
  08.27979000e+01   06.76902000e+01   03.22409000e+01  -06.37550000e-03
  08.40975000e+01   07.36242000e+01   03.00858000e+01   01.79582000e-02
  08.37983000e+01   07.34123000e+01   03.17175000e+01   01.23366000e-02
  08.54984000e+01   07.31839000e+01   03.10279000e+01   01.80857000e-02
  08.06977000e+01   06.80936000e+01   03.75998000e+01  -03.55350000e-03
  08.17113000e+01   06.91517000e+01   03.84423000e+01  -05.48890000e-03
  08.04301000e+01   06.98107000e+01   03.75041000e+01  -05.73590000e-03
  07.98838000e+01   06.21553000e+01   03.33062000e+01  -01.16015000e-02
  08.11527000e+01   06.20419000e+01   03.20402000e+01  -01.03548000e-02
  08.15224000e+01   06.17386000e+01   03.37340000e+01  -01.10806000e-02
  08.24413000e+01   06.47395000e+01   02.68573000e+01  -06.50300000e-03
  08.11209000e+01   06.46849000e+01   02.81065000e+01  -03.84930000e-03
  08.17710000e+01   06.61830000e+01   02.76654000e+01  -06.75510000e-03
  08.57435000e+01   06.74849000e+01   02.43886000e+01   06.96000000e-05
  08.51235000e+01   06.91808000e+01   02.40901000e+01  -02.56130000e-03
  08.67522000e+01   06.89094000e+01   02.40888000e+01  -08.86000000e-04
  08.48155000e+01   07.17075000e+01   03.58552000e+01   02.66600000e-04
  08.43400000e+01   07.30779000e+01   03.68533000e+01   02.07780000e-03
  08.45958000e+01   07.15826000e+01   03.75996000e+01   03.44650000e-03
  07.96692000e+01   06.23122000e+01   03.71759000e+01   02.98050000e-03
  07.96012000e+01   06.19445000e+01   03.53731000e+01  -05.01900000e-04
  08.75699000e+01   06.49797000e+01   02.99184000e+01  -05.40000000e-06
  08.61735000e+01   06.58061000e+01   03.06789000e+01  -02.73660000e-03
  08.24342000e+01   07.24582000e+01   03.55843000e+01   06.65000000e-04
  08.21171000e+01   07.17461000e+01   03.72019000e+01  -04.07950000e-03
  08.60231000e+01   06.45699000e+01   02.78569000e+01   01.58140000e-02
  08.66462000e+01   06.61336000e+01   02.82406000e+01   09.11190000e-03
  08.53615000e+01   06.96187000e+01   04.16372000e+01   00.00000000e+00
  08.65301000e+01   07.09245000e+01   04.18497000e+01   00.00000000e+00
  08.71976000e+01   06.93343000e+01   04.16528000e+01   00.00000000e+00
  08.79094000e+01   06.98019000e+01   04.49161000e+01   00.00000000e+00
  08.80807000e+01   07.08932000e+01   04.34709000e+01   00.00000000e+00
  08.70246000e+01   07.12875000e+01   04.48144000e+01   00.00000000e+00
  08.49481000e+01   06.80058000e+01   04.36664000e+01   00.00000000e+00
  08.59468000e+01   06.84855000e+01   04.50316000e+01   00.00000000e+00
  08.79602000e+01   06.77664000e+01   04.37921000e+01   00.00000000e+00
  08.69080000e+01   06.70714000e+01   04.25134000e+01   00.00000000e+00
  08.67862000e+01   06.63077000e+01   04.54285000e+01   00.00000000e+00
  08.76634000e+01   06.53776000e+01   04.40544000e+01   00.00000000e+00
  08.56829000e+01   06.40609000e+01   04.59865000e+01   00.00000000e+00
  08.48906000e+01   06.32674000e+01   04.47623000e+01   00.00000000e+00
  08.66745000e+01   06.33374000e+01   04.46910000e+01   00.00000000e+00
  08.50522000e+01   06.59614000e+01   04.23091000e+01   00.00000000e+00
  08.39433000e+01   06.48774000e+01   04.29423000e+01   00.00000000e+00
  08.54062000e+01   06.29711000e+01   04.21099000e+01   00.00000000e+00
  08.67327000e+01   06.41851000e+01   04.19875000e+01   00.00000000e+00
  08.56671000e+01   06.53055000e+01   04.01800000e+01   00.00000000e+00
  08.43926000e+01   06.40938000e+01   04.01952000e+01   00.00000000e+00
  08.34419000e+01   07.20219000e+01   03.35571000e+01   07.20400000e-04
  08.12093000e+01   06.67185000e+01   03.62400000e+01  -02.39543000e-02
  08.19566000e+01   06.35719000e+01   03.06141000e+01   04.89340000e-03
  08.64532000e+01   06.87866000e+01   02.83491000e+01  -02.28199000e-02
  08.08653000e+01   06.43204000e+01   03.67661000e+01  -01.51750000e-03
  08.69021000e+01   06.17613000e+01   04.03554000e+01   00.00000000e+00
  08.53820000e+01   06.14407000e+01   03.98377000e+01   00.00000000e+00
  08.68027000e+01   06.14360000e+01   03.86887000e+01   00.00000000e+00
  08.72694000e+01   06.38390000e+01   03.92768000e+01   00.00000000e+00
  08.66017000e+01   06.32168000e+01   03.71601000e+01   00.00000000e+00
  08.59580000e+01   06.47110000e+01   03.75161000e+01   00.00000000e+00
  08.35557000e+01   06.38865000e+01   03.79126000e+01   00.00000000e+00
  08.42184000e+01   06.22983000e+01   03.78573000e+01   00.00000000e+00
  08.43511000e+01   06.42021000e+01   03.54330000e+01   00.00000000e+00
  08.32467000e+01   06.28887000e+01   03.56180000e+01   00.00000000e+00
  08.40161000e+01   06.04874000e+01   03.55154000e+01   00.00000000e+00
  08.56594000e+01   06.01560000e+01   03.49008000e+01   00.00000000e+00
  08.55127000e+01   06.07217000e+01   03.64561000e+01   00.00000000e+00
  08.35747000e+01   06.38604000e+01   02.88822000e+01   05.57290000e-03
  08.42547000e+01   06.62146000e+01   02.75163000e+01  -01.28866000e-02
  08.69002000e+01   06.29397000e+01   03.43390000e+01   00.00000000e+00
  08.52236000e+01   07.03519000e+01   04.37422000e+01   00.00000000e+00
  08.43064000e+01   06.28535000e+01   03.26527000e+01  -01.99830000e-03
  08.55959000e+01   06.17266000e+01   03.20982000e+01  -01.85290000e-03
