  08.35328000e+01   06.45418000e+01   02.90303000e+01  -06.11779000e-02
  07.82226000e+01   06.31560000e+01   03.59200000e+01   01.75852000e-02
  08.00191000e+01   07.10478000e+01   03.64502000e+01   01.01800000e-02
  08.29582000e+01   06.99086000e+01   02.88282000e+01  -01.32723000e-02
  08.08589000e+01   06.58632000e+01   03.05543000e+01  -04.57645000e-02
  08.37990000e+01   06.40294000e+01   03.05128000e+01   02.46758000e-02
  07.75100000e+01   06.19942000e+01   03.61493000e+01  -01.71993000e-02
  08.11228000e+01   07.08922000e+01   03.75332000e+01  -09.39340000e-03
  08.32221000e+01   06.84018000e+01   02.85505000e+01   07.66074000e-02
  07.94846000e+01   06.52463000e+01   03.31504000e+01   09.44338000e-02
  08.33994000e+01   07.07856000e+01   02.81611000e+01   01.54319000e-02
  08.31602000e+01   06.28204000e+01   03.10887000e+01  -01.56515000e-02
  08.31344000e+01   06.80301000e+01   02.70781000e+01  -02.00050000e-02
  08.09955000e+01   06.87065000e+01   03.15605000e+01  -08.09918000e-02
  08.44131000e+01   06.82376000e+01   02.50093000e+01   04.03650000e-03
  08.21766000e+01   06.77147000e+01   02.95291000e+01  -01.43447000e-01
  07.97818000e+01   06.38099000e+01   03.12029000e+01   01.23287000e-02
  07.87828000e+01   06.61474000e+01   03.52732000e+01   02.21683000e-01
  08.06207000e+01   07.03075000e+01   03.33475000e+01  -05.42921000e-02
  07.97160000e+01   06.45591000e+01   02.79634000e+01   02.66866000e-02
  07.86468000e+01   06.14945000e+01   03.31516000e+01   04.35609000e-02
  07.86721000e+01   06.82888000e+01   03.76195000e+01   02.36507000e-02
  08.17742000e+01   07.24311000e+01   03.09901000e+01  -06.09964000e-02
  08.24357000e+01   06.17734000e+01   03.30334000e+01   08.71130000e-03
  08.17600000e+01   06.63409000e+01   02.95722000e+01   01.26858000e-01
  07.94356000e+01   06.39995000e+01   03.25249000e+01  -03.45042000e-02
  07.91494000e+01   06.75169000e+01   03.51392000e+01  -02.04376000e-01
  08.11227000e+01   07.00200000e+01   03.20417000e+01   07.60142000e-02
  08.24603000e+01   06.21080000e+01   03.04238000e+01   05.08730000e-03
  08.22249000e+01   06.74422000e+01   02.65978000e+01   06.92200000e-04
  08.34271000e+01   06.10479000e+01   03.39116000e+01   00.00000000e+00
  08.21168000e+01   06.51183000e+01   02.87049000e+01   07.64245000e-02
  07.88941000e+01   06.30189000e+01   03.34680000e+01  -04.66821000e-02
  07.91565000e+01   06.85446000e+01   03.62473000e+01   01.65461000e-02
  08.16323000e+01   07.08993000e+01   03.09956000e+01   05.49912000e-02
  08.32786000e+01   06.27579000e+01   03.24512000e+01   03.30200000e-04
  08.43229000e+01   06.84417000e+01   02.64335000e+01   04.02810000e-03
  08.32168000e+01   06.00608000e+01   03.47993000e+01   00.00000000e+00
  08.08359000e+01   06.42123000e+01   02.89155000e+01  -04.69336000e-02
  07.87321000e+01   06.36742000e+01   03.46572000e+01  -07.68710000e-03
  07.97181000e+01   06.97257000e+01   03.56757000e+01  -03.37389000e-02
  08.21323000e+01   06.99599000e+01   03.00741000e+01   03.64969000e-02
  08.34864000e+01   05.86335000e+01   03.43363000e+01   00.00000000e+00
  08.04785000e+01   06.46243000e+01   03.03317000e+01  -09.58259000e-02
  07.89423000e+01   06.51408000e+01   03.43408000e+01  -01.77941000e-01
  08.00597000e+01   06.94119000e+01   03.43162000e+01   06.74294000e-02
  08.17664000e+01   06.86663000e+01   03.04809000e+01   01.44326000e-01
  08.29712000e+01   06.04535000e+01   03.62490000e+01   00.00000000e+00
  08.41153000e+01   06.12226000e+01   03.69134000e+01   00.00000000e+00
  08.37784000e+01   06.13467000e+01   03.84845000e+01   00.00000000e+00
  08.47738000e+01   06.22597000e+01   03.92733000e+01   00.00000000e+00
  08.61956000e+01   06.16527000e+01   03.92004000e+01   00.00000000e+00
  08.42444000e+01   06.22844000e+01   04.07656000e+01   00.00000000e+00
  08.44151000e+01   06.37548000e+01   04.12728000e+01   00.00000000e+00
  08.38080000e+01   06.39110000e+01   04.27050000e+01   00.00000000e+00
  08.38057000e+01   06.53397000e+01   04.34136000e+01   00.00000000e+00
  08.40908000e+01   06.53123000e+01   04.49500000e+01   00.00000000e+00
  08.25712000e+01   06.61207000e+01   04.28856000e+01   00.00000000e+00
  08.26782000e+01   06.76066000e+01   04.33153000e+01   00.00000000e+00
  08.34580000e+01   06.84910000e+01   04.23205000e+01   00.00000000e+00
  08.49949000e+01   06.81942000e+01   04.20568000e+01   00.00000000e+00
  08.55593000e+01   06.90991000e+01   04.09538000e+01   00.00000000e+00
  08.58547000e+01   06.84466000e+01   04.33349000e+01   00.00000000e+00
  07.97297000e+01   06.80621000e+01   03.40138000e+01   03.65717000e-02
  08.00861000e+01   06.69999000e+01   03.23040000e+01  -06.37550000e-03
  08.19659000e+01   07.27848000e+01   02.99953000e+01   01.79582000e-02
  08.08358000e+01   07.28479000e+01   03.13207000e+01   01.23366000e-02
  08.26379000e+01   07.27172000e+01   03.16206000e+01   01.80857000e-02
  07.82151000e+01   06.91502000e+01   03.81078000e+01  -03.55350000e-03
  07.79936000e+01   06.75003000e+01   03.76273000e+01  -05.48890000e-03
  07.96356000e+01   06.79952000e+01   03.81777000e+01  -05.73590000e-03
  07.88964000e+01   06.10954000e+01   03.41020000e+01  -01.16015000e-02
  07.76285000e+01   06.12333000e+01   03.29166000e+01  -01.03548000e-02
  07.93603000e+01   06.11586000e+01   03.24332000e+01  -01.10806000e-02
  07.98085000e+01   06.55995000e+01   02.76782000e+01  -06.50300000e-03
  07.97083000e+01   06.39017000e+01   02.71054000e+01  -03.84930000e-03
  07.88164000e+01   06.44941000e+01   02.84164000e+01  -06.75510000e-03
  08.54514000e+01   06.81631000e+01   02.47988000e+01   06.96000000e-05
  08.38399000e+01   06.74136000e+01   02.45972000e+01  -02.56130000e-03
  08.41515000e+01   06.92254000e+01   02.45322000e+01  -08.86000000e-04
  08.17256000e+01   07.02466000e+01   03.69489000e+01   02.66600000e-04
  08.16012000e+01   07.18021000e+01   03.77502000e+01   02.07780000e-03
  08.07248000e+01   07.03917000e+01   03.83706000e+01   03.44650000e-03
  07.73597000e+01   06.15594000e+01   03.71886000e+01   02.98050000e-03
  07.70603000e+01   06.12895000e+01   03.54011000e+01  -05.01900000e-04
  08.48004000e+01   06.38804000e+01   03.06466000e+01  -05.40000000e-06
  08.35497000e+01   06.48476000e+01   03.11015000e+01  -02.73660000e-03
  08.02110000e+01   07.18758000e+01   03.58242000e+01   06.65000000e-04
  07.91297000e+01   07.14462000e+01   03.70003000e+01  -04.07950000e-03
  08.36897000e+01   06.37170000e+01   02.84113000e+01   01.58140000e-02
  08.42545000e+01   06.52701000e+01   02.87730000e+01   09.11190000e-03
  08.68871000e+01   06.82308000e+01   04.31054000e+01   00.00000000e+00
  08.56854000e+01   06.94233000e+01   04.37617000e+01   00.00000000e+00
  08.56404000e+01   06.77529000e+01   04.40642000e+01   00.00000000e+00
  08.67082000e+01   06.89668000e+01   04.09482000e+01   00.00000000e+00
  08.50768000e+01   06.89871000e+01   04.00125000e+01   00.00000000e+00
  08.55139000e+01   07.01370000e+01   04.12019000e+01   00.00000000e+00
  08.29843000e+01   06.85371000e+01   04.13400000e+01   00.00000000e+00
  08.33401000e+01   06.94485000e+01   04.26780000e+01   00.00000000e+00
  08.16734000e+01   06.80938000e+01   04.33210000e+01   00.00000000e+00
  08.31356000e+01   06.77223000e+01   04.43331000e+01   00.00000000e+00
  08.24811000e+01   06.61308000e+01   04.17732000e+01   00.00000000e+00
  08.16603000e+01   06.57154000e+01   04.32857000e+01   00.00000000e+00
  08.31793000e+01   06.50359000e+01   04.54714000e+01   00.00000000e+00
  08.48985000e+01   06.45811000e+01   04.51559000e+01   00.00000000e+00
  08.44417000e+01   06.62633000e+01   04.52605000e+01   00.00000000e+00
  08.27498000e+01   06.36411000e+01   04.26868000e+01   00.00000000e+00
  08.43080000e+01   06.33274000e+01   04.34300000e+01   00.00000000e+00
  08.54449000e+01   06.39906000e+01   04.12744000e+01   00.00000000e+00
  08.39671000e+01   06.44303000e+01   04.05721000e+01   00.00000000e+00
  08.32000000e+01   06.20157000e+01   04.08639000e+01   00.00000000e+00
  08.46997000e+01   06.15289000e+01   04.13614000e+01   00.00000000e+00
  08.07238000e+01   07.13042000e+01   03.37520000e+01   07.20400000e-04
  07.83786000e+01   06.58448000e+01   03.62464000e+01  -02.39543000e-02
  07.94550000e+01   06.28075000e+01   03.08909000e+01   04.89340000e-03
  08.42177000e+01   06.81754000e+01   02.89787000e+01  -02.28199000e-02
  07.85543000e+01   06.37498000e+01   03.67922000e+01  -01.51750000e-03
  08.62081000e+01   06.06232000e+01   03.94540000e+01   00.00000000e+00
  08.66578000e+01   06.17680000e+01   03.82014000e+01   00.00000000e+00
  08.67354000e+01   06.21294000e+01   03.99713000e+01   00.00000000e+00
  08.47131000e+01   06.32036000e+01   03.88170000e+01   00.00000000e+00
  08.27791000e+01   06.18028000e+01   03.85408000e+01   00.00000000e+00
  08.37805000e+01   06.03143000e+01   03.88226000e+01   00.00000000e+00
  08.50831000e+01   06.07642000e+01   03.68656000e+01   00.00000000e+00
  08.40664000e+01   06.21791000e+01   03.64626000e+01   00.00000000e+00
  08.21975000e+01   06.12067000e+01   03.62693000e+01   00.00000000e+00
  08.25924000e+01   05.95931000e+01   03.68073000e+01   00.00000000e+00
  08.38159000e+01   05.86943000e+01   03.32767000e+01   00.00000000e+00
  08.42592000e+01   05.81574000e+01   03.49211000e+01   00.00000000e+00
  08.26103000e+01   05.80058000e+01   03.42011000e+01   00.00000000e+00
  08.09672000e+01   06.31497000e+01   02.88607000e+01   05.57290000e-03
  08.22356000e+01   06.54264000e+01   02.77460000e+01  -01.28866000e-02
  08.44376000e+01   06.13535000e+01   03.39293000e+01   00.00000000e+00
  08.50676000e+01   06.72431000e+01   04.15948000e+01   00.00000000e+00
  08.17085000e+01   06.22114000e+01   03.37510000e+01  -01.99830000e-03
  08.19439000e+01   06.10730000e+01   03.23680000e+01  -01.85290000e-03
