  08.54000000e+01   06.56196000e+01   02.72530000e+01  -06.11779000e-02
  08.02119000e+01   06.37738000e+01   03.44421000e+01   01.75852000e-02
  08.17482000e+01   07.15957000e+01   03.52059000e+01   01.01800000e-02
  08.49533000e+01   07.09441000e+01   02.76100000e+01  -01.32723000e-02
  08.29940000e+01   06.68522000e+01   02.91608000e+01  -04.57645000e-02
  08.59233000e+01   06.52572000e+01   02.86107000e+01   02.46758000e-02
  07.92080000e+01   06.28588000e+01   03.45040000e+01  -01.71993000e-02
  08.31304000e+01   07.18519000e+01   03.58914000e+01  -09.39340000e-03
  08.51235000e+01   06.94108000e+01   02.72392000e+01   07.66074000e-02
  08.16267000e+01   06.58707000e+01   03.17444000e+01   09.44338000e-02
  08.54846000e+01   07.18185000e+01   02.69555000e+01   01.54319000e-02
  08.54203000e+01   06.39482000e+01   02.92727000e+01  -01.56515000e-02
  08.49393000e+01   06.92229000e+01   02.57442000e+01  -02.00050000e-02
  08.30425000e+01   06.95147000e+01   03.02490000e+01  -08.09918000e-02
  08.61958000e+01   06.95554000e+01   02.35952000e+01   04.03650000e-03
  08.41398000e+01   06.86740000e+01   02.81458000e+01  -01.43447000e-01
  08.18675000e+01   06.46558000e+01   02.96921000e+01   01.23287000e-02
  08.10459000e+01   06.67436000e+01   03.39927000e+01   02.21683000e-01
  08.27408000e+01   07.09864000e+01   03.22264000e+01  -05.42921000e-02
  08.15251000e+01   06.55592000e+01   02.65987000e+01   02.66866000e-02
  08.09668000e+01   06.23362000e+01   03.14741000e+01   04.35609000e-02
  08.05904000e+01   06.88423000e+01   03.63255000e+01   02.36507000e-02
  08.39398000e+01   07.31866000e+01   03.01724000e+01  -06.09964000e-02
  08.47745000e+01   06.28795000e+01   03.12573000e+01   08.71130000e-03
  08.37345000e+01   06.73178000e+01   02.81505000e+01   01.26858000e-01
  08.15653000e+01   06.47070000e+01   03.10404000e+01  -03.45042000e-02
  08.14743000e+01   06.80793000e+01   03.39206000e+01  -02.04376000e-01
  08.31495000e+01   07.07527000e+01   03.08493000e+01   07.60142000e-02
  08.49180000e+01   06.30232000e+01   02.86910000e+01   05.08730000e-03
  08.39505000e+01   06.89355000e+01   02.50790000e+01   06.92200000e-04
  08.53992000e+01   06.27295000e+01   03.26116000e+01   00.00000000e+00
  08.40480000e+01   06.62546000e+01   02.71333000e+01   07.64245000e-02
  08.09998000e+01   06.37111000e+01   03.19082000e+01  -04.66821000e-02
  08.12058000e+01   06.90553000e+01   03.49834000e+01   01.65461000e-02
  08.37097000e+01   07.17304000e+01   02.98694000e+01   05.49912000e-02
  08.55429000e+01   06.39715000e+01   03.06245000e+01   03.30200000e-04
  08.61618000e+01   06.94517000e+01   02.50990000e+01   04.02810000e-03
  08.48889000e+01   06.20742000e+01   03.36758000e+01   00.00000000e+00
  08.28722000e+01   06.53014000e+01   02.74719000e+01  -04.69336000e-02
  08.08028000e+01   06.42631000e+01   03.32020000e+01  -07.68710000e-03
  08.17168000e+01   07.02675000e+01   03.44931000e+01  -03.37389000e-02
  08.42104000e+01   07.09461000e+01   02.88517000e+01   03.64969000e-02
  08.50380000e+01   06.05894000e+01   03.38203000e+01   00.00000000e+00
  08.25471000e+01   06.56214000e+01   02.88765000e+01  -09.58259000e-02
  08.11786000e+01   06.56718000e+01   03.30413000e+01  -01.77941000e-01
  08.21723000e+01   07.00129000e+01   03.31377000e+01   06.74294000e-02
  08.37261000e+01   06.96352000e+01   02.91039000e+01   01.44326000e-01
  08.39879000e+01   06.28314000e+01   03.47043000e+01   00.00000000e+00
  08.43270000e+01   06.26486000e+01   03.61712000e+01   00.00000000e+00
  08.56068000e+01   06.33922000e+01   03.64996000e+01   00.00000000e+00
  08.61836000e+01   06.34754000e+01   03.79259000e+01   00.00000000e+00
  08.67406000e+01   06.21079000e+01   03.83030000e+01   00.00000000e+00
  08.52228000e+01   06.40328000e+01   03.89861000e+01   00.00000000e+00
  08.58542000e+01   06.40179000e+01   04.04463000e+01   00.00000000e+00
  08.48483000e+01   06.47099000e+01   04.13112000e+01   00.00000000e+00
  08.51209000e+01   06.47826000e+01   04.28856000e+01   00.00000000e+00
  08.48397000e+01   06.34654000e+01   04.36609000e+01   00.00000000e+00
  08.64118000e+01   06.55005000e+01   04.33011000e+01   00.00000000e+00
  08.65770000e+01   06.69283000e+01   04.29053000e+01   00.00000000e+00
  08.57473000e+01   06.79413000e+01   04.36919000e+01   00.00000000e+00
  08.56116000e+01   06.94206000e+01   04.31652000e+01   00.00000000e+00
  08.69918000e+01   07.01025000e+01   04.28178000e+01   00.00000000e+00
  08.44838000e+01   06.96186000e+01   04.20782000e+01   00.00000000e+00
  08.20223000e+01   06.87060000e+01   03.28161000e+01   03.65717000e-02
  08.22962000e+01   06.78041000e+01   03.09426000e+01  -06.37550000e-03
  08.36650000e+01   07.38207000e+01   02.93557000e+01   01.79582000e-02
  08.33011000e+01   07.35193000e+01   03.10015000e+01   01.23366000e-02
  08.48942000e+01   07.33910000e+01   03.05372000e+01   01.80857000e-02
  08.01006000e+01   06.78878000e+01   03.64784000e+01  -03.55350000e-03
  08.13268000e+01   06.89337000e+01   03.70909000e+01  -05.48890000e-03
  07.98334000e+01   06.95676000e+01   03.64408000e+01  -05.73590000e-03
  08.00424000e+01   06.19511000e+01   03.11000000e+01  -01.16015000e-02
  08.17349000e+01   06.22125000e+01   03.06752000e+01  -01.03548000e-02
  08.13399000e+01   06.17033000e+01   03.23219000e+01  -01.10806000e-02
  08.07265000e+01   06.48836000e+01   02.69313000e+01  -06.50300000e-03
  08.12502000e+01   06.65994000e+01   02.67423000e+01  -03.84930000e-03
  08.18057000e+01   06.54271000e+01   02.56375000e+01  -06.75510000e-03
  08.72418000e+01   06.95446000e+01   02.33610000e+01   06.96000000e-05
  08.56340000e+01   06.87083000e+01   02.31486000e+01  -02.56130000e-03
  08.57525000e+01   07.05764000e+01   02.33891000e+01  -08.86000000e-04
  08.40470000e+01   07.18010000e+01   03.52209000e+01   02.66600000e-04
  08.31240000e+01   07.27608000e+01   03.63693000e+01   02.07780000e-03
  08.31111000e+01   07.11287000e+01   03.66796000e+01   03.44650000e-03
  07.89399000e+01   06.23923000e+01   03.54671000e+01   02.98050000e-03
  07.87551000e+01   06.23617000e+01   03.36351000e+01  -05.01900000e-04
  08.70122000e+01   06.51871000e+01   02.85458000e+01  -05.40000000e-06
  08.56656000e+01   06.61001000e+01   02.92559000e+01  -02.73660000e-03
  08.15823000e+01   07.23281000e+01   03.44674000e+01   06.65000000e-04
  08.09465000e+01   07.16465000e+01   03.58967000e+01  -04.07950000e-03
  08.55452000e+01   06.47780000e+01   02.66266000e+01   01.58140000e-02
  08.60496000e+01   06.64523000e+01   02.69714000e+01   09.11190000e-03
  08.46738000e+01   06.89066000e+01   04.12306000e+01   00.00000000e+00
  08.34660000e+01   06.93360000e+01   04.24262000e+01   00.00000000e+00
  08.44993000e+01   07.07010000e+01   04.18720000e+01   00.00000000e+00
  08.74131000e+01   06.96927000e+01   04.19197000e+01   00.00000000e+00
  08.68384000e+01   07.11001000e+01   04.25981000e+01   00.00000000e+00
  08.75549000e+01   06.99757000e+01   04.37555000e+01   00.00000000e+00
  08.47125000e+01   06.75527000e+01   04.38868000e+01   00.00000000e+00
  08.62354000e+01   06.79084000e+01   04.46516000e+01   00.00000000e+00
  08.76245000e+01   06.72722000e+01   04.30258000e+01   00.00000000e+00
  08.62864000e+01   06.71521000e+01   04.19006000e+01   00.00000000e+00
  08.65192000e+01   06.55850000e+01   04.44295000e+01   00.00000000e+00
  08.72219000e+01   06.49381000e+01   04.29151000e+01   00.00000000e+00
  08.47186000e+01   06.36196000e+01   04.47549000e+01   00.00000000e+00
  08.38611000e+01   06.31767000e+01   04.33893000e+01   00.00000000e+00
  08.55713000e+01   06.26036000e+01   04.34497000e+01   00.00000000e+00
  08.46079000e+01   06.57477000e+01   04.10107000e+01   00.00000000e+00
  08.38681000e+01   06.41989000e+01   04.12485000e+01   00.00000000e+00
  08.61174000e+01   06.30176000e+01   04.07579000e+01   00.00000000e+00
  08.67572000e+01   06.46972000e+01   04.03891000e+01   00.00000000e+00
  08.49045000e+01   06.50526000e+01   03.87568000e+01   00.00000000e+00
  08.43161000e+01   06.33756000e+01   03.89833000e+01   00.00000000e+00
  08.27800000e+01   07.19761000e+01   03.26561000e+01   07.20400000e-04
  08.05705000e+01   06.65017000e+01   03.49570000e+01  -02.39543000e-02
  08.15568000e+01   06.37783000e+01   02.92289000e+01   04.89340000e-03
  08.61331000e+01   06.92104000e+01   02.76307000e+01  -02.28199000e-02
  08.05518000e+01   06.41290000e+01   03.54387000e+01  -01.51750000e-03
  08.59769000e+01   06.14214000e+01   03.86792000e+01   00.00000000e+00
  08.72071000e+01   06.17219000e+01   03.73837000e+01   00.00000000e+00
  08.74660000e+01   06.21982000e+01   03.91545000e+01   00.00000000e+00
  08.70307000e+01   06.42124000e+01   03.78521000e+01   00.00000000e+00
  08.64513000e+01   06.30704000e+01   03.59467000e+01   00.00000000e+00
  08.54810000e+01   06.43874000e+01   03.61771000e+01   00.00000000e+00
  08.35596000e+01   06.29977000e+01   03.67725000e+01   00.00000000e+00
  08.44279000e+01   06.16228000e+01   03.62653000e+01   00.00000000e+00
  08.38294000e+01   06.39005000e+01   03.44910000e+01   00.00000000e+00
  08.30707000e+01   06.23382000e+01   03.46763000e+01   00.00000000e+00
  08.52409000e+01   06.02007000e+01   03.48066000e+01   00.00000000e+00
  08.41206000e+01   06.01000000e+01   03.34846000e+01   00.00000000e+00
  08.58548000e+01   06.02178000e+01   03.32577000e+01   00.00000000e+00
  08.31693000e+01   06.42364000e+01   02.73921000e+01   05.57290000e-03
  08.39149000e+01   06.66077000e+01   02.61189000e+01  -01.28866000e-02
  08.63576000e+01   06.32208000e+01   03.27675000e+01   00.00000000e+00
  08.53362000e+01   06.98929000e+01   04.40736000e+01   00.00000000e+00
  08.36626000e+01   06.31293000e+01   03.13961000e+01  -01.99830000e-03
  08.49085000e+01   06.18930000e+01   03.07823000e+01  -01.85290000e-03
