  08.41721000e+01   06.41335000e+01   02.89615000e+01  -06.11779000e-02
  07.88641000e+01   06.26905000e+01   03.62520000e+01   01.75852000e-02
  08.06568000e+01   07.04249000e+01   03.67994000e+01   01.01800000e-02
  08.37441000e+01   06.93557000e+01   02.91540000e+01  -01.32723000e-02
  08.15696000e+01   06.54338000e+01   03.07747000e+01  -04.57645000e-02
  08.46871000e+01   06.41187000e+01   03.04099000e+01   02.46758000e-02
  07.91346000e+01   06.14404000e+01   03.66204000e+01  -01.71993000e-02
  08.19865000e+01   07.06181000e+01   03.74926000e+01  -09.39340000e-03
  08.38450000e+01   06.78160000e+01   02.87924000e+01   07.66074000e-02
  08.00597000e+01   06.48303000e+01   03.34177000e+01   09.44338000e-02
  08.40816000e+01   07.03186000e+01   02.84398000e+01   01.54319000e-02
  08.41414000e+01   06.29351000e+01   03.12156000e+01  -01.56515000e-02
  08.36124000e+01   06.75732000e+01   02.73056000e+01  -02.00050000e-02
  08.19311000e+01   06.81754000e+01   03.18642000e+01  -08.09918000e-02
  08.49189000e+01   06.75010000e+01   02.51696000e+01   04.03650000e-03
  08.28841000e+01   06.72189000e+01   02.97521000e+01  -01.43447000e-01
  08.05036000e+01   06.32920000e+01   03.14833000e+01   01.23287000e-02
  07.95797000e+01   06.56465000e+01   03.56749000e+01   02.21683000e-01
  08.16275000e+01   06.97300000e+01   03.38490000e+01  -05.42921000e-02
  08.03118000e+01   06.37137000e+01   02.82128000e+01   02.66866000e-02
  07.92994000e+01   06.11464000e+01   03.34233000e+01   04.35609000e-02
  07.92116000e+01   06.78101000e+01   03.78931000e+01   02.36507000e-02
  08.31159000e+01   07.17099000e+01   03.17678000e+01  -06.09964000e-02
  08.31798000e+01   06.24932000e+01   03.34004000e+01   08.71130000e-03
  08.23969000e+01   06.58991000e+01   02.97483000e+01   01.26858000e-01
  08.00768000e+01   06.35555000e+01   03.28204000e+01  -03.45042000e-02
  07.99420000e+01   06.70143000e+01   03.55127000e+01  -02.04376000e-01
  08.21890000e+01   06.93890000e+01   03.25603000e+01   07.60142000e-02
  08.35957000e+01   06.19182000e+01   03.07286000e+01   05.08730000e-03
  08.25604000e+01   06.74033000e+01   02.66934000e+01   06.92200000e-04
  08.38085000e+01   06.16102000e+01   03.43328000e+01   00.00000000e+00
  08.27160000e+01   06.47094000e+01   02.87984000e+01   07.64245000e-02
  07.95601000e+01   06.25891000e+01   03.37303000e+01  -04.66821000e-02
  07.97718000e+01   06.80008000e+01   03.64959000e+01   01.65461000e-02
  08.29342000e+01   07.02294000e+01   03.16300000e+01   05.49912000e-02
  08.42032000e+01   06.31535000e+01   03.25711000e+01   03.30200000e-04
  08.48841000e+01   06.76555000e+01   02.66988000e+01   04.02810000e-03
  08.31745000e+01   06.06564000e+01   03.49870000e+01   00.00000000e+00
  08.15676000e+01   06.36533000e+01   02.91238000e+01  -04.69336000e-02
  07.93187000e+01   06.32294000e+01   03.49609000e+01  -07.68710000e-03
  08.05000000e+01   06.91079000e+01   03.60659000e+01  -03.37389000e-02
  08.31930000e+01   06.94193000e+01   03.04829000e+01   03.64969000e-02
  08.31117000e+01   05.93371000e+01   03.43416000e+01   00.00000000e+00
  08.11590000e+01   06.41425000e+01   03.05170000e+01  -09.58259000e-02
  07.96652000e+01   06.46317000e+01   03.47305000e+01  -01.77941000e-01
  08.09077000e+01   06.88447000e+01   03.46844000e+01   06.74294000e-02
  08.26955000e+01   06.81729000e+01   03.07560000e+01   01.44326000e-01
  08.26852000e+01   06.07534000e+01   03.64326000e+01   00.00000000e+00
  08.37982000e+01   06.10067000e+01   03.74255000e+01   00.00000000e+00
  08.31521000e+01   06.15604000e+01   03.87758000e+01   00.00000000e+00
  08.41897000e+01   06.21148000e+01   03.97992000e+01   00.00000000e+00
  08.50758000e+01   06.09940000e+01   04.04107000e+01   00.00000000e+00
  08.35267000e+01   06.28605000e+01   04.09747000e+01   00.00000000e+00
  08.42954000e+01   06.39915000e+01   04.17417000e+01   00.00000000e+00
  08.37762000e+01   06.43438000e+01   04.31169000e+01   00.00000000e+00
  08.47805000e+01   06.52382000e+01   04.38697000e+01   00.00000000e+00
  08.53239000e+01   06.45646000e+01   04.52004000e+01   00.00000000e+00
  08.42529000e+01   06.66173000e+01   04.40319000e+01   00.00000000e+00
  08.52363000e+01   06.77907000e+01   04.42337000e+01   00.00000000e+00
  08.60424000e+01   06.82633000e+01   04.30180000e+01   00.00000000e+00
  08.71066000e+01   06.73771000e+01   04.24106000e+01   00.00000000e+00
  08.74532000e+01   06.79473000e+01   04.10333000e+01   00.00000000e+00
  08.82986000e+01   06.71145000e+01   04.32952000e+01   00.00000000e+00
  08.04796000e+01   06.76306000e+01   03.43520000e+01   03.65717000e-02
  08.08324000e+01   06.65642000e+01   03.24666000e+01  -06.37550000e-03
  08.35594000e+01   07.20765000e+01   03.08447000e+01   01.79582000e-02
  08.22078000e+01   07.22378000e+01   03.18708000e+01   01.23366000e-02
  08.38587000e+01   07.19198000e+01   03.25203000e+01   01.80857000e-02
  07.84895000e+01   06.69668000e+01   03.80477000e+01  -03.55350000e-03
  07.99956000e+01   06.77731000e+01   03.86121000e+01  -05.48890000e-03
  07.86130000e+01   06.87180000e+01   03.80074000e+01  -05.73590000e-03
  07.90577000e+01   06.10939000e+01   03.23532000e+01  -01.16015000e-02
  08.01491000e+01   06.05880000e+01   03.36903000e+01  -01.03548000e-02
  07.83749000e+01   06.09476000e+01   03.40059000e+01  -01.10806000e-02
  08.03458000e+01   06.29798000e+01   02.73723000e+01  -06.50300000e-03
  07.95345000e+01   06.33432000e+01   02.88842000e+01  -03.84930000e-03
  08.00493000e+01   06.47589000e+01   02.79044000e+01  -06.75510000e-03
  08.44384000e+01   06.83783000e+01   02.47730000e+01   06.96000000e-05
  08.59462000e+01   06.76020000e+01   02.47319000e+01  -02.56130000e-03
  08.44818000e+01   06.65444000e+01   02.48248000e+01  -08.86000000e-04
  08.28097000e+01   07.06185000e+01   03.67412000e+01   02.66600000e-04
  08.20021000e+01   07.15729000e+01   03.80284000e+01   02.07780000e-03
  08.21181000e+01   06.98401000e+01   03.82572000e+01   03.44650000e-03
  07.88963000e+01   06.10518000e+01   03.76227000e+01   02.98050000e-03
  07.95718000e+01   06.06805000e+01   03.59400000e+01  -05.01900000e-04
  08.57137000e+01   06.37985000e+01   03.03885000e+01  -05.40000000e-06
  08.46156000e+01   06.50795000e+01   03.08125000e+01  -02.73660000e-03
  08.04731000e+01   07.13335000e+01   03.61906000e+01   06.65000000e-04
  07.98179000e+01   07.04866000e+01   03.75500000e+01  -04.07950000e-03
  08.42504000e+01   06.31353000e+01   02.85938000e+01   01.58140000e-02
  08.47583000e+01   06.49182000e+01   02.84235000e+01   09.11190000e-03
  08.89229000e+01   06.80411000e+01   04.34520000e+01   00.00000000e+00
  08.78218000e+01   06.67415000e+01   04.42031000e+01   00.00000000e+00
  08.89147000e+01   06.63527000e+01   04.28377000e+01   00.00000000e+00
  08.79394000e+01   06.89205000e+01   04.12366000e+01   00.00000000e+00
  08.82415000e+01   06.73664000e+01   04.06235000e+01   00.00000000e+00
  08.66809000e+01   06.81006000e+01   04.03092000e+01   00.00000000e+00
  08.52596000e+01   06.84480000e+01   04.22326000e+01   00.00000000e+00
  08.64997000e+01   06.92027000e+01   04.31786000e+01   00.00000000e+00
  08.46661000e+01   06.86857000e+01   04.45286000e+01   00.00000000e+00
  08.59687000e+01   06.75431000e+01   04.50436000e+01   00.00000000e+00
  08.35257000e+01   06.68378000e+01   04.32552000e+01   00.00000000e+00
  08.36946000e+01   06.65951000e+01   04.50136000e+01   00.00000000e+00
  08.61898000e+01   06.52101000e+01   04.55552000e+01   00.00000000e+00
  08.45320000e+01   06.44938000e+01   04.59865000e+01   00.00000000e+00
  08.57226000e+01   06.35896000e+01   04.49994000e+01   00.00000000e+00
  08.28215000e+01   06.47762000e+01   04.30485000e+01   00.00000000e+00
  08.36126000e+01   06.34183000e+01   04.35455000e+01   00.00000000e+00
  08.53772000e+01   06.36961000e+01   04.18629000e+01   00.00000000e+00
  08.42821000e+01   06.48936000e+01   04.10724000e+01   00.00000000e+00
  08.26060000e+01   06.31251000e+01   04.06151000e+01   00.00000000e+00
  08.32960000e+01   06.22035000e+01   04.18064000e+01   00.00000000e+00
  08.18151000e+01   07.07767000e+01   03.41554000e+01   07.20400000e-04
  07.91908000e+01   06.52788000e+01   03.66343000e+01  -02.39543000e-02
  08.03216000e+01   06.22620000e+01   03.11653000e+01   04.89340000e-03
  08.49144000e+01   06.74557000e+01   02.90090000e+01  -02.28199000e-02
  07.85629000e+01   06.34539000e+01   03.69693000e+01  -01.51750000e-03
  08.56623000e+01   06.13468000e+01   04.12902000e+01   00.00000000e+00
  08.44305000e+01   06.02728000e+01   04.08821000e+01   00.00000000e+00
  08.57796000e+01   06.05610000e+01   03.96693000e+01   00.00000000e+00
  08.47469000e+01   06.29550000e+01   03.93121000e+01   00.00000000e+00
  08.25568000e+01   06.23808000e+01   03.86065000e+01   00.00000000e+00
  08.25863000e+01   06.07517000e+01   03.93120000e+01   00.00000000e+00
  08.42861000e+01   06.00449000e+01   03.76203000e+01   00.00000000e+00
  08.45572000e+01   06.16858000e+01   03.70421000e+01   00.00000000e+00
  08.19343000e+01   06.16335000e+01   03.65348000e+01   00.00000000e+00
  08.21319000e+01   05.98613000e+01   03.68989000e+01   00.00000000e+00
  08.20765000e+01   05.91426000e+01   03.40429000e+01   00.00000000e+00
  08.37141000e+01   05.94263000e+01   03.34298000e+01   00.00000000e+00
  08.35603000e+01   05.85506000e+01   03.49794000e+01   00.00000000e+00
  08.18253000e+01   06.26119000e+01   02.91489000e+01   05.57290000e-03
  08.27853000e+01   06.49927000e+01   02.77452000e+01  -01.28866000e-02
  08.48901000e+01   06.16283000e+01   03.45330000e+01   00.00000000e+00
  08.65999000e+01   06.63836000e+01   04.22732000e+01   00.00000000e+00
  08.25043000e+01   06.33041000e+01   03.38298000e+01  -01.99830000e-03
  08.25214000e+01   06.18236000e+01   03.28931000e+01  -01.85290000e-03
