  08.56949000e+01   06.45505000e+01   02.83406000e+01  -06.11779000e-02
  08.04647000e+01   06.36595000e+01   03.55476000e+01   01.75852000e-02
  08.23605000e+01   07.14520000e+01   03.56969000e+01   01.01800000e-02
  08.52970000e+01   06.98393000e+01   02.80633000e+01  -01.32723000e-02
  08.30922000e+01   06.60634000e+01   03.00527000e+01  -04.57645000e-02
  08.61425000e+01   06.43000000e+01   02.97715000e+01   02.46758000e-02
  08.04720000e+01   06.24652000e+01   03.61394000e+01  -01.71993000e-02
  08.36665000e+01   07.15009000e+01   03.64354000e+01  -09.39340000e-03
  08.53033000e+01   06.82972000e+01   02.77999000e+01   07.66074000e-02
  08.18027000e+01   06.55500000e+01   03.27665000e+01   09.44338000e-02
  08.59490000e+01   07.05838000e+01   02.73716000e+01   01.54319000e-02
  08.55607000e+01   06.30408000e+01   03.04437000e+01  -01.56515000e-02
  08.50059000e+01   06.80448000e+01   02.63352000e+01  -02.00050000e-02
  08.33424000e+01   06.89561000e+01   03.08847000e+01  -08.09918000e-02
  08.59092000e+01   06.78702000e+01   02.41573000e+01   04.03650000e-03
  08.43310000e+01   06.77024000e+01   02.88434000e+01  -01.43447000e-01
  08.19917000e+01   06.39261000e+01   03.07369000e+01   01.23287000e-02
  08.15921000e+01   06.65299000e+01   03.50178000e+01   02.21683000e-01
  08.30302000e+01   07.06588000e+01   03.26526000e+01  -05.42921000e-02
  08.18503000e+01   06.43151000e+01   02.75334000e+01   02.66866000e-02
  08.06523000e+01   06.20267000e+01   03.27910000e+01   04.35609000e-02
  08.13270000e+01   06.87981000e+01   03.71848000e+01   02.36507000e-02
  08.43319000e+01   07.25522000e+01   03.01084000e+01  -06.09964000e-02
  08.50046000e+01   06.18567000e+01   03.24882000e+01   08.71130000e-03
  08.39021000e+01   06.64631000e+01   02.90108000e+01   01.26858000e-01
  08.16232000e+01   06.43191000e+01   03.20937000e+01  -03.45042000e-02
  08.19342000e+01   06.78825000e+01   03.47831000e+01  -02.04376000e-01
  08.34390000e+01   07.02952000e+01   03.12937000e+01   07.60142000e-02
  08.51789000e+01   06.21360000e+01   02.97692000e+01   05.08730000e-03
  08.38362000e+01   06.78988000e+01   02.59729000e+01   06.92200000e-04
  08.55100000e+01   06.18748000e+01   03.39066000e+01   00.00000000e+00
  08.42912000e+01   06.52827000e+01   02.81265000e+01   07.64245000e-02
  08.10045000e+01   06.34340000e+01   03.30591000e+01  -04.66821000e-02
  08.18009000e+01   06.88927000e+01   03.57471000e+01   01.65461000e-02
  08.40226000e+01   07.11284000e+01   03.01940000e+01   05.49912000e-02
  08.55456000e+01   06.29743000e+01   03.17658000e+01   03.30200000e-04
  08.60882000e+01   06.80774000e+01   02.55984000e+01   04.02810000e-03
  08.49492000e+01   06.12447000e+01   03.49812000e+01   00.00000000e+00
  08.31196000e+01   06.43068000e+01   02.84427000e+01  -04.69336000e-02
  08.08592000e+01   06.41262000e+01   03.42413000e+01  -07.68710000e-03
  08.21956000e+01   07.00991000e+01   03.50888000e+01  -03.37389000e-02
  08.45124000e+01   07.00857000e+01   02.93088000e+01   03.64969000e-02
  08.51686000e+01   05.97678000e+01   03.51812000e+01   00.00000000e+00
  08.26971000e+01   06.47536000e+01   02.98413000e+01  -09.58259000e-02
  08.14530000e+01   06.54802000e+01   03.40384000e+01  -01.77941000e-01
  08.25847000e+01   06.97733000e+01   03.37110000e+01   06.74294000e-02
  08.39984000e+01   06.88263000e+01   02.97106000e+01   01.44326000e-01
  08.39602000e+01   06.19297000e+01   03.58705000e+01   00.00000000e+00
  08.43569000e+01   06.19779000e+01   03.73620000e+01   00.00000000e+00
  08.58139000e+01   06.23805000e+01   03.75471000e+01   00.00000000e+00
  08.63554000e+01   06.24185000e+01   03.89913000e+01   00.00000000e+00
  08.65566000e+01   06.09825000e+01   03.96313000e+01   00.00000000e+00
  08.55511000e+01   06.34779000e+01   03.98966000e+01   00.00000000e+00
  08.59739000e+01   06.36283000e+01   04.13528000e+01   00.00000000e+00
  08.50629000e+01   06.45931000e+01   04.21122000e+01   00.00000000e+00
  08.54344000e+01   06.49490000e+01   04.36151000e+01   00.00000000e+00
  08.53729000e+01   06.38233000e+01   04.46035000e+01   00.00000000e+00
  08.67854000e+01   06.57454000e+01   04.38981000e+01   00.00000000e+00
  08.69420000e+01   06.70499000e+01   04.30891000e+01   00.00000000e+00
  08.57924000e+01   06.80463000e+01   04.33351000e+01   00.00000000e+00
  08.59979000e+01   06.94210000e+01   04.26514000e+01   00.00000000e+00
  08.71668000e+01   07.03122000e+01   04.31896000e+01   00.00000000e+00
  08.59016000e+01   06.93638000e+01   04.11107000e+01   00.00000000e+00
  08.22809000e+01   06.83746000e+01   03.35264000e+01   03.65717000e-02
  08.25009000e+01   06.72997000e+01   03.17990000e+01  -06.37550000e-03
  08.38477000e+01   07.29816000e+01   02.92246000e+01   01.79582000e-02
  08.38635000e+01   07.30170000e+01   03.10441000e+01   01.23366000e-02
  08.53880000e+01   07.27720000e+01   03.02362000e+01   01.80857000e-02
  08.05037000e+01   06.80149000e+01   03.71677000e+01  -03.55350000e-03
  08.21099000e+01   06.85811000e+01   03.78580000e+01  -05.48890000e-03
  08.09645000e+01   06.96931000e+01   03.75819000e+01  -05.73590000e-03
  08.15561000e+01   06.14371000e+01   03.29483000e+01  -01.16015000e-02
  07.99156000e+01   06.17210000e+01   03.35304000e+01  -01.03548000e-02
  08.03309000e+01   06.18022000e+01   03.17789000e+01  -01.10806000e-02
  08.21133000e+01   06.39844000e+01   02.65253000e+01  -06.50300000e-03
  08.10958000e+01   06.36557000e+01   02.80732000e+01  -03.84930000e-03
  08.14440000e+01   06.53406000e+01   02.74877000e+01  -06.75510000e-03
  08.68305000e+01   06.75463000e+01   02.37910000e+01   06.96000000e-05
  08.49827000e+01   06.73263000e+01   02.38739000e+01  -02.56130000e-03
  08.58288000e+01   06.89082000e+01   02.38668000e+01  -08.86000000e-04
  08.39338000e+01   07.24123000e+01   03.69017000e+01   02.66600000e-04
  08.36758000e+01   07.07026000e+01   03.71303000e+01   02.07780000e-03
  08.44434000e+01   07.13366000e+01   03.56336000e+01   03.44650000e-03
  08.01606000e+01   06.22879000e+01   03.72154000e+01   02.98050000e-03
  08.09163000e+01   06.15949000e+01   03.56455000e+01  -05.01900000e-04
  08.72398000e+01   06.40789000e+01   02.97810000e+01  -05.40000000e-06
  08.59525000e+01   06.52194000e+01   03.03531000e+01  -02.73660000e-03
  08.21211000e+01   07.22161000e+01   03.49781000e+01   06.65000000e-04
  08.16973000e+01   07.15373000e+01   03.64973000e+01  -04.07950000e-03
  08.58544000e+01   06.36270000e+01   02.78393000e+01   01.58140000e-02
  08.63394000e+01   06.53361000e+01   02.78768000e+01   09.11190000e-03
  08.50284000e+01   06.87026000e+01   04.08728000e+01   00.00000000e+00
  08.56864000e+01   07.03688000e+01   04.07575000e+01   00.00000000e+00
  08.66822000e+01   06.88344000e+01   04.07130000e+01   00.00000000e+00
  08.72950000e+01   07.05251000e+01   04.42725000e+01   00.00000000e+00
  08.80616000e+01   06.97053000e+01   04.28295000e+01   00.00000000e+00
  08.70548000e+01   07.12627000e+01   04.26424000e+01   00.00000000e+00
  08.48492000e+01   06.75409000e+01   04.29690000e+01   00.00000000e+00
  08.58494000e+01   06.83587000e+01   04.43366000e+01   00.00000000e+00
  08.79252000e+01   06.74664000e+01   04.33300000e+01   00.00000000e+00
  08.69117000e+01   06.67598000e+01   04.20283000e+01   00.00000000e+00
  08.67125000e+01   06.58909000e+01   04.49898000e+01   00.00000000e+00
  08.76220000e+01   06.50965000e+01   04.36538000e+01   00.00000000e+00
  08.62113000e+01   06.31655000e+01   04.46692000e+01   00.00000000e+00
  08.53716000e+01   06.42433000e+01   04.55939000e+01   00.00000000e+00
  08.44211000e+01   06.32537000e+01   04.44680000e+01   00.00000000e+00
  08.50665000e+01   06.55571000e+01   04.15855000e+01   00.00000000e+00
  08.40808000e+01   06.41939000e+01   04.19659000e+01   00.00000000e+00
  08.58859000e+01   06.26059000e+01   04.17328000e+01   00.00000000e+00
  08.69656000e+01   06.38820000e+01   04.16089000e+01   00.00000000e+00
  08.57515000e+01   06.44635000e+01   03.94396000e+01   00.00000000e+00
  08.44636000e+01   06.32550000e+01   03.98618000e+01   00.00000000e+00
  08.30034000e+01   07.17075000e+01   03.28090000e+01   07.20400000e-04
  08.13528000e+01   06.62365000e+01   03.60617000e+01  -02.39543000e-02
  08.18825000e+01   06.29046000e+01   03.03811000e+01   04.89340000e-03
  08.63382000e+01   06.80847000e+01   02.81233000e+01  -02.28199000e-02
  08.00325000e+01   06.45140000e+01   03.61087000e+01  -01.51750000e-03
  08.70303000e+01   06.09427000e+01   04.06406000e+01   00.00000000e+00
  08.56459000e+01   06.04665000e+01   03.98305000e+01   00.00000000e+00
  08.71598000e+01   06.05250000e+01   03.88628000e+01   00.00000000e+00
  08.73603000e+01   06.28480000e+01   03.88415000e+01   00.00000000e+00
  08.64121000e+01   06.17537000e+01   03.69680000e+01   00.00000000e+00
  08.59771000e+01   06.33712000e+01   03.71730000e+01   00.00000000e+00
  08.37935000e+01   06.27363000e+01   03.78424000e+01   00.00000000e+00
  08.41894000e+01   06.10661000e+01   03.78093000e+01   00.00000000e+00
  08.38175000e+01   06.29193000e+01   03.54253000e+01   00.00000000e+00
  08.29726000e+01   06.15326000e+01   03.58111000e+01   00.00000000e+00
  08.57315000e+01   05.93206000e+01   03.43435000e+01   00.00000000e+00
  08.57496000e+01   05.95062000e+01   03.60719000e+01   00.00000000e+00
  08.42268000e+01   05.91935000e+01   03.51018000e+01   00.00000000e+00
  08.34608000e+01   06.32499000e+01   02.85721000e+01   05.57290000e-03
  08.43192000e+01   06.56136000e+01   02.71034000e+01  -01.28866000e-02
  08.63947000e+01   06.25124000e+01   03.40059000e+01   00.00000000e+00
  08.51685000e+01   07.00133000e+01   04.28915000e+01   00.00000000e+00
  08.39517000e+01   06.18919000e+01   03.24742000e+01  -01.99830000e-03
  08.53512000e+01   06.08650000e+01   03.21207000e+01  -01.85290000e-03
