  08.54565000e+01   06.56871000e+01   02.77912000e+01  -06.11779000e-02
  07.99212000e+01   06.40505000e+01   03.50444000e+01   01.75852000e-02
  08.22420000e+01   07.17204000e+01   03.60653000e+01   01.01800000e-02
  08.51492000e+01   07.09581000e+01   02.84121000e+01  -01.32723000e-02
  08.30122000e+01   06.68710000e+01   02.98918000e+01  -04.57645000e-02
  08.61779000e+01   06.54297000e+01   02.91140000e+01   02.46758000e-02
  07.96944000e+01   06.27910000e+01   03.54487000e+01  -01.71993000e-02
  08.34809000e+01   07.17627000e+01   03.68806000e+01  -09.39340000e-03
  08.51608000e+01   06.94559000e+01   02.79009000e+01   07.66074000e-02
  08.16508000e+01   06.60817000e+01   03.24132000e+01   09.44338000e-02
  08.56783000e+01   07.18519000e+01   02.78025000e+01   01.54319000e-02
  08.56051000e+01   06.43003000e+01   03.00032000e+01  -01.56515000e-02
  08.48634000e+01   06.94499000e+01   02.64091000e+01  -02.00050000e-02
  08.33229000e+01   06.96320000e+01   03.10867000e+01  -08.09918000e-02
  08.59610000e+01   06.89585000e+01   02.42143000e+01   04.03650000e-03
  08.42182000e+01   06.87220000e+01   02.89161000e+01  -01.43447000e-01
  08.18131000e+01   06.47997000e+01   03.03747000e+01   01.23287000e-02
  08.09638000e+01   06.69396000e+01   03.46359000e+01   02.21683000e-01
  08.29968000e+01   07.10629000e+01   03.30359000e+01  -05.42921000e-02
  08.16537000e+01   06.54174000e+01   02.72756000e+01   02.66866000e-02
  08.02370000e+01   06.26394000e+01   03.21241000e+01   04.35609000e-02
  08.08301000e+01   06.90817000e+01   03.70939000e+01   02.36507000e-02
  08.43401000e+01   07.31287000e+01   03.09931000e+01  -06.09964000e-02
  08.45878000e+01   06.38984000e+01   03.22194000e+01   08.71130000e-03
  08.37863000e+01   06.73888000e+01   02.89148000e+01   01.26858000e-01
  08.14276000e+01   06.49417000e+01   03.17165000e+01  -03.45042000e-02
  08.14713000e+01   06.82605000e+01   03.46265000e+01  -02.04376000e-01
  08.34309000e+01   07.08368000e+01   03.16937000e+01   07.60142000e-02
  08.53190000e+01   06.31575000e+01   02.96001000e+01   05.08730000e-03
  08.37587000e+01   06.94184000e+01   02.59092000e+01   06.92200000e-04
  08.52852000e+01   06.32931000e+01   03.34058000e+01   00.00000000e+00
  08.40225000e+01   06.63345000e+01   02.77795000e+01   07.64245000e-02
  08.07928000e+01   06.39129000e+01   03.26023000e+01  -04.66821000e-02
  08.14556000e+01   06.92953000e+01   03.57327000e+01   01.65461000e-02
  08.40171000e+01   07.17530000e+01   03.07303000e+01   05.49912000e-02
  08.55374000e+01   06.46210000e+01   03.13482000e+01   03.30200000e-04
  08.60276000e+01   06.91559000e+01   02.57460000e+01   04.02810000e-03
  08.47169000e+01   06.24742000e+01   03.43141000e+01   00.00000000e+00
  08.29106000e+01   06.53357000e+01   02.81492000e+01  -04.69336000e-02
  08.05214000e+01   06.45533000e+01   03.38183000e+01  -07.68710000e-03
  08.21630000e+01   07.04104000e+01   03.52946000e+01  -03.37389000e-02
  08.44377000e+01   07.09790000e+01   02.97265000e+01   03.64969000e-02
  08.46627000e+01   06.09762000e+01   03.41702000e+01   00.00000000e+00
  08.25751000e+01   06.56937000e+01   02.95898000e+01  -09.58259000e-02
  08.10732000e+01   06.59319000e+01   03.36518000e+01  -01.77941000e-01
  08.24466000e+01   07.01558000e+01   03.39125000e+01   06.74294000e-02
  08.39045000e+01   06.96915000e+01   02.98654000e+01   01.44326000e-01
  08.38051000e+01   06.29524000e+01   03.53812000e+01   00.00000000e+00
  08.41318000e+01   06.27294000e+01   03.68345000e+01   00.00000000e+00
  08.57262000e+01   06.28561000e+01   03.71324000e+01   00.00000000e+00
  08.61899000e+01   06.26373000e+01   03.85860000e+01   00.00000000e+00
  08.59224000e+01   06.11193000e+01   03.90202000e+01   00.00000000e+00
  08.55183000e+01   06.35256000e+01   03.96132000e+01   00.00000000e+00
  08.62619000e+01   06.38382000e+01   04.08946000e+01   00.00000000e+00
  08.54588000e+01   06.47218000e+01   04.18072000e+01   00.00000000e+00
  08.57910000e+01   06.48807000e+01   04.33187000e+01   00.00000000e+00
  08.50155000e+01   06.39002000e+01   04.41637000e+01   00.00000000e+00
  08.72537000e+01   06.51984000e+01   04.37503000e+01   00.00000000e+00
  08.75739000e+01   06.66618000e+01   04.33085000e+01   00.00000000e+00
  08.66155000e+01   06.77022000e+01   04.40959000e+01   00.00000000e+00
  08.67113000e+01   06.91909000e+01   04.37842000e+01   00.00000000e+00
  08.80520000e+01   06.97895000e+01   04.40728000e+01   00.00000000e+00
  08.61556000e+01   06.95010000e+01   04.23813000e+01   00.00000000e+00
  08.20505000e+01   06.88599000e+01   03.35137000e+01   03.65717000e-02
  08.23687000e+01   06.79333000e+01   03.16253000e+01  -06.37550000e-03
  08.36088000e+01   07.35929000e+01   03.16189000e+01   01.79582000e-02
  08.53500000e+01   07.30122000e+01   03.14020000e+01   01.23366000e-02
  08.44798000e+01   07.36930000e+01   03.00608000e+01   01.80857000e-02
  07.99685000e+01   06.96352000e+01   03.70206000e+01  -03.55350000e-03
  08.05076000e+01   06.81522000e+01   03.75049000e+01  -05.48890000e-03
  08.16022000e+01   06.93175000e+01   03.77762000e+01  -05.73590000e-03
  07.94680000e+01   06.22296000e+01   03.28159000e+01  -01.16015000e-02
  07.98490000e+01   06.28804000e+01   03.10857000e+01  -01.03548000e-02
  08.09969000e+01   06.19031000e+01   03.21260000e+01  -01.10806000e-02
  08.07653000e+01   06.52127000e+01   02.78982000e+01  -06.50300000e-03
  08.15837000e+01   06.63329000e+01   02.68107000e+01  -03.84930000e-03
  08.18242000e+01   06.46273000e+01   02.66206000e+01  -06.75510000e-03
  08.52412000e+01   06.81449000e+01   02.39979000e+01   06.96000000e-05
  08.56879000e+01   06.99091000e+01   02.37991000e+01  -02.56130000e-03
  08.69006000e+01   06.85912000e+01   02.39332000e+01  -08.86000000e-04
  08.32616000e+01   07.10696000e+01   03.76314000e+01   02.66600000e-04
  08.42770000e+01   07.13408000e+01   03.62865000e+01   02.07780000e-03
  08.37783000e+01   07.27335000e+01   03.71900000e+01   03.44650000e-03
  07.92515000e+01   06.24834000e+01   03.63869000e+01   02.98050000e-03
  08.00117000e+01   06.18776000e+01   03.48286000e+01  -05.01900000e-04
  08.72423000e+01   06.51390000e+01   02.89738000e+01  -05.40000000e-06
  08.62071000e+01   06.63581000e+01   02.96588000e+01  -02.73660000e-03
  08.23513000e+01   07.25275000e+01   03.53346000e+01   06.65000000e-04
  08.14713000e+01   07.18315000e+01   03.67259000e+01  -04.07950000e-03
  08.54036000e+01   06.47338000e+01   02.73121000e+01   01.58140000e-02
  08.59966000e+01   06.64371000e+01   02.72693000e+01   09.11190000e-03
  08.50431000e+01   06.96576000e+01   04.24236000e+01   00.00000000e+00
  08.66515000e+01   07.04225000e+01   04.20022000e+01   00.00000000e+00
  08.63269000e+01   06.86958000e+01   04.17042000e+01   00.00000000e+00
  08.80299000e+01   07.09013000e+01   04.40134000e+01   00.00000000e+00
  08.84209000e+01   06.94107000e+01   04.50201000e+01   00.00000000e+00
  08.86879000e+01   06.93443000e+01   04.32700000e+01   00.00000000e+00
  08.55765000e+01   06.74934000e+01   04.39639000e+01   00.00000000e+00
  08.68660000e+01   06.75734000e+01   04.51519000e+01   00.00000000e+00
  08.85446000e+01   06.70030000e+01   04.35647000e+01   00.00000000e+00
  08.75084000e+01   06.68069000e+01   04.21931000e+01   00.00000000e+00
  08.74911000e+01   06.52373000e+01   04.48595000e+01   00.00000000e+00
  08.79472000e+01   06.44818000e+01   04.32653000e+01   00.00000000e+00
  08.39816000e+01   06.38232000e+01   04.38627000e+01   00.00000000e+00
  08.54811000e+01   06.29094000e+01   04.40849000e+01   00.00000000e+00
  08.51429000e+01   06.42122000e+01   04.52659000e+01   00.00000000e+00
  08.57505000e+01   06.56963000e+01   04.14246000e+01   00.00000000e+00
  08.43992000e+01   06.46134000e+01   04.16357000e+01   00.00000000e+00
  08.64251000e+01   06.29316000e+01   04.14828000e+01   00.00000000e+00
  08.72008000e+01   06.43579000e+01   04.08045000e+01   00.00000000e+00
  08.52940000e+01   06.45117000e+01   03.91845000e+01   00.00000000e+00
  08.45136000e+01   06.30465000e+01   03.98126000e+01   00.00000000e+00
  08.32649000e+01   07.20686000e+01   03.33582000e+01   07.20400000e-04
  08.06331000e+01   06.66666000e+01   03.56102000e+01  -02.39543000e-02
  08.16006000e+01   06.38758000e+01   02.98569000e+01   04.89340000e-03
  08.60974000e+01   06.89404000e+01   02.80450000e+01  -02.28199000e-02
  07.96803000e+01   06.48039000e+01   03.57969000e+01  -01.51750000e-03
  08.57995000e+01   06.10503000e+01   04.01633000e+01   00.00000000e+00
  08.50162000e+01   06.08162000e+01   03.85424000e+01   00.00000000e+00
  08.67525000e+01   06.05516000e+01   03.86805000e+01   00.00000000e+00
  08.72619000e+01   06.28010000e+01   03.85863000e+01   00.00000000e+00
  08.64114000e+01   06.22195000e+01   03.65693000e+01   00.00000000e+00
  08.60426000e+01   06.38183000e+01   03.70202000e+01   00.00000000e+00
  08.36456000e+01   06.34145000e+01   03.75777000e+01   00.00000000e+00
  08.37792000e+01   06.17036000e+01   03.69993000e+01   00.00000000e+00
  08.37489000e+01   06.39604000e+01   03.52253000e+01   00.00000000e+00
  08.28729000e+01   06.25358000e+01   03.51743000e+01   00.00000000e+00
  08.49292000e+01   06.05478000e+01   03.51322000e+01   00.00000000e+00
  08.37102000e+01   06.06602000e+01   03.38258000e+01   00.00000000e+00
  08.53708000e+01   06.06409000e+01   03.33472000e+01   00.00000000e+00
  08.32066000e+01   06.42669000e+01   02.81886000e+01   05.57290000e-03
  08.38604000e+01   06.66759000e+01   02.67940000e+01  -01.28866000e-02
  08.62633000e+01   06.36653000e+01   03.36692000e+01   00.00000000e+00
  08.60459000e+01   06.98049000e+01   04.44396000e+01   00.00000000e+00
  08.38618000e+01   06.46349000e+01   03.25111000e+01  -01.99830000e-03
  08.40640000e+01   06.31414000e+01   03.16585000e+01  -01.85290000e-03
