  08.36906000e+01   06.47398000e+01   02.95924000e+01  -06.11779000e-02
  07.74739000e+01   06.37724000e+01   03.63546000e+01   01.75852000e-02
  08.00631000e+01   07.12806000e+01   03.70666000e+01   01.01800000e-02
  08.36323000e+01   06.98159000e+01   02.97988000e+01  -01.32723000e-02
  08.10382000e+01   06.60411000e+01   03.12730000e+01  -04.57645000e-02
  08.39934000e+01   06.45140000e+01   03.10792000e+01   02.46758000e-02
  07.76811000e+01   06.25973000e+01   03.70511000e+01  -01.71993000e-02
  08.15279000e+01   07.12026000e+01   03.75598000e+01  -09.39340000e-03
  08.36381000e+01   06.82643000e+01   02.94452000e+01   07.66074000e-02
  07.94250000e+01   06.54969000e+01   03.37848000e+01   09.44338000e-02
  08.42731000e+01   07.06621000e+01   02.91610000e+01   01.54319000e-02
  08.32421000e+01   06.33733000e+01   03.18727000e+01  -01.56515000e-02
  08.34567000e+01   06.83068000e+01   02.78894000e+01  -02.00050000e-02
  08.12680000e+01   06.88097000e+01   03.22135000e+01  -08.09918000e-02
  08.45350000e+01   06.84323000e+01   02.56790000e+01   04.03650000e-03
  08.25645000e+01   06.76599000e+01   03.03445000e+01  -01.43447000e-01
  07.97646000e+01   06.39752000e+01   03.19252000e+01   01.23287000e-02
  07.86018000e+01   06.65777000e+01   03.58312000e+01   02.21683000e-01
  08.09284000e+01   07.05095000e+01   03.40055000e+01  -05.42921000e-02
  07.98991000e+01   06.45561000e+01   02.85817000e+01   02.66866000e-02
  07.83181000e+01   06.19439000e+01   03.36542000e+01   04.35609000e-02
  07.83169000e+01   06.87944000e+01   03.79662000e+01   02.36507000e-02
  08.27721000e+01   07.22603000e+01   03.20693000e+01  -06.09964000e-02
  08.24125000e+01   06.28145000e+01   03.40842000e+01   08.71130000e-03
  08.19191000e+01   06.64300000e+01   03.02982000e+01   01.26858000e-01
  07.92200000e+01   06.43347000e+01   03.31619000e+01  -03.45042000e-02
  07.91255000e+01   06.78818000e+01   03.57682000e+01  -02.04376000e-01
  08.15142000e+01   07.01146000e+01   03.27889000e+01   07.60142000e-02
  08.29238000e+01   06.22642000e+01   03.14516000e+01   05.08730000e-03
  08.23476000e+01   06.81358000e+01   02.73442000e+01   06.92200000e-04
  08.34656000e+01   06.20519000e+01   03.48950000e+01   00.00000000e+00
  08.22714000e+01   06.52649000e+01   02.92911000e+01   07.64245000e-02
  07.85772000e+01   06.34045000e+01   03.40292000e+01  -04.66821000e-02
  07.90265000e+01   06.89240000e+01   03.67215000e+01   01.65461000e-02
  08.23917000e+01   07.08679000e+01   03.19732000e+01   05.49912000e-02
  08.31226000e+01   06.37793000e+01   03.31766000e+01   03.30200000e-04
  08.46184000e+01   06.84275000e+01   02.72116000e+01   04.02810000e-03
  08.30970000e+01   06.11207000e+01   03.57783000e+01   00.00000000e+00
  08.10941000e+01   06.43200000e+01   02.95773000e+01  -04.69336000e-02
  07.82491000e+01   06.41701000e+01   03.51322000e+01  -07.68710000e-03
  07.97257000e+01   07.00037000e+01   03.62494000e+01  -03.37389000e-02
  08.28044000e+01   06.99602000e+01   03.09955000e+01   03.64969000e-02
  08.28239000e+01   05.97340000e+01   03.52855000e+01   00.00000000e+00
  08.06481000e+01   06.47072000e+01   03.10542000e+01  -09.58259000e-02
  07.87916000e+01   06.54593000e+01   03.49728000e+01  -01.77941000e-01
  08.01944000e+01   06.96965000e+01   03.49529000e+01   06.74294000e-02
  08.22038000e+01   06.87068000e+01   03.12408000e+01   01.44326000e-01
  08.25375000e+01   06.15240000e+01   03.71020000e+01   00.00000000e+00
  08.34966000e+01   06.22856000e+01   03.79805000e+01   00.00000000e+00
  08.29164000e+01   06.28813000e+01   03.93488000e+01   00.00000000e+00
  08.37935000e+01   06.39218000e+01   04.01014000e+01   00.00000000e+00
  08.51523000e+01   06.33696000e+01   04.04686000e+01   00.00000000e+00
  08.30203000e+01   06.43710000e+01   04.14057000e+01   00.00000000e+00
  08.36876000e+01   06.55696000e+01   04.21585000e+01   00.00000000e+00
  08.27968000e+01   06.63113000e+01   04.31781000e+01   00.00000000e+00
  08.32374000e+01   06.77459000e+01   04.36370000e+01   00.00000000e+00
  08.30118000e+01   06.87935000e+01   04.24817000e+01   00.00000000e+00
  08.44715000e+01   06.78580000e+01   04.45447000e+01   00.00000000e+00
  08.46829000e+01   06.91280000e+01   04.53210000e+01   00.00000000e+00
  08.60943000e+01   06.92129000e+01   04.58894000e+01   00.00000000e+00
  08.65672000e+01   07.06854000e+01   04.62673000e+01   00.00000000e+00
  08.75266000e+01   07.06026000e+01   04.74546000e+01   00.00000000e+00
  08.72944000e+01   07.13377000e+01   04.50694000e+01   00.00000000e+00
  07.98104000e+01   06.83752000e+01   03.46879000e+01   03.65717000e-02
  08.02598000e+01   06.71968000e+01   03.28468000e+01  -06.37550000e-03
  08.31900000e+01   07.26376000e+01   03.10818000e+01   01.79582000e-02
  08.17989000e+01   07.27742000e+01   03.23825000e+01   01.23366000e-02
  08.35809000e+01   07.24287000e+01   03.27791000e+01   01.80857000e-02
  07.77629000e+01   06.96975000e+01   03.80738000e+01  -03.55350000e-03
  07.75909000e+01   06.80037000e+01   03.79856000e+01  -05.48890000e-03
  07.88764000e+01   06.86892000e+01   03.88351000e+01  -05.73590000e-03
  07.76672000e+01   06.17900000e+01   03.27685000e+01  -01.16015000e-02
  07.93356000e+01   06.16081000e+01   03.34227000e+01  -01.03548000e-02
  07.80002000e+01   06.14126000e+01   03.45949000e+01  -01.10806000e-02
  07.99705000e+01   06.40613000e+01   02.76084000e+01  -06.50300000e-03
  07.89738000e+01   06.42732000e+01   02.90003000e+01  -03.84930000e-03
  07.98269000e+01   06.55941000e+01   02.83449000e+01  -06.75510000e-03
  08.38245000e+01   06.76280000e+01   02.53302000e+01   06.96000000e-05
  08.42458000e+01   06.94413000e+01   02.52684000e+01  -02.56130000e-03
  08.54627000e+01   06.82471000e+01   02.51977000e+01  -08.86000000e-04
  08.23341000e+01   07.11993000e+01   03.68176000e+01   02.66600000e-04
  08.17351000e+01   07.20468000e+01   03.82132000e+01   02.07780000e-03
  08.16055000e+01   07.03058000e+01   03.80685000e+01   03.44650000e-03
  07.71315000e+01   06.23548000e+01   03.80001000e+01   02.98050000e-03
  07.83177000e+01   06.18216000e+01   03.66749000e+01  -05.01900000e-04
  08.50454000e+01   06.42928000e+01   03.11928000e+01  -05.40000000e-06
  08.39145000e+01   06.55267000e+01   03.16164000e+01  -02.73660000e-03
  07.99651000e+01   07.21095000e+01   03.63363000e+01   06.65000000e-04
  07.93234000e+01   07.13987000e+01   03.78904000e+01  -04.07950000e-03
  08.38845000e+01   06.39066000e+01   02.89137000e+01   01.58140000e-02
  08.43560000e+01   06.54158000e+01   02.91003000e+01   09.11190000e-03
  08.80422000e+01   07.05992000e+01   04.47921000e+01   00.00000000e+00
  08.66610000e+01   07.15739000e+01   04.42534000e+01   00.00000000e+00
  08.77429000e+01   07.22907000e+01   04.53513000e+01   00.00000000e+00
  08.84914000e+01   07.01079000e+01   04.72184000e+01   00.00000000e+00
  08.76961000e+01   07.15994000e+01   04.79595000e+01   00.00000000e+00
  08.70443000e+01   07.01121000e+01   04.82510000e+01   00.00000000e+00
  08.62785000e+01   06.85382000e+01   04.67415000e+01   00.00000000e+00
  08.68965000e+01   06.89728000e+01   04.51966000e+01   00.00000000e+00
  08.44783000e+01   06.99199000e+01   04.46352000e+01   00.00000000e+00
  08.39965000e+01   06.92579000e+01   04.62156000e+01   00.00000000e+00
  08.44241000e+01   06.70492000e+01   04.52370000e+01   00.00000000e+00
  08.53510000e+01   06.76862000e+01   04.39763000e+01   00.00000000e+00
  08.38345000e+01   06.86454000e+01   04.18029000e+01   00.00000000e+00
  08.20896000e+01   06.84609000e+01   04.19939000e+01   00.00000000e+00
  08.30199000e+01   06.98584000e+01   04.27108000e+01   00.00000000e+00
  08.17338000e+01   06.64097000e+01   04.28625000e+01   00.00000000e+00
  08.26432000e+01   06.56870000e+01   04.40794000e+01   00.00000000e+00
  08.44556000e+01   06.51245000e+01   04.27022000e+01   00.00000000e+00
  08.41713000e+01   06.61580000e+01   04.13846000e+01   00.00000000e+00
  08.20824000e+01   06.48185000e+01   04.10223000e+01   00.00000000e+00
  08.27159000e+01   06.35322000e+01   04.20454000e+01   00.00000000e+00
  08.11937000e+01   07.15261000e+01   03.43600000e+01   07.20400000e-04
  07.80321000e+01   06.63197000e+01   03.66776000e+01  -02.39543000e-02
  07.95957000e+01   06.29493000e+01   03.14373000e+01   04.89340000e-03
  08.45930000e+01   06.78549000e+01   02.96618000e+01  -02.28199000e-02
  07.67967000e+01   06.45571000e+01   03.67865000e+01  -01.51750000e-03
  08.56178000e+01   06.41989000e+01   04.10279000e+01   00.00000000e+00
  08.51698000e+01   06.25083000e+01   04.10657000e+01   00.00000000e+00
  08.56807000e+01   06.31387000e+01   03.95308000e+01   00.00000000e+00
  08.40731000e+01   06.47803000e+01   03.94805000e+01   00.00000000e+00
  08.19782000e+01   06.33012000e+01   03.91759000e+01   00.00000000e+00
  08.28409000e+01   06.20476000e+01   04.00287000e+01   00.00000000e+00
  08.44402000e+01   06.16866000e+01   03.81522000e+01   00.00000000e+00
  08.37672000e+01   06.31188000e+01   03.73760000e+01   00.00000000e+00
  08.15668000e+01   06.20410000e+01   03.69567000e+01   00.00000000e+00
  08.23980000e+01   06.05930000e+01   03.77102000e+01   00.00000000e+00
  08.35536000e+01   05.89246000e+01   03.56811000e+01   00.00000000e+00
  08.18393000e+01   05.94897000e+01   03.55943000e+01   00.00000000e+00
  08.28380000e+01   05.95690000e+01   03.41750000e+01   00.00000000e+00
  08.14301000e+01   06.32717000e+01   02.94948000e+01   05.57290000e-03
  08.21910000e+01   06.55514000e+01   02.82209000e+01  -01.28866000e-02
  08.45594000e+01   06.21048000e+01   03.46652000e+01   00.00000000e+00
  08.56773000e+01   07.13885000e+01   04.64688000e+01   00.00000000e+00
  08.18333000e+01   06.33793000e+01   03.47697000e+01  -01.99830000e-03
  08.17469000e+01   06.22110000e+01   03.35043000e+01  -01.85290000e-03
