  08.62168000e+01   06.48863000e+01   02.95332000e+01  -06.11779000e-02
  08.10436000e+01   06.35075000e+01   03.66527000e+01   01.75852000e-02
  08.29366000e+01   07.13290000e+01   03.69064000e+01   01.01800000e-02
  08.56280000e+01   07.01514000e+01   02.92873000e+01  -01.32723000e-02
  08.34682000e+01   06.61834000e+01   03.11681000e+01  -04.57645000e-02
  08.67086000e+01   06.46825000e+01   03.09534000e+01   02.46758000e-02
  08.01983000e+01   06.25337000e+01   03.69972000e+01  -01.71993000e-02
  08.42603000e+01   07.15834000e+01   03.75498000e+01  -09.39340000e-03
  08.56261000e+01   06.85947000e+01   02.89670000e+01   07.66074000e-02
  08.21834000e+01   06.55100000e+01   03.37678000e+01   09.44338000e-02
  08.62703000e+01   07.09810000e+01   02.86595000e+01   01.54319000e-02
  08.61532000e+01   06.35915000e+01   03.19422000e+01  -01.56515000e-02
  08.53351000e+01   06.82931000e+01   02.75085000e+01  -02.00050000e-02
  08.37504000e+01   06.90224000e+01   03.20462000e+01  -08.09918000e-02
  08.65577000e+01   06.81286000e+01   02.55643000e+01   04.03650000e-03
  08.46802000e+01   06.79632000e+01   02.99822000e+01  -01.43447000e-01
  08.23336000e+01   06.40243000e+01   03.17760000e+01   01.23287000e-02
  08.19624000e+01   06.64197000e+01   03.60680000e+01   02.21683000e-01
  08.37016000e+01   07.05079000e+01   03.39420000e+01  -05.42921000e-02
  08.24650000e+01   06.43024000e+01   02.84884000e+01   02.66866000e-02
  08.11818000e+01   06.18073000e+01   03.37403000e+01   04.35609000e-02
  08.16928000e+01   06.85840000e+01   03.82759000e+01   02.36507000e-02
  08.49052000e+01   07.25948000e+01   03.16208000e+01  -06.09964000e-02
  08.49161000e+01   06.34207000e+01   03.40338000e+01   08.71130000e-03
  08.43276000e+01   06.65894000e+01   03.01742000e+01   01.26858000e-01
  08.19750000e+01   06.43059000e+01   03.31154000e+01  -03.45042000e-02
  08.23963000e+01   06.77265000e+01   03.59338000e+01  -02.04376000e-01
  08.40423000e+01   07.02403000e+01   03.26063000e+01   07.60142000e-02
  08.58774000e+01   06.24610000e+01   03.16463000e+01   05.08730000e-03
  08.43461000e+01   06.86167000e+01   02.68886000e+01   06.92200000e-04
  08.56073000e+01   06.25148000e+01   03.50729000e+01   00.00000000e+00
  08.47392000e+01   06.54016000e+01   02.93682000e+01   07.64245000e-02
  08.14332000e+01   06.33061000e+01   03.40350000e+01  -04.66821000e-02
  08.22559000e+01   06.87999000e+01   03.68792000e+01   01.65461000e-02
  08.46173000e+01   07.10975000e+01   03.15643000e+01   05.49912000e-02
  08.58768000e+01   06.41226000e+01   03.31665000e+01   03.30200000e-04
  08.64721000e+01   06.77869000e+01   02.69429000e+01   04.02810000e-03
  08.49695000e+01   06.16416000e+01   03.59124000e+01   00.00000000e+00
  08.35946000e+01   06.44143000e+01   02.95453000e+01  -04.69336000e-02
  08.13829000e+01   06.39755000e+01   03.53226000e+01  -07.68710000e-03
  08.28214000e+01   06.99585000e+01   03.62966000e+01  -03.37389000e-02
  08.49433000e+01   07.02533000e+01   03.05375000e+01   03.64969000e-02
  08.47561000e+01   06.01962000e+01   03.56167000e+01   00.00000000e+00
  08.30295000e+01   06.48565000e+01   03.08970000e+01  -09.58259000e-02
  08.19506000e+01   06.53341000e+01   03.50953000e+01  -01.77941000e-01
  08.31937000e+01   06.96252000e+01   03.49272000e+01   06.74294000e-02
  08.43427000e+01   06.89828000e+01   03.08593000e+01   01.44326000e-01
  08.42491000e+01   06.21448000e+01   03.71604000e+01   00.00000000e+00
  08.48735000e+01   06.16787000e+01   03.85000000e+01   00.00000000e+00
  08.62844000e+01   06.23119000e+01   03.87649000e+01   00.00000000e+00
  08.70249000e+01   06.21555000e+01   04.01471000e+01   00.00000000e+00
  08.74808000e+01   06.06771000e+01   04.04724000e+01   00.00000000e+00
  08.61037000e+01   06.26619000e+01   04.12625000e+01   00.00000000e+00
  08.67018000e+01   06.29611000e+01   04.26368000e+01   00.00000000e+00
  08.56438000e+01   06.35399000e+01   04.35934000e+01   00.00000000e+00
  08.59455000e+01   06.35904000e+01   04.51291000e+01   00.00000000e+00
  08.58697000e+01   06.22677000e+01   04.59466000e+01   00.00000000e+00
  08.72257000e+01   06.44068000e+01   04.55632000e+01   00.00000000e+00
  08.73334000e+01   06.57581000e+01   04.49623000e+01   00.00000000e+00
  08.65121000e+01   06.68020000e+01   04.57266000e+01   00.00000000e+00
  08.63694000e+01   06.81439000e+01   04.50355000e+01   00.00000000e+00
  08.78327000e+01   06.86782000e+01   04.48350000e+01   00.00000000e+00
  08.57525000e+01   06.81647000e+01   04.36104000e+01   00.00000000e+00
  08.28300000e+01   06.82725000e+01   03.47315000e+01   03.65717000e-02
  08.27768000e+01   06.73750000e+01   03.29027000e+01  -06.37550000e-03
  08.59692000e+01   07.26273000e+01   03.19114000e+01   01.79582000e-02
  08.47954000e+01   07.31078000e+01   03.06464000e+01   01.23366000e-02
  08.43649000e+01   07.30720000e+01   03.24385000e+01   01.80857000e-02
  08.10649000e+01   06.77052000e+01   03.84031000e+01  -03.55350000e-03
  08.25182000e+01   06.83053000e+01   03.88570000e+01  -05.48890000e-03
  08.12517000e+01   06.95388000e+01   03.86579000e+01  -05.73590000e-03
  08.20368000e+01   06.11938000e+01   03.39631000e+01  -01.16015000e-02
  08.03246000e+01   06.13828000e+01   03.43588000e+01  -01.03548000e-02
  08.08893000e+01   06.16966000e+01   03.26922000e+01  -01.10806000e-02
  08.27599000e+01   06.37792000e+01   02.76328000e+01  -06.50300000e-03
  08.16656000e+01   06.37095000e+01   02.89683000e+01  -03.84930000e-03
  08.21477000e+01   06.52636000e+01   02.83013000e+01  -06.75510000e-03
  08.64015000e+01   06.91859000e+01   02.54043000e+01   06.96000000e-05
  08.75889000e+01   06.79202000e+01   02.51966000e+01  -02.56130000e-03
  08.59297000e+01   06.75098000e+01   02.48621000e+01  -08.86000000e-04
  08.40399000e+01   07.25728000e+01   03.80307000e+01   02.66600000e-04
  08.44005000e+01   07.08663000e+01   03.83347000e+01   02.07780000e-03
  08.51335000e+01   07.16317000e+01   03.68895000e+01   03.44650000e-03
  08.01082000e+01   06.22493000e+01   03.80945000e+01   02.98050000e-03
  07.97324000e+01   06.18385000e+01   03.63452000e+01  -05.01900000e-04
  08.77652000e+01   06.46052000e+01   03.07138000e+01  -05.40000000e-06
  08.66427000e+01   06.56215000e+01   03.13854000e+01  -02.73660000e-03
  08.26637000e+01   07.20039000e+01   03.61554000e+01   06.65000000e-04
  08.22227000e+01   07.13824000e+01   03.76954000e+01  -04.07950000e-03
  08.62302000e+01   06.39645000e+01   02.88739000e+01   01.58140000e-02
  08.69024000e+01   06.56001000e+01   02.91078000e+01   09.11190000e-03
  08.63316000e+01   06.75866000e+01   04.28194000e+01   00.00000000e+00
  08.47516000e+01   06.77865000e+01   04.36579000e+01   00.00000000e+00
  08.55552000e+01   06.91548000e+01   04.33767000e+01   00.00000000e+00
  08.83190000e+01   06.86546000e+01   04.57676000e+01   00.00000000e+00
  08.83889000e+01   06.81106000e+01   04.40391000e+01   00.00000000e+00
  08.78249000e+01   06.97827000e+01   04.45119000e+01   00.00000000e+00
  08.55227000e+01   06.63748000e+01   04.58440000e+01   00.00000000e+00
  08.69480000e+01   06.70406000e+01   04.67041000e+01   00.00000000e+00
  08.83884000e+01   06.59623000e+01   04.48569000e+01   00.00000000e+00
  08.70362000e+01   06.57124000e+01   04.39110000e+01   00.00000000e+00
  08.73624000e+01   06.46240000e+01   04.66918000e+01   00.00000000e+00
  08.81820000e+01   06.39365000e+01   04.52185000e+01   00.00000000e+00
  08.58715000e+01   06.23230000e+01   04.70303000e+01   00.00000000e+00
  08.49779000e+01   06.16258000e+01   04.57628000e+01   00.00000000e+00
  08.68261000e+01   06.17760000e+01   04.56304000e+01   00.00000000e+00
  08.54491000e+01   06.45741000e+01   04.32518000e+01   00.00000000e+00
  08.47323000e+01   06.29616000e+01   04.34285000e+01   00.00000000e+00
  08.70038000e+01   06.20610000e+01   04.30994000e+01   00.00000000e+00
  08.76271000e+01   06.35479000e+01   04.25504000e+01   00.00000000e+00
  08.57796000e+01   06.36954000e+01   04.09880000e+01   00.00000000e+00
  08.52883000e+01   06.20271000e+01   04.15004000e+01   00.00000000e+00
  08.38439000e+01   07.14690000e+01   03.43738000e+01   07.20400000e-04
  08.16075000e+01   06.61471000e+01   03.70133000e+01  -02.39543000e-02
  08.21942000e+01   06.29865000e+01   03.14042000e+01   04.89340000e-03
  08.66321000e+01   06.82048000e+01   02.91678000e+01  -02.28199000e-02
  08.14008000e+01   06.40845000e+01   03.75190000e+01  -01.51750000e-03
  08.66682000e+01   06.01254000e+01   04.09396000e+01   00.00000000e+00
  08.76795000e+01   06.01690000e+01   03.95466000e+01   00.00000000e+00
  08.82829000e+01   06.05479000e+01   04.12357000e+01   00.00000000e+00
  08.79732000e+01   06.27218000e+01   04.00798000e+01   00.00000000e+00
  08.69860000e+01   06.19435000e+01   03.80218000e+01   00.00000000e+00
  08.61634000e+01   06.34152000e+01   03.86835000e+01   00.00000000e+00
  08.42922000e+01   06.20139000e+01   03.93250000e+01   00.00000000e+00
  08.48252000e+01   06.06017000e+01   03.86076000e+01   00.00000000e+00
  08.42797000e+01   06.32602000e+01   03.70375000e+01   00.00000000e+00
  08.32358000e+01   06.18057000e+01   03.72025000e+01   00.00000000e+00
  08.36964000e+01   05.99731000e+01   03.55665000e+01   00.00000000e+00
  08.51828000e+01   05.99738000e+01   03.46382000e+01   00.00000000e+00
  08.52868000e+01   05.95883000e+01   03.63857000e+01   00.00000000e+00
  08.40382000e+01   06.34372000e+01   02.95364000e+01   05.57290000e-03
  08.46374000e+01   06.57136000e+01   02.83058000e+01  -01.28866000e-02
  08.66544000e+01   06.26686000e+01   03.51590000e+01   00.00000000e+00
  08.58813000e+01   06.87745000e+01   04.57691000e+01   00.00000000e+00
  08.44869000e+01   06.42604000e+01   03.46506000e+01  -01.99830000e-03
  08.41796000e+01   06.28513000e+01   03.34626000e+01  -01.85290000e-03
