  08.51310000e+01   06.60314000e+01   02.78437000e+01  -06.11779000e-02
  07.98748000e+01   06.39367000e+01   03.49488000e+01   01.75852000e-02
  08.18902000e+01   07.17313000e+01   03.60100000e+01   01.01800000e-02
  08.51104000e+01   07.10035000e+01   02.85387000e+01  -01.32723000e-02
  08.24273000e+01   06.71252000e+01   02.97149000e+01  -04.57645000e-02
  08.56220000e+01   06.53508000e+01   02.91512000e+01   02.46758000e-02
  07.89249000e+01   06.29379000e+01   03.48874000e+01  -01.71993000e-02
  08.33817000e+01   07.19224000e+01   03.63396000e+01  -09.39340000e-03
  08.47985000e+01   06.95679000e+01   02.79375000e+01   07.66074000e-02
  08.12308000e+01   06.62056000e+01   03.23087000e+01   09.44338000e-02
  08.58238000e+01   07.18461000e+01   02.79580000e+01   01.54319000e-02
  08.52791000e+01   06.39148000e+01   02.94927000e+01  -01.56515000e-02
  08.46087000e+01   06.96097000e+01   02.64326000e+01  -02.00050000e-02
  08.28092000e+01   06.97919000e+01   03.10076000e+01  -08.09918000e-02
  08.57243000e+01   06.99108000e+01   02.43596000e+01   04.03650000e-03
  08.38375000e+01   06.88447000e+01   02.88394000e+01  -01.43447000e-01
  08.14507000e+01   06.48956000e+01   03.02345000e+01   01.23287000e-02
  08.08139000e+01   06.69052000e+01   03.46555000e+01   02.21683000e-01
  08.26486000e+01   07.12819000e+01   03.30362000e+01  -05.42921000e-02
  08.13587000e+01   06.53516000e+01   02.69988000e+01   02.66866000e-02
  08.05655000e+01   06.26051000e+01   03.20240000e+01   04.35609000e-02
  08.05696000e+01   06.88865000e+01   03.70764000e+01   02.36507000e-02
  08.41904000e+01   07.32441000e+01   03.11676000e+01  -06.09964000e-02
  08.47115000e+01   06.23936000e+01   03.12007000e+01   08.71130000e-03
  08.32865000e+01   06.75953000e+01   02.87330000e+01   01.26858000e-01
  08.11556000e+01   06.50592000e+01   03.15939000e+01  -03.45042000e-02
  08.11836000e+01   06.82877000e+01   03.46051000e+01  -02.04376000e-01
  08.30777000e+01   07.09922000e+01   03.16602000e+01   07.60142000e-02
  08.48901000e+01   06.30433000e+01   02.87198000e+01   05.08730000e-03
  08.35974000e+01   06.91754000e+01   02.58485000e+01   06.92200000e-04
  08.51950000e+01   06.19975000e+01   03.26229000e+01   00.00000000e+00
  08.36738000e+01   06.64780000e+01   02.76818000e+01   07.64245000e-02
  08.06424000e+01   06.40703000e+01   03.24633000e+01  -04.66821000e-02
  08.10678000e+01   06.92712000e+01   03.57359000e+01   01.65461000e-02
  08.38981000e+01   07.18483000e+01   03.08386000e+01   05.49912000e-02
  08.51246000e+01   06.38032000e+01   03.08820000e+01   03.30200000e-04
  08.57843000e+01   07.00280000e+01   02.58093000e+01   04.02810000e-03
  08.44235000e+01   06.16026000e+01   03.36771000e+01   00.00000000e+00
  08.25770000e+01   06.54026000e+01   02.79384000e+01  -04.69336000e-02
  08.04551000e+01   06.45878000e+01   03.37371000e+01  -07.68710000e-03
  08.16737000e+01   07.04583000e+01   03.52676000e+01  -03.37389000e-02
  08.42624000e+01   07.10325000e+01   02.97230000e+01   03.64969000e-02
  08.42975000e+01   06.01720000e+01   03.40747000e+01   00.00000000e+00
  08.21385000e+01   06.58060000e+01   02.93653000e+01  -09.58259000e-02
  08.09173000e+01   06.59053000e+01   03.35970000e+01  -01.77941000e-01
  08.20050000e+01   07.02601000e+01   03.38718000e+01   06.74294000e-02
  08.36116000e+01   06.97784000e+01   02.99096000e+01   01.44326000e-01
  08.36969000e+01   06.26125000e+01   03.44902000e+01   00.00000000e+00
  08.38121000e+01   06.25019000e+01   03.60652000e+01   00.00000000e+00
  08.52356000e+01   06.25242000e+01   03.66300000e+01   00.00000000e+00
  08.54087000e+01   06.21973000e+01   03.81259000e+01   00.00000000e+00
  08.46586000e+01   06.08721000e+01   03.85983000e+01   00.00000000e+00
  08.50589000e+01   06.34306000e+01   03.90047000e+01   00.00000000e+00
  08.52237000e+01   06.33461000e+01   04.05987000e+01   00.00000000e+00
  08.49185000e+01   06.46759000e+01   04.12658000e+01   00.00000000e+00
  08.51511000e+01   06.48725000e+01   04.27788000e+01   00.00000000e+00
  08.44350000e+01   06.38551000e+01   04.36140000e+01   00.00000000e+00
  08.66123000e+01   06.51348000e+01   04.31592000e+01   00.00000000e+00
  08.71033000e+01   06.65716000e+01   04.31215000e+01   00.00000000e+00
  08.64706000e+01   06.73397000e+01   04.43239000e+01   00.00000000e+00
  08.60538000e+01   06.87832000e+01   04.42200000e+01   00.00000000e+00
  08.71562000e+01   06.98049000e+01   04.41600000e+01   00.00000000e+00
  08.50716000e+01   06.90491000e+01   04.30650000e+01   00.00000000e+00
  08.17153000e+01   06.89569000e+01   03.34875000e+01   03.65717000e-02
  08.18944000e+01   06.81188000e+01   03.15963000e+01  -06.37550000e-03
  08.32510000e+01   07.38316000e+01   03.13046000e+01   01.79582000e-02
  08.47529000e+01   07.31995000e+01   03.20175000e+01   01.23366000e-02
  08.47113000e+01   07.38281000e+01   03.04505000e+01   01.80857000e-02
  07.96314000e+01   06.94151000e+01   03.71288000e+01  -03.55350000e-03
  08.03636000e+01   06.78394000e+01   03.72456000e+01  -05.48890000e-03
  08.12718000e+01   06.93181000e+01   03.77520000e+01  -05.73590000e-03
  08.05874000e+01   06.19631000e+01   03.28819000e+01  -01.16015000e-02
  07.98032000e+01   06.22157000e+01   03.12558000e+01  -01.03548000e-02
  08.15400000e+01   06.23049000e+01   03.14876000e+01  -01.10806000e-02
  08.16600000e+01   06.49557000e+01   02.59723000e+01  -06.50300000e-03
  08.07063000e+01   06.45361000e+01   02.73012000e+01  -03.84930000e-03
  08.08117000e+01   06.62865000e+01   02.69849000e+01  -06.75510000e-03
  08.51382000e+01   06.90031000e+01   02.40373000e+01   06.96000000e-05
  08.52161000e+01   07.07902000e+01   02.39716000e+01  -02.56130000e-03
  08.67491000e+01   06.98873000e+01   02.40113000e+01  -08.86000000e-04
  08.38739000e+01   07.24249000e+01   03.54917000e+01   02.66600000e-04
  08.32906000e+01   07.25792000e+01   03.71741000e+01   02.07780000e-03
  08.37927000e+01   07.09229000e+01   03.65446000e+01   03.44650000e-03
  07.85320000e+01   06.24319000e+01   03.57764000e+01   02.98050000e-03
  07.83932000e+01   06.25730000e+01   03.39655000e+01  -05.01900000e-04
  08.67238000e+01   06.52771000e+01   02.91625000e+01  -05.40000000e-06
  08.53124000e+01   06.59627000e+01   02.99894000e+01  -02.73660000e-03
  08.14353000e+01   07.26653000e+01   03.55663000e+01   06.65000000e-04
  08.12831000e+01   07.17190000e+01   03.69566000e+01  -04.07950000e-03
  08.52626000e+01   06.52178000e+01   02.71293000e+01   01.58140000e-02
  08.57730000e+01   06.68638000e+01   02.76139000e+01   09.11190000e-03
  08.44034000e+01   06.99355000e+01   04.31989000e+01   00.00000000e+00
  08.55555000e+01   06.91743000e+01   04.20913000e+01   00.00000000e+00
  08.43885000e+01   06.82295000e+01   04.29536000e+01   00.00000000e+00
  08.81138000e+01   06.94206000e+01   04.36498000e+01   00.00000000e+00
  08.68339000e+01   07.07319000e+01   04.37018000e+01   00.00000000e+00
  08.74008000e+01   07.00283000e+01   04.52379000e+01   00.00000000e+00
  08.55797000e+01   06.67913000e+01   04.46881000e+01   00.00000000e+00
  08.71218000e+01   06.72961000e+01   04.52014000e+01   00.00000000e+00
  08.81891000e+01   06.67216000e+01   04.30693000e+01   00.00000000e+00
  08.67473000e+01   06.69190000e+01   04.22178000e+01   00.00000000e+00
  08.69042000e+01   06.46790000e+01   04.41023000e+01   00.00000000e+00
  08.72720000e+01   06.46848000e+01   04.24244000e+01   00.00000000e+00
  08.47408000e+01   06.28117000e+01   04.34450000e+01   00.00000000e+00
  08.46127000e+01   06.40668000e+01   04.46681000e+01   00.00000000e+00
  08.33615000e+01   06.39309000e+01   04.33775000e+01   00.00000000e+00
  08.54850000e+01   06.54189000e+01   04.07324000e+01   00.00000000e+00
  08.38575000e+01   06.48389000e+01   04.09986000e+01   00.00000000e+00
  08.47473000e+01   06.24419000e+01   04.10407000e+01   00.00000000e+00
  08.62320000e+01   06.30323000e+01   04.08799000e+01   00.00000000e+00
  08.56522000e+01   06.42947000e+01   03.85852000e+01   00.00000000e+00
  08.39849000e+01   06.37199000e+01   03.88180000e+01   00.00000000e+00
  08.27682000e+01   07.22264000e+01   03.33798000e+01   07.20400000e-04
  08.03162000e+01   06.65742000e+01   03.55669000e+01  -02.39543000e-02
  08.13522000e+01   06.38838000e+01   02.99293000e+01   04.89340000e-03
  08.57799000e+01   06.90635000e+01   02.80112000e+01  -02.28199000e-02
  08.02278000e+01   06.43160000e+01   03.58898000e+01  -01.51750000e-03
  08.49647000e+01   06.00320000e+01   03.78994000e+01   00.00000000e+00
  08.50054000e+01   06.05680000e+01   03.96089000e+01   00.00000000e+00
  08.35782000e+01   06.08955000e+01   03.85575000e+01   00.00000000e+00
  08.64299000e+01   06.20120000e+01   03.84190000e+01   00.00000000e+00
  08.59618000e+01   06.19215000e+01   03.60838000e+01   00.00000000e+00
  08.55669000e+01   06.35011000e+01   03.64678000e+01   00.00000000e+00
  08.33505000e+01   06.33823000e+01   03.64895000e+01   00.00000000e+00
  08.33402000e+01   06.15723000e+01   03.64192000e+01   00.00000000e+00
  08.39693000e+01   06.35920000e+01   03.40712000e+01   00.00000000e+00
  08.25986000e+01   06.25463000e+01   03.42688000e+01   00.00000000e+00
  08.52002000e+01   05.96923000e+01   03.37932000e+01   00.00000000e+00
  08.40927000e+01   06.00186000e+01   03.51607000e+01   00.00000000e+00
  08.35293000e+01   05.98792000e+01   03.33772000e+01   00.00000000e+00
  08.29431000e+01   06.43777000e+01   02.78724000e+01   05.57290000e-03
  08.34895000e+01   06.67568000e+01   02.67115000e+01  -01.28866000e-02
  08.62148000e+01   06.23593000e+01   03.29552000e+01   00.00000000e+00
  08.55217000e+01   06.89532000e+01   04.51664000e+01   00.00000000e+00
  08.36665000e+01   06.22927000e+01   03.10823000e+01  -01.99830000e-03
  08.50980000e+01   06.16868000e+01   03.04829000e+01  -01.85290000e-03
