  08.25671000e+01   06.43485000e+01   02.74289000e+01  -06.11779000e-02
  07.75262000e+01   06.32106000e+01   03.51175000e+01   01.75852000e-02
  08.00454000e+01   07.09465000e+01   03.53923000e+01   01.01800000e-02
  08.25907000e+01   06.95100000e+01   02.76660000e+01  -01.32723000e-02
  08.01868000e+01   06.57140000e+01   02.95615000e+01  -04.57645000e-02
  08.32676000e+01   06.40275000e+01   02.87079000e+01   02.46758000e-02
  07.71850000e+01   06.19734000e+01   03.54621000e+01  -01.71993000e-02
  08.13725000e+01   07.10244000e+01   03.61090000e+01  -09.39340000e-03
  08.25253000e+01   06.79632000e+01   02.73068000e+01   07.66074000e-02
  07.91617000e+01   06.50460000e+01   03.23037000e+01   09.44338000e-02
  08.30694000e+01   07.02948000e+01   02.68612000e+01   01.54319000e-02
  08.26782000e+01   06.28702000e+01   02.94713000e+01  -01.56515000e-02
  08.19775000e+01   06.78545000e+01   02.58807000e+01  -02.00050000e-02
  08.05731000e+01   06.84954000e+01   03.03946000e+01  -08.09918000e-02
  08.26456000e+01   06.77921000e+01   02.35424000e+01   04.03650000e-03
  08.16101000e+01   06.73959000e+01   02.83930000e+01  -01.43447000e-01
  07.92106000e+01   06.36177000e+01   03.03289000e+01   01.23287000e-02
  07.89861000e+01   06.59715000e+01   03.46000000e+01   02.21683000e-01
  08.03344000e+01   07.01498000e+01   03.22671000e+01  -05.42921000e-02
  07.87175000e+01   06.41796000e+01   02.71631000e+01   02.66866000e-02
  07.80003000e+01   06.14992000e+01   03.22667000e+01   04.35609000e-02
  07.92033000e+01   06.82955000e+01   03.69169000e+01   02.36507000e-02
  08.16867000e+01   07.20336000e+01   03.01227000e+01  -06.09964000e-02
  08.18260000e+01   06.20039000e+01   03.15569000e+01   08.71130000e-03
  08.10621000e+01   06.60919000e+01   02.85146000e+01   01.26858000e-01
  07.89882000e+01   06.38368000e+01   03.17140000e+01  -03.45042000e-02
  07.94214000e+01   06.73156000e+01   03.44233000e+01  -02.04376000e-01
  08.06976000e+01   06.97955000e+01   03.09400000e+01   07.60142000e-02
  08.23208000e+01   06.18477000e+01   02.89614000e+01   05.08730000e-03
  08.08261000e+01   06.75482000e+01   02.55462000e+01   06.92200000e-04
  08.27782000e+01   06.08719000e+01   03.19140000e+01   00.00000000e+00
  08.11419000e+01   06.49429000e+01   02.75453000e+01   07.64245000e-02
  07.84456000e+01   06.29108000e+01   03.26689000e+01  -04.66821000e-02
  07.94445000e+01   06.84075000e+01   03.54034000e+01   01.65461000e-02
  08.13063000e+01   07.06358000e+01   02.98695000e+01   05.49912000e-02
  08.25338000e+01   06.30517000e+01   03.08283000e+01   03.30200000e-04
  08.29986000e+01   06.78844000e+01   02.49647000e+01   04.02810000e-03
  08.24761000e+01   05.96332000e+01   03.23184000e+01   00.00000000e+00
  08.00202000e+01   06.40324000e+01   02.79957000e+01  -04.69336000e-02
  07.82535000e+01   06.36079000e+01   03.39050000e+01  -07.68710000e-03
  07.97729000e+01   06.95874000e+01   03.47002000e+01  -03.37389000e-02
  08.17710000e+01   06.97130000e+01   02.89345000e+01   03.64969000e-02
  08.22614000e+01   05.85865000e+01   03.12356000e+01   00.00000000e+00
  07.98409000e+01   06.44818000e+01   02.94213000e+01  -09.58259000e-02
  07.88326000e+01   06.49535000e+01   03.36535000e+01  -01.77941000e-01
  07.99509000e+01   06.92499000e+01   03.33382000e+01   06.74294000e-02
  08.12575000e+01   06.84381000e+01   02.92544000e+01   01.44326000e-01
  08.23451000e+01   05.92752000e+01   03.38084000e+01   00.00000000e+00
  08.33220000e+01   05.99573000e+01   03.48765000e+01   00.00000000e+00
  08.27193000e+01   05.99733000e+01   03.63319000e+01   00.00000000e+00
  08.35443000e+01   06.08427000e+01   03.73922000e+01   00.00000000e+00
  08.48656000e+01   06.00799000e+01   03.77653000e+01   00.00000000e+00
  08.26466000e+01   06.13205000e+01   03.85797000e+01   00.00000000e+00
  08.33491000e+01   06.18837000e+01   03.98177000e+01   00.00000000e+00
  08.38909000e+01   06.33269000e+01   03.95938000e+01   00.00000000e+00
  08.41540000e+01   06.42963000e+01   04.07738000e+01   00.00000000e+00
  08.49311000e+01   06.36100000e+01   04.18775000e+01   00.00000000e+00
  08.28603000e+01   06.50571000e+01   04.12631000e+01   00.00000000e+00
  08.29864000e+01   06.61651000e+01   04.22853000e+01   00.00000000e+00
  08.38007000e+01   06.74048000e+01   04.18231000e+01   00.00000000e+00
  08.45367000e+01   06.81192000e+01   04.29985000e+01   00.00000000e+00
  08.59011000e+01   06.75052000e+01   04.33542000e+01   00.00000000e+00
  08.45570000e+01   06.96539000e+01   04.29535000e+01   00.00000000e+00
  07.97122000e+01   06.78816000e+01   03.31723000e+01   03.65717000e-02
  07.97146000e+01   06.67999000e+01   03.12867000e+01  -06.37550000e-03
  08.08235000e+01   07.26545000e+01   02.99427000e+01   01.79582000e-02
  08.19633000e+01   07.21878000e+01   03.11463000e+01   01.23366000e-02
  08.25319000e+01   07.22522000e+01   02.94628000e+01   01.80857000e-02
  08.00661000e+01   06.86940000e+01   03.73941000e+01  -03.55350000e-03
  07.82723000e+01   06.88058000e+01   03.71666000e+01  -05.48890000e-03
  07.90209000e+01   06.72331000e+01   03.71083000e+01  -05.73590000e-03
  07.78937000e+01   06.12823000e+01   03.11716000e+01  -01.16015000e-02
  07.88475000e+01   06.08998000e+01   03.25094000e+01  -01.03548000e-02
  07.70416000e+01   06.12770000e+01   03.27442000e+01  -01.10806000e-02
  07.88479000e+01   06.36278000e+01   02.62446000e+01  -06.50300000e-03
  07.78064000e+01   06.37225000e+01   02.75198000e+01  -03.84930000e-03
  07.84402000e+01   06.52191000e+01   02.70670000e+01  -06.75510000e-03
  08.35664000e+01   06.76830000e+01   02.29315000e+01   06.96000000e-05
  08.20695000e+01   06.68396000e+01   02.32392000e+01  -02.56130000e-03
  08.20436000e+01   06.86361000e+01   02.31808000e+01  -08.86000000e-04
  08.22026000e+01   07.10055000e+01   03.53444000e+01   02.66600000e-04
  08.14604000e+01   07.20049000e+01   03.66427000e+01   02.07780000e-03
  08.15390000e+01   07.02350000e+01   03.68435000e+01   03.44650000e-03
  07.66082000e+01   06.16697000e+01   03.63866000e+01   02.98050000e-03
  07.73921000e+01   06.10722000e+01   03.48744000e+01  -05.01900000e-04
  08.43430000e+01   06.38834000e+01   02.84327000e+01  -05.40000000e-06
  08.32647000e+01   06.49705000e+01   02.92939000e+01  -02.73660000e-03
  08.00049000e+01   07.17254000e+01   03.46378000e+01   06.65000000e-04
  07.91768000e+01   07.12780000e+01   03.59815000e+01  -04.07950000e-03
  08.25119000e+01   06.34875000e+01   02.68022000e+01   01.58140000e-02
  08.32849000e+01   06.49878000e+01   02.68376000e+01   09.11190000e-03
  08.51668000e+01   06.99761000e+01   04.21852000e+01   00.00000000e+00
  08.35387000e+01   06.99724000e+01   04.26882000e+01   00.00000000e+00
  08.47854000e+01   07.01599000e+01   04.39620000e+01   00.00000000e+00
  08.65568000e+01   06.76556000e+01   04.25819000e+01   00.00000000e+00
  08.62427000e+01   06.78324000e+01   04.42970000e+01   00.00000000e+00
  08.57377000e+01   06.64362000e+01   04.33467000e+01   00.00000000e+00
  08.45246000e+01   06.72788000e+01   04.10364000e+01   00.00000000e+00
  08.30878000e+01   06.80628000e+01   04.13533000e+01   00.00000000e+00
  08.19493000e+01   06.65048000e+01   04.23548000e+01   00.00000000e+00
  08.33955000e+01   06.58402000e+01   04.32567000e+01   00.00000000e+00
  08.23142000e+01   06.54645000e+01   04.03783000e+01   00.00000000e+00
  08.22602000e+01   06.43027000e+01   04.16787000e+01   00.00000000e+00
  08.42054000e+01   06.33338000e+01   04.27114000e+01   00.00000000e+00
  08.54028000e+01   06.27435000e+01   04.14865000e+01   00.00000000e+00
  08.56949000e+01   06.42901000e+01   04.22545000e+01   00.00000000e+00
  08.48166000e+01   06.31022000e+01   03.90616000e+01   00.00000000e+00
  08.33505000e+01   06.39264000e+01   03.88853000e+01   00.00000000e+00
  08.25599000e+01   06.19835000e+01   04.05229000e+01   00.00000000e+00
  08.41234000e+01   06.11562000e+01   04.00657000e+01   00.00000000e+00
  08.18044000e+01   06.18982000e+01   03.82417000e+01   00.00000000e+00
  08.21854000e+01   06.04466000e+01   03.89965000e+01   00.00000000e+00
  08.04180000e+01   07.12443000e+01   03.24006000e+01   07.20400000e-04
  07.85798000e+01   06.56423000e+01   03.55831000e+01  -02.39543000e-02
  07.88090000e+01   06.26786000e+01   02.99255000e+01   04.89340000e-03
  08.34986000e+01   06.76619000e+01   02.74071000e+01  -02.28199000e-02
  07.71183000e+01   06.39089000e+01   03.57882000e+01  -01.51750000e-03
  08.55120000e+01   06.07561000e+01   03.82804000e+01   00.00000000e+00
  08.46478000e+01   05.91964000e+01   03.83885000e+01   00.00000000e+00
  08.53093000e+01   05.96604000e+01   03.68371000e+01   00.00000000e+00
  08.38275000e+01   06.17311000e+01   03.67956000e+01   00.00000000e+00
  08.16971000e+01   06.02930000e+01   03.63259000e+01   00.00000000e+00
  08.27241000e+01   05.89516000e+01   03.66375000e+01   00.00000000e+00
  08.43440000e+01   05.96073000e+01   03.48813000e+01   00.00000000e+00
  08.33300000e+01   06.09927000e+01   03.45524000e+01   00.00000000e+00
  08.13034000e+01   05.95964000e+01   03.39447000e+01   00.00000000e+00
  08.23580000e+01   05.82651000e+01   03.41847000e+01   00.00000000e+00
  08.11868000e+01   05.83104000e+01   03.12622000e+01   00.00000000e+00
  08.26422000e+01   05.88480000e+01   03.02456000e+01   00.00000000e+00
  08.27369000e+01   05.76878000e+01   03.15816000e+01   00.00000000e+00
  08.03594000e+01   06.29588000e+01   02.79786000e+01   05.57290000e-03
  08.09268000e+01   06.53003000e+01   02.64852000e+01  -01.28866000e-02
  08.38198000e+01   06.10493000e+01   03.17975000e+01   00.00000000e+00
  08.39374000e+01   06.79575000e+01   04.39308000e+01   00.00000000e+00
  08.15336000e+01   06.23131000e+01   03.25339000e+01  -01.99830000e-03
  08.09092000e+01   06.16538000e+01   03.10423000e+01  -01.85290000e-03
