  08.42955000e+01   06.60367000e+01   02.82631000e+01  -06.11779000e-02
  07.87042000e+01   06.42169000e+01   03.54530000e+01   01.75852000e-02
  08.06094000e+01   07.21044000e+01   03.61423000e+01   01.01800000e-02
  08.37688000e+01   07.11870000e+01   02.87875000e+01  -01.32723000e-02
  08.16704000e+01   06.70876000e+01   03.03240000e+01  -04.57645000e-02
  08.50477000e+01   06.55982000e+01   02.95747000e+01   02.46758000e-02
  07.90022000e+01   06.31229000e+01   03.62441000e+01  -01.71993000e-02
  08.19127000e+01   07.21073000e+01   03.70063000e+01  -09.39340000e-03
  08.39124000e+01   06.96062000e+01   02.83335000e+01   07.66074000e-02
  08.04128000e+01   06.62766000e+01   03.28811000e+01   09.44338000e-02
  08.42357000e+01   07.20742000e+01   02.81620000e+01   01.54319000e-02
  08.45547000e+01   06.43372000e+01   03.02775000e+01  -01.56515000e-02
  08.35002000e+01   06.94227000e+01   02.69254000e+01  -02.00050000e-02
  08.17729000e+01   06.98388000e+01   03.13385000e+01  -08.09918000e-02
  08.41579000e+01   06.89069000e+01   02.46560000e+01   04.03650000e-03
  08.29538000e+01   06.89483000e+01   02.93542000e+01  -01.43447000e-01
  08.08072000e+01   06.48270000e+01   03.08816000e+01   01.23287000e-02
  07.97728000e+01   06.71834000e+01   03.50517000e+01   02.21683000e-01
  08.15183000e+01   07.13552000e+01   03.31850000e+01  -05.42921000e-02
  08.04076000e+01   06.56623000e+01   02.77981000e+01   02.66866000e-02
  07.93771000e+01   06.26593000e+01   03.26728000e+01   04.35609000e-02
  07.92372000e+01   06.93156000e+01   03.74056000e+01   02.36507000e-02
  08.23911000e+01   07.35441000e+01   03.09344000e+01  -06.09964000e-02
  08.34533000e+01   06.37064000e+01   03.22777000e+01   08.71130000e-03
  08.25200000e+01   06.76011000e+01   02.93841000e+01   01.26858000e-01
  08.03608000e+01   06.50093000e+01   03.21964000e+01  -03.45042000e-02
  08.00331000e+01   06.85667000e+01   03.49282000e+01  -02.04376000e-01
  08.18837000e+01   07.10962000e+01   03.18807000e+01   07.60142000e-02
  08.41900000e+01   06.32749000e+01   02.98318000e+01   05.08730000e-03
  08.23355000e+01   06.93284000e+01   02.65146000e+01   06.92200000e-04
  08.41257000e+01   06.25189000e+01   03.29740000e+01   00.00000000e+00
  08.27768000e+01   06.65053000e+01   02.83553000e+01   07.64245000e-02
  07.97504000e+01   06.40244000e+01   03.30580000e+01  -04.66821000e-02
  07.98367000e+01   06.96022000e+01   03.60449000e+01   01.65461000e-02
  08.24783000e+01   07.20327000e+01   03.09460000e+01   05.49912000e-02
  08.43412000e+01   06.46377000e+01   03.15613000e+01   03.30200000e-04
  08.45659000e+01   06.92253000e+01   02.60806000e+01   04.02810000e-03
  08.34818000e+01   06.14162000e+01   03.34979000e+01   00.00000000e+00
  08.17312000e+01   06.54671000e+01   02.86725000e+01  -04.69336000e-02
  07.94529000e+01   06.47155000e+01   03.42980000e+01  -07.68710000e-03
  08.03887000e+01   07.07392000e+01   03.54402000e+01  -03.37389000e-02
  08.30325000e+01   07.11877000e+01   02.99915000e+01   03.64969000e-02
  08.35565000e+01   06.00213000e+01   03.28388000e+01   00.00000000e+00
  08.14735000e+01   06.57813000e+01   03.01282000e+01  -09.58259000e-02
  07.99062000e+01   06.61092000e+01   03.41353000e+01  -01.77941000e-01
  08.07923000e+01   07.04943000e+01   03.40145000e+01   06.74294000e-02
  08.26035000e+01   06.98640000e+01   03.02836000e+01   01.44326000e-01
  08.29720000e+01   06.14216000e+01   03.48955000e+01   00.00000000e+00
  08.39878000e+01   06.20387000e+01   03.58863000e+01   00.00000000e+00
  08.33210000e+01   06.23463000e+01   03.72773000e+01   00.00000000e+00
  08.44097000e+01   06.25980000e+01   03.83425000e+01   00.00000000e+00
  08.53780000e+01   06.13475000e+01   03.86192000e+01   00.00000000e+00
  08.37561000e+01   06.29003000e+01   03.97441000e+01   00.00000000e+00
  08.46903000e+01   06.34044000e+01   04.08403000e+01   00.00000000e+00
  08.39529000e+01   06.36995000e+01   04.21572000e+01   00.00000000e+00
  08.48249000e+01   06.40503000e+01   04.34481000e+01   00.00000000e+00
  08.41427000e+01   06.35321000e+01   04.47598000e+01   00.00000000e+00
  08.55578000e+01   06.54434000e+01   04.34235000e+01   00.00000000e+00
  08.45865000e+01   06.66375000e+01   04.36611000e+01   00.00000000e+00
  08.53526000e+01   06.79319000e+01   04.34634000e+01   00.00000000e+00
  08.46839000e+01   06.92818000e+01   04.38418000e+01   00.00000000e+00
  08.58032000e+01   07.03334000e+01   04.41143000e+01   00.00000000e+00
  08.36679000e+01   06.98317000e+01   04.27321000e+01   00.00000000e+00
  08.04784000e+01   06.91644000e+01   03.37703000e+01   03.65717000e-02
  08.09640000e+01   06.80839000e+01   03.20316000e+01  -06.37550000e-03
  08.18928000e+01   07.38389000e+01   03.00262000e+01   01.79582000e-02
  08.17794000e+01   07.39131000e+01   03.18136000e+01   01.23366000e-02
  08.34589000e+01   07.38277000e+01   03.09723000e+01   01.80857000e-02
  07.94690000e+01   06.83383000e+01   03.77335000e+01  -03.55350000e-03
  07.95039000e+01   07.00613000e+01   03.81292000e+01  -05.48890000e-03
  07.81441000e+01   06.95130000e+01   03.72598000e+01  -05.73590000e-03
  07.91618000e+01   06.27538000e+01   03.16397000e+01  -01.16015000e-02
  08.01168000e+01   06.19749000e+01   03.28664000e+01  -01.03548000e-02
  07.85099000e+01   06.22959000e+01   03.32128000e+01  -01.10806000e-02
  07.99512000e+01   06.47354000e+01   02.80501000e+01  -06.50300000e-03
  07.98312000e+01   06.64604000e+01   02.82965000e+01  -03.84930000e-03
  08.05495000e+01   06.56926000e+01   02.67221000e+01  -06.75510000e-03
  08.50960000e+01   06.88470000e+01   02.41832000e+01   06.96000000e-05
  08.35848000e+01   06.79683000e+01   02.45626000e+01  -02.56130000e-03
  08.34860000e+01   06.97227000e+01   02.43194000e+01  -08.86000000e-04
  08.17842000e+01   07.12880000e+01   03.76801000e+01   02.66600000e-04
  08.27986000e+01   07.20625000e+01   03.64346000e+01   02.07780000e-03
  08.19561000e+01   07.30104000e+01   03.76762000e+01   03.44650000e-03
  07.84707000e+01   06.28413000e+01   03.71792000e+01   02.98050000e-03
  07.99234000e+01   06.25575000e+01   03.60844000e+01  -05.01900000e-04
  08.60907000e+01   06.54715000e+01   02.93835000e+01  -05.40000000e-06
  08.49541000e+01   06.64286000e+01   03.02877000e+01  -02.73660000e-03
  08.06513000e+01   07.29466000e+01   03.54631000e+01   06.65000000e-04
  07.97677000e+01   07.22250000e+01   03.68369000e+01  -04.07950000e-03
  08.42326000e+01   06.51791000e+01   02.75738000e+01   01.58140000e-02
  08.48567000e+01   06.68676000e+01   02.77462000e+01   09.11190000e-03
  08.32752000e+01   07.08207000e+01   04.30563000e+01   00.00000000e+00
  08.41791000e+01   06.98363000e+01   04.17300000e+01   00.00000000e+00
  08.27986000e+01   06.92015000e+01   04.27376000e+01   00.00000000e+00
  08.64069000e+01   07.00663000e+01   04.49422000e+01   00.00000000e+00
  08.63567000e+01   07.04799000e+01   04.32024000e+01   00.00000000e+00
  08.53824000e+01   07.13306000e+01   04.42972000e+01   00.00000000e+00
  08.62584000e+01   06.78687000e+01   04.40084000e+01   00.00000000e+00
  08.56659000e+01   06.81292000e+01   04.24818000e+01   00.00000000e+00
  08.37171000e+01   06.66643000e+01   04.29669000e+01   00.00000000e+00
  08.42076000e+01   06.65938000e+01   04.47159000e+01   00.00000000e+00
  08.63409000e+01   06.54959000e+01   04.42109000e+01   00.00000000e+00
  08.59309000e+01   06.55505000e+01   04.23827000e+01   00.00000000e+00
  08.31492000e+01   06.37617000e+01   04.46164000e+01   00.00000000e+00
  08.43277000e+01   06.24645000e+01   04.50483000e+01   00.00000000e+00
  08.45236000e+01   06.40987000e+01   04.55475000e+01   00.00000000e+00
  08.33294000e+01   06.45028000e+01   04.17903000e+01   00.00000000e+00
  08.32540000e+01   06.28753000e+01   04.24046000e+01   00.00000000e+00
  08.53952000e+01   06.26250000e+01   04.10052000e+01   00.00000000e+00
  08.51882000e+01   06.42659000e+01   04.03937000e+01   00.00000000e+00
  08.30403000e+01   06.36820000e+01   03.95476000e+01   00.00000000e+00
  08.32357000e+01   06.20404000e+01   04.01024000e+01   00.00000000e+00
  08.19673000e+01   07.23288000e+01   03.35932000e+01   07.20400000e-04
  07.94260000e+01   06.68317000e+01   03.60203000e+01  -02.39543000e-02
  08.07324000e+01   06.37732000e+01   03.05763000e+01   04.89340000e-03
  08.48495000e+01   06.92475000e+01   02.86016000e+01  -02.28199000e-02
  07.77075000e+01   06.47047000e+01   03.56163000e+01  -01.51750000e-03
  08.61895000e+01   06.18455000e+01   03.92016000e+01   00.00000000e+00
  08.49505000e+01   06.05738000e+01   03.92564000e+01   00.00000000e+00
  08.57959000e+01   06.10457000e+01   03.75965000e+01   00.00000000e+00
  08.49897000e+01   06.33679000e+01   03.78902000e+01   00.00000000e+00
  08.27976000e+01   06.32260000e+01   03.71750000e+01   00.00000000e+00
  08.27495000e+01   06.14766000e+01   03.75011000e+01   00.00000000e+00
  08.46970000e+01   06.11944000e+01   03.59932000e+01   00.00000000e+00
  08.44734000e+01   06.28965000e+01   03.54665000e+01   00.00000000e+00
  08.21578000e+01   06.21592000e+01   03.47415000e+01   00.00000000e+00
  08.24627000e+01   06.05000000e+01   03.51705000e+01   00.00000000e+00
  08.42059000e+01   05.94749000e+01   03.34982000e+01   00.00000000e+00
  08.25044000e+01   05.97475000e+01   03.26192000e+01   00.00000000e+00
  08.40558000e+01   06.02709000e+01   03.18959000e+01   00.00000000e+00
  08.22519000e+01   06.45028000e+01   02.85390000e+01   05.57290000e-03
  08.25410000e+01   06.69144000e+01   02.73593000e+01  -01.28866000e-02
  08.52154000e+01   06.25389000e+01   03.32078000e+01   00.00000000e+00
  08.41685000e+01   06.91222000e+01   04.47778000e+01   00.00000000e+00
  08.29966000e+01   06.43689000e+01   03.31026000e+01  -01.99830000e-03
  08.27123000e+01   06.33012000e+01   03.16329000e+01  -01.85290000e-03
