  08.34873000e+01   06.56041000e+01   02.80615000e+01  -06.11779000e-02
  07.83513000e+01   06.39174000e+01   03.55217000e+01   01.75852000e-02
  08.04701000e+01   07.16353000e+01   03.61431000e+01   01.01800000e-02
  08.30757000e+01   07.06525000e+01   02.84857000e+01  -01.32723000e-02
  08.08926000e+01   06.67003000e+01   03.01025000e+01  -04.57645000e-02
  08.40807000e+01   06.53677000e+01   02.94707000e+01   02.46758000e-02
  07.87159000e+01   06.26607000e+01   03.59652000e+01  -01.71993000e-02
  08.17803000e+01   07.15314000e+01   03.69316000e+01  -09.39340000e-03
  08.32015000e+01   06.91348000e+01   02.81179000e+01   07.66074000e-02
  07.97761000e+01   06.58859000e+01   03.27322000e+01   09.44338000e-02
  08.35596000e+01   07.15683000e+01   02.78000000e+01   01.54319000e-02
  08.34588000e+01   06.42417000e+01   03.03045000e+01  -01.56515000e-02
  08.29211000e+01   06.90269000e+01   02.66578000e+01  -02.00050000e-02
  08.12996000e+01   06.94093000e+01   03.11854000e+01  -08.09918000e-02
  08.39825000e+01   06.88380000e+01   02.45259000e+01   04.03650000e-03
  08.22005000e+01   06.84615000e+01   02.90809000e+01  -01.43447000e-01
  07.98968000e+01   06.45229000e+01   03.07186000e+01   01.23287000e-02
  07.93147000e+01   06.68910000e+01   03.49464000e+01   02.21683000e-01
  08.11315000e+01   07.09397000e+01   03.31243000e+01  -05.42921000e-02
  07.95860000e+01   06.49928000e+01   02.74677000e+01   02.66866000e-02
  07.85048000e+01   06.23745000e+01   03.25527000e+01   04.35609000e-02
  07.92489000e+01   06.88889000e+01   03.74134000e+01   02.36507000e-02
  08.24806000e+01   07.29591000e+01   03.09313000e+01  -06.09964000e-02
  08.27347000e+01   06.36505000e+01   03.25166000e+01   08.71130000e-03
  08.17204000e+01   06.71615000e+01   02.91254000e+01   01.26858000e-01
  07.95212000e+01   06.47174000e+01   03.20916000e+01  -03.45042000e-02
  07.98324000e+01   06.81406000e+01   03.49223000e+01  -02.04376000e-01
  08.14547000e+01   07.06613000e+01   03.17533000e+01   07.60142000e-02
  08.31634000e+01   06.31637000e+01   02.98480000e+01   05.08730000e-03
  08.18587000e+01   06.93108000e+01   02.61231000e+01   06.92200000e-04
  08.37728000e+01   06.26038000e+01   03.29362000e+01   00.00000000e+00
  08.19635000e+01   06.60559000e+01   02.80901000e+01   07.64245000e-02
  07.89699000e+01   06.37858000e+01   03.30075000e+01  -04.66821000e-02
  07.98051000e+01   06.90959000e+01   03.59876000e+01   01.65461000e-02
  08.21308000e+01   07.15163000e+01   03.08304000e+01   05.49912000e-02
  08.32521000e+01   06.46962000e+01   03.16049000e+01   03.30200000e-04
  08.40920000e+01   06.87113000e+01   02.59877000e+01   04.02810000e-03
  08.35095000e+01   06.14819000e+01   03.36113000e+01   00.00000000e+00
  08.08145000e+01   06.50378000e+01   02.83838000e+01  -04.69336000e-02
  07.88173000e+01   06.44678000e+01   03.42585000e+01  -07.68710000e-03
  08.03510000e+01   07.03103000e+01   03.54153000e+01  -03.37389000e-02
  08.24548000e+01   07.06896000e+01   02.97438000e+01   03.64969000e-02
  08.29544000e+01   06.03365000e+01   03.28993000e+01   00.00000000e+00
  08.05124000e+01   06.54134000e+01   02.98451000e+01  -09.58259000e-02
  07.93320000e+01   06.57927000e+01   03.40137000e+01  -01.77941000e-01
  08.05912000e+01   07.00570000e+01   03.40581000e+01   06.74294000e-02
  08.19685000e+01   06.94164000e+01   03.00760000e+01   01.44326000e-01
  08.37856000e+01   06.13853000e+01   03.51134000e+01   00.00000000e+00
  08.27669000e+01   06.20427000e+01   03.60445000e+01   00.00000000e+00
  08.29104000e+01   06.14347000e+01   03.74728000e+01   00.00000000e+00
  08.41281000e+01   06.17787000e+01   03.83701000e+01   00.00000000e+00
  08.39533000e+01   06.09626000e+01   03.96157000e+01   00.00000000e+00
  08.41743000e+01   06.33205000e+01   03.87142000e+01   00.00000000e+00
  08.52336000e+01   06.37722000e+01   03.97602000e+01   00.00000000e+00
  08.45893000e+01   06.39759000e+01   04.11029000e+01   00.00000000e+00
  08.54981000e+01   06.39092000e+01   04.23222000e+01   00.00000000e+00
  08.50212000e+01   06.27438000e+01   04.32797000e+01   00.00000000e+00
  08.55952000e+01   06.52643000e+01   04.31041000e+01   00.00000000e+00
  08.61805000e+01   06.64942000e+01   04.23237000e+01   00.00000000e+00
  08.60550000e+01   06.78435000e+01   04.30667000e+01   00.00000000e+00
  08.46515000e+01   06.82916000e+01   04.35778000e+01   00.00000000e+00
  08.48263000e+01   06.97059000e+01   04.41869000e+01   00.00000000e+00
  08.35245000e+01   06.83267000e+01   04.24505000e+01   00.00000000e+00
  08.02158000e+01   06.87790000e+01   03.37761000e+01   03.65717000e-02
  08.03991000e+01   06.77628000e+01   03.19058000e+01  -06.37550000e-03
  08.18118000e+01   07.34600000e+01   03.16281000e+01   01.79582000e-02
  08.33948000e+01   07.31146000e+01   03.14252000e+01   01.23366000e-02
  08.23877000e+01   07.35825000e+01   02.99989000e+01   01.80857000e-02
  07.86507000e+01   06.98169000e+01   03.76089000e+01  -03.55350000e-03
  07.86741000e+01   06.79744000e+01   03.73362000e+01  -05.48890000e-03
  08.00419000e+01   06.87321000e+01   03.81823000e+01  -05.73590000e-03
  07.85705000e+01   06.23361000e+01   03.14723000e+01  -01.16015000e-02
  07.92625000e+01   06.16889000e+01   03.29836000e+01  -01.03548000e-02
  07.75253000e+01   06.20767000e+01   03.30515000e+01  -01.10806000e-02
  07.88673000e+01   06.44721000e+01   02.80133000e+01  -06.50300000e-03
  07.92247000e+01   06.60500000e+01   02.73052000e+01  -03.84930000e-03
  07.96515000e+01   06.44784000e+01   02.65253000e+01  -06.75510000e-03
  08.41127000e+01   06.98518000e+01   02.42090000e+01   06.96000000e-05
  08.49186000e+01   06.83456000e+01   02.40913000e+01  -02.56130000e-03
  08.30543000e+01   06.84454000e+01   02.41623000e+01  -08.86000000e-04
  08.18868000e+01   07.24480000e+01   03.73533000e+01   02.66600000e-04
  08.16603000e+01   07.07240000e+01   03.76953000e+01   02.07780000e-03
  08.26357000e+01   07.13955000e+01   03.63413000e+01   03.44650000e-03
  07.83550000e+01   06.21267000e+01   03.68848000e+01   02.98050000e-03
  07.95127000e+01   06.21210000e+01   03.54277000e+01  -05.01900000e-04
  08.51777000e+01   06.51627000e+01   02.92452000e+01  -05.40000000e-06
  08.42180000e+01   06.63130000e+01   02.99864000e+01  -02.73660000e-03
  08.04257000e+01   07.24392000e+01   03.53987000e+01   06.65000000e-04
  07.96461000e+01   07.17074000e+01   03.68767000e+01  -04.07950000e-03
  08.35189000e+01   06.46122000e+01   02.75402000e+01   01.58140000e-02
  08.39904000e+01   06.64214000e+01   02.75491000e+01   09.11190000e-03
  08.36981000e+01   06.90187000e+01   04.16694000e+01   00.00000000e+00
  08.32958000e+01   06.73493000e+01   04.19669000e+01   00.00000000e+00
  08.26032000e+01   06.86364000e+01   04.29775000e+01   00.00000000e+00
  08.57412000e+01   06.99858000e+01   04.47565000e+01   00.00000000e+00
  08.46462000e+01   07.05035000e+01   04.34697000e+01   00.00000000e+00
  08.40026000e+01   06.97651000e+01   04.49612000e+01   00.00000000e+00
  08.67142000e+01   06.77064000e+01   04.39569000e+01   00.00000000e+00
  08.63253000e+01   06.85437000e+01   04.23177000e+01   00.00000000e+00
  08.72346000e+01   06.62255000e+01   04.21205000e+01   00.00000000e+00
  08.55512000e+01   06.65331000e+01   04.14042000e+01   00.00000000e+00
  08.46267000e+01   06.55237000e+01   04.33097000e+01   00.00000000e+00
  08.60360000e+01   06.51198000e+01   04.40754000e+01   00.00000000e+00
  08.57070000e+01   06.27686000e+01   04.41043000e+01   00.00000000e+00
  08.40577000e+01   06.29580000e+01   04.37390000e+01   00.00000000e+00
  08.51413000e+01   06.18209000e+01   04.27313000e+01   00.00000000e+00
  08.40976000e+01   06.49815000e+01   04.10021000e+01   00.00000000e+00
  08.37624000e+01   06.32675000e+01   04.12585000e+01   00.00000000e+00
  08.60615000e+01   06.30474000e+01   03.98119000e+01   00.00000000e+00
  08.57079000e+01   06.47557000e+01   03.94473000e+01   00.00000000e+00
  08.44563000e+01   06.38847000e+01   03.78196000e+01   00.00000000e+00
  08.31852000e+01   06.37407000e+01   03.89855000e+01   00.00000000e+00
  08.15031000e+01   07.18670000e+01   03.35529000e+01   07.20400000e-04
  07.89955000e+01   06.65594000e+01   03.59435000e+01  -02.39543000e-02
  07.97340000e+01   06.35723000e+01   03.02127000e+01   04.89340000e-03
  08.41697000e+01   06.88286000e+01   02.84890000e+01  -02.28199000e-02
  07.76466000e+01   06.44636000e+01   03.61140000e+01  -01.51750000e-03
  08.30612000e+01   06.13054000e+01   04.01420000e+01   00.00000000e+00
  08.38255000e+01   05.99695000e+01   03.92617000e+01   00.00000000e+00
  08.48479000e+01   06.10629000e+01   04.02388000e+01   00.00000000e+00
  08.50333000e+01   06.15651000e+01   03.77724000e+01   00.00000000e+00
  08.20871000e+01   06.18653000e+01   03.79767000e+01   00.00000000e+00
  08.27906000e+01   06.03327000e+01   03.73729000e+01   00.00000000e+00
  08.28208000e+01   06.31152000e+01   03.59797000e+01   00.00000000e+00
  08.18407000e+01   06.17058000e+01   03.57091000e+01   00.00000000e+00
  08.38113000e+01   06.02942000e+01   03.52872000e+01   00.00000000e+00
  08.46865000e+01   06.18310000e+01   03.54094000e+01   00.00000000e+00
  08.19542000e+01   06.00681000e+01   03.31947000e+01   00.00000000e+00
  08.29643000e+01   06.04642000e+01   03.18181000e+01   00.00000000e+00
  08.35483000e+01   05.95133000e+01   03.31167000e+01   00.00000000e+00
  08.12627000e+01   06.40473000e+01   02.83953000e+01   05.57290000e-03
  08.16997000e+01   06.63361000e+01   02.70995000e+01  -01.28866000e-02
  08.47673000e+01   06.27303000e+01   03.25124000e+01   00.00000000e+00
  08.43333000e+01   06.75423000e+01   04.43212000e+01   00.00000000e+00
  08.21214000e+01   06.40128000e+01   03.33100000e+01  -01.99830000e-03
  08.20084000e+01   06.31304000e+01   03.19463000e+01  -01.85290000e-03
