  08.58917000e+01   06.47229000e+01   02.88651000e+01  -06.11779000e-02
  08.02909000e+01   06.34034000e+01   03.60048000e+01   01.75852000e-02
  08.27136000e+01   07.12332000e+01   03.60507000e+01   01.01800000e-02
  08.54169000e+01   06.98016000e+01   02.85827000e+01  -01.32723000e-02
  08.31404000e+01   06.59794000e+01   03.05749000e+01  -04.57645000e-02
  08.64060000e+01   06.44433000e+01   03.02907000e+01   02.46758000e-02
  07.92957000e+01   06.24565000e+01   03.60747000e+01  -01.71993000e-02
  08.39780000e+01   07.12034000e+01   03.68963000e+01  -09.39340000e-03
  08.54554000e+01   06.82464000e+01   02.82899000e+01   07.66074000e-02
  08.17356000e+01   06.54222000e+01   03.31586000e+01   09.44338000e-02
  08.59351000e+01   07.06531000e+01   02.78375000e+01   01.54319000e-02
  08.58140000e+01   06.31446000e+01   03.08682000e+01  -01.56515000e-02
  08.51373000e+01   06.79465000e+01   02.68673000e+01  -02.00050000e-02
  08.33968000e+01   06.87938000e+01   03.12710000e+01  -08.09918000e-02
  08.60823000e+01   06.75985000e+01   02.46492000e+01   04.03650000e-03
  08.44560000e+01   06.76580000e+01   02.93315000e+01  -01.43447000e-01
  08.22249000e+01   06.38296000e+01   03.13166000e+01   01.23287000e-02
  08.13089000e+01   06.63753000e+01   03.52969000e+01   02.21683000e-01
  08.31039000e+01   07.05066000e+01   03.30773000e+01  -05.42921000e-02
  08.20352000e+01   06.43290000e+01   02.81051000e+01   02.66866000e-02
  08.08154000e+01   06.18220000e+01   03.32168000e+01   04.35609000e-02
  08.12529000e+01   06.87959000e+01   03.74702000e+01   02.36507000e-02
  08.46037000e+01   07.23788000e+01   03.08556000e+01  -06.09964000e-02
  08.47538000e+01   06.20684000e+01   03.27679000e+01   08.71130000e-03
  08.40245000e+01   06.63450000e+01   02.95271000e+01   01.26858000e-01
  08.16789000e+01   06.41914000e+01   03.25803000e+01  -03.45042000e-02
  08.18701000e+01   06.77093000e+01   03.51381000e+01  -02.04376000e-01
  08.36018000e+01   07.01244000e+01   03.18100000e+01   07.60142000e-02
  08.57148000e+01   06.21194000e+01   03.02130000e+01   05.08730000e-03
  08.40061000e+01   06.78091000e+01   02.64567000e+01   06.92200000e-04
  08.52170000e+01   06.19382000e+01   03.41469000e+01   00.00000000e+00
  08.44464000e+01   06.52368000e+01   02.86377000e+01   07.64245000e-02
  08.09998000e+01   06.32617000e+01   03.34811000e+01  -04.66821000e-02
  08.18110000e+01   06.88444000e+01   03.60550000e+01   01.65461000e-02
  08.43363000e+01   07.09112000e+01   03.08293000e+01   05.49912000e-02
  08.54832000e+01   06.32619000e+01   03.22112000e+01   03.30200000e-04
  08.62825000e+01   06.77913000e+01   02.60930000e+01   04.02810000e-03
  08.45339000e+01   06.14503000e+01   03.51755000e+01   00.00000000e+00
  08.32827000e+01   06.42566000e+01   02.89846000e+01  -04.69336000e-02
  08.08425000e+01   06.38819000e+01   03.47476000e+01  -07.68710000e-03
  08.24671000e+01   06.99031000e+01   03.54247000e+01  -03.37389000e-02
  08.46855000e+01   06.99303000e+01   02.98211000e+01   03.64969000e-02
  08.47483000e+01   06.00078000e+01   03.55483000e+01   00.00000000e+00
  08.28649000e+01   06.46781000e+01   03.04000000e+01  -09.58259000e-02
  08.12567000e+01   06.52993000e+01   03.44545000e+01  -01.77941000e-01
  08.25446000e+01   06.95946000e+01   03.40563000e+01   06.74294000e-02
  08.40577000e+01   06.87140000e+01   03.01248000e+01   01.44326000e-01
  08.36701000e+01   06.23638000e+01   03.60205000e+01   00.00000000e+00
  08.38369000e+01   06.22717000e+01   03.75357000e+01   00.00000000e+00
  08.52790000e+01   06.24881000e+01   03.78577000e+01   00.00000000e+00
  08.55073000e+01   06.21455000e+01   03.93908000e+01   00.00000000e+00
  08.51834000e+01   06.06421000e+01   03.96182000e+01   00.00000000e+00
  08.48225000e+01   06.31578000e+01   04.03231000e+01   00.00000000e+00
  08.51332000e+01   06.29612000e+01   04.18106000e+01   00.00000000e+00
  08.44049000e+01   06.40792000e+01   04.25467000e+01   00.00000000e+00
  08.46879000e+01   06.43383000e+01   04.40412000e+01   00.00000000e+00
  08.42972000e+01   06.31325000e+01   04.49464000e+01   00.00000000e+00
  08.61708000e+01   06.47085000e+01   04.42726000e+01   00.00000000e+00
  08.66625000e+01   06.60649000e+01   04.38050000e+01   00.00000000e+00
  08.60676000e+01   06.73314000e+01   04.45681000e+01   00.00000000e+00
  08.65010000e+01   06.86768000e+01   04.39819000e+01   00.00000000e+00
  08.80358000e+01   06.89583000e+01   04.41665000e+01   00.00000000e+00
  08.61321000e+01   06.88367000e+01   04.24297000e+01   00.00000000e+00
  08.21989000e+01   06.82366000e+01   03.38862000e+01   03.65717000e-02
  08.24076000e+01   06.71723000e+01   03.21626000e+01  -06.37550000e-03
  08.54968000e+01   07.27117000e+01   03.14061000e+01   01.79582000e-02
  08.47158000e+01   07.27754000e+01   02.98255000e+01   01.23366000e-02
  08.38129000e+01   07.28569000e+01   03.13054000e+01   01.80857000e-02
  08.19628000e+01   06.93641000e+01   03.81172000e+01  -03.55350000e-03
  08.02103000e+01   06.91795000e+01   03.75992000e+01  -05.48890000e-03
  08.13031000e+01   06.77752000e+01   03.78420000e+01  -05.73590000e-03
  08.01768000e+01   06.17510000e+01   03.24002000e+01  -01.16015000e-02
  08.17496000e+01   06.13044000e+01   03.30922000e+01  -01.03548000e-02
  08.03242000e+01   06.14831000e+01   03.40770000e+01  -01.10806000e-02
  08.23143000e+01   06.41334000e+01   02.70536000e+01  -06.50300000e-03
  08.13524000e+01   06.36622000e+01   02.85062000e+01  -03.84930000e-03
  08.16235000e+01   06.53264000e+01   02.82208000e+01  -06.75510000e-03
  08.70114000e+01   06.75505000e+01   02.40848000e+01   06.96000000e-05
  08.54422000e+01   06.67110000e+01   02.45023000e+01  -02.56130000e-03
  08.56011000e+01   06.85262000e+01   02.41819000e+01  -08.86000000e-04
  08.48141000e+01   07.12456000e+01   03.62445000e+01   02.66600000e-04
  08.41738000e+01   07.20808000e+01   03.75562000e+01   02.07780000e-03
  08.39829000e+01   07.03416000e+01   03.74901000e+01   03.44650000e-03
  07.88552000e+01   06.22067000e+01   03.70950000e+01   02.98050000e-03
  07.87652000e+01   06.19918000e+01   03.51954000e+01  -05.01900000e-04
  08.74440000e+01   06.41274000e+01   03.03773000e+01  -05.40000000e-06
  08.62673000e+01   06.52346000e+01   03.10074000e+01  -02.73660000e-03
  08.25174000e+01   07.20912000e+01   03.54276000e+01   06.65000000e-04
  08.20055000e+01   07.13441000e+01   03.68875000e+01  -04.07950000e-03
  08.60943000e+01   06.38633000e+01   02.82610000e+01   01.58140000e-02
  08.65240000e+01   06.55189000e+01   02.84519000e+01   09.11190000e-03
  08.67701000e+01   06.81585000e+01   04.18449000e+01   00.00000000e+00
  08.51051000e+01   06.84622000e+01   04.22630000e+01   00.00000000e+00
  08.62545000e+01   06.98270000e+01   04.21430000e+01   00.00000000e+00
  08.86840000e+01   06.84281000e+01   04.34526000e+01   00.00000000e+00
  08.81306000e+01   07.00506000e+01   04.40763000e+01   00.00000000e+00
  08.83144000e+01   06.86768000e+01   04.51958000e+01   00.00000000e+00
  08.48905000e+01   06.73256000e+01   04.46067000e+01   00.00000000e+00
  08.62327000e+01   06.72994000e+01   04.56141000e+01   00.00000000e+00
  08.77603000e+01   06.60341000e+01   04.39237000e+01   00.00000000e+00
  08.63512000e+01   06.61078000e+01   04.27795000e+01   00.00000000e+00
  08.64447000e+01   06.45672000e+01   04.53237000e+01   00.00000000e+00
  08.68404000e+01   06.40245000e+01   04.37534000e+01   00.00000000e+00
  08.46644000e+01   06.32430000e+01   04.59632000e+01   00.00000000e+00
  08.32033000e+01   06.29502000e+01   04.49673000e+01   00.00000000e+00
  08.46967000e+01   06.20947000e+01   04.45927000e+01   00.00000000e+00
  08.42787000e+01   06.50767000e+01   04.20350000e+01   00.00000000e+00
  08.33613000e+01   06.37665000e+01   04.25689000e+01   00.00000000e+00
  08.48554000e+01   06.19837000e+01   04.22650000e+01   00.00000000e+00
  08.62046000e+01   06.30563000e+01   04.19359000e+01   00.00000000e+00
  08.51897000e+01   06.41536000e+01   04.00659000e+01   00.00000000e+00
  08.37471000e+01   06.32401000e+01   04.02616000e+01   00.00000000e+00
  08.32138000e+01   07.14686000e+01   03.35092000e+01   07.20400000e-04
  08.07808000e+01   06.62933000e+01   03.62251000e+01  -02.39543000e-02
  08.21784000e+01   06.27909000e+01   03.09816000e+01   04.89340000e-03
  08.65050000e+01   06.78639000e+01   02.84398000e+01  -02.28199000e-02
  08.05922000e+01   06.38620000e+01   03.69113000e+01  -01.51750000e-03
  08.41788000e+01   06.04658000e+01   03.96916000e+01   00.00000000e+00
  08.56224000e+01   05.99925000e+01   03.88712000e+01   00.00000000e+00
  08.56320000e+01   06.03551000e+01   04.06093000e+01   00.00000000e+00
  08.65628000e+01   06.23036000e+01   03.95868000e+01   00.00000000e+00
  08.59331000e+01   06.17161000e+01   03.73428000e+01   00.00000000e+00
  08.56327000e+01   06.34503000e+01   03.75508000e+01   00.00000000e+00
  08.30751000e+01   06.29674000e+01   03.79738000e+01   00.00000000e+00
  08.35626000e+01   06.11797000e+01   03.75568000e+01   00.00000000e+00
  08.38933000e+01   06.33875000e+01   03.56752000e+01   00.00000000e+00
  08.27058000e+01   06.20727000e+01   03.56408000e+01   00.00000000e+00
  08.51571000e+01   05.98392000e+01   03.65279000e+01   00.00000000e+00
  08.37345000e+01   05.95991000e+01   03.55739000e+01   00.00000000e+00
  08.52920000e+01   05.94747000e+01   03.48278000e+01   00.00000000e+00
  08.36370000e+01   06.32564000e+01   02.89766000e+01   05.57290000e-03
  08.43403000e+01   06.55808000e+01   02.76022000e+01  -01.28866000e-02
  08.61913000e+01   06.23987000e+01   03.44212000e+01   00.00000000e+00
  08.58732000e+01   06.94454000e+01   04.44688000e+01   00.00000000e+00
  08.36913000e+01   06.22409000e+01   03.27167000e+01  -01.99830000e-03
  08.49212000e+01   06.11317000e+01   03.22799000e+01  -01.85290000e-03
