  08.39966000e+01   06.41470000e+01   02.85697000e+01  -06.11779000e-02
  07.85149000e+01   06.25770000e+01   03.59193000e+01   01.75852000e-02
  08.06829000e+01   07.03155000e+01   03.63154000e+01   01.01800000e-02
  08.34403000e+01   06.89882000e+01   02.86021000e+01  -01.32723000e-02
  08.11890000e+01   06.52432000e+01   03.04412000e+01  -04.57645000e-02
  08.45011000e+01   06.39446000e+01   03.00339000e+01   02.46758000e-02
  07.77459000e+01   06.14908000e+01   03.62055000e+01  -01.71993000e-02
  08.20766000e+01   07.01486000e+01   03.70148000e+01  -09.39340000e-03
  08.34074000e+01   06.75349000e+01   02.83261000e+01   07.66074000e-02
  07.99877000e+01   06.44852000e+01   03.30101000e+01   09.44338000e-02
  08.41168000e+01   06.97686000e+01   02.78932000e+01   01.54319000e-02
  08.39635000e+01   06.27788000e+01   03.08804000e+01  -01.56515000e-02
  08.31915000e+01   06.73584000e+01   02.68272000e+01  -02.00050000e-02
  08.14703000e+01   06.79531000e+01   03.13743000e+01  -08.09918000e-02
  08.43905000e+01   06.70470000e+01   02.47393000e+01   04.03650000e-03
  08.24729000e+01   06.69416000e+01   02.93227000e+01  -01.43447000e-01
  08.03145000e+01   06.30032000e+01   03.11157000e+01   01.23287000e-02
  07.93051000e+01   06.54905000e+01   03.51874000e+01   02.21683000e-01
  08.14211000e+01   06.94939000e+01   03.31821000e+01  -05.42921000e-02
  08.01701000e+01   06.35658000e+01   02.78538000e+01   02.66866000e-02
  07.90622000e+01   06.08092000e+01   03.29327000e+01   04.35609000e-02
  07.90977000e+01   06.78434000e+01   03.73810000e+01   02.36507000e-02
  08.26090000e+01   07.15101000e+01   03.08698000e+01  -06.09964000e-02
  08.30401000e+01   06.21916000e+01   03.30537000e+01   08.71130000e-03
  08.20635000e+01   06.56357000e+01   02.94231000e+01   01.26858000e-01
  07.98114000e+01   06.32807000e+01   03.23743000e+01  -03.45042000e-02
  07.96578000e+01   06.68890000e+01   03.50491000e+01  -02.04376000e-01
  08.17472000e+01   06.92165000e+01   03.18918000e+01   07.60142000e-02
  08.37244000e+01   06.16447000e+01   03.04221000e+01   05.08730000e-03
  08.20852000e+01   06.73168000e+01   02.62947000e+01   06.92200000e-04
  08.39556000e+01   06.11114000e+01   03.37143000e+01   00.00000000e+00
  08.24854000e+01   06.46097000e+01   02.84304000e+01   07.64245000e-02
  07.91666000e+01   06.22749000e+01   03.33474000e+01  -04.66821000e-02
  07.96833000e+01   06.79204000e+01   03.60790000e+01   01.65461000e-02
  08.24541000e+01   07.00149000e+01   03.09023000e+01   05.49912000e-02
  08.37589000e+01   06.30893000e+01   03.21942000e+01   03.30200000e-04
  08.43248000e+01   06.72152000e+01   02.61971000e+01   04.02810000e-03
  08.34496000e+01   05.99120000e+01   03.40874000e+01   00.00000000e+00
  08.13738000e+01   06.35746000e+01   02.88224000e+01  -04.69336000e-02
  07.89686000e+01   06.30144000e+01   03.45635000e+01  -07.68710000e-03
  08.03693000e+01   06.90396000e+01   03.55329000e+01  -03.37389000e-02
  08.27216000e+01   06.91506000e+01   02.98540000e+01   03.64969000e-02
  08.35884000e+01   05.86200000e+01   03.33954000e+01   00.00000000e+00
  08.09864000e+01   06.38797000e+01   03.02875000e+01  -09.58259000e-02
  07.94228000e+01   06.43842000e+01   03.42891000e+01  -01.77941000e-01
  08.07525000e+01   06.86240000e+01   03.41614000e+01   06.74294000e-02
  08.21227000e+01   06.79418000e+01   03.02234000e+01   01.44326000e-01
  08.25758000e+01   05.98109000e+01   03.53105000e+01   00.00000000e+00
  08.27856000e+01   06.07861000e+01   03.64324000e+01   00.00000000e+00
  08.42050000e+01   06.05025000e+01   03.71063000e+01   00.00000000e+00
  08.46609000e+01   06.14623000e+01   03.83017000e+01   00.00000000e+00
  08.60993000e+01   06.10314000e+01   03.88033000e+01   00.00000000e+00
  08.36344000e+01   06.14450000e+01   03.95053000e+01   00.00000000e+00
  08.38599000e+01   06.25460000e+01   04.04713000e+01   00.00000000e+00
  08.27627000e+01   06.28930000e+01   04.14996000e+01   00.00000000e+00
  08.32318000e+01   06.39940000e+01   04.25751000e+01   00.00000000e+00
  08.43188000e+01   06.34998000e+01   04.35321000e+01   00.00000000e+00
  08.34799000e+01   06.53680000e+01   04.19395000e+01   00.00000000e+00
  08.32699000e+01   06.66060000e+01   04.28519000e+01   00.00000000e+00
  08.38983000e+01   06.78728000e+01   04.22943000e+01   00.00000000e+00
  08.54725000e+01   06.77938000e+01   04.21268000e+01   00.00000000e+00
  08.59289000e+01   06.91881000e+01   04.18014000e+01   00.00000000e+00
  08.62501000e+01   06.72408000e+01   04.33606000e+01   00.00000000e+00
  08.03142000e+01   06.73433000e+01   03.39498000e+01   03.65717000e-02
  08.05374000e+01   06.63504000e+01   03.21207000e+01  -06.37550000e-03
  08.17094000e+01   07.19319000e+01   03.05824000e+01   01.79582000e-02
  08.29333000e+01   07.20040000e+01   03.17227000e+01   01.23366000e-02
  08.33697000e+01   07.17375000e+01   03.00021000e+01   01.80857000e-02
  07.86636000e+01   06.68920000e+01   03.76094000e+01  -03.55350000e-03
  07.98110000e+01   06.81637000e+01   03.81430000e+01  -05.48890000e-03
  07.82501000e+01   06.85574000e+01   03.73289000e+01  -05.73590000e-03
  07.93159000e+01   06.03754000e+01   03.38579000e+01  -01.16015000e-02
  07.80117000e+01   06.05655000e+01   03.26396000e+01  -01.03548000e-02
  07.97999000e+01   06.04460000e+01   03.22225000e+01  -01.10806000e-02
  08.04168000e+01   06.34036000e+01   02.68655000e+01  -06.50300000e-03
  07.93999000e+01   06.28646000e+01   02.80966000e+01  -03.84930000e-03
  07.94764000e+01   06.44109000e+01   02.78973000e+01  -06.75510000e-03
  08.39637000e+01   06.78696000e+01   02.42738000e+01   06.96000000e-05
  08.53943000e+01   06.68919000e+01   02.42997000e+01  -02.56130000e-03
  08.37176000e+01   06.62658000e+01   02.45263000e+01  -08.86000000e-04
  08.27966000e+01   06.98128000e+01   03.62134000e+01   02.66600000e-04
  08.25412000e+01   07.09640000e+01   03.75710000e+01   02.07780000e-03
  08.19817000e+01   06.93438000e+01   03.77643000e+01   03.44650000e-03
  07.74614000e+01   06.11660000e+01   03.72314000e+01   02.98050000e-03
  07.71686000e+01   06.10365000e+01   03.54002000e+01  -05.01900000e-04
  08.55626000e+01   06.39691000e+01   02.99664000e+01  -05.40000000e-06
  08.41396000e+01   06.48016000e+01   03.06864000e+01  -02.73660000e-03
  08.06176000e+01   07.11682000e+01   03.56472000e+01   06.65000000e-04
  07.99640000e+01   07.04512000e+01   03.71619000e+01  -04.07950000e-03
  08.42501000e+01   06.32198000e+01   02.79615000e+01   01.58140000e-02
  08.46501000e+01   06.48844000e+01   02.80325000e+01   09.11190000e-03
  08.59294000e+01   06.62632000e+01   04.36107000e+01   00.00000000e+00
  08.73604000e+01   06.72126000e+01   04.31835000e+01   00.00000000e+00
  08.59619000e+01   06.80002000e+01   04.40749000e+01   00.00000000e+00
  08.70319000e+01   06.91899000e+01   04.17092000e+01   00.00000000e+00
  08.54708000e+01   06.95789000e+01   04.08582000e+01   00.00000000e+00
  08.57131000e+01   06.97302000e+01   04.27062000e+01   00.00000000e+00
  08.33286000e+01   06.82544000e+01   04.13879000e+01   00.00000000e+00
  08.37836000e+01   06.86408000e+01   04.30207000e+01   00.00000000e+00
  08.22494000e+01   06.67028000e+01   04.27623000e+01   00.00000000e+00
  08.35374000e+01   06.63472000e+01   04.38809000e+01   00.00000000e+00
  08.45200000e+01   06.53014000e+01   04.15008000e+01   00.00000000e+00
  08.28306000e+01   06.53087000e+01   04.10376000e+01   00.00000000e+00
  08.44885000e+01   06.41583000e+01   04.43778000e+01   00.00000000e+00
  08.42084000e+01   06.25045000e+01   04.39546000e+01   00.00000000e+00
  08.52809000e+01   06.34158000e+01   04.29603000e+01   00.00000000e+00
  08.18820000e+01   06.32789000e+01   04.10291000e+01   00.00000000e+00
  08.24982000e+01   06.19889000e+01   04.19664000e+01   00.00000000e+00
  08.46715000e+01   06.21230000e+01   04.11466000e+01   00.00000000e+00
  08.42879000e+01   06.34598000e+01   04.00825000e+01   00.00000000e+00
  08.27129000e+01   06.17866000e+01   03.91267000e+01   00.00000000e+00
  08.36710000e+01   06.05237000e+01   04.00684000e+01   00.00000000e+00
  08.15968000e+01   07.04430000e+01   03.36378000e+01   07.20400000e-04
  07.89311000e+01   06.51764000e+01   03.61444000e+01  -02.39543000e-02
  08.00837000e+01   06.20329000e+01   03.06432000e+01   04.89340000e-03
  08.44090000e+01   06.72032000e+01   02.85413000e+01  -02.28199000e-02
  07.88335000e+01   06.31784000e+01   03.67751000e+01  -01.51750000e-03
  08.66976000e+01   06.19576000e+01   03.91914000e+01   00.00000000e+00
  08.60376000e+01   06.02633000e+01   03.95830000e+01   00.00000000e+00
  08.66977000e+01   06.06847000e+01   03.79652000e+01   00.00000000e+00
  08.47094000e+01   06.24002000e+01   03.78166000e+01   00.00000000e+00
  08.40313000e+01   05.94747000e+01   03.74534000e+01   00.00000000e+00
  08.50063000e+01   06.05495000e+01   03.64214000e+01   00.00000000e+00
  08.26834000e+01   06.18535000e+01   03.60550000e+01   00.00000000e+00
  08.20449000e+01   06.06978000e+01   03.72166000e+01   00.00000000e+00
  08.15216000e+01   05.99858000e+01   03.50206000e+01   00.00000000e+00
  08.26767000e+01   05.88451000e+01   03.58049000e+01   00.00000000e+00
  08.43678000e+01   05.87214000e+01   03.26535000e+01   00.00000000e+00
  08.38038000e+01   05.77450000e+01   03.40667000e+01   00.00000000e+00
  08.27122000e+01   05.83992000e+01   03.28702000e+01   00.00000000e+00
  08.18821000e+01   06.25953000e+01   02.88014000e+01   05.57290000e-03
  08.22629000e+01   06.49432000e+01   02.73968000e+01  -01.28866000e-02
  08.49014000e+01   06.14665000e+01   03.41433000e+01   00.00000000e+00
  08.55292000e+01   06.70996000e+01   04.12664000e+01   00.00000000e+00
  08.24859000e+01   06.28074000e+01   03.37771000e+01  -01.99830000e-03
  08.23417000e+01   06.15843000e+01   03.24477000e+01  -01.85290000e-03
