  08.55831000e+01   06.60287000e+01   02.87952000e+01  -06.11779000e-02
  08.01744000e+01   06.47173000e+01   03.54628000e+01   01.75852000e-02
  08.22883000e+01   07.22581000e+01   03.67129000e+01   01.01800000e-02
  08.53003000e+01   07.15322000e+01   02.89358000e+01  -01.32723000e-02
  08.32139000e+01   06.74549000e+01   03.05512000e+01  -04.57645000e-02
  08.58760000e+01   06.55994000e+01   03.03097000e+01   02.46758000e-02
  07.92809000e+01   06.37418000e+01   03.54690000e+01  -01.71993000e-02
  08.37134000e+01   07.22833000e+01   03.73591000e+01  -09.39340000e-03
  08.52022000e+01   06.99901000e+01   02.84536000e+01   07.66074000e-02
  08.19957000e+01   06.67342000e+01   03.29558000e+01   09.44338000e-02
  08.57932000e+01   07.23575000e+01   02.82279000e+01   01.54319000e-02
  08.53063000e+01   06.43362000e+01   03.08292000e+01  -01.56515000e-02
  08.48138000e+01   06.99105000e+01   02.69787000e+01  -02.00050000e-02
  08.35904000e+01   07.02108000e+01   03.17266000e+01  -08.09918000e-02
  08.56923000e+01   06.98607000e+01   02.46569000e+01   04.03650000e-03
  08.44402000e+01   06.92393000e+01   02.95152000e+01  -01.43447000e-01
  08.21224000e+01   06.54308000e+01   03.09416000e+01   01.23287000e-02
  08.13975000e+01   06.75327000e+01   03.51227000e+01   02.21683000e-01
  08.33127000e+01   07.17228000e+01   03.36843000e+01  -05.42921000e-02
  08.17985000e+01   06.66029000e+01   02.78650000e+01   02.66866000e-02
  08.11639000e+01   06.30375000e+01   03.27825000e+01   04.35609000e-02
  08.09595000e+01   06.94693000e+01   03.76102000e+01   02.36507000e-02
  08.45272000e+01   07.38967000e+01   03.15173000e+01  -06.09964000e-02
  08.51011000e+01   06.28588000e+01   03.26467000e+01   08.71130000e-03
  08.39439000e+01   06.79050000e+01   02.95357000e+01   01.26858000e-01
  08.18143000e+01   06.55757000e+01   03.23084000e+01  -03.45042000e-02
  08.16878000e+01   06.88929000e+01   03.51839000e+01  -02.04376000e-01
  08.37308000e+01   07.14575000e+01   03.23330000e+01   07.60142000e-02
  08.46390000e+01   06.35214000e+01   03.01920000e+01   05.08730000e-03
  08.36606000e+01   06.96389000e+01   02.65175000e+01   06.92200000e-04
  08.54475000e+01   06.25437000e+01   03.41306000e+01   00.00000000e+00
  08.42284000e+01   06.68183000e+01   02.85248000e+01   07.64245000e-02
  08.12533000e+01   06.45858000e+01   03.31462000e+01  -04.66821000e-02
  08.15974000e+01   06.97943000e+01   03.62940000e+01   01.65461000e-02
  08.42872000e+01   07.23758000e+01   03.13762000e+01   05.49912000e-02
  08.56671000e+01   06.40769000e+01   03.21559000e+01   03.30200000e-04
  08.58957000e+01   07.00536000e+01   02.61185000e+01   04.02810000e-03
  08.48631000e+01   06.18406000e+01   03.51178000e+01   00.00000000e+00
  08.29778000e+01   06.59971000e+01   02.87396000e+01  -04.69336000e-02
  08.08851000e+01   06.52704000e+01   03.43118000e+01  -07.68710000e-03
  08.21741000e+01   07.09479000e+01   03.58969000e+01  -03.37389000e-02
  08.46585000e+01   07.15666000e+01   03.02764000e+01   03.64969000e-02
  08.49623000e+01   06.03475000e+01   03.51928000e+01   00.00000000e+00
  08.27064000e+01   06.63095000e+01   03.01746000e+01  -09.58259000e-02
  08.14732000e+01   06.65510000e+01   03.41940000e+01  -01.77941000e-01
  08.25919000e+01   07.07696000e+01   03.45108000e+01   06.74294000e-02
  08.41585000e+01   07.02278000e+01   03.05205000e+01   01.44326000e-01
  08.38072000e+01   06.25699000e+01   03.59293000e+01   00.00000000e+00
  08.42227000e+01   06.24368000e+01   03.73205000e+01   00.00000000e+00
  08.56050000e+01   06.31669000e+01   03.76307000e+01   00.00000000e+00
  08.62318000e+01   06.31489000e+01   03.91195000e+01   00.00000000e+00
  08.64832000e+01   06.16980000e+01   03.96003000e+01   00.00000000e+00
  08.54261000e+01   06.40299000e+01   04.00700000e+01   00.00000000e+00
  08.57668000e+01   06.40135000e+01   04.15842000e+01   00.00000000e+00
  08.48148000e+01   06.49952000e+01   04.23143000e+01   00.00000000e+00
  08.49511000e+01   06.50008000e+01   04.38322000e+01   00.00000000e+00
  08.45858000e+01   06.36598000e+01   04.45294000e+01   00.00000000e+00
  08.63301000e+01   06.55749000e+01   04.43977000e+01   00.00000000e+00
  08.69055000e+01   06.68628000e+01   04.38862000e+01   00.00000000e+00
  08.61247000e+01   06.80278000e+01   04.46261000e+01   00.00000000e+00
  08.62900000e+01   06.94367000e+01   04.40153000e+01   00.00000000e+00
  08.77030000e+01   06.99898000e+01   04.41737000e+01   00.00000000e+00
  08.56225000e+01   06.95440000e+01   04.26084000e+01   00.00000000e+00
  08.22429000e+01   06.95078000e+01   03.41371000e+01   03.65717000e-02
  08.25719000e+01   06.84653000e+01   03.22416000e+01  -06.37550000e-03
  08.41764000e+01   07.42873000e+01   03.24062000e+01   01.79582000e-02
  08.56114000e+01   07.38501000e+01   03.15568000e+01   01.23366000e-02
  08.42680000e+01   07.44767000e+01   03.06170000e+01   01.80857000e-02
  08.15453000e+01   06.87778000e+01   03.82240000e+01  -03.55350000e-03
  08.09697000e+01   07.03831000e+01   03.81595000e+01  -05.48890000e-03
  07.99147000e+01   06.91660000e+01   03.73773000e+01  -05.73590000e-03
  08.11972000e+01   06.24235000e+01   03.36765000e+01  -01.16015000e-02
  08.02345000e+01   06.28303000e+01   03.22546000e+01  -01.03548000e-02
  08.20285000e+01   06.27498000e+01   03.22101000e+01  -01.10806000e-02
  08.17208000e+01   06.59218000e+01   02.69185000e+01  -06.50300000e-03
  08.08189000e+01   06.65573000e+01   02.84005000e+01  -03.84930000e-03
  08.18966000e+01   06.76785000e+01   02.75593000e+01  -06.75510000e-03
  08.53466000e+01   06.88792000e+01   02.44932000e+01   06.96000000e-05
  08.48929000e+01   07.04609000e+01   02.43913000e+01  -02.56130000e-03
  08.65151000e+01   07.01088000e+01   02.39997000e+01  -08.86000000e-04
  08.37651000e+01   07.13540000e+01   03.79863000e+01   02.66600000e-04
  08.46018000e+01   07.23802000e+01   03.66630000e+01   02.07780000e-03
  08.36797000e+01   07.31607000e+01   03.80148000e+01   03.44650000e-03
  07.87685000e+01   06.34546000e+01   03.64402000e+01   02.98050000e-03
  07.90331000e+01   06.30597000e+01   03.46570000e+01  -05.01900000e-04
  08.70063000e+01   06.55314000e+01   03.03633000e+01  -05.40000000e-06
  08.57083000e+01   06.63927000e+01   03.10308000e+01  -02.73660000e-03
  08.20833000e+01   07.31229000e+01   03.60376000e+01   06.65000000e-04
  08.14628000e+01   07.23515000e+01   03.74393000e+01  -04.07950000e-03
  08.55748000e+01   06.51415000e+01   02.81196000e+01   01.58140000e-02
  08.64015000e+01   06.67332000e+01   02.86504000e+01   09.11190000e-03
  08.58305000e+01   07.05599000e+01   04.23131000e+01   00.00000000e+00
  08.59711000e+01   06.89510000e+01   04.18263000e+01   00.00000000e+00
  08.45793000e+01   06.93514000e+01   04.27163000e+01   00.00000000e+00
  08.83138000e+01   06.94749000e+01   04.34607000e+01   00.00000000e+00
  08.75706000e+01   07.10504000e+01   04.39748000e+01   00.00000000e+00
  08.80502000e+01   06.96909000e+01   04.51535000e+01   00.00000000e+00
  08.50480000e+01   06.78077000e+01   04.46196000e+01   00.00000000e+00
  08.64625000e+01   06.81411000e+01   04.56335000e+01   00.00000000e+00
  08.78692000e+01   06.69024000e+01   04.42799000e+01   00.00000000e+00
  08.69163000e+01   06.68744000e+01   04.27642000e+01   00.00000000e+00
  08.61059000e+01   06.55750000e+01   04.55008000e+01   00.00000000e+00
  08.71009000e+01   06.48577000e+01   04.42460000e+01   00.00000000e+00
  08.45787000e+01   06.38352000e+01   04.55822000e+01   00.00000000e+00
  08.35127000e+01   06.34398000e+01   04.42722000e+01   00.00000000e+00
  08.52511000e+01   06.28712000e+01   04.43606000e+01   00.00000000e+00
  08.48681000e+01   06.60055000e+01   04.18856000e+01   00.00000000e+00
  08.38417000e+01   06.46565000e+01   04.21163000e+01   00.00000000e+00
  08.56761000e+01   06.30444000e+01   04.20699000e+01   00.00000000e+00
  08.68303000e+01   06.43468000e+01   04.17256000e+01   00.00000000e+00
  08.54187000e+01   06.50752000e+01   03.96713000e+01   00.00000000e+00
  08.43864000e+01   06.37215000e+01   03.99367000e+01   00.00000000e+00
  08.36404000e+01   07.26900000e+01   03.41489000e+01   07.20400000e-04
  08.10232000e+01   06.71641000e+01   03.60710000e+01  -02.39543000e-02
  08.19523000e+01   06.44223000e+01   03.04702000e+01   04.89340000e-03
  08.62529000e+01   06.96329000e+01   02.84644000e+01  -02.28199000e-02
  08.02260000e+01   06.53211000e+01   03.63926000e+01  -01.51750000e-03
  08.67913000e+01   06.16833000e+01   04.06246000e+01   00.00000000e+00
  08.55327000e+01   06.12023000e+01   03.93806000e+01   00.00000000e+00
  08.72572000e+01   06.12687000e+01   03.89147000e+01   00.00000000e+00
  08.71814000e+01   06.36578000e+01   03.91469000e+01   00.00000000e+00
  08.63292000e+01   06.25998000e+01   03.69645000e+01   00.00000000e+00
  08.55477000e+01   06.42029000e+01   03.72463000e+01   00.00000000e+00
  08.34730000e+01   06.28577000e+01   03.80259000e+01   00.00000000e+00
  08.43580000e+01   06.13545000e+01   03.76925000e+01   00.00000000e+00
  08.37420000e+01   06.36570000e+01   03.57348000e+01   00.00000000e+00
  08.28316000e+01   06.21044000e+01   03.58035000e+01   00.00000000e+00
  08.49772000e+01   06.00016000e+01   03.42058000e+01   00.00000000e+00
  08.58051000e+01   06.00904000e+01   03.58370000e+01   00.00000000e+00
  08.41191000e+01   05.98513000e+01   03.56712000e+01   00.00000000e+00
  08.32060000e+01   06.49840000e+01   02.84901000e+01   05.57290000e-03
  08.42287000e+01   06.71859000e+01   02.74724000e+01  -01.28866000e-02
  08.63861000e+01   06.29890000e+01   03.44170000e+01   00.00000000e+00
  08.57092000e+01   07.01451000e+01   04.46295000e+01   00.00000000e+00
  08.39978000e+01   06.28097000e+01   03.25880000e+01  -01.99830000e-03
  08.53623000e+01   06.20618000e+01   03.19214000e+01  -01.85290000e-03
