  08.56959000e+01   06.48258000e+01   02.79127000e+01  -06.11779000e-02
  08.03307000e+01   06.35063000e+01   03.51914000e+01   01.75852000e-02
  08.26853000e+01   07.12128000e+01   03.55399000e+01   01.01800000e-02
  08.54264000e+01   06.99336000e+01   02.80281000e+01  -01.32723000e-02
  08.31183000e+01   06.60698000e+01   02.97496000e+01  -04.57645000e-02
  08.60680000e+01   06.43127000e+01   02.93238000e+01   02.46758000e-02
  08.02663000e+01   06.23042000e+01   03.57814000e+01  -01.71993000e-02
  08.41087000e+01   07.15171000e+01   03.56828000e+01  -09.39340000e-03
  08.53754000e+01   06.83448000e+01   02.76764000e+01   07.66074000e-02
  08.17285000e+01   06.54499000e+01   03.23811000e+01   09.44338000e-02
  08.60668000e+01   07.07575000e+01   02.73557000e+01   01.54319000e-02
  08.55190000e+01   06.30962000e+01   02.98913000e+01  -01.56515000e-02
  08.50266000e+01   06.82353000e+01   02.62627000e+01  -02.00050000e-02
  08.34029000e+01   06.89151000e+01   03.07110000e+01  -08.09918000e-02
  08.62305000e+01   06.77121000e+01   02.42331000e+01   04.03650000e-03
  08.43327000e+01   06.78547000e+01   02.86239000e+01  -01.43447000e-01
  08.20839000e+01   06.39873000e+01   03.03939000e+01   01.23287000e-02
  08.12626000e+01   06.64489000e+01   03.44955000e+01   02.21683000e-01
  08.32338000e+01   07.05165000e+01   03.25381000e+01  -05.42921000e-02
  08.18118000e+01   06.45456000e+01   02.70482000e+01   02.66866000e-02
  08.07133000e+01   06.17584000e+01   03.24045000e+01   04.35609000e-02
  08.12194000e+01   06.87049000e+01   03.67913000e+01   02.36507000e-02
  08.43497000e+01   07.24360000e+01   03.02187000e+01  -06.09964000e-02
  08.52806000e+01   06.17173000e+01   03.18069000e+01   08.71130000e-03
  08.39363000e+01   06.65330000e+01   02.87674000e+01   01.26858000e-01
  08.16457000e+01   06.42147000e+01   03.17178000e+01  -03.45042000e-02
  08.16846000e+01   06.77691000e+01   03.43200000e+01  -02.04376000e-01
  08.35529000e+01   07.01554000e+01   03.11990000e+01   07.60142000e-02
  08.48765000e+01   06.22502000e+01   02.92300000e+01   05.08730000e-03
  08.39803000e+01   06.80232000e+01   02.57496000e+01   06.92200000e-04
  08.57641000e+01   06.16759000e+01   03.32486000e+01   00.00000000e+00
  08.41930000e+01   06.53715000e+01   02.77433000e+01   07.64245000e-02
  08.11318000e+01   06.31993000e+01   03.27157000e+01  -04.66821000e-02
  08.17450000e+01   06.88155000e+01   03.53877000e+01   01.65461000e-02
  08.41924000e+01   07.09943000e+01   03.01872000e+01   05.49912000e-02
  08.58213000e+01   06.29339000e+01   03.11889000e+01   03.30200000e-04
  08.61780000e+01   06.81670000e+01   02.56276000e+01   04.02810000e-03
  08.49893000e+01   06.14341000e+01   03.42694000e+01   00.00000000e+00
  08.30279000e+01   06.43581000e+01   02.80164000e+01  -04.69336000e-02
  08.08498000e+01   06.39603000e+01   03.38887000e+01  -07.68710000e-03
  08.23723000e+01   06.99421000e+01   03.48157000e+01  -03.37389000e-02
  08.46463000e+01   07.01084000e+01   02.92616000e+01   03.64969000e-02
  08.47138000e+01   06.00170000e+01   03.47767000e+01   00.00000000e+00
  08.27264000e+01   06.48078000e+01   02.94453000e+01  -09.58259000e-02
  08.12904000e+01   06.53436000e+01   03.36800000e+01  -01.77941000e-01
  08.27140000e+01   06.95694000e+01   03.34575000e+01   06.74294000e-02
  08.40744000e+01   06.88794000e+01   02.95677000e+01   01.44326000e-01
  08.41585000e+01   06.24524000e+01   03.51261000e+01   00.00000000e+00
  08.43335000e+01   06.26095000e+01   03.66572000e+01   00.00000000e+00
  08.57774000e+01   06.29339000e+01   03.69589000e+01   00.00000000e+00
  08.61581000e+01   06.27955000e+01   03.85379000e+01   00.00000000e+00
  08.59540000e+01   06.13138000e+01   03.89762000e+01   00.00000000e+00
  08.55587000e+01   06.39119000e+01   03.94081000e+01   00.00000000e+00
  08.62011000e+01   06.39635000e+01   04.08022000e+01   00.00000000e+00
  08.55156000e+01   06.49898000e+01   04.17458000e+01   00.00000000e+00
  08.61367000e+01   06.49907000e+01   04.31043000e+01   00.00000000e+00
  08.59120000e+01   06.38052000e+01   04.40232000e+01   00.00000000e+00
  08.74403000e+01   06.57744000e+01   04.33546000e+01   00.00000000e+00
  08.76273000e+01   06.71253000e+01   04.26839000e+01   00.00000000e+00
  08.64357000e+01   06.80194000e+01   04.31082000e+01   00.00000000e+00
  08.61084000e+01   06.92708000e+01   04.22108000e+01   00.00000000e+00
  08.73244000e+01   06.99417000e+01   04.17271000e+01   00.00000000e+00
  08.50888000e+01   06.90616000e+01   04.11588000e+01   00.00000000e+00
  08.22363000e+01   06.83203000e+01   03.32501000e+01   03.65717000e-02
  08.24119000e+01   06.72500000e+01   03.14101000e+01  -06.37550000e-03
  08.54250000e+01   07.25916000e+01   03.02060000e+01   01.79582000e-02
  08.39038000e+01   07.28697000e+01   02.93643000e+01   01.23366000e-02
  08.40261000e+01   07.29275000e+01   03.10868000e+01   01.80857000e-02
  08.06600000e+01   06.95820000e+01   03.71011000e+01  -03.55350000e-03
  08.07431000e+01   06.77757000e+01   03.70353000e+01  -05.48890000e-03
  08.20849000e+01   06.86777000e+01   03.74119000e+01  -05.73590000e-03
  08.11656000e+01   06.10776000e+01   03.31446000e+01  -01.16015000e-02
  07.96327000e+01   06.16454000e+01   03.25570000e+01  -01.03548000e-02
  08.10642000e+01   06.13816000e+01   03.14935000e+01  -01.10806000e-02
  08.15725000e+01   06.55374000e+01   02.68204000e+01  -06.50300000e-03
  08.21426000e+01   06.40069000e+01   02.61251000e+01  -03.84930000e-03
  08.10092000e+01   06.40517000e+01   02.76179000e+01  -06.75510000e-03
  08.56979000e+01   06.83919000e+01   02.35609000e+01   06.96000000e-05
  08.72468000e+01   06.76645000e+01   02.39232000e+01  -02.56130000e-03
  08.57288000e+01   06.67413000e+01   02.42789000e+01  -08.86000000e-04
  08.40695000e+01   07.22856000e+01   03.65121000e+01   02.66600000e-04
  08.45791000e+01   07.06389000e+01   03.59718000e+01   02.07780000e-03
  08.46306000e+01   07.18163000e+01   03.47276000e+01   03.44650000e-03
  07.98435000e+01   06.22023000e+01   03.67968000e+01   02.98050000e-03
  08.06423000e+01   06.13661000e+01   03.52603000e+01  -05.01900000e-04
  08.71463000e+01   06.44877000e+01   02.94398000e+01  -05.40000000e-06
  08.56329000e+01   06.49644000e+01   03.00510000e+01  -02.73660000e-03
  08.21299000e+01   07.20330000e+01   03.51342000e+01   06.65000000e-04
  08.22388000e+01   07.11815000e+01   03.65219000e+01  -04.07950000e-03
  08.58679000e+01   06.40550000e+01   02.72092000e+01   01.58140000e-02
  08.63982000e+01   06.55421000e+01   02.75739000e+01   09.11190000e-03
  08.49173000e+01   06.99607000e+01   04.06770000e+01   00.00000000e+00
  08.54112000e+01   06.83878000e+01   04.03366000e+01   00.00000000e+00
  08.42257000e+01   06.86056000e+01   04.16527000e+01   00.00000000e+00
  08.79897000e+01   06.99795000e+01   04.26032000e+01   00.00000000e+00
  08.78176000e+01   06.93046000e+01   04.09715000e+01   00.00000000e+00
  08.71140000e+01   07.09249000e+01   04.12675000e+01   00.00000000e+00
  08.54525000e+01   06.74925000e+01   04.32472000e+01   00.00000000e+00
  08.67980000e+01   06.84984000e+01   04.40145000e+01   00.00000000e+00
  08.84836000e+01   06.77388000e+01   04.29505000e+01   00.00000000e+00
  08.78056000e+01   06.69531000e+01   04.16017000e+01   00.00000000e+00
  08.75864000e+01   06.58594000e+01   04.44562000e+01   00.00000000e+00
  08.82635000e+01   06.51276000e+01   04.30416000e+01   00.00000000e+00
  08.48568000e+01   06.38630000e+01   04.41910000e+01   00.00000000e+00
  08.61694000e+01   06.28485000e+01   04.35443000e+01   00.00000000e+00
  08.63485000e+01   06.40213000e+01   04.49976000e+01   00.00000000e+00
  08.53707000e+01   06.59983000e+01   04.13266000e+01   00.00000000e+00
  08.44844000e+01   06.45977000e+01   04.19575000e+01   00.00000000e+00
  08.62032000e+01   06.29604000e+01   04.13132000e+01   00.00000000e+00
  08.72322000e+01   06.42225000e+01   04.05981000e+01   00.00000000e+00
  08.57529000e+01   06.48209000e+01   03.88640000e+01   00.00000000e+00
  08.45074000e+01   06.37499000e+01   03.95219000e+01   00.00000000e+00
  08.34075000e+01   07.15346000e+01   03.29451000e+01   07.20400000e-04
  08.07342000e+01   06.62707000e+01   03.54648000e+01  -02.39543000e-02
  08.19519000e+01   06.30618000e+01   02.98051000e+01   04.89340000e-03
  08.63984000e+01   06.79275000e+01   02.78881000e+01  -02.28199000e-02
  07.99349000e+01   06.43789000e+01   03.56192000e+01  -01.51750000e-03
  08.63902000e+01   06.10867000e+01   04.00108000e+01   00.00000000e+00
  08.49183000e+01   06.11285000e+01   03.90208000e+01   00.00000000e+00
  08.62985000e+01   06.05761000e+01   03.82826000e+01   00.00000000e+00
  08.72129000e+01   06.29527000e+01   03.84600000e+01   00.00000000e+00
  08.64056000e+01   06.22156000e+01   03.64107000e+01   00.00000000e+00
  08.60333000e+01   06.39570000e+01   03.66208000e+01   00.00000000e+00
  08.36890000e+01   06.34596000e+01   03.69227000e+01   00.00000000e+00
  08.39439000e+01   06.17124000e+01   03.71037000e+01   00.00000000e+00
  08.42045000e+01   06.34074000e+01   03.47319000e+01   00.00000000e+00
  08.31650000e+01   06.22296000e+01   03.49472000e+01   00.00000000e+00
  08.37765000e+01   05.96558000e+01   03.44458000e+01   00.00000000e+00
  08.54140000e+01   05.93210000e+01   03.43425000e+01   00.00000000e+00
  08.47365000e+01   05.99001000e+01   03.58308000e+01   00.00000000e+00
  08.34292000e+01   06.34010000e+01   02.79929000e+01   05.57290000e-03
  08.40704000e+01   06.57994000e+01   02.67503000e+01  -01.28866000e-02
  08.68083000e+01   06.20141000e+01   03.32780000e+01   00.00000000e+00
  08.55781000e+01   06.99807000e+01   04.27955000e+01   00.00000000e+00
  08.42181000e+01   06.16037000e+01   03.17881000e+01  -01.99830000e-03
  08.57251000e+01   06.08074000e+01   03.12457000e+01  -01.85290000e-03
