  08.38689000e+01   06.57855000e+01   02.94784000e+01  -06.11779000e-02
  07.80692000e+01   06.45662000e+01   03.64941000e+01   01.75852000e-02
  08.01882000e+01   07.22844000e+01   03.67946000e+01   01.01800000e-02
  08.33198000e+01   07.09546000e+01   02.94676000e+01  -01.32723000e-02
  08.10314000e+01   06.70365000e+01   03.11297000e+01  -04.57645000e-02
  08.43333000e+01   06.54822000e+01   03.08915000e+01   02.46758000e-02
  07.78664000e+01   06.32589000e+01   03.69044000e+01  -01.71993000e-02
  08.15249000e+01   07.22394000e+01   03.76681000e+01  -09.39340000e-03
  08.34313000e+01   06.94305000e+01   02.92724000e+01   07.66074000e-02
  07.96657000e+01   06.64656000e+01   03.37510000e+01   09.44338000e-02
  08.38184000e+01   07.18157000e+01   02.87170000e+01   01.54319000e-02
  08.37190000e+01   06.43575000e+01   03.16744000e+01  -01.56515000e-02
  08.34916000e+01   06.89987000e+01   02.77882000e+01  -02.00050000e-02
  08.11974000e+01   06.98893000e+01   03.20507000e+01  -08.09918000e-02
  08.48349000e+01   06.87596000e+01   02.58546000e+01   04.03650000e-03
  08.23862000e+01   06.87869000e+01   03.01151000e+01  -01.43447000e-01
  08.00534000e+01   06.49429000e+01   03.18658000e+01   01.23287000e-02
  07.92547000e+01   06.74176000e+01   03.59156000e+01   02.21683000e-01
  08.08760000e+01   07.15665000e+01   03.37997000e+01  -05.42921000e-02
  08.01410000e+01   06.53210000e+01   02.86139000e+01   02.66866000e-02
  07.85712000e+01   06.28931000e+01   03.36779000e+01   04.35609000e-02
  07.89635000e+01   06.94930000e+01   03.81438000e+01   02.36507000e-02
  08.24266000e+01   07.34577000e+01   03.16995000e+01  -06.09964000e-02
  08.26033000e+01   06.38770000e+01   03.37507000e+01   08.71130000e-03
  08.19995000e+01   06.74422000e+01   03.01737000e+01   01.26858000e-01
  07.95834000e+01   06.51746000e+01   03.31765000e+01  -03.45042000e-02
  07.95682000e+01   06.88032000e+01   03.57071000e+01  -02.04376000e-01
  08.13567000e+01   07.12034000e+01   03.25392000e+01   07.60142000e-02
  08.34797000e+01   06.32322000e+01   03.12561000e+01   05.08730000e-03
  08.25531000e+01   06.86872000e+01   02.71297000e+01   06.92200000e-04
  08.33931000e+01   06.30670000e+01   03.46020000e+01   00.00000000e+00
  08.23682000e+01   06.62991000e+01   02.92820000e+01   07.64245000e-02
  07.89626000e+01   06.42399000e+01   03.40824000e+01  -04.66821000e-02
  07.94927000e+01   06.98206000e+01   03.67324000e+01   01.65461000e-02
  08.21152000e+01   07.19879000e+01   03.16205000e+01   05.49912000e-02
  08.34757000e+01   06.48198000e+01   03.29325000e+01   03.30200000e-04
  08.47492000e+01   06.89928000e+01   02.72988000e+01   04.02810000e-03
  08.29483000e+01   06.21409000e+01   03.54302000e+01   00.00000000e+00
  08.12760000e+01   06.52186000e+01   02.96269000e+01  -04.69336000e-02
  07.88039000e+01   06.49729000e+01   03.52377000e+01  -07.68710000e-03
  07.99687000e+01   07.09654000e+01   03.61322000e+01  -03.37389000e-02
  08.25253000e+01   07.11127000e+01   03.06821000e+01   03.64969000e-02
  08.29758000e+01   06.06511000e+01   03.50586000e+01   00.00000000e+00
  08.07474000e+01   06.57589000e+01   03.09725000e+01  -09.58259000e-02
  07.91958000e+01   06.63745000e+01   03.50260000e+01  -01.77941000e-01
  08.03417000e+01   07.06337000e+01   03.47550000e+01   06.74294000e-02
  08.20253000e+01   06.97797000e+01   03.09840000e+01   01.44326000e-01
  08.24560000e+01   06.25595000e+01   03.68640000e+01   00.00000000e+00
  08.35919000e+01   06.28061000e+01   03.78229000e+01   00.00000000e+00
  08.30987000e+01   06.29541000e+01   03.92898000e+01   00.00000000e+00
  08.39336000e+01   06.39334000e+01   04.00277000e+01   00.00000000e+00
  08.53471000e+01   06.33756000e+01   04.03240000e+01   00.00000000e+00
  08.32147000e+01   06.44179000e+01   04.12956000e+01   00.00000000e+00
  08.38998000e+01   06.56493000e+01   04.19983000e+01   00.00000000e+00
  08.29995000e+01   06.63071000e+01   04.30997000e+01   00.00000000e+00
  08.31672000e+01   06.78298000e+01   04.33448000e+01   00.00000000e+00
  08.23271000e+01   06.88164000e+01   04.24884000e+01   00.00000000e+00
  08.46234000e+01   06.82712000e+01   04.36383000e+01   00.00000000e+00
  08.46212000e+01   06.93241000e+01   04.47219000e+01   00.00000000e+00
  08.60322000e+01   07.00911000e+01   04.46840000e+01   00.00000000e+00
  08.63775000e+01   07.12588000e+01   04.56366000e+01   00.00000000e+00
  08.68329000e+01   07.08825000e+01   04.70411000e+01   00.00000000e+00
  08.74395000e+01   07.22590000e+01   04.50279000e+01   00.00000000e+00
  08.01289000e+01   06.93228000e+01   03.45457000e+01   03.65717000e-02
  08.03852000e+01   06.82210000e+01   03.28481000e+01  -06.37550000e-03
  08.22433000e+01   07.37770000e+01   03.26705000e+01   01.79582000e-02
  08.34783000e+01   07.35015000e+01   03.15704000e+01   01.23366000e-02
  08.19314000e+01   07.39344000e+01   03.08935000e+01   01.80857000e-02
  07.83142000e+01   06.85782000e+01   03.80922000e+01  -03.55350000e-03
  07.96260000e+01   06.93379000e+01   03.89829000e+01  -05.48890000e-03
  07.83166000e+01   07.03321000e+01   03.84910000e+01  -05.73590000e-03
  07.93625000e+01   06.21950000e+01   03.39789000e+01  -01.16015000e-02
  07.77943000e+01   06.27127000e+01   03.43401000e+01  -01.03548000e-02
  07.83475000e+01   06.28774000e+01   03.26178000e+01  -01.10806000e-02
  07.99140000e+01   06.63979000e+01   02.85386000e+01  -06.50300000e-03
  08.04199000e+01   06.48162000e+01   02.76901000e+01  -03.84930000e-03
  07.92517000e+01   06.47464000e+01   02.90248000e+01  -06.75510000e-03
  08.46012000e+01   06.96619000e+01   02.53237000e+01   06.96000000e-05
  08.58391000e+01   06.85323000e+01   02.56398000e+01  -02.56130000e-03
  08.43228000e+01   06.78394000e+01   02.55868000e+01  -08.86000000e-04
  08.13248000e+01   07.15578000e+01   03.84806000e+01   02.66600000e-04
  08.23698000e+01   07.19459000e+01   03.71091000e+01   02.07780000e-03
  08.15839000e+01   07.32066000e+01   03.81646000e+01   03.44650000e-03
  07.73414000e+01   06.30952000e+01   03.78366000e+01   02.98050000e-03
  07.81824000e+01   06.23180000e+01   03.63693000e+01  -05.01900000e-04
  08.54445000e+01   06.51819000e+01   03.08264000e+01  -05.40000000e-06
  08.42631000e+01   06.64271000e+01   03.14249000e+01  -02.73660000e-03
  08.01856000e+01   07.30938000e+01   03.61226000e+01   06.65000000e-04
  07.94099000e+01   07.23821000e+01   03.75331000e+01  -04.07950000e-03
  08.40366000e+01   06.48444000e+01   02.89800000e+01   01.58140000e-02
  08.45212000e+01   06.65473000e+01   02.89917000e+01   09.11190000e-03
  08.82361000e+01   07.17185000e+01   04.45989000e+01   00.00000000e+00
  08.70017000e+01   07.29041000e+01   04.42417000e+01   00.00000000e+00
  08.78324000e+01   07.28510000e+01   04.58538000e+01   00.00000000e+00
  08.76877000e+01   07.02040000e+01   04.70227000e+01   00.00000000e+00
  08.71095000e+01   07.17655000e+01   04.76823000e+01   00.00000000e+00
  08.60078000e+01   07.04741000e+01   04.76683000e+01   00.00000000e+00
  08.69123000e+01   06.94391000e+01   04.47897000e+01   00.00000000e+00
  08.61215000e+01   07.04983000e+01   04.36894000e+01   00.00000000e+00
  08.38395000e+01   07.00945000e+01   04.46230000e+01   00.00000000e+00
  08.45812000e+01   06.88099000e+01   04.56319000e+01   00.00000000e+00
  08.52934000e+01   06.73650000e+01   04.37752000e+01   00.00000000e+00
  08.49900000e+01   06.87761000e+01   04.27545000e+01   00.00000000e+00
  08.12993000e+01   06.88433000e+01   04.28350000e+01   00.00000000e+00
  08.29206000e+01   06.97445000e+01   04.25722000e+01   00.00000000e+00
  08.24290000e+01   06.84703000e+01   04.14333000e+01   00.00000000e+00
  08.19583000e+01   06.61390000e+01   04.28409000e+01   00.00000000e+00
  08.31987000e+01   06.57078000e+01   04.40729000e+01   00.00000000e+00
  08.47626000e+01   06.52352000e+01   04.25283000e+01   00.00000000e+00
  08.43552000e+01   06.63950000e+01   04.13360000e+01   00.00000000e+00
  08.22072000e+01   06.46909000e+01   04.10904000e+01   00.00000000e+00
  08.31684000e+01   06.35170000e+01   04.19063000e+01   00.00000000e+00
  08.09372000e+01   07.26523000e+01   03.40671000e+01   07.20400000e-04
  07.89372000e+01   06.71385000e+01   03.69210000e+01  -02.39543000e-02
  07.98858000e+01   06.39792000e+01   03.14803000e+01   04.89340000e-03
  08.43651000e+01   06.90770000e+01   02.98234000e+01  -02.28199000e-02
  07.75526000e+01   06.53343000e+01   03.71495000e+01  -01.51750000e-03
  08.54304000e+01   06.24855000e+01   04.10215000e+01   00.00000000e+00
  08.58636000e+01   06.30210000e+01   03.93732000e+01   00.00000000e+00
  08.59941000e+01   06.41419000e+01   04.07573000e+01   00.00000000e+00
  08.40390000e+01   06.48142000e+01   03.93740000e+01   00.00000000e+00
  08.21038000e+01   06.33562000e+01   03.92874000e+01   00.00000000e+00
  08.30933000e+01   06.19451000e+01   03.96684000e+01   00.00000000e+00
  08.43300000e+01   06.19571000e+01   03.78627000e+01   00.00000000e+00
  08.41128000e+01   06.37519000e+01   03.75597000e+01   00.00000000e+00
  08.19008000e+01   06.34759000e+01   03.67293000e+01   00.00000000e+00
  08.17246000e+01   06.17884000e+01   03.70920000e+01   00.00000000e+00
  08.37386000e+01   06.01039000e+01   03.56908000e+01   00.00000000e+00
  08.19594000e+01   06.02217000e+01   03.52459000e+01   00.00000000e+00
  08.32229000e+01   06.04453000e+01   03.39676000e+01   00.00000000e+00
  08.16577000e+01   06.42158000e+01   02.96424000e+01   05.57290000e-03
  08.21942000e+01   06.64975000e+01   02.82542000e+01  -01.28866000e-02
  08.45015000e+01   06.32295000e+01   03.46599000e+01   00.00000000e+00
  08.54361000e+01   07.18377000e+01   04.55578000e+01   00.00000000e+00
  08.20144000e+01   06.45839000e+01   03.43115000e+01  -01.99830000e-03
  08.18589000e+01   06.32582000e+01   03.32846000e+01  -01.85290000e-03
