  08.50464000e+01   06.59799000e+01   02.82956000e+01  -06.11779000e-02
  08.03897000e+01   06.40979000e+01   03.59730000e+01   01.75852000e-02
  08.19738000e+01   07.18223000e+01   03.63553000e+01   01.01800000e-02
  08.46838000e+01   07.09421000e+01   02.87171000e+01  -01.32723000e-02
  08.25548000e+01   06.69765000e+01   03.03487000e+01  -04.57645000e-02
  08.56848000e+01   06.56137000e+01   02.97320000e+01   02.46758000e-02
  08.04727000e+01   06.28293000e+01   03.64483000e+01  -01.71993000e-02
  08.30580000e+01   07.17025000e+01   03.74581000e+01  -09.39340000e-03
  08.46674000e+01   06.93923000e+01   02.82382000e+01   07.66074000e-02
  08.16509000e+01   06.61855000e+01   03.31224000e+01   09.44338000e-02
  08.52344000e+01   07.17924000e+01   02.79848000e+01   01.54319000e-02
  08.50866000e+01   06.44765000e+01   03.06179000e+01  -01.56515000e-02
  08.43119000e+01   06.93560000e+01   02.67884000e+01  -02.00050000e-02
  08.28307000e+01   06.96589000e+01   03.14790000e+01  -08.09918000e-02
  08.51580000e+01   06.93966000e+01   02.46424000e+01   04.03650000e-03
  08.37762000e+01   06.86584000e+01   02.93202000e+01  -01.43447000e-01
  08.18818000e+01   06.47834000e+01   03.11448000e+01   01.23287000e-02
  08.11679000e+01   06.70522000e+01   03.53735000e+01   02.21683000e-01
  08.24322000e+01   07.12471000e+01   03.32310000e+01  -05.42921000e-02
  08.12277000e+01   06.50719000e+01   02.79519000e+01   02.66866000e-02
  08.07231000e+01   06.25346000e+01   03.29818000e+01   04.35609000e-02
  08.10615000e+01   06.91515000e+01   03.76233000e+01   02.36507000e-02
  08.38067000e+01   07.33656000e+01   03.10685000e+01  -06.09964000e-02
  08.45034000e+01   06.36887000e+01   03.27898000e+01   08.71130000e-03
  08.33626000e+01   06.73590000e+01   02.93713000e+01   01.26858000e-01
  08.15377000e+01   06.50165000e+01   03.25141000e+01  -03.45042000e-02
  08.14977000e+01   06.83920000e+01   03.52021000e+01  -02.04376000e-01
  08.29347000e+01   07.09784000e+01   03.19258000e+01   07.60142000e-02
  08.47812000e+01   06.33916000e+01   03.01733000e+01   05.08730000e-03
  08.31892000e+01   06.90920000e+01   02.63794000e+01   06.92200000e-04
  08.55040000e+01   06.27345000e+01   03.34005000e+01   00.00000000e+00
  08.35591000e+01   06.63239000e+01   02.82495000e+01   07.64245000e-02
  08.09968000e+01   06.40135000e+01   03.33797000e+01  -04.66821000e-02
  08.13565000e+01   06.93832000e+01   03.61966000e+01   01.65461000e-02
  08.35352000e+01   07.18493000e+01   03.09830000e+01   05.49912000e-02
  08.51519000e+01   06.47108000e+01   03.19673000e+01   03.30200000e-04
  08.53460000e+01   06.97730000e+01   02.60285000e+01   04.02810000e-03
  08.52122000e+01   06.15586000e+01   03.39319000e+01   00.00000000e+00
  08.25671000e+01   06.52019000e+01   02.87329000e+01  -04.69336000e-02
  08.08926000e+01   06.46200000e+01   03.46629000e+01  -07.68710000e-03
  08.17854000e+01   07.05597000e+01   03.56202000e+01  -03.37389000e-02
  08.39395000e+01   07.09745000e+01   02.99387000e+01   03.64969000e-02
  08.50888000e+01   06.02366000e+01   03.31108000e+01   00.00000000e+00
  08.22935000e+01   06.57038000e+01   03.01537000e+01  -09.58259000e-02
  08.12725000e+01   06.59912000e+01   03.44084000e+01  -01.77941000e-01
  08.20591000e+01   07.03217000e+01   03.42242000e+01   06.74294000e-02
  08.35187000e+01   06.96182000e+01   03.02881000e+01   01.44326000e-01
  08.46860000e+01   06.15277000e+01   03.53433000e+01   00.00000000e+00
  08.54253000e+01   06.24624000e+01   03.63793000e+01   00.00000000e+00
  08.49897000e+01   06.22281000e+01   03.77885000e+01   00.00000000e+00
  08.58228000e+01   06.29838000e+01   03.88688000e+01   00.00000000e+00
  08.72781000e+01   06.24117000e+01   03.91451000e+01   00.00000000e+00
  08.49785000e+01   06.31652000e+01   04.01800000e+01   00.00000000e+00
  08.56249000e+01   06.39285000e+01   04.14110000e+01   00.00000000e+00
  08.45124000e+01   06.44202000e+01   04.23141000e+01   00.00000000e+00
  08.46166000e+01   06.46101000e+01   04.38760000e+01   00.00000000e+00
  08.43931000e+01   06.32589000e+01   04.46679000e+01   00.00000000e+00
  08.59334000e+01   06.52995000e+01   04.42501000e+01   00.00000000e+00
  08.60287000e+01   06.67755000e+01   04.39210000e+01   00.00000000e+00
  08.72711000e+01   06.73458000e+01   04.46052000e+01   00.00000000e+00
  08.76600000e+01   06.87947000e+01   04.42358000e+01   00.00000000e+00
  08.64342000e+01   06.96940000e+01   04.42897000e+01   00.00000000e+00
  08.87142000e+01   06.92886000e+01   04.51997000e+01   00.00000000e+00
  08.17472000e+01   06.89576000e+01   03.39870000e+01   03.65717000e-02
  08.20661000e+01   06.80028000e+01   03.22035000e+01  -06.37550000e-03
  08.35726000e+01   07.38276000e+01   03.01319000e+01   01.79582000e-02
  08.30939000e+01   07.38577000e+01   03.17877000e+01   01.23366000e-02
  08.48435000e+01   07.35398000e+01   03.14288000e+01   01.80857000e-02
  08.01830000e+01   06.84510000e+01   03.76914000e+01  -03.55350000e-03
  08.18631000e+01   06.85462000e+01   03.80467000e+01  -05.48890000e-03
  08.08911000e+01   07.00971000e+01   03.81823000e+01  -05.73590000e-03
  08.04318000e+01   06.23676000e+01   03.19137000e+01  -01.16015000e-02
  08.16504000e+01   06.21409000e+01   03.32568000e+01  -01.03548000e-02
  07.98669000e+01   06.22188000e+01   03.35755000e+01  -01.10806000e-02
  08.05625000e+01   06.59391000e+01   02.80193000e+01  -06.50300000e-03
  08.15504000e+01   06.47989000e+01   02.69080000e+01  -03.84930000e-03
  08.05294000e+01   06.42684000e+01   02.83991000e+01  -06.75510000e-03
  08.61045000e+01   06.96401000e+01   02.42173000e+01   06.96000000e-05
  08.48878000e+01   06.83568000e+01   02.45271000e+01  -02.56130000e-03
  08.44217000e+01   06.99852000e+01   02.41484000e+01  -08.86000000e-04
  08.39582000e+01   07.13214000e+01   03.70271000e+01   02.66600000e-04
  08.33088000e+01   07.26631000e+01   03.79336000e+01   02.07780000e-03
  08.27919000e+01   07.09541000e+01   03.81495000e+01   03.44650000e-03
  07.99376000e+01   06.24926000e+01   03.73848000e+01   02.98050000e-03
  08.10789000e+01   06.20900000e+01   03.59314000e+01  -05.01900000e-04
  08.67285000e+01   06.53302000e+01   02.95729000e+01  -05.40000000e-06
  08.56977000e+01   06.65571000e+01   03.02966000e+01  -02.73660000e-03
  08.22547000e+01   07.26224000e+01   03.56795000e+01   06.65000000e-04
  08.10482000e+01   07.21956000e+01   03.68247000e+01  -04.07950000e-03
  08.52160000e+01   06.51160000e+01   02.76216000e+01   01.58140000e-02
  08.55520000e+01   06.68456000e+01   02.78799000e+01   09.11190000e-03
  08.95429000e+01   06.86266000e+01   04.52871000e+01   00.00000000e+00
  08.91502000e+01   07.02847000e+01   04.49640000e+01   00.00000000e+00
  08.82718000e+01   06.93527000e+01   04.61992000e+01   00.00000000e+00
  08.59351000e+01   06.94234000e+01   04.51311000e+01   00.00000000e+00
  08.67300000e+01   07.07376000e+01   04.42822000e+01   00.00000000e+00
  08.57489000e+01   06.95693000e+01   04.35487000e+01   00.00000000e+00
  08.71121000e+01   06.72442000e+01   04.56927000e+01   00.00000000e+00
  08.82130000e+01   06.69210000e+01   04.43294000e+01   00.00000000e+00
  08.60542000e+01   06.69800000e+01   04.28258000e+01   00.00000000e+00
  08.51748000e+01   06.71934000e+01   04.44362000e+01   00.00000000e+00
  08.58938000e+01   06.52521000e+01   04.53099000e+01   00.00000000e+00
  08.67897000e+01   06.48209000e+01   04.37284000e+01   00.00000000e+00
  08.34092000e+01   06.28517000e+01   04.44381000e+01   00.00000000e+00
  08.50932000e+01   06.24866000e+01   04.43876000e+01   00.00000000e+00
  08.43821000e+01   06.33783000e+01   04.57968000e+01   00.00000000e+00
  08.41443000e+01   06.54053000e+01   04.19998000e+01   00.00000000e+00
  08.35864000e+01   06.38526000e+01   04.21311000e+01   00.00000000e+00
  08.61622000e+01   06.32488000e+01   04.19892000e+01   00.00000000e+00
  08.64194000e+01   06.46532000e+01   04.11018000e+01   00.00000000e+00
  08.40297000e+01   06.36655000e+01   03.99791000e+01   00.00000000e+00
  08.49097000e+01   06.21281000e+01   04.05285000e+01   00.00000000e+00
  08.25453000e+01   07.22885000e+01   03.35550000e+01   07.20400000e-04
  08.06891000e+01   06.67073000e+01   03.63075000e+01  -02.39543000e-02
  08.18517000e+01   06.37007000e+01   03.08978000e+01   04.89340000e-03
  08.56565000e+01   06.89489000e+01   02.83887000e+01  -02.28199000e-02
  07.98217000e+01   06.47874000e+01   03.65565000e+01  -01.51750000e-03
  08.78103000e+01   06.30107000e+01   03.98688000e+01   00.00000000e+00
  08.73172000e+01   06.13400000e+01   03.94020000e+01   00.00000000e+00
  08.77962000e+01   06.23791000e+01   03.81738000e+01   00.00000000e+00
  08.60875000e+01   06.39646000e+01   03.84537000e+01   00.00000000e+00
  08.39195000e+01   06.24478000e+01   03.79126000e+01   00.00000000e+00
  08.50627000e+01   06.11986000e+01   03.80910000e+01   00.00000000e+00
  08.65229000e+01   06.22662000e+01   03.63567000e+01   00.00000000e+00
  08.50147000e+01   06.34451000e+01   03.62139000e+01   00.00000000e+00
  08.36199000e+01   06.16469000e+01   03.53796000e+01   00.00000000e+00
  08.48923000e+01   06.05056000e+01   03.57627000e+01   00.00000000e+00
  08.41506000e+01   05.97999000e+01   03.34143000e+01   00.00000000e+00
  08.49923000e+01   06.04831000e+01   03.20837000e+01   00.00000000e+00
  08.58875000e+01   05.95378000e+01   03.32151000e+01   00.00000000e+00
  08.30864000e+01   06.42451000e+01   02.85287000e+01   05.57290000e-03
  08.33239000e+01   06.66935000e+01   02.72575000e+01  -01.28866000e-02
  08.65448000e+01   06.30056000e+01   03.35011000e+01   00.00000000e+00
  08.80083000e+01   06.89539000e+01   04.31911000e+01   00.00000000e+00
  08.41653000e+01   06.42941000e+01   03.36212000e+01  -01.99830000e-03
  08.37579000e+01   06.32005000e+01   03.22039000e+01  -01.85290000e-03
