  08.45354000e+01   06.38836000e+01   02.84854000e+01  -06.11779000e-02
  07.92176000e+01   06.26617000e+01   03.58194000e+01   01.75852000e-02
  08.09659000e+01   07.05183000e+01   03.58392000e+01   01.01800000e-02
  08.40262000e+01   06.89301000e+01   02.82877000e+01  -01.32723000e-02
  08.17751000e+01   06.51367000e+01   03.02965000e+01  -04.57645000e-02
  08.51646000e+01   06.38712000e+01   02.98843000e+01   02.46758000e-02
  07.84013000e+01   06.16021000e+01   03.62327000e+01  -01.71993000e-02
  08.22943000e+01   07.03912000e+01   03.66176000e+01  -09.39340000e-03
  08.41562000e+01   06.73487000e+01   02.81475000e+01   07.66074000e-02
  08.05962000e+01   06.45284000e+01   03.29371000e+01   09.44338000e-02
  08.45500000e+01   06.97392000e+01   02.75635000e+01   01.54319000e-02
  08.45818000e+01   06.27464000e+01   03.07893000e+01  -01.56515000e-02
  08.39168000e+01   06.70516000e+01   02.66357000e+01  -02.00050000e-02
  08.19780000e+01   06.79420000e+01   03.10536000e+01  -08.09918000e-02
  08.49238000e+01   06.65204000e+01   02.45064000e+01   04.03650000e-03
  08.31203000e+01   06.68297000e+01   02.91535000e+01  -01.43447000e-01
  08.07374000e+01   06.30267000e+01   03.10142000e+01   01.23287000e-02
  08.02059000e+01   06.55908000e+01   03.51411000e+01   02.21683000e-01
  08.15944000e+01   06.96810000e+01   03.27632000e+01  -05.42921000e-02
  08.08668000e+01   06.31386000e+01   02.77163000e+01   02.66866000e-02
  07.97654000e+01   06.08948000e+01   03.29906000e+01   04.35609000e-02
  07.98802000e+01   06.78189000e+01   03.73025000e+01   02.36507000e-02
  08.29336000e+01   07.15166000e+01   03.03784000e+01  -06.09964000e-02
  08.33672000e+01   06.22949000e+01   03.28369000e+01   08.71130000e-03
  08.26666000e+01   06.55346000e+01   02.93221000e+01   01.26858000e-01
  08.04184000e+01   06.33518000e+01   03.23297000e+01  -03.45042000e-02
  08.04071000e+01   06.69408000e+01   03.48764000e+01  -02.04376000e-01
  08.20776000e+01   06.93191000e+01   03.14752000e+01   07.60142000e-02
  08.45553000e+01   06.15734000e+01   03.04927000e+01   05.08730000e-03
  08.27963000e+01   06.69208000e+01   02.61471000e+01   06.92200000e-04
  08.42754000e+01   06.14507000e+01   03.36386000e+01   00.00000000e+00
  08.30558000e+01   06.43619000e+01   02.84121000e+01   07.64245000e-02
  07.98620000e+01   06.23860000e+01   03.32404000e+01  -04.66821000e-02
  08.03844000e+01   06.80094000e+01   03.58383000e+01   01.65461000e-02
  08.27398000e+01   07.00572000e+01   03.04424000e+01   05.49912000e-02
  08.42053000e+01   06.31853000e+01   03.20416000e+01   03.30200000e-04
  08.50753000e+01   06.67599000e+01   02.59142000e+01   04.02810000e-03
  08.38384000e+01   06.03143000e+01   03.42020000e+01   00.00000000e+00
  08.19944000e+01   06.33105000e+01   02.88248000e+01  -04.69336000e-02
  07.97077000e+01   06.30780000e+01   03.44864000e+01  -07.68710000e-03
  08.06918000e+01   06.91940000e+01   03.51386000e+01  -03.37389000e-02
  08.31817000e+01   06.91331000e+01   02.94862000e+01   03.64969000e-02
  08.37969000e+01   05.90772000e+01   03.33919000e+01   00.00000000e+00
  08.13866000e+01   06.38395000e+01   03.00601000e+01  -09.58259000e-02
  08.01883000e+01   06.44141000e+01   03.42211000e+01  -01.77941000e-01
  08.10593000e+01   06.88032000e+01   03.37689000e+01   06.74294000e-02
  08.26991000e+01   06.78927000e+01   02.99082000e+01   01.44326000e-01
  08.32589000e+01   06.04000000e+01   03.56060000e+01   00.00000000e+00
  08.41858000e+01   06.10276000e+01   03.66541000e+01   00.00000000e+00
  08.36782000e+01   06.10241000e+01   03.81360000e+01   00.00000000e+00
  08.45952000e+01   06.18050000e+01   03.90913000e+01   00.00000000e+00
  08.56999000e+01   06.08251000e+01   03.95630000e+01   00.00000000e+00
  08.37658000e+01   06.22556000e+01   04.03329000e+01   00.00000000e+00
  08.44511000e+01   06.31654000e+01   04.13740000e+01   00.00000000e+00
  08.35792000e+01   06.42471000e+01   04.19068000e+01   00.00000000e+00
  08.41658000e+01   06.51178000e+01   04.29967000e+01   00.00000000e+00
  08.47202000e+01   06.43769000e+01   04.42113000e+01   00.00000000e+00
  08.35171000e+01   06.65459000e+01   04.31616000e+01   00.00000000e+00
  08.44192000e+01   06.76917000e+01   04.34938000e+01   00.00000000e+00
  08.53103000e+01   06.81082000e+01   04.23350000e+01   00.00000000e+00
  08.65494000e+01   06.72319000e+01   04.19788000e+01   00.00000000e+00
  08.74051000e+01   06.77723000e+01   04.08385000e+01   00.00000000e+00
  08.74166000e+01   06.71251000e+01   04.32144000e+01   00.00000000e+00
  08.07224000e+01   06.74732000e+01   03.36081000e+01   03.65717000e-02
  08.10661000e+01   06.62825000e+01   03.19026000e+01  -06.37550000e-03
  08.22958000e+01   07.19704000e+01   02.97097000e+01   01.79582000e-02
  08.28273000e+01   07.19743000e+01   03.13643000e+01   01.23366000e-02
  08.39650000e+01   07.17540000e+01   03.01477000e+01   01.80857000e-02
  07.90841000e+01   06.85024000e+01   03.75206000e+01  -03.55350000e-03
  07.94163000e+01   06.68611000e+01   03.75039000e+01  -05.48890000e-03
  08.07047000e+01   06.80317000e+01   03.79239000e+01  -05.73590000e-03
  07.92451000e+01   06.07133000e+01   03.20567000e+01  -01.16015000e-02
  08.08003000e+01   06.04112000e+01   03.29311000e+01  -01.03548000e-02
  07.93444000e+01   06.03195000e+01   03.38114000e+01  -01.10806000e-02
  08.04509000e+01   06.40994000e+01   02.73242000e+01  -06.50300000e-03
  08.12773000e+01   06.24347000e+01   02.69889000e+01  -03.84930000e-03
  07.99843000e+01   06.27224000e+01   02.82531000e+01  -06.75510000e-03
  08.45265000e+01   06.54830000e+01   02.44205000e+01   06.96000000e-05
  08.42448000e+01   06.73550000e+01   02.42017000e+01  -02.56130000e-03
  08.59439000e+01   06.64836000e+01   02.40847000e+01  -08.86000000e-04
  08.23200000e+01   07.12846000e+01   03.72852000e+01   02.66600000e-04
  08.24265000e+01   06.93997000e+01   03.71939000e+01   02.07780000e-03
  08.31692000e+01   07.04361000e+01   03.59447000e+01   03.44650000e-03
  07.80530000e+01   06.15135000e+01   03.72884000e+01   02.98050000e-03
  07.79921000e+01   06.08185000e+01   03.55656000e+01  -05.01900000e-04
  08.62174000e+01   06.37201000e+01   02.97746000e+01  -05.40000000e-06
  08.49724000e+01   06.48255000e+01   03.02452000e+01  -02.73660000e-03
  08.09777000e+01   07.13268000e+01   03.50743000e+01   06.65000000e-04
  08.00783000e+01   07.07277000e+01   03.64365000e+01  -04.07950000e-03
  08.45487000e+01   06.29575000e+01   02.80100000e+01   01.58140000e-02
  08.50953000e+01   06.45915000e+01   02.78332000e+01   09.11190000e-03
  08.75745000e+01   06.81367000e+01   04.36695000e+01   00.00000000e+00
  08.69386000e+01   06.65661000e+01   04.40121000e+01   00.00000000e+00
  08.83893000e+01   06.65709000e+01   04.29471000e+01   00.00000000e+00
  08.78128000e+01   06.87550000e+01   04.09982000e+01   00.00000000e+00
  08.82702000e+01   06.71189000e+01   04.06886000e+01   00.00000000e+00
  08.67247000e+01   06.77428000e+01   03.98942000e+01   00.00000000e+00
  08.47446000e+01   06.83399000e+01   04.14188000e+01   00.00000000e+00
  08.57884000e+01   06.89532000e+01   04.28073000e+01   00.00000000e+00
  08.38705000e+01   06.85942000e+01   04.36833000e+01   00.00000000e+00
  08.48993000e+01   06.74721000e+01   04.44357000e+01   00.00000000e+00
  08.30226000e+01   06.68635000e+01   04.22320000e+01   00.00000000e+00
  08.28312000e+01   06.64338000e+01   04.39874000e+01   00.00000000e+00
  08.52699000e+01   06.51204000e+01   04.48158000e+01   00.00000000e+00
  08.39105000e+01   06.39909000e+01   04.48353000e+01   00.00000000e+00
  08.54451000e+01   06.35435000e+01   04.39137000e+01   00.00000000e+00
  08.33595000e+01   06.48339000e+01   04.10148000e+01   00.00000000e+00
  08.25393000e+01   06.40127000e+01   04.21331000e+01   00.00000000e+00
  08.48581000e+01   06.25029000e+01   04.21624000e+01   00.00000000e+00
  08.52700000e+01   06.37592000e+01   04.08672000e+01   00.00000000e+00
  08.29716000e+01   06.28359000e+01   03.98879000e+01   00.00000000e+00
  08.32424000e+01   06.14918000e+01   04.09413000e+01   00.00000000e+00
  08.15701000e+01   07.08027000e+01   03.28353000e+01   07.20400000e-04
  07.98593000e+01   06.54324000e+01   03.61646000e+01  -02.39543000e-02
  08.04926000e+01   06.20398000e+01   03.06702000e+01   04.89340000e-03
  08.50981000e+01   06.69908000e+01   02.84999000e+01  -02.28199000e-02
  07.94570000e+01   06.34228000e+01   03.66632000e+01  -01.51750000e-03
  08.61491000e+01   06.03131000e+01   03.87197000e+01   00.00000000e+00
  08.64222000e+01   06.13688000e+01   04.01139000e+01   00.00000000e+00
  08.52710000e+01   06.01163000e+01   04.02787000e+01   00.00000000e+00
  08.49667000e+01   06.27313000e+01   03.85669000e+01   00.00000000e+00
  08.27221000e+01   06.15828000e+01   03.81547000e+01   00.00000000e+00
  08.35973000e+01   06.00405000e+01   03.85681000e+01   00.00000000e+00
  08.50544000e+01   06.04074000e+01   03.67635000e+01   00.00000000e+00
  08.44569000e+01   06.19995000e+01   03.63580000e+01   00.00000000e+00
  08.23819000e+01   06.10082000e+01   03.55555000e+01   00.00000000e+00
  08.31092000e+01   05.93234000e+01   03.59474000e+01   00.00000000e+00
  08.45055000e+01   05.84472000e+01   03.38676000e+01   00.00000000e+00
  08.27890000e+01   05.87189000e+01   03.33033000e+01   00.00000000e+00
  08.41825000e+01   05.93764000e+01   03.24678000e+01   00.00000000e+00
  08.25110000e+01   06.24412000e+01   02.90988000e+01   05.57290000e-03
  08.28330000e+01   06.46924000e+01   02.73443000e+01  -01.28866000e-02
  08.53580000e+01   06.16704000e+01   03.36359000e+01   00.00000000e+00
  08.61452000e+01   06.63188000e+01   04.17601000e+01   00.00000000e+00
  08.27883000e+01   06.28958000e+01   03.35116000e+01  -01.99830000e-03
  08.27180000e+01   06.16564000e+01   03.22265000e+01  -01.85290000e-03
