  08.57895000e+01   06.46381000e+01   02.82979000e+01  -06.11779000e-02
  08.05482000e+01   06.34556000e+01   03.57680000e+01   01.75852000e-02
  08.24778000e+01   07.12262000e+01   03.60139000e+01   01.01800000e-02
  08.54345000e+01   06.99107000e+01   02.83381000e+01  -01.32723000e-02
  08.32610000e+01   06.59755000e+01   03.02697000e+01  -04.57645000e-02
  08.63679000e+01   06.42918000e+01   02.96590000e+01   02.46758000e-02
  08.02687000e+01   06.22009000e+01   03.60828000e+01  -01.71993000e-02
  08.38534000e+01   07.14321000e+01   03.65656000e+01  -09.39340000e-03
  08.54852000e+01   06.82924000e+01   02.80762000e+01   07.66074000e-02
  08.21302000e+01   06.53406000e+01   03.28890000e+01   09.44338000e-02
  08.58774000e+01   07.07509000e+01   02.75556000e+01   01.54319000e-02
  08.56781000e+01   06.32361000e+01   03.04815000e+01  -01.56515000e-02
  08.51966000e+01   06.80520000e+01   02.66517000e+01  -02.00050000e-02
  08.35858000e+01   06.87880000e+01   03.11694000e+01  -08.09918000e-02
  08.61505000e+01   06.80853000e+01   02.44968000e+01   04.03650000e-03
  08.45151000e+01   06.76580000e+01   02.91367000e+01  -01.43447000e-01
  08.22886000e+01   06.38244000e+01   03.09725000e+01   01.23287000e-02
  08.15776000e+01   06.64076000e+01   03.50417000e+01   02.21683000e-01
  08.33753000e+01   07.04469000e+01   03.29691000e+01  -05.42921000e-02
  08.20495000e+01   06.45998000e+01   02.75983000e+01   02.66866000e-02
  08.07395000e+01   06.19215000e+01   03.29994000e+01   04.35609000e-02
  08.15752000e+01   06.85183000e+01   03.73219000e+01   02.36507000e-02
  08.44674000e+01   07.24137000e+01   03.06237000e+01  -06.09964000e-02
  08.50658000e+01   06.24542000e+01   03.25950000e+01   08.71130000e-03
  08.40886000e+01   06.63557000e+01   02.92729000e+01   01.26858000e-01
  08.18490000e+01   06.41098000e+01   03.23129000e+01  -03.45042000e-02
  08.20937000e+01   06.76871000e+01   03.49012000e+01  -02.04376000e-01
  08.37373000e+01   07.00658000e+01   03.16316000e+01   07.60142000e-02
  08.51506000e+01   06.22668000e+01   03.00283000e+01   05.08730000e-03
  08.40829000e+01   06.81332000e+01   02.61668000e+01   06.92200000e-04
  08.59636000e+01   06.21814000e+01   03.38282000e+01   00.00000000e+00
  08.43617000e+01   06.52656000e+01   02.82692000e+01   07.64245000e-02
  08.11120000e+01   06.32888000e+01   03.32464000e+01  -04.66821000e-02
  08.20355000e+01   06.86916000e+01   03.59243000e+01   01.65461000e-02
  08.42344000e+01   07.08837000e+01   03.05988000e+01   05.49912000e-02
  08.57807000e+01   06.34544000e+01   03.18838000e+01   03.30200000e-04
  08.63587000e+01   06.78438000e+01   02.59483000e+01   04.02810000e-03
  08.55603000e+01   06.15637000e+01   03.49857000e+01   00.00000000e+00
  08.32254000e+01   06.43314000e+01   02.85942000e+01  -04.69336000e-02
  08.11022000e+01   06.39374000e+01   03.44843000e+01  -07.68710000e-03
  08.24189000e+01   06.98390000e+01   03.52988000e+01  -03.37389000e-02
  08.46689000e+01   06.99913000e+01   02.95828000e+01   03.64969000e-02
  08.58663000e+01   06.01547000e+01   03.53528000e+01   00.00000000e+00
  08.29045000e+01   06.47060000e+01   03.00823000e+01  -09.58259000e-02
  08.16395000e+01   06.52666000e+01   03.42017000e+01  -01.77941000e-01
  08.29414000e+01   06.95234000e+01   03.39725000e+01   06.74294000e-02
  08.42307000e+01   06.87074000e+01   03.00231000e+01   01.44326000e-01
  08.47610000e+01   06.23202000e+01   03.59766000e+01   00.00000000e+00
  08.51621000e+01   06.22010000e+01   03.75120000e+01   00.00000000e+00
  08.65257000e+01   06.28067000e+01   03.78820000e+01   00.00000000e+00
  08.70437000e+01   06.27361000e+01   03.93700000e+01   00.00000000e+00
  08.75507000e+01   06.13873000e+01   03.97847000e+01   00.00000000e+00
  08.59511000e+01   06.33411000e+01   04.03357000e+01   00.00000000e+00
  08.64237000e+01   06.36919000e+01   04.17848000e+01   00.00000000e+00
  08.53189000e+01   06.44817000e+01   04.26875000e+01   00.00000000e+00
  08.57762000e+01   06.49719000e+01   04.40896000e+01   00.00000000e+00
  08.59047000e+01   06.38276000e+01   04.50905000e+01   00.00000000e+00
  08.70776000e+01   06.59058000e+01   04.41414000e+01   00.00000000e+00
  08.70725000e+01   06.72071000e+01   04.34821000e+01   00.00000000e+00
  08.59210000e+01   06.80132000e+01   04.38207000e+01   00.00000000e+00
  08.59319000e+01   06.93766000e+01   04.31619000e+01   00.00000000e+00
  08.70254000e+01   07.04245000e+01   04.36956000e+01   00.00000000e+00
  08.60571000e+01   06.94737000e+01   04.16650000e+01   00.00000000e+00
  08.26535000e+01   06.81782000e+01   03.37540000e+01   03.65717000e-02
  08.27320000e+01   06.71394000e+01   03.19636000e+01  -06.37550000e-03
  08.37293000e+01   07.27708000e+01   03.13486000e+01   01.79582000e-02
  08.54338000e+01   07.26020000e+01   03.10190000e+01   01.23366000e-02
  08.43644000e+01   07.27282000e+01   02.95734000e+01   01.80857000e-02
  08.11748000e+01   06.75045000e+01   03.75348000e+01  -03.55350000e-03
  08.23125000e+01   06.86829000e+01   03.80984000e+01  -05.48890000e-03
  08.07394000e+01   06.92174000e+01   03.74618000e+01  -05.73590000e-03
  08.13925000e+01   06.11939000e+01   03.34855000e+01  -01.16015000e-02
  07.96496000e+01   06.18167000e+01   03.32830000e+01  -01.03548000e-02
  08.09268000e+01   06.18264000e+01   03.19465000e+01  -01.10806000e-02
  08.15485000e+01   06.56041000e+01   02.77830000e+01  -06.50300000e-03
  08.23707000e+01   06.46652000e+01   02.66072000e+01  -03.84930000e-03
  08.12311000e+01   06.39164000e+01   02.77304000e+01  -06.75510000e-03
  08.71596000e+01   06.82611000e+01   02.41842000e+01   06.96000000e-05
  08.57209000e+01   06.71903000e+01   02.39822000e+01  -02.56130000e-03
  08.55508000e+01   06.90015000e+01   02.43411000e+01  -08.86000000e-04
  08.38585000e+01   07.24406000e+01   03.68126000e+01   02.66600000e-04
  08.40907000e+01   07.09477000e+01   03.75118000e+01   02.07780000e-03
  08.45584000e+01   07.09736000e+01   03.58608000e+01   03.44650000e-03
  07.98480000e+01   06.19733000e+01   03.70735000e+01   02.98050000e-03
  08.04808000e+01   06.13538000e+01   03.54191000e+01  -05.01900000e-04
  08.73513000e+01   06.38290000e+01   02.94211000e+01  -05.40000000e-06
  08.63383000e+01   06.52550000e+01   03.01991000e+01  -02.73660000e-03
  08.23131000e+01   07.20088000e+01   03.52574000e+01   06.65000000e-04
  08.17164000e+01   07.13187000e+01   03.67554000e+01  -04.07950000e-03
  08.57544000e+01   06.37863000e+01   02.76139000e+01   01.58140000e-02
  08.64988000e+01   06.54218000e+01   02.79536000e+01   09.11190000e-03
  08.70546000e+01   06.91317000e+01   04.13647000e+01   00.00000000e+00
  08.51878000e+01   06.89071000e+01   04.12309000e+01   00.00000000e+00
  08.60192000e+01   07.04502000e+01   04.12689000e+01   00.00000000e+00
  08.70863000e+01   07.05825000e+01   04.47274000e+01   00.00000000e+00
  08.80627000e+01   07.01560000e+01   04.33626000e+01   00.00000000e+00
  08.67214000e+01   07.13421000e+01   04.32445000e+01   00.00000000e+00
  08.49679000e+01   06.75869000e+01   04.34881000e+01   00.00000000e+00
  08.58335000e+01   06.80558000e+01   04.49440000e+01   00.00000000e+00
  08.80780000e+01   06.76566000e+01   04.36680000e+01   00.00000000e+00
  08.70394000e+01   06.69800000e+01   04.24401000e+01   00.00000000e+00
  08.73562000e+01   06.60399000e+01   04.52446000e+01   00.00000000e+00
  08.78030000e+01   06.52873000e+01   04.36927000e+01   00.00000000e+00
  08.66288000e+01   06.31315000e+01   04.46824000e+01   00.00000000e+00
  08.60820000e+01   06.41794000e+01   04.61190000e+01   00.00000000e+00
  08.49186000e+01   06.33613000e+01   04.50871000e+01   00.00000000e+00
  08.51047000e+01   06.53704000e+01   04.21382000e+01   00.00000000e+00
  08.43166000e+01   06.39957000e+01   04.27616000e+01   00.00000000e+00
  08.68953000e+01   06.28010000e+01   04.23020000e+01   00.00000000e+00
  08.72438000e+01   06.43716000e+01   04.16343000e+01   00.00000000e+00
  08.55050000e+01   06.42383000e+01   03.98501000e+01   00.00000000e+00
  08.52856000e+01   06.25082000e+01   04.05186000e+01   00.00000000e+00
  08.35587000e+01   07.14530000e+01   03.33139000e+01   07.20400000e-04
  08.15396000e+01   06.61022000e+01   03.61076000e+01  -02.39543000e-02
  08.19858000e+01   06.29337000e+01   03.04133000e+01   04.89340000e-03
  08.65736000e+01   06.80732000e+01   02.83372000e+01  -02.28199000e-02
  08.02674000e+01   06.41795000e+01   03.65202000e+01  -01.51750000e-03
  08.67535000e+01   06.06994000e+01   03.95683000e+01   00.00000000e+00
  08.84488000e+01   06.11334000e+01   03.92626000e+01   00.00000000e+00
  08.77124000e+01   06.13169000e+01   04.08950000e+01   00.00000000e+00
  08.78954000e+01   06.33787000e+01   03.93892000e+01   00.00000000e+00
  08.73378000e+01   06.23211000e+01   03.73235000e+01   00.00000000e+00
  08.65359000e+01   06.38075000e+01   03.74365000e+01   00.00000000e+00
  08.44516000e+01   06.27194000e+01   03.81605000e+01   00.00000000e+00
  08.50476000e+01   06.10826000e+01   03.78561000e+01   00.00000000e+00
  08.46659000e+01   06.33849000e+01   03.58056000e+01   00.00000000e+00
  08.37607000e+01   06.18884000e+01   03.60329000e+01   00.00000000e+00
  08.60662000e+01   05.95676000e+01   03.44583000e+01   00.00000000e+00
  08.66983000e+01   06.02286000e+01   03.59979000e+01   00.00000000e+00
  08.50132000e+01   05.96312000e+01   03.57649000e+01   00.00000000e+00
  08.34981000e+01   06.32374000e+01   02.83863000e+01   05.57290000e-03
  08.42256000e+01   06.56147000e+01   02.73337000e+01  -01.28866000e-02
  08.70096000e+01   06.26212000e+01   03.37638000e+01   00.00000000e+00
  08.50211000e+01   06.98462000e+01   04.35769000e+01   00.00000000e+00
  08.40694000e+01   06.27900000e+01   03.28542000e+01  -01.99830000e-03
  08.50480000e+01   06.14310000e+01   03.21471000e+01  -01.85290000e-03
