  08.61390000e+01   06.49847000e+01   02.79438000e+01  -06.11779000e-02
  08.07272000e+01   06.35918000e+01   03.51295000e+01   01.75852000e-02
  08.27314000e+01   07.13003000e+01   03.60496000e+01   01.01800000e-02
  08.56708000e+01   07.02929000e+01   02.82177000e+01  -01.32723000e-02
  08.35331000e+01   06.62433000e+01   02.98419000e+01  -04.57645000e-02
  08.67287000e+01   06.44760000e+01   02.93189000e+01   02.46758000e-02
  07.99715000e+01   06.24738000e+01   03.52616000e+01  -01.71993000e-02
  08.41293000e+01   07.17980000e+01   03.63409000e+01  -09.39340000e-03
  08.57098000e+01   06.87905000e+01   02.78278000e+01   07.66074000e-02
  08.22494000e+01   06.55199000e+01   03.24654000e+01   09.44338000e-02
  08.62377000e+01   07.12086000e+01   02.75525000e+01   01.54319000e-02
  08.61521000e+01   06.31998000e+01   03.00216000e+01  -01.56515000e-02
  08.54553000e+01   06.86033000e+01   02.63096000e+01  -02.00050000e-02
  08.37767000e+01   06.90330000e+01   03.09106000e+01  -08.09918000e-02
  08.64170000e+01   06.87722000e+01   02.41175000e+01   04.03650000e-03
  08.48122000e+01   06.80473000e+01   02.88337000e+01  -01.43447000e-01
  08.25513000e+01   06.40867000e+01   03.04402000e+01   01.23287000e-02
  08.16960000e+01   06.64907000e+01   03.46585000e+01   02.21683000e-01
  08.34634000e+01   07.06679000e+01   03.28215000e+01  -05.42921000e-02
  08.22404000e+01   06.49089000e+01   02.72760000e+01   02.66866000e-02
  08.14428000e+01   06.18694000e+01   03.24024000e+01   04.35609000e-02
  08.15784000e+01   06.85752000e+01   03.70594000e+01   02.36507000e-02
  08.50133000e+01   07.25876000e+01   03.08115000e+01  -06.09964000e-02
  08.56598000e+01   06.21416000e+01   03.20928000e+01   08.71130000e-03
  08.43736000e+01   06.67173000e+01   02.88170000e+01   01.26858000e-01
  08.21587000e+01   06.42743000e+01   03.18043000e+01  -03.45042000e-02
  08.20901000e+01   06.78520000e+01   03.45910000e+01  -02.04376000e-01
  08.39699000e+01   07.03043000e+01   03.15182000e+01   07.60142000e-02
  08.54575000e+01   06.23360000e+01   02.94933000e+01   05.08730000e-03
  08.43624000e+01   06.82954000e+01   02.57989000e+01   06.92200000e-04
  08.60294000e+01   06.18787000e+01   03.35072000e+01   00.00000000e+00
  08.47139000e+01   06.55755000e+01   02.78419000e+01   07.64245000e-02
  08.16054000e+01   06.33360000e+01   03.27103000e+01  -04.66821000e-02
  08.20261000e+01   06.88287000e+01   03.56334000e+01   01.65461000e-02
  08.47123000e+01   07.11309000e+01   03.06173000e+01   05.49912000e-02
  08.63625000e+01   06.31853000e+01   03.13624000e+01   03.30200000e-04
  08.65444000e+01   06.89318000e+01   02.55491000e+01   04.02810000e-03
  08.53127000e+01   06.13815000e+01   03.45630000e+01   00.00000000e+00
  08.34960000e+01   06.46025000e+01   02.81343000e+01  -04.69336000e-02
  08.13402000e+01   06.40455000e+01   03.38616000e+01  -07.68710000e-03
  08.25514000e+01   07.00315000e+01   03.52269000e+01  -03.37389000e-02
  08.50237000e+01   07.03014000e+01   02.95159000e+01   03.64969000e-02
  08.53772000e+01   05.98696000e+01   03.48771000e+01   00.00000000e+00
  08.31472000e+01   06.49676000e+01   02.95726000e+01  -09.58259000e-02
  08.17998000e+01   06.54050000e+01   03.37106000e+01  -01.77941000e-01
  08.29450000e+01   06.97437000e+01   03.38791000e+01   06.74294000e-02
  08.44840000e+01   06.90272000e+01   02.97443000e+01   01.44326000e-01
  08.46165000e+01   06.23093000e+01   03.54811000e+01   00.00000000e+00
  08.51475000e+01   06.21691000e+01   03.69645000e+01   00.00000000e+00
  08.65889000e+01   06.27064000e+01   03.71734000e+01   00.00000000e+00
  08.70954000e+01   06.25293000e+01   03.86813000e+01   00.00000000e+00
  08.72196000e+01   06.10773000e+01   03.92272000e+01   00.00000000e+00
  08.61795000e+01   06.34351000e+01   03.96476000e+01   00.00000000e+00
  08.67234000e+01   06.38349000e+01   04.10981000e+01   00.00000000e+00
  08.58373000e+01   06.48221000e+01   04.18711000e+01   00.00000000e+00
  08.62756000e+01   06.51112000e+01   04.33630000e+01   00.00000000e+00
  08.60940000e+01   06.39696000e+01   04.43196000e+01   00.00000000e+00
  08.76391000e+01   06.58289000e+01   04.35953000e+01   00.00000000e+00
  08.76439000e+01   06.72622000e+01   04.28900000e+01   00.00000000e+00
  08.63747000e+01   06.80456000e+01   04.32110000e+01   00.00000000e+00
  08.62835000e+01   06.94982000e+01   04.26825000e+01   00.00000000e+00
  08.73491000e+01   07.03971000e+01   04.33658000e+01   00.00000000e+00
  08.62894000e+01   06.96146000e+01   04.10934000e+01   00.00000000e+00
  08.26526000e+01   06.84377000e+01   03.35382000e+01   03.65717000e-02
  08.28340000e+01   06.73643000e+01   03.16184000e+01  -06.37550000e-03
  08.41605000e+01   07.30665000e+01   03.12927000e+01   01.79582000e-02
  08.58262000e+01   07.26059000e+01   03.15098000e+01   01.23366000e-02
  08.51604000e+01   07.30806000e+01   02.98905000e+01   01.80857000e-02
  08.08806000e+01   06.93885000e+01   03.73724000e+01  -03.55350000e-03
  08.09552000e+01   06.76695000e+01   03.72109000e+01  -05.48890000e-03
  08.24434000e+01   06.86387000e+01   03.77961000e+01  -05.73590000e-03
  08.13752000e+01   06.13120000e+01   03.33307000e+01  -01.16015000e-02
  08.05766000e+01   06.16434000e+01   03.16787000e+01  -01.03548000e-02
  08.23489000e+01   06.14739000e+01   03.20482000e+01  -01.10806000e-02
  08.22133000e+01   06.60068000e+01   02.70848000e+01  -06.50300000e-03
  08.22864000e+01   06.43885000e+01   02.63524000e+01  -03.84930000e-03
  08.12858000e+01   06.46048000e+01   02.77364000e+01  -06.75510000e-03
  08.62092000e+01   06.77415000e+01   02.38598000e+01   06.96000000e-05
  08.56403000e+01   06.93636000e+01   02.36297000e+01  -02.56130000e-03
  08.73766000e+01   06.89921000e+01   02.36998000e+01  -08.86000000e-04
  08.40277000e+01   07.26058000e+01   03.70068000e+01   02.66600000e-04
  08.46076000e+01   07.10493000e+01   03.69025000e+01   02.07780000e-03
  08.46716000e+01   07.20913000e+01   03.54276000e+01   03.44650000e-03
  07.95058000e+01   06.22877000e+01   03.62738000e+01   02.98050000e-03
  07.95942000e+01   06.18165000e+01   03.44107000e+01  -05.01900000e-04
  08.77485000e+01   06.41340000e+01   02.92667000e+01  -05.40000000e-06
  08.66738000e+01   06.52898000e+01   03.00219000e+01  -02.73660000e-03
  08.21751000e+01   07.20494000e+01   03.55312000e+01   06.65000000e-04
  08.23116000e+01   07.12067000e+01   03.70287000e+01  -04.07950000e-03
  08.61991000e+01   06.40717000e+01   02.73603000e+01   01.58140000e-02
  08.68538000e+01   06.56884000e+01   02.74149000e+01   09.11190000e-03
  08.54428000e+01   06.89978000e+01   04.08420000e+01   00.00000000e+00
  08.61907000e+01   07.06371000e+01   04.07927000e+01   00.00000000e+00
  08.71263000e+01   06.91164000e+01   04.06338000e+01   00.00000000e+00
  08.72353000e+01   07.13781000e+01   04.29740000e+01   00.00000000e+00
  08.72272000e+01   07.05350000e+01   04.44400000e+01   00.00000000e+00
  08.83393000e+01   07.01504000e+01   04.31181000e+01   00.00000000e+00
  08.55417000e+01   06.74745000e+01   04.28416000e+01   00.00000000e+00
  08.61532000e+01   06.81953000e+01   04.42820000e+01   00.00000000e+00
  08.85158000e+01   06.78367000e+01   04.31828000e+01   00.00000000e+00
  08.77457000e+01   06.71678000e+01   04.18002000e+01   00.00000000e+00
  08.79356000e+01   06.61434000e+01   04.45960000e+01   00.00000000e+00
  08.84617000e+01   06.52946000e+01   04.31453000e+01   00.00000000e+00
  08.69196000e+01   06.33805000e+01   04.42066000e+01   00.00000000e+00
  08.61710000e+01   06.41733000e+01   04.53896000e+01   00.00000000e+00
  08.52159000e+01   06.33439000e+01   04.42174000e+01   00.00000000e+00
  08.58336000e+01   06.57650000e+01   04.12782000e+01   00.00000000e+00
  08.47965000e+01   06.44658000e+01   04.19032000e+01   00.00000000e+00
  08.68119000e+01   06.28859000e+01   04.16394000e+01   00.00000000e+00
  08.77157000e+01   06.43202000e+01   04.10906000e+01   00.00000000e+00
  08.59885000e+01   06.43593000e+01   03.90922000e+01   00.00000000e+00
  08.51934000e+01   06.30687000e+01   03.97778000e+01   00.00000000e+00
  08.37249000e+01   07.17128000e+01   03.31212000e+01   07.20400000e-04
  08.13020000e+01   06.61991000e+01   03.55856000e+01  -02.39543000e-02
  08.24549000e+01   06.30871000e+01   03.00596000e+01   04.89340000e-03
  08.67020000e+01   06.83339000e+01   02.78404000e+01  -02.28199000e-02
  08.09027000e+01   06.41457000e+01   03.60878000e+01  -01.51750000e-03
  08.63056000e+01   06.04682000e+01   03.92563000e+01   00.00000000e+00
  08.80009000e+01   06.05390000e+01   03.86882000e+01   00.00000000e+00
  08.75314000e+01   06.11862000e+01   04.02492000e+01   00.00000000e+00
  08.80819000e+01   06.29886000e+01   03.87129000e+01   00.00000000e+00
  08.72873000e+01   06.20706000e+01   03.65849000e+01   00.00000000e+00
  08.67401000e+01   06.37925000e+01   03.68674000e+01   00.00000000e+00
  08.45400000e+01   06.28448000e+01   03.74858000e+01   00.00000000e+00
  08.51582000e+01   06.11331000e+01   03.73132000e+01   00.00000000e+00
  08.47283000e+01   06.33367000e+01   03.51076000e+01   00.00000000e+00
  08.35746000e+01   06.19184000e+01   03.54368000e+01   00.00000000e+00
  08.60819000e+01   05.95118000e+01   03.41749000e+01   00.00000000e+00
  08.56964000e+01   05.96280000e+01   03.58393000e+01   00.00000000e+00
  08.44112000e+01   05.94381000e+01   03.47236000e+01   00.00000000e+00
  08.38558000e+01   06.35512000e+01   02.80283000e+01   05.57290000e-03
  08.45379000e+01   06.60217000e+01   02.68882000e+01  -01.28866000e-02
  08.70134000e+01   06.20718000e+01   03.36537000e+01   00.00000000e+00
  08.53202000e+01   06.98310000e+01   04.30130000e+01   00.00000000e+00
  08.45929000e+01   06.21705000e+01   03.19780000e+01  -01.99830000e-03
  08.58983000e+01   06.11768000e+01   03.17291000e+01  -01.85290000e-03
