  08.39735000e+01   06.59681000e+01   02.79672000e+01  -06.11779000e-02
  07.89884000e+01   06.39959000e+01   03.54394000e+01   01.75852000e-02
  08.12761000e+01   07.15680000e+01   03.63373000e+01   01.01800000e-02
  08.36781000e+01   07.11067000e+01   02.84918000e+01  -01.32723000e-02
  08.14922000e+01   06.69332000e+01   03.00532000e+01  -04.57645000e-02
  08.46986000e+01   06.54599000e+01   02.92674000e+01   02.46758000e-02
  07.87195000e+01   06.27023000e+01   03.56798000e+01  -01.71993000e-02
  08.25120000e+01   07.12989000e+01   03.71940000e+01  -09.39340000e-03
  08.34853000e+01   06.96026000e+01   02.79098000e+01   07.66074000e-02
  08.04417000e+01   06.61087000e+01   03.26513000e+01   09.44338000e-02
  08.42142000e+01   07.20237000e+01   02.79002000e+01   01.54319000e-02
  08.40162000e+01   06.42789000e+01   03.00041000e+01  -01.56515000e-02
  08.30121000e+01   06.95983000e+01   02.64605000e+01  -02.00050000e-02
  08.18178000e+01   06.97181000e+01   03.11358000e+01  -08.09918000e-02
  08.37288000e+01   06.96192000e+01   02.41785000e+01   04.03650000e-03
  08.26067000e+01   06.88477000e+01   02.89139000e+01  -01.43447000e-01
  08.05098000e+01   06.48307000e+01   03.05913000e+01   01.23287000e-02
  08.00542000e+01   06.68870000e+01   03.49229000e+01   02.21683000e-01
  08.19140000e+01   07.10248000e+01   03.32042000e+01  -05.42921000e-02
  08.01787000e+01   06.56861000e+01   02.74127000e+01   02.66866000e-02
  07.92019000e+01   06.25409000e+01   03.22961000e+01   04.35609000e-02
  07.98237000e+01   06.89531000e+01   03.72565000e+01   02.36507000e-02
  08.31136000e+01   07.32247000e+01   03.11870000e+01  -06.09964000e-02
  08.34308000e+01   06.34703000e+01   03.21816000e+01   08.71130000e-03
  08.22173000e+01   06.74813000e+01   02.90088000e+01   01.26858000e-01
  08.03015000e+01   06.49323000e+01   03.19838000e+01  -03.45042000e-02
  08.05047000e+01   06.82871000e+01   03.48133000e+01  -02.04376000e-01
  08.21430000e+01   07.08657000e+01   03.18130000e+01   07.60142000e-02
  08.34404000e+01   06.33786000e+01   02.93741000e+01   05.08730000e-03
  08.18750000e+01   06.94681000e+01   02.60664000e+01   06.92200000e-04
  08.42229000e+01   06.22168000e+01   03.24341000e+01   00.00000000e+00
  08.24978000e+01   06.64286000e+01   02.79928000e+01   07.64245000e-02
  07.96885000e+01   06.39127000e+01   03.27706000e+01  -04.66821000e-02
  08.04395000e+01   06.92332000e+01   03.59535000e+01   01.65461000e-02
  08.27966000e+01   07.17719000e+01   03.08879000e+01   05.49912000e-02
  08.41501000e+01   06.44376000e+01   03.13496000e+01   03.30200000e-04
  08.40500000e+01   06.98050000e+01   02.55780000e+01   04.02810000e-03
  08.38668000e+01   06.09583000e+01   03.22356000e+01   00.00000000e+00
  08.13814000e+01   06.54216000e+01   02.82253000e+01  -04.69336000e-02
  07.95200000e+01   06.45231000e+01   03.40692000e+01  -07.68710000e-03
  08.10437000e+01   07.03591000e+01   03.54659000e+01  -03.37389000e-02
  08.30745000e+01   07.10468000e+01   02.97535000e+01   03.64969000e-02
  08.41717000e+01   06.01953000e+01   03.09731000e+01   00.00000000e+00
  08.10557000e+01   06.57434000e+01   02.97060000e+01  -09.58259000e-02
  07.99769000e+01   06.59067000e+01   03.39255000e+01  -01.77941000e-01
  08.13232000e+01   07.01547000e+01   03.40577000e+01   06.74294000e-02
  08.24584000e+01   06.97906000e+01   02.99291000e+01   01.44326000e-01
  08.32677000e+01   05.99862000e+01   03.33775000e+01   00.00000000e+00
  08.40392000e+01   05.99182000e+01   03.46776000e+01   00.00000000e+00
  08.38398000e+01   06.11477000e+01   03.56342000e+01   00.00000000e+00
  08.46109000e+01   06.11412000e+01   03.69747000e+01   00.00000000e+00
  08.42224000e+01   05.99599000e+01   03.78113000e+01   00.00000000e+00
  08.43870000e+01   06.23981000e+01   03.78936000e+01   00.00000000e+00
  08.54098000e+01   06.25627000e+01   03.90226000e+01   00.00000000e+00
  08.48182000e+01   06.36965000e+01   03.98555000e+01   00.00000000e+00
  08.57629000e+01   06.42540000e+01   04.09986000e+01   00.00000000e+00
  08.59927000e+01   06.32715000e+01   04.21996000e+01   00.00000000e+00
  08.52974000e+01   06.57023000e+01   04.14122000e+01   00.00000000e+00
  08.57714000e+01   06.63354000e+01   04.27240000e+01   00.00000000e+00
  08.53892000e+01   06.78003000e+01   04.27660000e+01   00.00000000e+00
  08.55052000e+01   06.85051000e+01   04.41549000e+01   00.00000000e+00
  08.68677000e+01   06.84177000e+01   04.48173000e+01   00.00000000e+00
  08.49973000e+01   06.99339000e+01   04.40819000e+01   00.00000000e+00
  08.09870000e+01   06.88842000e+01   03.36945000e+01   03.65717000e-02
  08.09751000e+01   06.79575000e+01   03.19139000e+01  -06.37550000e-03
  08.38281000e+01   07.36373000e+01   03.04443000e+01   01.79582000e-02
  08.22386000e+01   07.38037000e+01   03.08774000e+01   01.23366000e-02
  08.33604000e+01   07.34058000e+01   03.22188000e+01   01.80857000e-02
  07.96118000e+01   06.79018000e+01   03.73361000e+01  -03.55350000e-03
  08.06035000e+01   06.90495000e+01   03.80134000e+01  -05.48890000e-03
  07.89184000e+01   06.95071000e+01   03.75267000e+01  -05.73590000e-03
  07.99633000e+01   06.17520000e+01   03.23631000e+01  -01.16015000e-02
  07.83100000e+01   06.23841000e+01   03.28737000e+01  -01.03548000e-02
  07.89602000e+01   06.27187000e+01   03.12448000e+01  -01.10806000e-02
  07.99239000e+01   06.67448000e+01   02.73023000e+01  -06.50300000e-03
  08.01936000e+01   06.50953000e+01   02.64746000e+01  -03.84930000e-03
  07.94389000e+01   06.52637000e+01   02.79926000e+01  -06.75510000e-03
  08.30285000e+01   06.87613000e+01   02.40113000e+01   06.96000000e-05
  08.33528000e+01   07.05061000e+01   02.36568000e+01  -02.56130000e-03
  08.46352000e+01   06.94228000e+01   02.36824000e+01  -08.86000000e-04
  08.34779000e+01   07.12676000e+01   03.66335000e+01   02.66600000e-04
  08.25459000e+01   07.20950000e+01   03.79346000e+01   02.07780000e-03
  08.23990000e+01   07.03570000e+01   03.77272000e+01   03.44650000e-03
  07.82336000e+01   06.23223000e+01   03.65998000e+01   02.98050000e-03
  07.88804000e+01   06.19300000e+01   03.49323000e+01  -05.01900000e-04
  08.57740000e+01   06.51937000e+01   02.92304000e+01  -05.40000000e-06
  08.45493000e+01   06.62680000e+01   02.98711000e+01  -02.73660000e-03
  08.14930000e+01   07.24596000e+01   03.56929000e+01   06.65000000e-04
  08.03822000e+01   07.17993000e+01   03.69220000e+01  -04.07950000e-03
  08.40147000e+01   06.49977000e+01   02.73937000e+01   01.58140000e-02
  08.46045000e+01   06.67475000e+01   02.75418000e+01   09.11190000e-03
  08.39417000e+01   06.99460000e+01   04.39261000e+01   00.00000000e+00
  08.51325000e+01   07.04049000e+01   04.50287000e+01   00.00000000e+00
  08.55120000e+01   07.05067000e+01   04.32580000e+01   00.00000000e+00
  08.69448000e+01   06.88871000e+01   04.58227000e+01   00.00000000e+00
  08.71558000e+01   06.73589000e+01   04.50475000e+01   00.00000000e+00
  08.75461000e+01   06.90128000e+01   04.41755000e+01   00.00000000e+00
  08.62309000e+01   06.82644000e+01   04.22539000e+01   00.00000000e+00
  08.45127000e+01   06.81769000e+01   04.21688000e+01   00.00000000e+00
  08.53665000e+01   06.58081000e+01   04.36049000e+01   00.00000000e+00
  08.68491000e+01   06.61630000e+01   04.28486000e+01   00.00000000e+00
  08.57028000e+01   06.62404000e+01   04.05392000e+01   00.00000000e+00
  08.41831000e+01   06.57029000e+01   04.15619000e+01   00.00000000e+00
  08.59382000e+01   06.22369000e+01   04.18440000e+01   00.00000000e+00
  08.70553000e+01   06.34460000e+01   04.26342000e+01   00.00000000e+00
  08.52957000e+01   06.33337000e+01   04.31094000e+01   00.00000000e+00
  08.45755000e+01   06.45026000e+01   03.91466000e+01   00.00000000e+00
  08.40019000e+01   06.31665000e+01   04.03720000e+01   00.00000000e+00
  08.54344000e+01   06.16210000e+01   03.96257000e+01   00.00000000e+00
  08.63677000e+01   06.28722000e+01   03.86148000e+01   00.00000000e+00
  08.44594000e+01   06.33516000e+01   03.73011000e+01   00.00000000e+00
  08.34253000e+01   06.22851000e+01   03.83502000e+01   00.00000000e+00
  08.21941000e+01   07.19466000e+01   03.36523000e+01   07.20400000e-04
  07.98549000e+01   06.64921000e+01   03.58797000e+01  -02.39543000e-02
  08.02083000e+01   06.39135000e+01   03.00367000e+01   04.89340000e-03
  08.44217000e+01   06.90870000e+01   02.80647000e+01  -02.28199000e-02
  07.86477000e+01   06.47390000e+01   03.62237000e+01  -01.51750000e-03
  08.49412000e+01   05.96385000e+01   03.85394000e+01   00.00000000e+00
  08.32074000e+01   05.99767000e+01   03.81670000e+01   00.00000000e+00
  08.43339000e+01   05.91078000e+01   03.71912000e+01   00.00000000e+00
  08.56284000e+01   06.09332000e+01   03.67542000e+01   00.00000000e+00
  08.41797000e+01   06.20351000e+01   03.50851000e+01   00.00000000e+00
  08.28190000e+01   06.12234000e+01   03.58103000e+01   00.00000000e+00
  08.35645000e+01   05.91348000e+01   03.52557000e+01   00.00000000e+00
  08.50668000e+01   05.96832000e+01   03.44016000e+01   00.00000000e+00
  08.23240000e+01   06.03093000e+01   03.36345000e+01   00.00000000e+00
  08.29826000e+01   05.90992000e+01   03.28364000e+01   00.00000000e+00
  08.32828000e+01   05.96780000e+01   03.07067000e+01   00.00000000e+00
  08.45682000e+01   06.06914000e+01   03.01225000e+01   00.00000000e+00
  08.49143000e+01   05.94298000e+01   03.12116000e+01   00.00000000e+00
  08.18321000e+01   06.44672000e+01   02.78512000e+01   05.57290000e-03
  08.22858000e+01   06.67869000e+01   02.69819000e+01  -01.28866000e-02
  08.52692000e+01   06.22900000e+01   03.27178000e+01   00.00000000e+00
  08.47553000e+01   06.81007000e+01   04.48384000e+01   00.00000000e+00
  08.31285000e+01   06.39323000e+01   03.31290000e+01  -01.99830000e-03
  08.25261000e+01   06.31035000e+01   03.17630000e+01  -01.85290000e-03
