  08.49454000e+01   06.61693000e+01   02.75055000e+01  -06.11779000e-02
  07.95717000e+01   06.46768000e+01   03.48065000e+01   01.75852000e-02
  08.14298000e+01   07.25455000e+01   03.53943000e+01   01.01800000e-02
  08.47299000e+01   07.15053000e+01   02.79104000e+01  -01.32723000e-02
  08.24991000e+01   06.75265000e+01   02.95701000e+01  -04.57645000e-02
  08.55644000e+01   06.58112000e+01   02.88918000e+01   02.46758000e-02
  07.86336000e+01   06.37275000e+01   03.49564000e+01  -01.71993000e-02
  08.28089000e+01   07.26643000e+01   03.60498000e+01  -09.39340000e-03
  08.47044000e+01   06.99343000e+01   02.75215000e+01   07.66074000e-02
  08.12541000e+01   06.67236000e+01   03.21169000e+01   09.44338000e-02
  08.52383000e+01   07.23222000e+01   02.71809000e+01   01.54319000e-02
  08.50362000e+01   06.45594000e+01   02.96972000e+01  -01.56515000e-02
  08.43205000e+01   06.98432000e+01   02.60594000e+01  -02.00050000e-02
  08.27160000e+01   07.02173000e+01   03.06007000e+01  -08.09918000e-02
  08.52224000e+01   06.98137000e+01   02.38235000e+01   04.03650000e-03
  08.38087000e+01   06.92605000e+01   02.85304000e+01  -01.43447000e-01
  08.14975000e+01   06.52780000e+01   03.01232000e+01   01.23287000e-02
  08.05782000e+01   06.76343000e+01   03.43156000e+01   02.21683000e-01
  08.24375000e+01   07.17483000e+01   03.24313000e+01  -05.42921000e-02
  08.11023000e+01   06.62842000e+01   02.70077000e+01   02.66866000e-02
  07.98251000e+01   06.31929000e+01   03.18837000e+01   04.35609000e-02
  08.03246000e+01   06.97201000e+01   03.66341000e+01   02.36507000e-02
  08.35292000e+01   07.38530000e+01   03.03314000e+01  -06.09964000e-02
  08.49543000e+01   06.33408000e+01   03.17618000e+01   08.71130000e-03
  08.32710000e+01   06.79745000e+01   02.85216000e+01   01.26858000e-01
  08.11241000e+01   06.55147000e+01   03.14123000e+01  -03.45042000e-02
  08.09255000e+01   06.90069000e+01   03.42185000e+01  -02.04376000e-01
  08.29667000e+01   07.14709000e+01   03.11638000e+01   07.60142000e-02
  08.43413000e+01   06.36443000e+01   02.92065000e+01   05.08730000e-03
  08.31837000e+01   06.97265000e+01   02.55804000e+01   06.92200000e-04
  08.53461000e+01   06.32366000e+01   03.32673000e+01   00.00000000e+00
  08.35345000e+01   06.68891000e+01   02.74769000e+01   07.64245000e-02
  08.03407000e+01   06.45443000e+01   03.22402000e+01  -04.66821000e-02
  08.07619000e+01   07.00125000e+01   03.51906000e+01   01.65461000e-02
  08.35229000e+01   07.23478000e+01   03.02066000e+01   05.49912000e-02
  08.54572000e+01   06.45681000e+01   03.10577000e+01   03.30200000e-04
  08.54507000e+01   06.98871000e+01   02.52311000e+01   04.02810000e-03
  08.46235000e+01   06.26443000e+01   03.42277000e+01   00.00000000e+00
  08.24107000e+01   06.58988000e+01   02.77552000e+01  -04.69336000e-02
  08.01182000e+01   06.52435000e+01   03.35113000e+01  -07.68710000e-03
  08.13017000e+01   07.12360000e+01   03.46811000e+01  -03.37389000e-02
  08.40204000e+01   07.15139000e+01   02.91611000e+01   03.64969000e-02
  08.48113000e+01   06.11463000e+01   03.45531000e+01   00.00000000e+00
  08.21820000e+01   06.61938000e+01   02.92683000e+01  -09.58259000e-02
  08.06364000e+01   06.66476000e+01   03.33374000e+01  -01.77941000e-01
  08.16972000e+01   07.09194000e+01   03.32858000e+01   06.74294000e-02
  08.35080000e+01   07.02250000e+01   02.94631000e+01   01.44326000e-01
  08.35831000e+01   06.33667000e+01   03.51200000e+01   00.00000000e+00
  08.39249000e+01   06.33376000e+01   03.65959000e+01   00.00000000e+00
  08.53105000e+01   06.38698000e+01   03.68477000e+01   00.00000000e+00
  08.57412000e+01   06.39589000e+01   03.83771000e+01   00.00000000e+00
  08.59299000e+01   06.25891000e+01   03.90504000e+01   00.00000000e+00
  08.49065000e+01   06.50691000e+01   03.91466000e+01   00.00000000e+00
  08.53011000e+01   06.52193000e+01   04.06371000e+01   00.00000000e+00
  08.43966000e+01   06.61654000e+01   04.14045000e+01   00.00000000e+00
  08.45197000e+01   06.62007000e+01   04.29477000e+01   00.00000000e+00
  08.41566000e+01   06.48190000e+01   04.37020000e+01   00.00000000e+00
  08.57478000e+01   06.69420000e+01   04.35339000e+01   00.00000000e+00
  08.58605000e+01   06.83914000e+01   04.30232000e+01   00.00000000e+00
  08.69328000e+01   06.91198000e+01   04.37823000e+01   00.00000000e+00
  08.72385000e+01   07.05357000e+01   04.33260000e+01   00.00000000e+00
  08.59272000e+01   07.14195000e+01   04.33957000e+01   00.00000000e+00
  08.83700000e+01   07.12120000e+01   04.41640000e+01   00.00000000e+00
  08.14030000e+01   06.95805000e+01   03.30839000e+01   03.65717000e-02
  08.17713000e+01   06.85326000e+01   03.12301000e+01  -06.37550000e-03
  08.31398000e+01   07.43489000e+01   02.94139000e+01   01.79582000e-02
  08.30906000e+01   07.42902000e+01   03.11997000e+01   01.23366000e-02
  08.45693000e+01   07.41633000e+01   03.03216000e+01   01.80857000e-02
  08.11388000e+01   06.95900000e+01   03.73173000e+01  -03.55350000e-03
  07.98619000e+01   07.06133000e+01   03.69825000e+01  -05.48890000e-03
  07.96061000e+01   06.89378000e+01   03.67326000e+01  -05.73590000e-03
  07.88433000e+01   06.29373000e+01   03.23590000e+01  -01.16015000e-02
  07.96137000e+01   06.31687000e+01   03.08458000e+01  -01.03548000e-02
  08.05375000e+01   06.24610000e+01   03.22129000e+01  -01.10806000e-02
  08.10835000e+01   06.59703000e+01   02.59583000e+01  -06.50300000e-03
  08.01759000e+01   06.58660000e+01   02.74797000e+01  -03.84930000e-03
  08.08355000e+01   06.72647000e+01   02.71259000e+01  -06.75510000e-03
  08.62906000e+01   06.96816000e+01   02.35274000e+01   06.96000000e-05
  08.47522000e+01   06.88225000e+01   02.35367000e+01  -02.56130000e-03
  08.46819000e+01   07.06852000e+01   02.34404000e+01  -08.86000000e-04
  08.29131000e+01   07.33876000e+01   03.68929000e+01   02.66600000e-04
  08.30008000e+01   07.16939000e+01   03.64860000e+01   02.07780000e-03
  08.35329000e+01   07.26797000e+01   03.52452000e+01   03.44650000e-03
  07.81947000e+01   06.35383000e+01   03.59311000e+01   02.98050000e-03
  07.80005000e+01   06.33704000e+01   03.40922000e+01  -05.01900000e-04
  08.66858000e+01   06.56485000e+01   02.87703000e+01  -05.40000000e-06
  08.53540000e+01   06.66164000e+01   02.95058000e+01  -02.73660000e-03
  08.13976000e+01   07.33417000e+01   03.46595000e+01   06.65000000e-04
  08.05766000e+01   07.27263000e+01   03.60765000e+01  -04.07950000e-03
  08.51005000e+01   06.53167000e+01   02.67824000e+01   01.58140000e-02
  08.56365000e+01   06.68948000e+01   02.71116000e+01   09.11190000e-03
  08.93551000e+01   07.06533000e+01   04.41944000e+01   00.00000000e+00
  08.86610000e+01   07.22114000e+01   04.38614000e+01   00.00000000e+00
  08.80294000e+01   07.13160000e+01   04.52150000e+01   00.00000000e+00
  08.55931000e+01   07.11324000e+01   04.43849000e+01   00.00000000e+00
  08.61800000e+01   07.25342000e+01   04.34007000e+01   00.00000000e+00
  08.52562000e+01   07.11049000e+01   04.25536000e+01   00.00000000e+00
  08.66738000e+01   06.91484000e+01   04.48165000e+01   00.00000000e+00
  08.78611000e+01   06.85389000e+01   04.37063000e+01   00.00000000e+00
  08.61326000e+01   06.82516000e+01   04.19334000e+01   00.00000000e+00
  08.49114000e+01   06.88915000e+01   04.31960000e+01   00.00000000e+00
  08.55865000e+01   06.69925000e+01   04.45868000e+01   00.00000000e+00
  08.67215000e+01   06.64843000e+01   04.33035000e+01   00.00000000e+00
  08.30837000e+01   06.47379000e+01   04.35098000e+01   00.00000000e+00
  08.46626000e+01   06.40168000e+01   04.32711000e+01   00.00000000e+00
  08.43037000e+01   06.47893000e+01   04.47724000e+01   00.00000000e+00
  08.44800000e+01   06.70976000e+01   04.09153000e+01   00.00000000e+00
  08.34181000e+01   06.58152000e+01   04.11983000e+01   00.00000000e+00
  08.52438000e+01   06.42558000e+01   04.11659000e+01   00.00000000e+00
  08.63696000e+01   06.55247000e+01   04.06573000e+01   00.00000000e+00
  08.48856000e+01   06.60450000e+01   03.87004000e+01   00.00000000e+00
  08.38696000e+01   06.47317000e+01   03.92674000e+01   00.00000000e+00
  08.25804000e+01   07.27947000e+01   03.27200000e+01   07.20400000e-04
  08.02330000e+01   06.73108000e+01   03.53063000e+01  -02.39543000e-02
  08.11886000e+01   06.43973000e+01   02.96070000e+01   04.89340000e-03
  08.57126000e+01   06.94734000e+01   02.77029000e+01  -02.28199000e-02
  08.00394000e+01   06.50702000e+01   03.56828000e+01  -01.51750000e-03
  08.64928000e+01   06.18980000e+01   03.83652000e+01   00.00000000e+00
  08.66272000e+01   06.27943000e+01   03.98708000e+01   00.00000000e+00
  08.50079000e+01   06.20603000e+01   03.93250000e+01   00.00000000e+00
  08.67338000e+01   06.43009000e+01   03.82325000e+01   00.00000000e+00
  08.61752000e+01   06.33692000e+01   03.64329000e+01   00.00000000e+00
  08.52838000e+01   06.48838000e+01   03.63272000e+01   00.00000000e+00
  08.33172000e+01   06.39706000e+01   03.72610000e+01   00.00000000e+00
  08.37681000e+01   06.22654000e+01   03.69053000e+01   00.00000000e+00
  08.34549000e+01   06.43850000e+01   03.47981000e+01   00.00000000e+00
  08.26087000e+01   06.29173000e+01   03.49509000e+01   00.00000000e+00
  08.38135000e+01   06.07257000e+01   03.45090000e+01   00.00000000e+00
  08.54188000e+01   06.06631000e+01   03.38247000e+01   00.00000000e+00
  08.52978000e+01   06.10543000e+01   03.56390000e+01   00.00000000e+00
  08.26891000e+01   06.48767000e+01   02.75887000e+01   05.57290000e-03
  08.34145000e+01   06.72747000e+01   02.64327000e+01  -01.28866000e-02
  08.62543000e+01   06.36664000e+01   03.35566000e+01   00.00000000e+00
  08.76791000e+01   07.05357000e+01   04.23549000e+01   00.00000000e+00
  08.39063000e+01   06.31585000e+01   03.18610000e+01  -01.99830000e-03
  08.55352000e+01   06.25219000e+01   03.12525000e+01  -01.85290000e-03
