  08.26237000e+01   06.49576000e+01   02.72062000e+01  -06.11779000e-02
  07.74627000e+01   06.34884000e+01   03.46915000e+01   01.75852000e-02
  07.95933000e+01   07.10559000e+01   03.54403000e+01   01.01800000e-02
  08.25728000e+01   06.99744000e+01   02.78154000e+01  -01.32723000e-02
  08.00371000e+01   06.62036000e+01   02.92585000e+01  -04.57645000e-02
  08.33248000e+01   06.47584000e+01   02.84915000e+01   02.46758000e-02
  07.66745000e+01   06.23954000e+01   03.48455000e+01  -01.71993000e-02
  08.10736000e+01   07.10667000e+01   03.58609000e+01  -09.39340000e-03
  08.24611000e+01   06.84816000e+01   02.73362000e+01   07.66074000e-02
  07.88498000e+01   06.54948000e+01   03.18242000e+01   09.44338000e-02
  08.32358000e+01   07.07984000e+01   02.72048000e+01   01.54319000e-02
  08.28038000e+01   06.35971000e+01   02.93669000e+01  -01.56515000e-02
  08.21495000e+01   06.84748000e+01   02.58836000e+01  -02.00050000e-02
  08.05001000e+01   06.89058000e+01   03.03452000e+01  -08.09918000e-02
  08.30583000e+01   06.80198000e+01   02.37850000e+01   04.03650000e-03
  08.14448000e+01   06.78885000e+01   02.82569000e+01  -01.43447000e-01
  07.90698000e+01   06.40367000e+01   02.98467000e+01   01.23287000e-02
  07.85278000e+01   06.62985000e+01   03.41554000e+01   02.21683000e-01
  08.03360000e+01   07.04720000e+01   03.23333000e+01  -05.42921000e-02
  07.87667000e+01   06.48853000e+01   02.65771000e+01   02.66866000e-02
  07.78880000e+01   06.18601000e+01   03.17382000e+01   04.35609000e-02
  07.86619000e+01   06.82768000e+01   03.66568000e+01   02.36507000e-02
  08.20987000e+01   07.23643000e+01   03.04506000e+01  -06.09964000e-02
  08.18177000e+01   06.32302000e+01   03.16131000e+01   08.71130000e-03
  08.08811000e+01   06.66136000e+01   02.82209000e+01   01.26858000e-01
  07.87141000e+01   06.42926000e+01   03.12159000e+01  -03.45042000e-02
  07.88858000e+01   06.76754000e+01   03.40677000e+01  -02.04376000e-01
  08.07482000e+01   07.01790000e+01   03.10151000e+01   07.60142000e-02
  08.23339000e+01   06.25718000e+01   02.89553000e+01   05.08730000e-03
  08.10352000e+01   06.84395000e+01   02.53933000e+01   06.92200000e-04
  08.25216000e+01   06.20423000e+01   03.22131000e+01   00.00000000e+00
  08.11794000e+01   06.55564000e+01   02.71244000e+01   07.64245000e-02
  07.80209000e+01   06.32992000e+01   03.21024000e+01  -04.66821000e-02
  07.89255000e+01   06.85981000e+01   03.52079000e+01   01.65461000e-02
  08.16821000e+01   07.09491000e+01   03.01924000e+01   05.49912000e-02
  08.27172000e+01   06.39952000e+01   03.06942000e+01   03.30200000e-04
  08.32784000e+01   06.83707000e+01   02.51633000e+01   04.02810000e-03
  08.20213000e+01   06.08661000e+01   03.26521000e+01   00.00000000e+00
  07.99986000e+01   06.45621000e+01   02.74942000e+01  -04.69336000e-02
  07.79767000e+01   06.39974000e+01   03.33408000e+01  -07.68710000e-03
  07.93660000e+01   06.97860000e+01   03.46677000e+01  -03.37389000e-02
  08.19171000e+01   07.00650000e+01   02.91264000e+01   03.64969000e-02
  08.15887000e+01   05.97639000e+01   03.16672000e+01   00.00000000e+00
  07.96653000e+01   06.49140000e+01   02.89959000e+01  -09.58259000e-02
  07.84205000e+01   06.53230000e+01   03.31539000e+01  -01.77941000e-01
  07.95900000e+01   06.96274000e+01   03.31991000e+01   06.74294000e-02
  08.12675000e+01   06.88754000e+01   02.92987000e+01   01.44326000e-01
  08.14491000e+01   06.07531000e+01   03.40688000e+01   00.00000000e+00
  08.22076000e+01   06.15477000e+01   03.51866000e+01   00.00000000e+00
  08.30413000e+01   06.07852000e+01   03.60926000e+01   00.00000000e+00
  08.37350000e+01   06.15393000e+01   03.72706000e+01   00.00000000e+00
  08.49411000e+01   06.06400000e+01   03.76773000e+01   00.00000000e+00
  08.27662000e+01   06.18477000e+01   03.84619000e+01   00.00000000e+00
  08.32585000e+01   06.30557000e+01   03.93626000e+01   00.00000000e+00
  08.25098000e+01   06.32282000e+01   04.07075000e+01   00.00000000e+00
  08.28873000e+01   06.45216000e+01   04.15625000e+01   00.00000000e+00
  08.32944000e+01   06.42244000e+01   04.29938000e+01   00.00000000e+00
  08.22639000e+01   06.58451000e+01   04.12433000e+01   00.00000000e+00
  08.29012000e+01   06.71266000e+01   04.18409000e+01   00.00000000e+00
  08.43205000e+01   06.74609000e+01   04.14515000e+01   00.00000000e+00
  08.51123000e+01   06.83832000e+01   04.24475000e+01   00.00000000e+00
  08.64716000e+01   06.90269000e+01   04.18902000e+01   00.00000000e+00
  08.43097000e+01   06.94898000e+01   04.31390000e+01   00.00000000e+00
  07.92701000e+01   06.82888000e+01   03.29196000e+01   03.65717000e-02
  07.95331000e+01   06.72802000e+01   03.09973000e+01  -06.37550000e-03
  08.18254000e+01   07.27911000e+01   02.95082000e+01   01.79582000e-02
  08.16409000e+01   07.26733000e+01   03.13853000e+01   01.23366000e-02
  08.32104000e+01   07.23078000e+01   03.06105000e+01   01.80857000e-02
  07.86324000e+01   06.92052000e+01   03.71573000e+01  -03.55350000e-03
  07.77016000e+01   06.78471000e+01   03.67802000e+01  -05.48890000e-03
  07.93918000e+01   06.76733000e+01   03.70655000e+01  -05.73590000e-03
  07.71062000e+01   06.17181000e+01   03.09999000e+01  -01.16015000e-02
  07.88178000e+01   06.15748000e+01   03.11625000e+01  -01.03548000e-02
  07.77984000e+01   06.12615000e+01   03.26271000e+01  -01.10806000e-02
  07.78069000e+01   06.46856000e+01   02.69959000e+01  -06.50300000e-03
  07.87425000e+01   06.59646000e+01   02.66682000e+01  -03.84930000e-03
  07.87968000e+01   06.45217000e+01   02.55695000e+01  -06.75510000e-03
  08.22153000e+01   06.87100000e+01   02.34383000e+01   06.96000000e-05
  08.39133000e+01   06.83558000e+01   02.32497000e+01  -02.56130000e-03
  08.28318000e+01   06.69474000e+01   02.36491000e+01  -08.86000000e-04
  08.16652000e+01   07.11330000e+01   03.49400000e+01   02.66600000e-04
  08.12550000e+01   07.19775000e+01   03.64840000e+01   02.07780000e-03
  08.13429000e+01   07.01845000e+01   03.64845000e+01   03.44650000e-03
  07.64739000e+01   06.20260000e+01   03.58783000e+01   02.98050000e-03
  07.63798000e+01   06.17329000e+01   03.40357000e+01  -05.01900000e-04
  08.43314000e+01   06.44432000e+01   02.83285000e+01  -05.40000000e-06
  08.32561000e+01   06.57020000e+01   02.90826000e+01  -02.73660000e-03
  07.92526000e+01   07.18811000e+01   03.48231000e+01   06.65000000e-04
  07.89744000e+01   07.10338000e+01   03.63242000e+01  -04.07950000e-03
  08.25876000e+01   06.40930000e+01   02.66172000e+01   01.58140000e-02
  08.32004000e+01   06.57600000e+01   02.67057000e+01   09.11190000e-03
  08.39568000e+01   07.00566000e+01   04.23277000e+01   00.00000000e+00
  08.34383000e+01   06.90795000e+01   04.36768000e+01   00.00000000e+00
  08.49731000e+01   07.00963000e+01   04.37160000e+01   00.00000000e+00
  08.70155000e+01   06.94831000e+01   04.26995000e+01   00.00000000e+00
  08.70521000e+01   06.81111000e+01   04.15862000e+01   00.00000000e+00
  08.62117000e+01   06.98527000e+01   04.10427000e+01   00.00000000e+00
  08.50295000e+01   06.66020000e+01   04.15093000e+01   00.00000000e+00
  08.42102000e+01   06.78644000e+01   04.04199000e+01   00.00000000e+00
  08.21673000e+01   06.78887000e+01   04.16674000e+01   00.00000000e+00
  08.27744000e+01   06.69760000e+01   04.29658000e+01   00.00000000e+00
  08.23431000e+01   06.59999000e+01   04.01326000e+01   00.00000000e+00
  08.11667000e+01   06.58563000e+01   04.15197000e+01   00.00000000e+00
  08.40316000e+01   06.49484000e+01   04.34097000e+01   00.00000000e+00
  08.23591000e+01   06.41639000e+01   04.35417000e+01   00.00000000e+00
  08.38263000e+01   06.32842000e+01   04.29895000e+01   00.00000000e+00
  08.14435000e+01   06.33491000e+01   04.04929000e+01   00.00000000e+00
  08.26594000e+01   06.23497000e+01   04.13347000e+01   00.00000000e+00
  08.42494000e+01   06.28444000e+01   03.94793000e+01   00.00000000e+00
  08.31558000e+01   06.39989000e+01   03.88039000e+01   00.00000000e+00
  08.18361000e+01   06.21512000e+01   03.80300000e+01   00.00000000e+00
  08.25970000e+01   06.08519000e+01   03.89767000e+01   00.00000000e+00
  08.07117000e+01   07.13769000e+01   03.27819000e+01   07.20400000e-04
  07.82850000e+01   06.60976000e+01   03.52372000e+01  -02.39543000e-02
  07.89317000e+01   06.30448000e+01   02.95618000e+01   04.89340000e-03
  08.33337000e+01   06.80424000e+01   02.76316000e+01  -02.28199000e-02
  07.77387000e+01   06.39766000e+01   03.56034000e+01  -01.51750000e-03
  08.57101000e+01   06.07123000e+01   03.69315000e+01   00.00000000e+00
  08.52548000e+01   06.10581000e+01   03.86899000e+01   00.00000000e+00
  08.46393000e+01   05.96069000e+01   03.77402000e+01   00.00000000e+00
  08.41644000e+01   06.25441000e+01   03.69778000e+01   00.00000000e+00
  08.24108000e+01   06.00128000e+01   03.65570000e+01   00.00000000e+00
  08.38762000e+01   06.03450000e+01   03.55311000e+01   00.00000000e+00
  08.27712000e+01   06.23286000e+01   03.46079000e+01   00.00000000e+00
  08.14706000e+01   06.20581000e+01   03.58287000e+01   00.00000000e+00
  08.04433000e+01   06.10989000e+01   03.41059000e+01   00.00000000e+00
  08.12191000e+01   05.97071000e+01   03.42512000e+01   00.00000000e+00
  08.17792000e+01   05.88161000e+01   03.21660000e+01   00.00000000e+00
  08.05368000e+01   05.99147000e+01   03.15270000e+01   00.00000000e+00
  08.19807000e+01   05.98841000e+01   03.06149000e+01   00.00000000e+00
  08.01892000e+01   06.35429000e+01   02.74221000e+01   05.57290000e-03
  08.09313000e+01   06.59774000e+01   02.61929000e+01  -01.28866000e-02
  08.36258000e+01   06.21327000e+01   03.21134000e+01   00.00000000e+00
  08.54641000e+01   06.77492000e+01   04.32766000e+01   00.00000000e+00
  08.15308000e+01   06.38686000e+01   03.25014000e+01  -01.99830000e-03
  08.10088000e+01   06.28986000e+01   03.10154000e+01  -01.85290000e-03
