  06.71945000e+01   06.13107000e+01   05.03999000e+01  -02.53405000e-03
  06.75143000e+01   06.25872000e+01   05.12549000e+01   07.80610000e-04
  06.63350000e+01   06.35506000e+01   05.14972000e+01   06.83950000e-04
  06.69419000e+01   06.47283000e+01   05.20594000e+01   05.31930000e-04
  06.56099000e+01   06.37549000e+01   05.02141000e+01  -01.13880000e-03
  06.61038000e+01   06.30197000e+01   04.89532000e+01   05.01179000e-03
  06.68543000e+01   06.18923000e+01   04.89596000e+01  -01.30529000e-03
  06.77249000e+01   06.15171000e+01   04.77622000e+01  -01.54921000e-03
  06.85563000e+01   06.22313000e+01   04.69571000e+01  -09.64920000e-04
  06.91752000e+01   06.19732000e+01   04.56430000e+01  -02.95630000e-04
  07.00634000e+01   06.28637000e+01   04.51150000e+01  -02.57020000e-04
  07.07935000e+01   06.28179000e+01   04.38517000e+01   02.20720000e-04
  07.19920000e+01   06.34404000e+01   04.35643000e+01   02.85990000e-04
  07.27110000e+01   06.33563000e+01   04.22564000e+01   03.16900000e-05
  07.39595000e+01   06.40029000e+01   04.22341000e+01  -01.12020000e-04
  07.49909000e+01   06.39720000e+01   04.12288000e+01   03.40000000e-06
  06.59420000e+01   06.07078000e+01   05.10834000e+01   03.83030000e-04
  06.83476000e+01   06.02555000e+01   05.04857000e+01   01.30100000e-05
  06.59401000e+01   06.40131000e+01   04.78192000e+01  -01.34690000e-04
  06.86098000e+01   06.08481000e+01   04.48011000e+01  -08.35400000e-05
  07.21470000e+01   06.25425000e+01   04.10639000e+01   01.43700000e-03
  08.58765000e+01   06.44100000e+01   03.42558000e+01  -05.62820000e-04
  08.64649000e+01   06.37108000e+01   03.29603000e+01  -02.06960000e-04
  08.65999000e+01   06.47401000e+01   03.18116000e+01  -02.30470000e-04
  08.71963000e+01   06.39422000e+01   03.08261000e+01   01.43786000e-03
  08.52570000e+01   06.55129000e+01   03.16000000e+01   03.20417000e-03
  08.43557000e+01   06.56776000e+01   03.25924000e+01  -08.05080000e-04
  08.44106000e+01   06.49595000e+01   03.39186000e+01  -01.76788000e-03
  08.39042000e+01   06.59338000e+01   03.50184000e+01   07.22800000e-05
  08.26931000e+01   06.56298000e+01   03.55930000e+01   01.59105000e-02
  08.21888000e+01   06.60058000e+01   03.69988000e+01  -02.33693000e-02
  08.09620000e+01   06.54195000e+01   03.73691000e+01   05.37835000e-03
  08.04238000e+01   06.55158000e+01   03.87254000e+01   05.38182000e-03
  07.92068000e+01   06.49466000e+01   03.90121000e+01   05.79556000e-03
  07.84417000e+01   06.50422000e+01   04.02544000e+01  -06.99068000e-03
  07.72630000e+01   06.43377000e+01   04.04229000e+01   02.95799000e-03
  07.62276000e+01   06.45156000e+01   04.13781000e+01   08.80642000e-03
  08.68914000e+01   06.54446000e+01   03.47935000e+01  -03.71955000e-03
  08.57799000e+01   06.32627000e+01   03.51564000e+01  -01.20585000e-02
  08.31231000e+01   06.64111000e+01   03.22274000e+01   01.97011000e-03
  08.31022000e+01   06.67025000e+01   03.79966000e+01   08.37962000e-03
  07.89523000e+01   06.59815000e+01   04.13379000e+01  -01.14162000e-03
  07.99823000e+01   06.60923000e+01   04.14366000e+01   05.31110000e-04
  07.85326000e+01   06.69616000e+01   04.12200000e+01   06.44190000e-04
  07.84308000e+01   06.56379000e+01   04.22560000e+01  -01.18537000e-03
  08.29177000e+01   06.65762000e+01   03.90398000e+01  -09.86263000e-03
  08.41073000e+01   06.63367000e+01   03.79217000e+01   04.83486000e-03
  08.32732000e+01   06.77580000e+01   03.78308000e+01  -06.05704000e-03
  08.24980000e+01   06.56998000e+01   03.17011000e+01   01.25782000e-03
  08.26865000e+01   06.67133000e+01   03.31867000e+01  -04.29459000e-03
  08.32488000e+01   06.73016000e+01   03.15586000e+01   07.41250000e-04
  08.50427000e+01   06.25664000e+01   03.47641000e+01  -09.05833000e-03
  08.66595000e+01   06.26807000e+01   03.53372000e+01   05.11703000e-03
  08.53421000e+01   06.35727000e+01   03.60887000e+01   05.28601000e-03
  08.78811000e+01   06.50243000e+01   03.49091000e+01   06.61730000e-04
  08.68331000e+01   06.63686000e+01   03.42155000e+01  -01.43313000e-03
  08.65729000e+01   06.56469000e+01   03.57890000e+01   01.17160000e-04
  08.73373000e+01   06.31233000e+01   03.31855000e+01   07.94200000e-05
  08.57324000e+01   06.29226000e+01   03.25946000e+01  -07.78792000e-03
  07.13135000e+01   06.30951000e+01   04.06637000e+01   07.70140000e-04
  07.29055000e+01   06.22359000e+01   04.03679000e+01   07.99937000e-03
  07.18171000e+01   06.16675000e+01   04.14682000e+01  -03.55757000e-03
  06.75749000e+01   06.08495000e+01   04.46852000e+01  -07.15330000e-03
  06.90111000e+01   06.06744000e+01   04.38269000e+01   03.13430000e-03
  06.89919000e+01   05.99108000e+01   04.51382000e+01   01.47373000e-02
  06.48827000e+01   06.42849000e+01   04.76800000e+01  -01.94855000e-02
  06.67188000e+01   06.48740000e+01   04.78614000e+01   04.92255000e-03
  06.60612000e+01   06.34199000e+01   04.68841000e+01   04.33740000e-03
  06.93208000e+01   06.07725000e+01   05.04509000e+01   04.35178000e-03
  06.83014000e+01   05.96046000e+01   05.14586000e+01   02.18100000e-05
  06.81820000e+01   05.96544000e+01   04.96074000e+01  -05.02650000e-04
  06.61363000e+01   06.07349000e+01   05.21516000e+01  -01.43048000e-03
  06.51349000e+01   06.14236000e+01   05.10337000e+01   02.03840000e-04
  06.55487000e+01   05.97580000e+01   05.07098000e+01   08.62995000e-03
  06.64058000e+01   06.53394000e+01   05.24785000e+01  -01.63629000e-03
  06.87130000e+01   06.32375000e+01   04.72029000e+01  -02.76705000e-03
  06.75638000e+01   06.04385000e+01   04.75239000e+01   01.41710000e-03
  06.45334000e+01   06.33918000e+01   05.03055000e+01  -03.85980000e-04
  06.56212000e+01   06.48434000e+01   05.00639000e+01  -04.81110000e-04
  07.62568000e+01   06.51010000e+01   04.23388000e+01  -02.06250000e-04
  07.68972000e+01   06.38359000e+01   03.95360000e+01   01.11427000e-03
  07.87046000e+01   06.44207000e+01   03.82359000e+01  -01.53420000e-04
  08.07489000e+01   06.61578000e+01   03.95808000e+01  -01.90280000e-04
  08.04051000e+01   06.47813000e+01   03.67293000e+01  -03.63060000e-04
  06.56901000e+01   06.31050000e+01   05.22942000e+01   08.59900000e-05
  08.20425000e+01   06.50402000e+01   03.49700000e+01  -01.01020000e-04
  08.46365000e+01   06.65480000e+01   03.54243000e+01   02.50540000e-04
  08.37102000e+01   06.41527000e+01   03.38368000e+01  -01.19075000e-03
  08.50896000e+01   06.60581000e+01   03.06960000e+01   03.14160000e-04
  08.73353000e+01   06.53876000e+01   03.21322000e+01  -01.11070000e-04
  06.78288000e+01   06.22506000e+01   05.22835000e+01   03.13480000e-04
  06.83271000e+01   06.31165000e+01   05.07685000e+01   01.25001000e-03
  07.49181000e+01   06.33236000e+01   04.03124000e+01   04.27500000e-05
  07.42880000e+01   06.43622000e+01   04.32359000e+01  -04.51238000e-03
  07.23341000e+01   06.40763000e+01   04.43750000e+01   04.22636000e-03
  07.05026000e+01   06.21025000e+01   04.30885000e+01  -09.78060000e-04
  07.01909000e+01   06.37287000e+01   04.56748000e+01  -08.33290000e-04
  08.65510000e+01   06.36185000e+01   03.02244000e+01  -01.05330000e-03
