  06.81377000e+01   06.24109000e+01   05.11002000e+01  -02.53405000e-03
  06.67105000e+01   06.20898000e+01   05.16249000e+01   07.80610000e-04
  06.58149000e+01   06.33348000e+01   05.17859000e+01   06.83950000e-04
  06.59931000e+01   06.38948000e+01   05.30517000e+01   05.31930000e-04
  06.60977000e+01   06.43746000e+01   05.07010000e+01  -01.13880000e-03
  06.69689000e+01   06.39285000e+01   04.96042000e+01   05.01179000e-03
  06.79374000e+01   06.31049000e+01   04.97425000e+01  -01.30529000e-03
  06.85823000e+01   06.25034000e+01   04.85732000e+01  -01.54921000e-03
  06.93190000e+01   06.31297000e+01   04.76424000e+01  -09.64920000e-04
  06.98238000e+01   06.26356000e+01   04.63556000e+01  -02.95630000e-04
  07.07707000e+01   06.33462000e+01   04.56442000e+01  -02.57020000e-04
  07.15201000e+01   06.31499000e+01   04.44318000e+01   02.20720000e-04
  07.27450000e+01   06.37976000e+01   04.42222000e+01   02.85990000e-04
  07.37256000e+01   06.37305000e+01   04.30681000e+01   03.16900000e-05
  07.49537000e+01   06.42945000e+01   04.31726000e+01  -01.12020000e-04
  07.60196000e+01   06.43192000e+01   04.22916000e+01   03.40000000e-06
  06.87973000e+01   06.10858000e+01   05.11215000e+01   03.83030000e-04
  06.89301000e+01   06.33665000e+01   05.20495000e+01   01.30100000e-05
  06.65442000e+01   06.45818000e+01   04.82577000e+01  -01.34690000e-04
  06.91984000e+01   06.13704000e+01   04.58232000e+01  -08.35400000e-05
  07.32696000e+01   06.29497000e+01   04.18691000e+01   01.43700000e-03
  08.72596000e+01   06.52624000e+01   03.59367000e+01  -05.62820000e-04
  08.81279000e+01   06.46031000e+01   03.48405000e+01  -02.06960000e-04
  08.85079000e+01   06.55269000e+01   03.37241000e+01  -02.30470000e-04
  08.90544000e+01   06.45541000e+01   03.28559000e+01   01.43786000e-03
  08.72842000e+01   06.63943000e+01   03.32813000e+01   03.20417000e-03
  08.61478000e+01   06.65277000e+01   03.39634000e+01  -08.05080000e-04
  08.58893000e+01   06.57660000e+01   03.52782000e+01  -01.76788000e-03
  08.50445000e+01   06.64586000e+01   03.63004000e+01   07.22800000e-05
  08.41425000e+01   06.57846000e+01   03.70451000e+01   01.59105000e-02
  08.34824000e+01   06.61721000e+01   03.82726000e+01  -02.33693000e-02
  08.23624000e+01   06.55444000e+01   03.87021000e+01   05.37835000e-03
  08.15996000e+01   06.58721000e+01   03.98216000e+01   05.38182000e-03
  08.03833000e+01   06.53335000e+01   04.01491000e+01   05.79556000e-03
  07.95009000e+01   06.55609000e+01   04.12792000e+01  -06.99068000e-03
  07.83348000e+01   06.48492000e+01   04.13207000e+01   02.95799000e-03
  07.72863000e+01   06.48220000e+01   04.23817000e+01   08.80642000e-03
  08.79508000e+01   06.64546000e+01   03.66816000e+01  -03.71955000e-03
  08.70240000e+01   06.41649000e+01   03.70077000e+01  -01.20585000e-02
  08.50043000e+01   06.73712000e+01   03.34222000e+01   01.97011000e-03
  08.41636000e+01   06.71840000e+01   03.91483000e+01   08.37962000e-03
  07.97842000e+01   06.66882000e+01   04.21995000e+01  -01.14162000e-03
  07.92242000e+01   06.67221000e+01   04.31183000e+01   05.31110000e-04
  08.08265000e+01   06.66641000e+01   04.25382000e+01   06.44190000e-04
  07.95814000e+01   06.76899000e+01   04.18696000e+01  -01.18537000e-03
  08.35018000e+01   06.80473000e+01   03.93179000e+01  -09.86263000e-03
  08.43286000e+01   06.68967000e+01   04.02115000e+01   04.83486000e-03
  08.51866000e+01   06.75109000e+01   03.88760000e+01  -06.05704000e-03
  08.41649000e+01   06.66225000e+01   03.34017000e+01   01.25782000e-03
  08.47211000e+01   06.82765000e+01   03.40065000e+01  -04.29459000e-03
  08.52446000e+01   06.77292000e+01   03.23997000e+01   07.41250000e-04
  08.62359000e+01   06.44854000e+01   03.77136000e+01  -09.05833000e-03
  08.66904000e+01   06.31702000e+01   03.66535000e+01   05.11703000e-03
  08.78905000e+01   06.40148000e+01   03.76622000e+01   05.28601000e-03
  08.88386000e+01   06.60009000e+01   03.71048000e+01   06.61730000e-04
  08.82154000e+01   06.73298000e+01   03.60969000e+01  -01.43313000e-03
  08.73491000e+01   06.67902000e+01   03.75387000e+01   01.17160000e-04
  08.90665000e+01   06.42006000e+01   03.52825000e+01   07.94200000e-05
  08.74677000e+01   06.38108000e+01   03.44859000e+01  -07.78792000e-03
  07.33808000e+01   06.18802000e+01   04.21766000e+01   07.70140000e-04
  07.21742000e+01   06.31321000e+01   04.16949000e+01   07.99937000e-03
  07.37938000e+01   06.31875000e+01   04.09225000e+01  -03.55757000e-03
  06.94816000e+01   06.12717000e+01   04.47529000e+01  -07.15330000e-03
  06.94766000e+01   06.04519000e+01   04.63305000e+01   03.13430000e-03
  06.81072000e+01   06.14635000e+01   04.58989000e+01   01.47373000e-02
  06.71020000e+01   06.55068000e+01   04.80607000e+01  -01.94855000e-02
  06.67166000e+01   06.38421000e+01   04.74347000e+01   04.92255000e-03
  06.54375000e+01   06.47615000e+01   04.82761000e+01   04.33740000e-03
  06.84164000e+01   06.42890000e+01   05.20549000e+01   04.35178000e-03
  06.88787000e+01   06.29284000e+01   05.30280000e+01   02.18100000e-05
  06.99486000e+01   06.36148000e+01   05.16851000e+01  -05.02650000e-04
  06.82604000e+01   06.02641000e+01   05.05708000e+01  -01.43048000e-03
  06.97483000e+01   06.11300000e+01   05.05595000e+01   02.03840000e-04
  06.90736000e+01   06.07482000e+01   05.21173000e+01   08.62995000e-03
  06.55559000e+01   06.33894000e+01   05.37620000e+01  -01.63629000e-03
  06.96907000e+01   06.40904000e+01   04.77600000e+01  -02.76705000e-03
  06.83036000e+01   06.14858000e+01   04.84604000e+01   01.41710000e-03
  06.51225000e+01   06.46510000e+01   05.02781000e+01  -03.85980000e-04
  06.64485000e+01   06.53158000e+01   05.11362000e+01  -04.81110000e-04
  07.74931000e+01   06.53030000e+01   04.33025000e+01  -02.06250000e-04
  07.82160000e+01   06.42890000e+01   04.03879000e+01   01.11427000e-03
  08.01218000e+01   06.45438000e+01   03.93885000e+01  -01.53420000e-04
  08.19280000e+01   06.66810000e+01   04.03599000e+01  -01.90280000e-04
  08.19639000e+01   06.47086000e+01   03.80870000e+01  -03.63060000e-04
  06.47326000e+01   06.30286000e+01   05.16680000e+01   08.59900000e-05
  08.37621000e+01   06.48645000e+01   03.66234000e+01  -01.01020000e-04
  08.53090000e+01   06.74270000e+01   03.66945000e+01   02.50540000e-04
  08.53410000e+01   06.48697000e+01   03.49150000e+01  -01.19075000e-03
  08.73930000e+01   06.70271000e+01   03.23396000e+01   03.14160000e-04
  08.92773000e+01   06.62571000e+01   03.40476000e+01  -01.11070000e-04
  06.61108000e+01   06.15571000e+01   05.08927000e+01   03.13480000e-04
  06.68461000e+01   06.15340000e+01   05.25517000e+01   01.25001000e-03
  07.57195000e+01   06.39516000e+01   04.12955000e+01   04.27500000e-05
  07.52207000e+01   06.47266000e+01   04.41835000e+01  -04.51238000e-03
  07.31527000e+01   06.44087000e+01   04.50312000e+01   04.22636000e-03
  07.11000000e+01   06.24614000e+01   04.36385000e+01  -09.78060000e-04
  07.12537000e+01   06.41940000e+01   04.62196000e+01  -08.33290000e-04
  08.91004000e+01   06.49725000e+01   03.19547000e+01  -01.05330000e-03
