  06.74779000e+01   06.03799000e+01   04.83260000e+01  -02.53405000e-03
  06.64020000e+01   06.01836000e+01   04.93910000e+01   07.80610000e-04
  06.54780000e+01   06.14105000e+01   04.95912000e+01   06.83950000e-04
  06.57256000e+01   06.20774000e+01   05.08659000e+01   05.31930000e-04
  06.56015000e+01   06.24975000e+01   04.85661000e+01  -01.13880000e-03
  06.60721000e+01   06.21288000e+01   04.71768000e+01   05.01179000e-03
  06.70325000e+01   06.11550000e+01   04.70837000e+01  -01.30529000e-03
  06.75561000e+01   06.07242000e+01   04.57738000e+01  -01.54921000e-03
  06.84668000e+01   06.14107000e+01   04.50306000e+01  -09.64920000e-04
  06.89862000e+01   06.11456000e+01   04.37321000e+01  -02.95630000e-04
  06.99924000e+01   06.19424000e+01   04.32601000e+01  -02.57020000e-04
  07.07434000e+01   06.17943000e+01   04.20286000e+01   02.20720000e-04
  07.17492000e+01   06.26552000e+01   04.17167000e+01   02.85990000e-04
  07.25815000e+01   06.24431000e+01   04.06402000e+01   03.16900000e-05
  07.36674000e+01   06.31851000e+01   04.05614000e+01  -01.12020000e-04
  07.48649000e+01   06.30407000e+01   03.97440000e+01   03.40000000e-06
  06.81674000e+01   05.90143000e+01   04.79174000e+01   03.83030000e-04
  06.86541000e+01   06.11250000e+01   04.90312000e+01   01.30100000e-05
  06.54050000e+01   06.29359000e+01   04.60564000e+01  -01.34690000e-04
  06.83080000e+01   06.00581000e+01   04.29575000e+01  -08.35400000e-05
  07.19922000e+01   06.17061000e+01   03.94427000e+01   01.43700000e-03
  08.62945000e+01   06.44433000e+01   03.42828000e+01  -05.62820000e-04
  08.68900000e+01   06.36586000e+01   03.30508000e+01  -02.06960000e-04
  08.70961000e+01   06.44855000e+01   03.17631000e+01  -02.30470000e-04
  08.74796000e+01   06.35076000e+01   03.07996000e+01   01.43786000e-03
  08.59780000e+01   06.54763000e+01   03.15094000e+01   03.20417000e-03
  08.50409000e+01   06.58026000e+01   03.23597000e+01  -08.05080000e-04
  08.50043000e+01   06.51032000e+01   03.37316000e+01  -01.76788000e-03
  08.43083000e+01   06.58088000e+01   03.48843000e+01   07.22800000e-05
  08.32380000e+01   06.52967000e+01   03.54652000e+01   01.59105000e-02
  08.26311000e+01   06.56249000e+01   03.67614000e+01  -02.33693000e-02
  08.14876000e+01   06.48992000e+01   03.70443000e+01   05.37835000e-03
  08.06334000e+01   06.51357000e+01   03.81998000e+01   05.38182000e-03
  07.94254000e+01   06.44582000e+01   03.83273000e+01   05.79556000e-03
  07.83983000e+01   06.44518000e+01   03.93874000e+01  -06.99068000e-03
  07.72432000e+01   06.37787000e+01   03.90887000e+01   02.95799000e-03
  07.60424000e+01   06.37241000e+01   03.99763000e+01   08.80642000e-03
  08.74243000e+01   06.54211000e+01   03.46052000e+01  -03.71955000e-03
  08.61958000e+01   06.32879000e+01   03.53741000e+01  -01.20585000e-02
  08.38216000e+01   06.66444000e+01   03.18507000e+01   01.97011000e-03
  08.32872000e+01   06.67526000e+01   03.75179000e+01   08.37962000e-03
  07.88673000e+01   06.49112000e+01   04.07599000e+01  -01.14162000e-03
  07.96516000e+01   06.43129000e+01   04.11747000e+01   05.31110000e-04
  07.92249000e+01   06.59364000e+01   04.08403000e+01   06.44190000e-04
  07.80203000e+01   06.49984000e+01   04.14261000e+01  -01.18537000e-03
  08.27310000e+01   06.71511000e+01   03.83858000e+01  -09.86263000e-03
  08.41982000e+01   06.63878000e+01   03.79057000e+01   04.83486000e-03
  08.34767000e+01   06.76084000e+01   03.69009000e+01  -06.05704000e-03
  08.34180000e+01   06.60237000e+01   03.10485000e+01   01.25782000e-03
  08.30728000e+01   06.67156000e+01   03.26313000e+01  -04.29459000e-03
  08.41010000e+01   06.76234000e+01   03.14731000e+01   07.41250000e-04
  08.54634000e+01   06.25617000e+01   03.51259000e+01  -09.05833000e-03
  08.71704000e+01   06.27607000e+01   03.55846000e+01   05.11703000e-03
  08.59158000e+01   06.38259000e+01   03.64002000e+01   05.28601000e-03
  08.84044000e+01   06.48466000e+01   03.46548000e+01   06.61730000e-04
  08.75130000e+01   06.61932000e+01   03.38589000e+01  -01.43313000e-03
  08.73597000e+01   06.57393000e+01   03.56343000e+01   01.17160000e-04
  08.78363000e+01   06.31296000e+01   03.33402000e+01   07.94200000e-05
  08.61413000e+01   06.28795000e+01   03.26650000e+01  -07.78792000e-03
  07.22584000e+01   06.22396000e+01   03.85973000e+01   07.70140000e-04
  07.23819000e+01   06.06967000e+01   03.92830000e+01   07.99937000e-03
  07.08961000e+01   06.17062000e+01   03.94917000e+01  -03.55757000e-03
  06.88068000e+01   05.90895000e+01   04.30334000e+01  -07.15330000e-03
  06.72963000e+01   05.99318000e+01   04.32358000e+01   03.13430000e-03
  06.83185000e+01   06.02779000e+01   04.18424000e+01   01.47373000e-02
  06.58662000e+01   06.39231000e+01   04.59791000e+01  -01.94855000e-02
  06.56693000e+01   06.23041000e+01   04.51419000e+01   04.92255000e-03
  06.43179000e+01   06.29963000e+01   04.61318000e+01   04.33740000e-03
  06.83868000e+01   06.21018000e+01   04.94876000e+01   04.35178000e-03
  06.90301000e+01   06.05138000e+01   04.98503000e+01   02.18100000e-05
  06.94971000e+01   06.13758000e+01   04.83517000e+01  -05.02650000e-04
  06.88695000e+01   05.91593000e+01   04.71075000e+01  -01.43048000e-03
  06.86577000e+01   05.85199000e+01   04.87625000e+01   02.03840000e-04
  06.73982000e+01   05.83371000e+01   04.75459000e+01   08.62995000e-03
  06.56308000e+01   06.15247000e+01   05.16442000e+01  -01.63629000e-03
  06.89180000e+01   06.22898000e+01   04.54726000e+01  -02.76705000e-03
  06.73452000e+01   05.97361000e+01   04.55365000e+01   01.41710000e-03
  06.46007000e+01   06.30254000e+01   04.85037000e+01  -03.85980000e-04
  06.62486000e+01   06.33534000e+01   04.88987000e+01  -04.81110000e-04
  07.60710000e+01   06.42315000e+01   04.09443000e+01  -02.06250000e-04
  07.71908000e+01   06.33336000e+01   03.80701000e+01   01.11427000e-03
  07.91663000e+01   06.38119000e+01   03.74534000e+01  -01.53420000e-04
  08.09804000e+01   06.59390000e+01   03.88689000e+01  -01.90280000e-04
  08.12371000e+01   06.41464000e+01   03.63352000e+01  -03.63060000e-04
  06.44668000e+01   06.10229000e+01   04.95664000e+01   08.59900000e-05
  08.28101000e+01   06.44579000e+01   03.49410000e+01  -01.01020000e-04
  08.48746000e+01   06.64734000e+01   03.54625000e+01   02.50540000e-04
  08.43488000e+01   06.42603000e+01   03.34204000e+01  -01.19075000e-03
  08.59206000e+01   06.58513000e+01   03.05088000e+01   03.14160000e-04
  08.80036000e+01   06.51622000e+01   03.19535000e+01  -01.11070000e-04
  06.56831000e+01   05.93810000e+01   04.91432000e+01   03.13480000e-04
  06.67878000e+01   05.98271000e+01   05.04004000e+01   01.25001000e-03
  07.47483000e+01   06.24945000e+01   03.88113000e+01   04.27500000e-05
  07.38374000e+01   06.38277000e+01   04.14188000e+01  -04.51238000e-03
  07.19304000e+01   06.35049000e+01   04.23444000e+01   04.22636000e-03
  07.04374000e+01   06.09612000e+01   04.13982000e+01  -09.78060000e-04
  07.04258000e+01   06.27171000e+01   04.38306000e+01  -08.33290000e-04
  08.77097000e+01   06.38961000e+01   02.99001000e+01  -01.05330000e-03
