  06.88279000e+01   06.06882000e+01   05.01680000e+01  -02.53405000e-03
  06.74967000e+01   06.07641000e+01   05.10593000e+01   07.80610000e-04
  06.65189000e+01   06.19192000e+01   05.09524000e+01   06.83950000e-04
  06.59436000e+01   06.22431000e+01   05.21856000e+01   05.31930000e-04
  06.73004000e+01   06.31606000e+01   05.03902000e+01  -01.13880000e-03
  06.80383000e+01   06.28111000e+01   04.91144000e+01   05.01179000e-03
  06.88241000e+01   06.16691000e+01   04.89556000e+01  -01.30529000e-03
  06.91377000e+01   06.10466000e+01   04.76214000e+01  -01.54921000e-03
  06.99743000e+01   06.16496000e+01   04.66967000e+01  -09.64920000e-04
  07.04815000e+01   06.12473000e+01   04.53921000e+01  -02.95630000e-04
  07.14481000e+01   06.20863000e+01   04.48106000e+01  -02.57020000e-04
  07.21386000e+01   06.20810000e+01   04.35361000e+01   02.20720000e-04
  07.32787000e+01   06.27741000e+01   04.33611000e+01   02.85990000e-04
  07.40621000e+01   06.29150000e+01   04.22323000e+01   03.16900000e-05
  07.52536000e+01   06.36098000e+01   04.24928000e+01  -01.12020000e-04
  07.62184000e+01   06.38998000e+01   04.15356000e+01   03.40000000e-06
  06.92472000e+01   05.92118000e+01   04.98595000e+01   03.83030000e-04
  06.99305000e+01   06.12313000e+01   05.10465000e+01   01.30100000e-05
  06.73138000e+01   06.33507000e+01   04.79343000e+01  -01.34690000e-04
  06.98445000e+01   06.01062000e+01   04.46491000e+01  -08.35400000e-05
  07.38795000e+01   06.20777000e+01   04.09769000e+01   01.43700000e-03
  08.73698000e+01   06.53385000e+01   03.49517000e+01  -05.62820000e-04
  08.79515000e+01   06.47663000e+01   03.36932000e+01  -02.06960000e-04
  08.79378000e+01   06.56924000e+01   03.25156000e+01  -02.30470000e-04
  08.81942000e+01   06.49060000e+01   03.13688000e+01   01.43786000e-03
  08.66273000e+01   06.64959000e+01   03.25606000e+01   03.20417000e-03
  08.57218000e+01   06.65704000e+01   03.35057000e+01  -08.05080000e-04
  08.58483000e+01   06.57248000e+01   03.47614000e+01  -01.76788000e-03
  08.52427000e+01   06.63632000e+01   03.59125000e+01   07.22800000e-05
  08.40057000e+01   06.59774000e+01   03.64150000e+01   01.59105000e-02
  08.33696000e+01   06.65679000e+01   03.75179000e+01  -02.33693000e-02
  08.23248000e+01   06.58475000e+01   03.80714000e+01   05.37835000e-03
  08.14414000e+01   06.61169000e+01   03.91919000e+01   05.38182000e-03
  08.02922000e+01   06.53728000e+01   03.94218000e+01   05.79556000e-03
  07.93581000e+01   06.55350000e+01   04.05237000e+01  -06.99068000e-03
  07.82290000e+01   06.47941000e+01   04.06128000e+01   02.95799000e-03
  07.72158000e+01   06.47256000e+01   04.15806000e+01   08.80642000e-03
  08.83515000e+01   06.64819000e+01   03.53843000e+01  -03.71955000e-03
  08.73244000e+01   06.42187000e+01   03.59699000e+01  -01.20585000e-02
  08.44336000e+01   06.73513000e+01   03.33536000e+01   01.97011000e-03
  08.37455000e+01   06.79590000e+01   03.80097000e+01   08.37962000e-03
  07.96044000e+01   06.66475000e+01   04.15295000e+01  -01.14162000e-03
  08.06558000e+01   06.67415000e+01   04.16895000e+01   05.31110000e-04
  07.93029000e+01   06.76193000e+01   04.11237000e+01   06.44190000e-04
  07.90001000e+01   06.65353000e+01   04.24334000e+01  -01.18537000e-03
  08.40199000e+01   06.85410000e+01   03.71555000e+01  -09.86263000e-03
  08.30987000e+01   06.85440000e+01   03.86479000e+01   04.83486000e-03
  08.46240000e+01   06.77692000e+01   03.86390000e+01  -06.05704000e-03
  08.43630000e+01   06.77702000e+01   03.23281000e+01   01.25782000e-03
  08.36544000e+01   06.65216000e+01   03.32899000e+01  -04.29459000e-03
  08.42346000e+01   06.80922000e+01   03.41154000e+01   07.41250000e-04
  08.66664000e+01   06.45394000e+01   03.68483000e+01  -09.05833000e-03
  08.67573000e+01   06.33900000e+01   03.55419000e+01   05.11703000e-03
  08.83103000e+01   06.38166000e+01   03.62188000e+01   05.28601000e-03
  08.94186000e+01   06.61796000e+01   03.52513000e+01   06.61730000e-04
  08.81635000e+01   06.73382000e+01   03.47141000e+01  -01.43313000e-03
  08.83063000e+01   06.67757000e+01   03.64168000e+01   01.17160000e-04
  08.89527000e+01   06.45689000e+01   03.39115000e+01   07.94200000e-05
  08.73411000e+01   06.38737000e+01   03.33525000e+01  -07.78792000e-03
  07.30618000e+01   06.13680000e+01   04.11020000e+01   07.70140000e-04
  07.37067000e+01   06.27907000e+01   04.01347000e+01   07.99937000e-03
  07.48293000e+01   06.16583000e+01   04.06409000e+01  -03.55757000e-03
  06.93304000e+01   06.03120000e+01   04.36836000e+01  -07.15330000e-03
  07.05760000e+01   05.93042000e+01   04.44078000e+01   03.13430000e-03
  06.91938000e+01   05.95088000e+01   04.51845000e+01   01.47373000e-02
  06.73731000e+01   06.44274000e+01   04.78749000e+01  -01.94855000e-02
  06.77386000e+01   06.30133000e+01   04.69783000e+01   04.92255000e-03
  06.63502000e+01   06.29012000e+01   04.79034000e+01   04.33740000e-03
  07.08035000e+01   06.14641000e+01   05.03521000e+01   04.35178000e-03
  06.98066000e+01   06.22279000e+01   05.14158000e+01   02.18100000e-05
  07.02832000e+01   06.05038000e+01   05.17883000e+01  -05.02650000e-04
  06.84414000e+01   05.87550000e+01   04.92851000e+01  -01.43048000e-03
  07.02156000e+01   05.92026000e+01   04.94040000e+01   02.03840000e-04
  06.93600000e+01   05.86229000e+01   05.07456000e+01   08.62995000e-03
  06.50654000e+01   06.17985000e+01   05.22880000e+01  -01.63629000e-03
  07.05322000e+01   06.24764000e+01   04.70637000e+01  -02.76705000e-03
  06.85924000e+01   06.01232000e+01   04.73729000e+01   01.41710000e-03
  06.67101000e+01   06.40839000e+01   05.01955000e+01  -03.85980000e-04
  06.80969000e+01   06.36052000e+01   05.10909000e+01  -04.81110000e-04
  07.72881000e+01   06.52186000e+01   04.25806000e+01  -02.06250000e-04
  07.80953000e+01   06.39657000e+01   03.98248000e+01   01.11427000e-03
  08.01278000e+01   06.45931000e+01   03.87037000e+01  -01.53420000e-04
  08.16958000e+01   06.68838000e+01   03.98299000e+01  -01.90280000e-04
  08.21361000e+01   06.48679000e+01   03.76410000e+01  -03.63060000e-04
  06.58377000e+01   06.15911000e+01   05.02054000e+01   08.59900000e-05
  08.34025000e+01   06.52322000e+01   03.58622000e+01  -01.01020000e-04
  08.58108000e+01   06.72186000e+01   03.63974000e+01   02.50540000e-04
  08.53637000e+01   06.48226000e+01   03.44278000e+01  -01.19075000e-03
  08.65333000e+01   06.70615000e+01   03.16453000e+01   03.14160000e-04
  08.86471000e+01   06.65069000e+01   03.26400000e+01  -01.11070000e-04
  06.68931000e+01   05.97903000e+01   05.08714000e+01   03.13480000e-04
  06.77708000e+01   06.06893000e+01   05.20882000e+01   01.25001000e-03
  07.60969000e+01   06.34094000e+01   04.05741000e+01   04.27500000e-05
  07.55416000e+01   06.39901000e+01   04.35084000e+01  -04.51238000e-03
  07.36738000e+01   06.32515000e+01   04.43099000e+01   04.22636000e-03
  07.16563000e+01   06.15785000e+01   04.27583000e+01  -09.78060000e-04
  07.18200000e+01   06.28222000e+01   04.55508000e+01  -08.33290000e-04
  08.80359000e+01   06.53789000e+01   03.05063000e+01  -01.05330000e-03
