  06.85570000e+01   06.19758000e+01   05.03564000e+01  -02.53405000e-03
  06.73048000e+01   06.18237000e+01   05.11643000e+01   07.80610000e-04
  06.64232000e+01   06.30335000e+01   05.15020000e+01   06.83950000e-04
  06.67309000e+01   06.37234000e+01   05.27156000e+01   05.31930000e-04
  06.65087000e+01   06.40160000e+01   05.03279000e+01  -01.13880000e-03
  06.72249000e+01   06.35728000e+01   04.91055000e+01   05.01179000e-03
  06.81766000e+01   06.26620000e+01   04.90902000e+01  -01.30529000e-03
  06.87260000e+01   06.20921000e+01   04.78242000e+01  -01.54921000e-03
  06.96897000e+01   06.27217000e+01   04.71080000e+01  -09.64920000e-04
  07.00679000e+01   06.24263000e+01   04.57086000e+01  -02.95630000e-04
  07.09940000e+01   06.32262000e+01   04.52031000e+01  -02.57020000e-04
  07.16065000e+01   06.32426000e+01   04.39136000e+01   02.20720000e-04
  07.27716000e+01   06.37876000e+01   04.35708000e+01   02.85990000e-04
  07.34819000e+01   06.36579000e+01   04.23186000e+01   03.16900000e-05
  07.47946000e+01   06.39643000e+01   04.23228000e+01  -01.12020000e-04
  07.58429000e+01   06.40156000e+01   04.13728000e+01   03.40000000e-06
  06.91998000e+01   06.05657000e+01   05.02523000e+01   03.83030000e-04
  06.95832000e+01   06.28234000e+01   05.10595000e+01   01.30100000e-05
  06.66996000e+01   06.42888000e+01   04.79314000e+01  -01.34690000e-04
  06.93869000e+01   06.13479000e+01   04.48918000e+01  -08.35400000e-05
  07.28203000e+01   06.30377000e+01   04.10672000e+01   01.43700000e-03
  08.67511000e+01   06.54931000e+01   03.48005000e+01  -05.62820000e-04
  08.75078000e+01   06.50629000e+01   03.34993000e+01  -02.06960000e-04
  08.78979000e+01   06.61980000e+01   03.25727000e+01  -02.30470000e-04
  08.87686000e+01   06.58318000e+01   03.14819000e+01   01.43786000e-03
  08.67768000e+01   06.71313000e+01   03.23241000e+01   03.20417000e-03
  08.56698000e+01   06.71951000e+01   03.31327000e+01  -08.05080000e-04
  08.54687000e+01   06.63283000e+01   03.44332000e+01  -01.76788000e-03
  08.48434000e+01   06.69248000e+01   03.56342000e+01   07.22800000e-05
  08.36325000e+01   06.65075000e+01   03.61833000e+01   01.59105000e-02
  08.30034000e+01   06.69008000e+01   03.74292000e+01  -02.33693000e-02
  08.19393000e+01   06.61939000e+01   03.78671000e+01   05.37835000e-03
  08.11774000e+01   06.63020000e+01   03.90257000e+01   05.38182000e-03
  08.01441000e+01   06.54596000e+01   03.92983000e+01   05.79556000e-03
  07.92755000e+01   06.55597000e+01   04.05490000e+01  -06.99068000e-03
  07.81054000e+01   06.47809000e+01   04.05066000e+01   02.95799000e-03
  07.70724000e+01   06.46622000e+01   04.14954000e+01   08.80642000e-03
  08.78277000e+01   06.62650000e+01   03.56187000e+01  -03.71955000e-03
  08.64732000e+01   06.41478000e+01   03.55696000e+01  -01.20585000e-02
  08.46263000e+01   06.81016000e+01   03.27202000e+01   01.97011000e-03
  08.35310000e+01   06.80316000e+01   03.82880000e+01   08.37962000e-03
  07.96919000e+01   06.64612000e+01   04.16342000e+01  -01.14162000e-03
  07.92678000e+01   06.62148000e+01   04.26137000e+01   05.31110000e-04
  08.07728000e+01   06.64908000e+01   04.18393000e+01   06.44190000e-04
  07.93481000e+01   06.74975000e+01   04.15242000e+01  -01.18537000e-03
  08.40126000e+01   06.88103000e+01   03.76316000e+01  -09.86263000e-03
  08.26914000e+01   06.85608000e+01   03.87660000e+01   04.83486000e-03
  08.42438000e+01   06.76319000e+01   03.89414000e+01  -06.05704000e-03
  08.36921000e+01   06.75154000e+01   03.25469000e+01   01.25782000e-03
  08.45223000e+01   06.88740000e+01   03.35071000e+01  -04.29459000e-03
  08.48527000e+01   06.85741000e+01   03.17444000e+01   07.41250000e-04
  08.61724000e+01   06.44346000e+01   03.65481000e+01  -09.05833000e-03
  08.57076000e+01   06.34519000e+01   03.51622000e+01   05.11703000e-03
  08.73325000e+01   06.35597000e+01   03.56403000e+01   05.28601000e-03
  08.75131000e+01   06.64698000e+01   03.66476000e+01   06.61730000e-04
  08.88430000e+01   06.58488000e+01   03.56931000e+01  -01.43313000e-03
  08.79347000e+01   06.73158000e+01   03.52383000e+01   01.17160000e-04
  08.84182000e+01   06.44673000e+01   03.35796000e+01   07.94200000e-05
  08.69961000e+01   06.43870000e+01   03.28663000e+01  -07.78792000e-03
  07.18087000e+01   06.33523000e+01   04.08393000e+01   07.70140000e-04
  07.34007000e+01   06.31782000e+01   04.01794000e+01   07.99937000e-03
  07.27129000e+01   06.19493000e+01   04.11975000e+01  -03.55757000e-03
  06.97771000e+01   06.03658000e+01   04.49937000e+01  -07.15330000e-03
  06.83733000e+01   06.12097000e+01   04.52380000e+01   03.13430000e-03
  06.93874000e+01   06.15922000e+01   04.38419000e+01   01.47373000e-02
  06.71451000e+01   06.39427000e+01   04.69825000e+01  -01.94855000e-02
  06.55754000e+01   06.43567000e+01   04.78844000e+01   04.92255000e-03
  06.69833000e+01   06.53393000e+01   04.81010000e+01   04.33740000e-03
  07.03269000e+01   06.30659000e+01   05.03137000e+01   04.35178000e-03
  06.91880000e+01   06.37504000e+01   05.14021000e+01   02.18100000e-05
  07.00429000e+01   06.23484000e+01   05.19615000e+01  -05.02650000e-04
  07.01667000e+01   06.06849000e+01   04.98169000e+01  -01.43048000e-03
  06.93512000e+01   06.00837000e+01   05.12223000e+01   02.03840000e-04
  06.86603000e+01   05.99164000e+01   04.96431000e+01   08.62995000e-03
  06.66020000e+01   06.31242000e+01   05.35298000e+01  -01.63629000e-03
  07.01892000e+01   06.35803000e+01   04.75308000e+01  -02.76705000e-03
  06.81536000e+01   06.13337000e+01   04.74198000e+01   01.41710000e-03
  06.55292000e+01   06.43524000e+01   05.00255000e+01  -03.85980000e-04
  06.69426000e+01   06.49523000e+01   05.07129000e+01  -04.81110000e-04
  07.72571000e+01   06.50071000e+01   04.24747000e+01  -02.06250000e-04
  07.79386000e+01   06.42348000e+01   03.96228000e+01   01.11427000e-03
  07.98702000e+01   06.47720000e+01   03.85022000e+01  -01.53420000e-04
  08.14564000e+01   06.70178000e+01   03.97292000e+01  -01.90280000e-04
  08.17272000e+01   06.54489000e+01   03.71241000e+01  -03.63060000e-04
  06.54178000e+01   06.26952000e+01   05.16838000e+01   08.59900000e-05
  08.31301000e+01   06.56756000e+01   03.57566000e+01  -01.01020000e-04
  08.53757000e+01   06.77746000e+01   03.61946000e+01   02.50540000e-04
  08.48014000e+01   06.55537000e+01   03.41027000e+01  -01.19075000e-03
  08.67450000e+01   06.77447000e+01   03.13424000e+01   03.14160000e-04
  08.84819000e+01   06.68876000e+01   03.31831000e+01  -01.11070000e-04
  06.65590000e+01   06.11295000e+01   05.06418000e+01   03.13480000e-04
  06.75773000e+01   06.12750000e+01   05.20765000e+01   01.25001000e-03
  07.56656000e+01   06.35735000e+01   04.03581000e+01   04.27500000e-05
  07.51423000e+01   06.42897000e+01   04.33173000e+01  -04.51238000e-03
  07.32782000e+01   06.42952000e+01   04.44090000e+01   04.22636000e-03
  07.11338000e+01   06.26716000e+01   04.31303000e+01  -09.78060000e-04
  07.12857000e+01   06.40655000e+01   04.58812000e+01  -08.33290000e-04
  08.82941000e+01   06.55366000e+01   03.07090000e+01  -01.05330000e-03
