  06.80623000e+01   06.06319000e+01   05.02902000e+01  -02.53405000e-03
  06.66549000e+01   06.05119000e+01   05.07744000e+01   07.80610000e-04
  06.58327000e+01   06.17383000e+01   05.10985000e+01   06.83950000e-04
  06.57061000e+01   06.18861000e+01   05.24943000e+01   05.31930000e-04
  06.62361000e+01   06.29692000e+01   05.02186000e+01  -01.13880000e-03
  06.71206000e+01   06.26425000e+01   04.90049000e+01   05.01179000e-03
  06.79704000e+01   06.15662000e+01   04.90734000e+01  -01.30529000e-03
  06.84582000e+01   06.09857000e+01   04.78044000e+01  -01.54921000e-03
  06.93487000e+01   06.16414000e+01   04.70430000e+01  -09.64920000e-04
  06.97905000e+01   06.13894000e+01   04.56990000e+01  -02.95630000e-04
  07.07477000e+01   06.21810000e+01   04.51602000e+01  -02.57020000e-04
  07.13299000e+01   06.21333000e+01   04.37879000e+01   02.20720000e-04
  07.24896000e+01   06.28190000e+01   04.36703000e+01   02.85990000e-04
  07.34590000e+01   06.30014000e+01   04.25081000e+01   03.16900000e-05
  07.46373000e+01   06.36614000e+01   04.25561000e+01  -01.12020000e-04
  07.57358000e+01   06.37411000e+01   04.16197000e+01   03.40000000e-06
  06.87016000e+01   05.91954000e+01   05.01707000e+01   03.83030000e-04
  06.89791000e+01   06.13646000e+01   05.13491000e+01   01.30100000e-05
  06.63945000e+01   06.29967000e+01   04.77291000e+01  -01.34690000e-04
  06.91715000e+01   06.02708000e+01   04.48888000e+01  -08.35400000e-05
  07.32479000e+01   06.21519000e+01   04.13035000e+01   01.43700000e-03
  08.71182000e+01   06.45484000e+01   03.53694000e+01  -05.62820000e-04
  08.79713000e+01   06.38574000e+01   03.42195000e+01  -02.06960000e-04
  08.82921000e+01   06.48293000e+01   03.30338000e+01  -02.30470000e-04
  08.89855000e+01   06.39679000e+01   03.20786000e+01   01.43786000e-03
  08.70958000e+01   06.57368000e+01   03.26484000e+01   03.20417000e-03
  08.60128000e+01   06.59329000e+01   03.34538000e+01  -08.05080000e-04
  08.57535000e+01   06.50763000e+01   03.47384000e+01  -01.76788000e-03
  08.48476000e+01   06.57693000e+01   03.56968000e+01   07.22800000e-05
  08.38486000e+01   06.52666000e+01   03.64826000e+01   01.59105000e-02
  08.31456000e+01   06.58770000e+01   03.76158000e+01  -02.33693000e-02
  08.20310000e+01   06.53660000e+01   03.81928000e+01   05.37835000e-03
  08.12725000e+01   06.55867000e+01   03.94019000e+01   05.38182000e-03
  08.01027000e+01   06.49696000e+01   03.97402000e+01   05.79556000e-03
  07.92229000e+01   06.50821000e+01   04.08400000e+01  -06.99068000e-03
  07.80333000e+01   06.44514000e+01   04.08221000e+01   02.95799000e-03
  07.69322000e+01   06.45186000e+01   04.17573000e+01   08.80642000e-03
  08.78970000e+01   06.57298000e+01   03.60372000e+01  -03.71955000e-03
  08.69398000e+01   06.35574000e+01   03.64870000e+01  -01.20585000e-02
  08.49953000e+01   06.68448000e+01   03.29672000e+01   01.97011000e-03
  08.37291000e+01   06.71225000e+01   03.81196000e+01   08.37962000e-03
  07.95810000e+01   06.61977000e+01   04.17802000e+01  -01.14162000e-03
  08.06196000e+01   06.60919000e+01   04.21490000e+01   05.31110000e-04
  07.95147000e+01   06.71619000e+01   04.12937000e+01   06.44190000e-04
  07.89744000e+01   06.62880000e+01   04.26232000e+01  -01.18537000e-03
  08.33999000e+01   06.73127000e+01   03.91783000e+01  -09.86263000e-03
  08.48047000e+01   06.72129000e+01   03.81568000e+01   04.83486000e-03
  08.33788000e+01   06.80656000e+01   03.76154000e+01  -06.05704000e-03
  08.41042000e+01   06.61899000e+01   03.28189000e+01   01.25782000e-03
  08.46731000e+01   06.74465000e+01   03.38224000e+01  -04.29459000e-03
  08.52283000e+01   06.74618000e+01   03.20614000e+01   07.41250000e-04
  08.79295000e+01   06.32225000e+01   03.67680000e+01  -09.05833000e-03
  08.64881000e+01   06.39227000e+01   03.73874000e+01   05.11703000e-03
  08.63288000e+01   06.27881000e+01   03.61015000e+01   05.28601000e-03
  08.89129000e+01   06.54654000e+01   03.63715000e+01   06.61730000e-04
  08.79950000e+01   06.65366000e+01   03.52415000e+01  -01.43313000e-03
  08.73418000e+01   06.62930000e+01   03.67717000e+01   01.17160000e-04
  08.89373000e+01   06.34362000e+01   03.46211000e+01   07.94200000e-05
  08.73767000e+01   06.30467000e+01   03.37805000e+01  -07.78792000e-03
  07.38756000e+01   06.12863000e+01   04.13000000e+01   07.70140000e-04
  07.21827000e+01   06.17082000e+01   04.12264000e+01   07.99937000e-03
  07.34397000e+01   06.26165000e+01   04.03338000e+01  -03.55757000e-03
  06.85680000e+01   06.06173000e+01   04.40339000e+01  -07.15330000e-03
  06.98521000e+01   05.95392000e+01   04.45469000e+01   03.13430000e-03
  06.86202000e+01   05.95134000e+01   04.54768000e+01   01.47373000e-02
  06.65567000e+01   06.24333000e+01   04.67948000e+01  -01.94855000e-02
  06.53433000e+01   06.28992000e+01   04.79628000e+01   04.92255000e-03
  06.66094000e+01   06.40505000e+01   04.75308000e+01   04.33740000e-03
  07.00449000e+01   06.11421000e+01   05.12468000e+01   04.35178000e-03
  06.89706000e+01   06.24325000e+01   05.14350000e+01   02.18100000e-05
  06.87012000e+01   06.09893000e+01   05.23042000e+01  -05.02650000e-04
  06.81071000e+01   05.84771000e+01   04.96292000e+01  -01.43048000e-03
  06.96436000e+01   05.94075000e+01   04.95768000e+01   02.03840000e-04
  06.88099000e+01   05.87517000e+01   05.11408000e+01   08.62995000e-03
  06.65196000e+01   06.20974000e+01   05.29281000e+01  -01.63629000e-03
  06.96508000e+01   06.25634000e+01   04.75034000e+01  -02.76705000e-03
  06.79794000e+01   06.00817000e+01   04.75350000e+01   01.41710000e-03
  06.52834000e+01   06.35123000e+01   04.98609000e+01  -03.85980000e-04
  06.67110000e+01   06.37013000e+01   05.08908000e+01  -04.81110000e-04
  07.70462000e+01   06.51550000e+01   04.26800000e+01  -02.06250000e-04
  07.77374000e+01   06.38745000e+01   03.99471000e+01   01.11427000e-03
  07.97749000e+01   06.42436000e+01   03.90076000e+01  -01.53420000e-04
  08.15955000e+01   06.64237000e+01   04.00719000e+01  -01.90280000e-04
  08.16101000e+01   06.44912000e+01   03.76895000e+01  -03.63060000e-04
  06.48473000e+01   06.13424000e+01   05.09337000e+01   08.59900000e-05
  08.33981000e+01   06.44318000e+01   03.60844000e+01  -01.01020000e-04
  08.53394000e+01   06.67236000e+01   03.58851000e+01   02.50540000e-04
  08.51812000e+01   06.42855000e+01   03.42127000e+01  -01.19075000e-03
  08.72244000e+01   06.63395000e+01   03.17472000e+01   03.14160000e-04
  08.89538000e+01   06.56430000e+01   03.33359000e+01  -01.11070000e-04
  06.61320000e+01   06.00418000e+01   04.99865000e+01   03.13480000e-04
  06.64853000e+01   05.98487000e+01   05.15847000e+01   01.25001000e-03
  07.56348000e+01   06.31568000e+01   04.07355000e+01   04.27500000e-05
  07.47582000e+01   06.39866000e+01   04.35378000e+01  -04.51238000e-03
  07.28479000e+01   06.33546000e+01   04.45805000e+01   04.22636000e-03
  07.09768000e+01   06.15693000e+01   04.29269000e+01  -09.78060000e-04
  07.11697000e+01   06.29709000e+01   04.57595000e+01  -08.33290000e-04
  08.86934000e+01   06.41763000e+01   03.11569000e+01  -01.05330000e-03
