  06.84980000e+01   06.07630000e+01   05.07545000e+01  -02.53405000e-03
  06.70759000e+01   06.06960000e+01   05.13914000e+01   07.80610000e-04
  06.63214000e+01   06.20278000e+01   05.16679000e+01   06.83950000e-04
  06.59754000e+01   06.23292000e+01   05.29877000e+01   05.31930000e-04
  06.69244000e+01   06.31555000e+01   05.08439000e+01  -01.13880000e-03
  06.74938000e+01   06.26865000e+01   04.95172000e+01   05.01179000e-03
  06.84079000e+01   06.16463000e+01   04.94652000e+01  -01.30529000e-03
  06.89936000e+01   06.11432000e+01   04.81940000e+01  -01.54921000e-03
  06.97100000e+01   06.18490000e+01   04.72998000e+01  -09.64920000e-04
  07.02254000e+01   06.14050000e+01   04.60192000e+01  -02.95630000e-04
  07.11956000e+01   06.21546000e+01   04.53914000e+01  -02.57020000e-04
  07.18723000e+01   06.19786000e+01   04.41179000e+01   02.20720000e-04
  07.29610000e+01   06.27281000e+01   04.37411000e+01   02.85990000e-04
  07.38562000e+01   06.26604000e+01   04.25832000e+01   03.16900000e-05
  07.50241000e+01   06.34237000e+01   04.26302000e+01  -01.12020000e-04
  07.61858000e+01   06.33779000e+01   04.18027000e+01   03.40000000e-06
  06.89554000e+01   05.93557000e+01   05.04246000e+01   03.83030000e-04
  06.95161000e+01   06.12842000e+01   05.18303000e+01   01.30100000e-05
  06.67946000e+01   06.32131000e+01   04.82933000e+01  -01.34690000e-04
  06.96469000e+01   06.01690000e+01   04.54425000e+01  -08.35400000e-05
  07.35288000e+01   06.17448000e+01   04.13919000e+01   01.43700000e-03
  08.73060000e+01   06.46401000e+01   03.52600000e+01  -05.62820000e-04
  08.82072000e+01   06.42945000e+01   03.39847000e+01  -02.06960000e-04
  08.83272000e+01   06.54322000e+01   03.30214000e+01  -02.30470000e-04
  08.91205000e+01   06.49517000e+01   03.19386000e+01   01.43786000e-03
  08.69388000e+01   06.59983000e+01   03.27053000e+01   03.20417000e-03
  08.58600000e+01   06.59926000e+01   03.35182000e+01  -08.05080000e-04
  08.58376000e+01   06.50555000e+01   03.47680000e+01  -01.76788000e-03
  08.49177000e+01   06.56261000e+01   03.58428000e+01   07.22800000e-05
  08.38784000e+01   06.49483000e+01   03.64890000e+01   01.59105000e-02
  08.33613000e+01   06.54948000e+01   03.77974000e+01  -02.33693000e-02
  08.22194000e+01   06.48687000e+01   03.81633000e+01   05.37835000e-03
  08.14990000e+01   06.50297000e+01   03.93671000e+01   05.38182000e-03
  08.03085000e+01   06.45488000e+01   03.97018000e+01   05.79556000e-03
  07.95356000e+01   06.48143000e+01   04.08943000e+01  -06.99068000e-03
  07.84044000e+01   06.40642000e+01   04.10668000e+01   02.95799000e-03
  07.73549000e+01   06.40363000e+01   04.19936000e+01   08.80642000e-03
  08.80853000e+01   06.58366000e+01   03.58814000e+01  -03.71955000e-03
  08.72541000e+01   06.33677000e+01   03.61832000e+01  -01.20585000e-02
  08.46526000e+01   06.67174000e+01   03.31994000e+01   01.97011000e-03
  08.42085000e+01   06.64940000e+01   03.85863000e+01   08.37962000e-03
  07.99024000e+01   06.59891000e+01   04.17752000e+01  -01.14162000e-03
  07.90779000e+01   06.62052000e+01   04.24589000e+01   05.31110000e-04
  08.06955000e+01   06.56767000e+01   04.24450000e+01   06.44190000e-04
  08.00899000e+01   06.68766000e+01   04.12650000e+01  -01.18537000e-03
  08.49004000e+01   06.60381000e+01   03.92252000e+01  -09.86263000e-03
  08.46904000e+01   06.73587000e+01   03.80693000e+01   04.83486000e-03
  08.35494000e+01   06.68468000e+01   03.93248000e+01  -06.05704000e-03
  08.39459000e+01   06.59737000e+01   03.27612000e+01   01.25782000e-03
  08.40775000e+01   06.71584000e+01   03.40967000e+01  -04.29459000e-03
  08.48800000e+01   06.75800000e+01   03.25330000e+01   07.41250000e-04
  08.67448000e+01   06.35566000e+01   03.70869000e+01  -09.05833000e-03
  08.68510000e+01   06.25207000e+01   03.56269000e+01   05.11703000e-03
  08.82576000e+01   06.31225000e+01   03.65061000e+01   05.28601000e-03
  08.90698000e+01   06.55073000e+01   03.62002000e+01   06.61730000e-04
  08.81954000e+01   06.67570000e+01   03.52838000e+01  -01.43313000e-03
  08.74159000e+01   06.60156000e+01   03.67527000e+01   01.17160000e-04
  08.92302000e+01   06.40437000e+01   03.43954000e+01   07.94200000e-05
  08.77705000e+01   06.34206000e+01   03.34169000e+01  -07.78792000e-03
  07.36354000e+01   06.22127000e+01   04.04359000e+01   07.70140000e-04
  07.40165000e+01   06.08080000e+01   04.12914000e+01   07.99937000e-03
  07.25241000e+01   06.15536000e+01   04.13747000e+01  -03.55757000e-03
  06.95495000e+01   05.92396000e+01   04.60945000e+01  -07.15330000e-03
  06.86306000e+01   06.03808000e+01   04.51534000e+01   03.13430000e-03
  07.01786000e+01   05.97709000e+01   04.45648000e+01   01.47373000e-02
  06.69610000e+01   06.42697000e+01   04.82321000e+01  -01.94855000e-02
  06.72534000e+01   06.27654000e+01   04.73984000e+01   04.92255000e-03
  06.56990000e+01   06.29499000e+01   04.83284000e+01   04.33740000e-03
  06.95532000e+01   06.23168000e+01   05.21925000e+01   04.35178000e-03
  06.96273000e+01   06.06565000e+01   05.27415000e+01   02.18100000e-05
  07.05346000e+01   06.11035000e+01   05.13234000e+01  -05.02650000e-04
  06.82077000e+01   05.88752000e+01   04.97004000e+01  -01.43048000e-03
  06.99938000e+01   05.91912000e+01   05.00185000e+01   02.03840000e-04
  06.91072000e+01   05.86751000e+01   05.12645000e+01   08.62995000e-03
  06.66389000e+01   06.20364000e+01   05.36365000e+01  -01.63629000e-03
  07.00176000e+01   06.28431000e+01   04.76863000e+01  -02.76705000e-03
  06.87468000e+01   06.01484000e+01   04.79459000e+01   01.41710000e-03
  06.61041000e+01   06.38807000e+01   05.06564000e+01  -03.85980000e-04
  06.77792000e+01   06.35396000e+01   05.13551000e+01  -04.81110000e-04
  07.74435000e+01   06.44971000e+01   04.29765000e+01  -02.06250000e-04
  07.81228000e+01   06.33548000e+01   04.02606000e+01   01.11427000e-03
  07.98446000e+01   06.37721000e+01   03.90690000e+01  -01.53420000e-04
  08.19012000e+01   06.56574000e+01   04.01248000e+01  -01.90280000e-04
  08.18601000e+01   06.41225000e+01   03.75312000e+01  -03.63060000e-04
  06.53073000e+01   06.18256000e+01   05.12629000e+01   08.59900000e-05
  08.36773000e+01   06.39006000e+01   03.63661000e+01  -01.01020000e-04
  08.52168000e+01   06.66084000e+01   03.61826000e+01   02.50540000e-04
  08.53037000e+01   06.42095000e+01   03.44037000e+01  -01.19075000e-03
  08.69468000e+01   06.66386000e+01   03.18800000e+01   03.14160000e-04
  08.90100000e+01   06.61005000e+01   03.36494000e+01  -01.11070000e-04
  06.64086000e+01   06.02612000e+01   05.06486000e+01   03.13480000e-04
  06.71272000e+01   06.00644000e+01   05.23179000e+01   01.25001000e-03
  07.60609000e+01   06.27794000e+01   04.08792000e+01   04.27500000e-05
  07.51247000e+01   06.40277000e+01   04.35471000e+01  -04.51238000e-03
  07.32582000e+01   06.34314000e+01   04.45466000e+01   04.22636000e-03
  07.14493000e+01   06.11221000e+01   04.35681000e+01  -09.78060000e-04
  07.16623000e+01   06.30164000e+01   04.59485000e+01  -08.33290000e-04
  08.86601000e+01   06.45341000e+01   03.12644000e+01  -01.05330000e-03
