  06.73296000e+01   06.16418000e+01   04.98816000e+01  -02.53405000e-03
  06.73236000e+01   06.27934000e+01   05.08698000e+01   07.80610000e-04
  06.60246000e+01   06.35954000e+01   05.09035000e+01   06.83950000e-04
  06.64722000e+01   06.48874000e+01   05.14584000e+01   05.31930000e-04
  06.53745000e+01   06.37578000e+01   04.94866000e+01  -01.13880000e-03
  06.61071000e+01   06.31313000e+01   04.83087000e+01   05.01179000e-03
  06.69344000e+01   06.20602000e+01   04.84296000e+01  -01.30529000e-03
  06.78413000e+01   06.15697000e+01   04.73282000e+01  -01.54921000e-03
  06.85649000e+01   06.23410000e+01   04.64156000e+01  -09.64920000e-04
  06.90845000e+01   06.19863000e+01   04.50846000e+01  -02.95630000e-04
  07.01342000e+01   06.27016000e+01   04.46251000e+01  -02.57020000e-04
  07.07750000e+01   06.25576000e+01   04.33910000e+01   02.20720000e-04
  07.20933000e+01   06.29271000e+01   04.31481000e+01   02.85990000e-04
  07.28676000e+01   06.28321000e+01   04.19144000e+01   03.16900000e-05
  07.40722000e+01   06.34126000e+01   04.19434000e+01  -01.12020000e-04
  07.50324000e+01   06.34306000e+01   04.08789000e+01   03.40000000e-06
  06.63564000e+01   06.06261000e+01   05.04433000e+01   03.83030000e-04
  06.87587000e+01   06.10439000e+01   05.00977000e+01   01.30100000e-05
  06.58667000e+01   06.39923000e+01   04.70990000e+01  -01.34690000e-04
  06.84324000e+01   06.07782000e+01   04.44069000e+01  -08.35400000e-05
  07.22169000e+01   06.20618000e+01   04.08090000e+01   01.43700000e-03
  08.62742000e+01   06.40395000e+01   03.45138000e+01  -05.62820000e-04
  08.67881000e+01   06.37069000e+01   03.31348000e+01  -02.06960000e-04
  08.72217000e+01   06.48686000e+01   03.22852000e+01  -02.30470000e-04
  08.78054000e+01   06.43943000e+01   03.10646000e+01   01.43786000e-03
  08.60607000e+01   06.58205000e+01   03.20736000e+01   03.20417000e-03
  08.50550000e+01   06.59042000e+01   03.29618000e+01  -08.05080000e-04
  08.49866000e+01   06.48787000e+01   03.41465000e+01  -01.76788000e-03
  08.42652000e+01   06.54947000e+01   03.53825000e+01   07.22800000e-05
  08.31208000e+01   06.49987000e+01   03.60108000e+01   01.59105000e-02
  08.23524000e+01   06.55585000e+01   03.71227000e+01  -02.33693000e-02
  08.11106000e+01   06.49965000e+01   03.74004000e+01   05.37835000e-03
  08.04072000e+01   06.52491000e+01   03.86395000e+01   05.38182000e-03
  07.92061000e+01   06.47201000e+01   03.89181000e+01   05.79556000e-03
  07.83156000e+01   06.49285000e+01   03.99937000e+01  -06.99068000e-03
  07.70946000e+01   06.42282000e+01   03.99043000e+01   02.95799000e-03
  07.61325000e+01   06.41714000e+01   04.09279000e+01   08.80642000e-03
  08.74255000e+01   06.48014000e+01   03.53412000e+01  -03.71955000e-03
  08.59485000e+01   06.26159000e+01   03.51985000e+01  -01.20585000e-02
  08.40145000e+01   06.69465000e+01   03.27143000e+01   01.97011000e-03
  08.29789000e+01   06.67313000e+01   03.79466000e+01   08.37962000e-03
  07.87240000e+01   06.56480000e+01   04.12657000e+01  -01.14162000e-03
  07.97762000e+01   06.56627000e+01   04.14494000e+01   05.31110000e-04
  07.82869000e+01   06.66709000e+01   04.13446000e+01   06.44190000e-04
  07.83732000e+01   06.51760000e+01   04.22665000e+01  -01.18537000e-03
  08.21609000e+01   06.73995000e+01   03.83483000e+01  -09.86263000e-03
  08.35019000e+01   06.63668000e+01   03.88338000e+01   04.83486000e-03
  08.36728000e+01   06.73420000e+01   03.73600000e+01  -06.05704000e-03
  08.42677000e+01   06.78087000e+01   03.32753000e+01   01.25782000e-03
  08.40110000e+01   06.70899000e+01   03.15768000e+01  -04.29459000e-03
  08.29626000e+01   06.66060000e+01   03.29546000e+01   07.41250000e-04
  08.52912000e+01   06.20781000e+01   03.45298000e+01  -09.05833000e-03
  08.69061000e+01   06.20461000e+01   03.52446000e+01   05.11703000e-03
  08.55778000e+01   06.26852000e+01   03.61955000e+01   05.28601000e-03
  08.75259000e+01   06.58311000e+01   03.48456000e+01   06.61730000e-04
  08.70475000e+01   06.51358000e+01   03.63420000e+01  -01.43313000e-03
  08.84112000e+01   06.42431000e+01   03.52951000e+01   01.17160000e-04
  08.75373000e+01   06.29409000e+01   03.31908000e+01   07.94200000e-05
  08.61239000e+01   06.31457000e+01   03.24560000e+01  -07.78792000e-03
  07.11168000e+01   06.21627000e+01   04.07368000e+01   07.70140000e-04
  07.25384000e+01   06.22172000e+01   03.97472000e+01   07.99937000e-03
  07.24013000e+01   06.09906000e+01   04.08623000e+01  -03.55757000e-03
  06.91251000e+01   06.01101000e+01   04.38893000e+01  -07.15330000e-03
  06.77854000e+01   06.02076000e+01   04.49999000e+01   03.13430000e-03
  06.76662000e+01   06.11948000e+01   04.36485000e+01   01.47373000e-02
  06.47664000e+01   06.43468000e+01   04.70991000e+01  -01.94855000e-02
  06.64253000e+01   06.49159000e+01   04.71562000e+01   04.92255000e-03
  06.59811000e+01   06.33976000e+01   04.62154000e+01   04.33740000e-03
  06.89932000e+01   06.07902000e+01   05.11811000e+01   04.35178000e-03
  06.89370000e+01   06.02068000e+01   04.94523000e+01   02.18100000e-05
  06.95402000e+01   06.18087000e+01   04.98980000e+01  -05.02650000e-04
  06.53540000e+01   06.10290000e+01   05.01232000e+01  -01.43048000e-03
  06.64936000e+01   05.95687000e+01   05.00213000e+01   02.03840000e-04
  06.64686000e+01   06.06950000e+01   05.14890000e+01   08.62995000e-03
  06.58047000e+01   06.54964000e+01   05.17995000e+01  -01.63629000e-03
  06.85981000e+01   06.33937000e+01   04.65645000e+01  -02.76705000e-03
  06.76504000e+01   06.05128000e+01   04.70776000e+01   01.41710000e-03
  06.43745000e+01   06.34282000e+01   04.94871000e+01  -03.85980000e-04
  06.51454000e+01   06.47933000e+01   04.93802000e+01  -04.81110000e-04
  07.62938000e+01   06.46717000e+01   04.18913000e+01  -02.06250000e-04
  07.68274000e+01   06.36661000e+01   03.89428000e+01   01.11427000e-03
  07.87633000e+01   06.41215000e+01   03.80944000e+01  -01.53420000e-04
  08.08206000e+01   06.58793000e+01   03.93966000e+01  -01.90280000e-04
  08.08438000e+01   06.41431000e+01   03.68148000e+01  -03.63060000e-04
  06.54701000e+01   06.29827000e+01   05.16371000e+01   08.59900000e-05
  08.26202000e+01   06.41693000e+01   03.55164000e+01  -01.01020000e-04
  08.47635000e+01   06.63783000e+01   03.57818000e+01   02.50540000e-04
  08.42833000e+01   06.42021000e+01   03.36840000e+01  -01.19075000e-03
  08.62192000e+01   06.65415000e+01   03.12344000e+01   03.14160000e-04
  08.80366000e+01   06.53127000e+01   03.27904000e+01  -01.11070000e-04
  06.76369000e+01   06.25748000e+01   05.19135000e+01   03.13480000e-04
  06.81220000e+01   06.34257000e+01   05.05623000e+01   01.25001000e-03
  07.48420000e+01   06.28744000e+01   03.99363000e+01   04.27500000e-05
  07.43175000e+01   06.40517000e+01   04.27888000e+01  -04.51238000e-03
  07.25735000e+01   06.34380000e+01   04.39606000e+01   04.22636000e-03
  07.01828000e+01   06.19735000e+01   04.27289000e+01  -09.78060000e-04
  07.05121000e+01   06.34838000e+01   04.53283000e+01  -08.33290000e-04
  08.71678000e+01   06.41638000e+01   03.03517000e+01  -01.05330000e-03
