  06.80743000e+01   06.07693000e+01   05.06882000e+01  -02.53405000e-03
  06.66886000e+01   06.05425000e+01   05.14053000e+01   07.80610000e-04
  06.59960000e+01   06.18555000e+01   05.16883000e+01   06.83950000e-04
  06.61647000e+01   06.21515000e+01   05.30728000e+01   05.31930000e-04
  06.64892000e+01   06.30551000e+01   05.08381000e+01  -01.13880000e-03
  06.71832000e+01   06.27321000e+01   04.94673000e+01   05.01179000e-03
  06.78571000e+01   06.15933000e+01   04.93832000e+01  -01.30529000e-03
  06.85058000e+01   06.10367000e+01   04.80865000e+01  -01.54921000e-03
  06.90945000e+01   06.17664000e+01   04.71268000e+01  -09.64920000e-04
  06.95787000e+01   06.12413000e+01   04.58725000e+01  -02.95630000e-04
  07.06382000e+01   06.20016000e+01   04.52964000e+01  -02.57020000e-04
  07.13758000e+01   06.17923000e+01   04.40481000e+01   02.20720000e-04
  07.24326000e+01   06.25951000e+01   04.36699000e+01   02.85990000e-04
  07.33716000e+01   06.24053000e+01   04.25905000e+01   03.16900000e-05
  07.45295000e+01   06.30680000e+01   04.26903000e+01  -01.12020000e-04
  07.56489000e+01   06.30784000e+01   04.17220000e+01   03.40000000e-06
  06.87844000e+01   05.93624000e+01   05.04769000e+01   03.83030000e-04
  06.89921000e+01   06.15340000e+01   05.16917000e+01   01.30100000e-05
  06.67979000e+01   06.36258000e+01   04.82616000e+01  -01.34690000e-04
  06.90368000e+01   05.99515000e+01   04.52624000e+01  -08.35400000e-05
  07.29781000e+01   06.15999000e+01   04.13444000e+01   01.43700000e-03
  08.70819000e+01   06.50734000e+01   03.59209000e+01  -05.62820000e-04
  08.78161000e+01   06.45008000e+01   03.46953000e+01  -02.06960000e-04
  08.79312000e+01   06.54264000e+01   03.34425000e+01  -02.30470000e-04
  08.82459000e+01   06.44724000e+01   03.23860000e+01   01.43786000e-03
  08.66446000e+01   06.61107000e+01   03.31492000e+01   03.20417000e-03
  08.56168000e+01   06.61579000e+01   03.40138000e+01  -08.05080000e-04
  08.56063000e+01   06.54217000e+01   03.54007000e+01  -01.76788000e-03
  08.46790000e+01   06.60530000e+01   03.64102000e+01   07.22800000e-05
  08.36228000e+01   06.54353000e+01   03.70228000e+01   01.59105000e-02
  08.29090000e+01   06.57855000e+01   03.82117000e+01  -02.33693000e-02
  08.18523000e+01   06.49731000e+01   03.86615000e+01   05.37835000e-03
  08.09852000e+01   06.52064000e+01   03.96550000e+01   05.38182000e-03
  07.98281000e+01   06.46106000e+01   04.00086000e+01   05.79556000e-03
  07.89668000e+01   06.47856000e+01   04.11490000e+01  -06.99068000e-03
  07.77494000e+01   06.40371000e+01   04.11403000e+01   02.95799000e-03
  07.65814000e+01   06.40014000e+01   04.20197000e+01   08.80642000e-03
  08.77948000e+01   06.62253000e+01   03.64962000e+01  -03.71955000e-03
  08.70386000e+01   06.40070000e+01   03.69977000e+01  -01.20585000e-02
  08.43155000e+01   06.68564000e+01   03.36403000e+01   01.97011000e-03
  08.33032000e+01   06.70391000e+01   03.88516000e+01   08.37962000e-03
  07.93447000e+01   06.58338000e+01   04.21817000e+01  -01.14162000e-03
  07.88181000e+01   06.57294000e+01   04.31146000e+01   05.31110000e-04
  08.03506000e+01   06.59861000e+01   04.25642000e+01   06.44190000e-04
  07.90274000e+01   06.68238000e+01   04.18679000e+01  -01.18537000e-03
  08.30368000e+01   06.70309000e+01   03.99273000e+01  -09.86263000e-03
  08.43752000e+01   06.72466000e+01   03.87406000e+01   04.83486000e-03
  08.27631000e+01   06.78270000e+01   03.83694000e+01  -06.05704000e-03
  08.34931000e+01   06.61481000e+01   03.34564000e+01   01.25782000e-03
  08.40377000e+01   06.75613000e+01   03.44805000e+01  -04.29459000e-03
  08.44765000e+01   06.75103000e+01   03.27735000e+01   07.41250000e-04
  08.80199000e+01   06.37316000e+01   03.73650000e+01  -09.05833000e-03
  08.64529000e+01   06.42561000e+01   03.78192000e+01   05.11703000e-03
  08.66883000e+01   06.30035000e+01   03.67282000e+01   05.28601000e-03
  08.79866000e+01   06.69095000e+01   03.57261000e+01   06.61730000e-04
  08.72827000e+01   06.66527000e+01   03.73961000e+01  -01.43313000e-03
  08.88109000e+01   06.59513000e+01   03.67799000e+01   01.17160000e-04
  08.87367000e+01   06.40691000e+01   03.50834000e+01   07.94200000e-05
  08.72468000e+01   06.36523000e+01   03.43242000e+01  -07.78792000e-03
  07.26270000e+01   06.05335000e+01   04.15312000e+01   07.70140000e-04
  07.22489000e+01   06.21843000e+01   04.07896000e+01   07.99937000e-03
  07.37561000e+01   06.15906000e+01   04.05741000e+01  -03.55757000e-03
  06.91981000e+01   05.91166000e+01   04.59352000e+01  -07.15330000e-03
  06.79209000e+01   05.99237000e+01   04.51434000e+01   03.13430000e-03
  06.94970000e+01   05.95987000e+01   04.43438000e+01   01.47373000e-02
  06.57962000e+01   06.40091000e+01   04.84472000e+01  -01.94855000e-02
  06.75613000e+01   06.44162000e+01   04.79409000e+01   04.92255000e-03
  06.68083000e+01   06.29382000e+01   04.73973000e+01   04.33740000e-03
  06.99474000e+01   06.16773000e+01   05.12531000e+01   04.35178000e-03
  06.87429000e+01   06.25241000e+01   05.18969000e+01   02.18100000e-05
  06.91541000e+01   06.10397000e+01   05.26438000e+01  -05.02650000e-04
  06.87599000e+01   05.86644000e+01   05.12818000e+01  -01.43048000e-03
  06.83121000e+01   05.88182000e+01   04.96550000e+01   02.03840000e-04
  06.98169000e+01   05.93953000e+01   05.02439000e+01   08.62995000e-03
  06.55469000e+01   06.15577000e+01   05.35607000e+01  -01.63629000e-03
  06.93737000e+01   06.27680000e+01   04.73607000e+01  -02.76705000e-03
  06.83975000e+01   05.99972000e+01   04.78434000e+01   01.41710000e-03
  06.55739000e+01   06.35621000e+01   05.05689000e+01  -03.85980000e-04
  06.71126000e+01   06.37823000e+01   05.13538000e+01  -04.81110000e-04
  07.64939000e+01   06.47056000e+01   04.28316000e+01  -02.06250000e-04
  07.76872000e+01   06.33575000e+01   04.03173000e+01   01.11427000e-03
  07.96065000e+01   06.38390000e+01   03.92521000e+01  -01.53420000e-04
  08.12418000e+01   06.60146000e+01   04.03299000e+01  -01.90280000e-04
  08.17223000e+01   06.40720000e+01   03.81329000e+01  -03.63060000e-04
  06.49687000e+01   06.17193000e+01   05.13625000e+01   08.59900000e-05
  08.32471000e+01   06.45261000e+01   03.65274000e+01  -01.01020000e-04
  08.50730000e+01   06.69965000e+01   03.67047000e+01   02.50540000e-04
  08.51377000e+01   06.44951000e+01   03.51476000e+01  -01.19075000e-03
  08.65110000e+01   06.64429000e+01   03.21247000e+01   03.14160000e-04
  08.87008000e+01   06.62488000e+01   03.35715000e+01  -01.11070000e-04
  06.60946000e+01   06.00093000e+01   05.07187000e+01   03.13480000e-04
  06.66663000e+01   05.98570000e+01   05.22107000e+01   01.25001000e-03
  07.57659000e+01   06.24328000e+01   04.08968000e+01   04.27500000e-05
  07.46690000e+01   06.37694000e+01   04.35462000e+01  -04.51238000e-03
  07.27062000e+01   06.33875000e+01   04.44204000e+01   04.22636000e-03
  07.11097000e+01   06.09604000e+01   04.34482000e+01  -09.78060000e-04
  07.09414000e+01   06.29400000e+01   04.58461000e+01  -08.33290000e-04
  08.84563000e+01   06.48636000e+01   03.15343000e+01  -01.05330000e-03
