  06.86708000e+01   06.18715000e+01   04.95297000e+01  -02.53405000e-03
  06.73275000e+01   06.18325000e+01   05.02211000e+01   07.80610000e-04
  06.65920000e+01   06.31629000e+01   05.05741000e+01   06.83950000e-04
  06.70069000e+01   06.36631000e+01   05.18691000e+01   05.31930000e-04
  06.68577000e+01   06.41970000e+01   04.94815000e+01  -01.13880000e-03
  06.76578000e+01   06.38042000e+01   04.83108000e+01   05.01179000e-03
  06.85096000e+01   06.27652000e+01   04.82490000e+01  -01.30529000e-03
  06.88978000e+01   06.21445000e+01   04.69814000e+01  -01.54921000e-03
  06.98556000e+01   06.27402000e+01   04.62716000e+01  -09.64920000e-04
  07.04516000e+01   06.25157000e+01   04.49095000e+01  -02.95630000e-04
  07.16061000e+01   06.31707000e+01   04.45701000e+01  -02.57020000e-04
  07.23113000e+01   06.30760000e+01   04.33528000e+01   02.20720000e-04
  07.34663000e+01   06.38532000e+01   04.32161000e+01   02.85990000e-04
  07.43679000e+01   06.38907000e+01   04.20926000e+01   03.16900000e-05
  07.55980000e+01   06.45618000e+01   04.22591000e+01  -01.12020000e-04
  07.66585000e+01   06.47058000e+01   04.13163000e+01   03.40000000e-06
  06.91704000e+01   06.04682000e+01   04.92458000e+01   03.83030000e-04
  06.95913000e+01   06.26360000e+01   05.04993000e+01   01.30100000e-05
  06.72108000e+01   06.46411000e+01   04.71359000e+01  -01.34690000e-04
  06.98833000e+01   06.14580000e+01   04.40039000e+01  -08.35400000e-05
  07.40232000e+01   06.32518000e+01   04.07526000e+01   01.43700000e-03
  08.78996000e+01   06.62601000e+01   03.51965000e+01  -05.62820000e-04
  08.86504000e+01   06.55814000e+01   03.40315000e+01  -02.06960000e-04
  08.86833000e+01   06.63565000e+01   03.27668000e+01  -02.30470000e-04
  08.91600000e+01   06.54518000e+01   03.17144000e+01   01.43786000e-03
  08.74539000e+01   06.72225000e+01   03.24959000e+01   03.20417000e-03
  08.63853000e+01   06.73309000e+01   03.33064000e+01  -08.05080000e-04
  08.63924000e+01   06.66866000e+01   03.47232000e+01  -01.76788000e-03
  08.56818000e+01   06.74838000e+01   03.57790000e+01   07.22800000e-05
  08.46375000e+01   06.69719000e+01   03.64626000e+01   01.59105000e-02
  08.40211000e+01   06.73264000e+01   03.77750000e+01  -02.33693000e-02
  08.29817000e+01   06.66287000e+01   03.82195000e+01   05.37835000e-03
  08.21617000e+01   06.66415000e+01   03.93997000e+01   05.38182000e-03
  08.09680000e+01   06.59577000e+01   03.95657000e+01   05.79556000e-03
  08.00681000e+01   06.61342000e+01   04.06860000e+01  -06.99068000e-03
  07.89028000e+01   06.54993000e+01   04.07289000e+01   02.95799000e-03
  07.77401000e+01   06.54971000e+01   04.15610000e+01   08.80642000e-03
  08.88339000e+01   06.74545000e+01   03.55432000e+01  -03.71955000e-03
  08.79103000e+01   06.53727000e+01   03.63999000e+01  -01.20585000e-02
  08.51668000e+01   06.80510000e+01   03.27878000e+01   01.97011000e-03
  08.45601000e+01   06.84624000e+01   03.85581000e+01   08.37962000e-03
  08.07068000e+01   06.69009000e+01   04.18837000e+01  -01.14162000e-03
  08.01228000e+01   06.67160000e+01   04.27883000e+01   05.31110000e-04
  08.17247000e+01   06.65406000e+01   04.20454000e+01   06.44190000e-04
  08.08863000e+01   06.79802000e+01   04.17998000e+01  -01.18537000e-03
  08.55574000e+01   06.87247000e+01   03.82242000e+01  -09.86263000e-03
  08.40295000e+01   06.93726000e+01   03.85959000e+01   04.83486000e-03
  08.48446000e+01   06.82293000e+01   03.96472000e+01  -06.05704000e-03
  08.44008000e+01   06.73530000e+01   03.26399000e+01   01.25782000e-03
  08.47696000e+01   06.88326000e+01   03.34355000e+01  -04.29459000e-03
  08.53146000e+01   06.85114000e+01   03.17736000e+01   07.41250000e-04
  08.74885000e+01   06.44227000e+01   03.61160000e+01  -09.05833000e-03
  08.89026000e+01   06.50476000e+01   03.67099000e+01   05.11703000e-03
  08.73095000e+01   06.57830000e+01   03.72064000e+01   05.28601000e-03
  08.85688000e+01   06.83749000e+01   03.49186000e+01   06.61730000e-04
  08.85697000e+01   06.77914000e+01   03.65701000e+01  -01.43313000e-03
  08.99609000e+01   06.72462000e+01   03.55832000e+01   01.17160000e-04
  08.96619000e+01   06.53273000e+01   03.44080000e+01   07.94200000e-05
  08.81089000e+01   06.46424000e+01   03.38012000e+01  -07.78792000e-03
  07.40008000e+01   06.40378000e+01   04.00333000e+01   07.70140000e-04
  07.48005000e+01   06.25995000e+01   04.05021000e+01   07.99937000e-03
  07.30364000e+01   06.27777000e+01   04.05668000e+01  -03.55757000e-03
  06.95268000e+01   06.19882000e+01   04.31190000e+01  -07.15330000e-03
  07.05146000e+01   06.06689000e+01   04.37819000e+01   03.13430000e-03
  06.89666000e+01   06.09405000e+01   04.43717000e+01   01.47373000e-02
  06.77270000e+01   06.42527000e+01   04.61681000e+01  -01.94855000e-02
  06.61387000e+01   06.46533000e+01   04.68817000e+01   04.92255000e-03
  06.75530000e+01   06.56673000e+01   04.73657000e+01   04.33740000e-03
  06.96364000e+01   06.22522000e+01   05.15163000e+01   04.35178000e-03
  07.05896000e+01   06.26252000e+01   05.01026000e+01   02.18100000e-05
  06.92888000e+01   06.36991000e+01   05.06921000e+01  -05.02650000e-04
  06.86826000e+01   05.98559000e+01   04.85058000e+01  -01.43048000e-03
  07.01895000e+01   06.06831000e+01   04.88268000e+01   02.03840000e-04
  06.92433000e+01   05.97365000e+01   05.00863000e+01   08.62995000e-03
  06.65331000e+01   06.32053000e+01   05.25833000e+01  -01.63629000e-03
  07.03166000e+01   06.36359000e+01   04.66439000e+01  -02.76705000e-03
  06.83774000e+01   06.12356000e+01   04.66548000e+01   01.41710000e-03
  06.58745000e+01   06.45167000e+01   04.92177000e+01  -03.85980000e-04
  06.72849000e+01   06.50235000e+01   04.99656000e+01  -04.81110000e-04
  07.76797000e+01   06.60644000e+01   04.24616000e+01  -02.06250000e-04
  07.86734000e+01   06.48898000e+01   03.98243000e+01   01.11427000e-03
  08.05692000e+01   06.52003000e+01   03.88138000e+01  -01.53420000e-04
  08.24791000e+01   06.74031000e+01   04.01283000e+01  -01.90280000e-04
  08.26462000e+01   06.59123000e+01   03.74657000e+01  -03.63060000e-04
  06.55162000e+01   06.30308000e+01   05.06434000e+01   08.59900000e-05
  08.40563000e+01   06.62797000e+01   03.58523000e+01  -01.01020000e-04
  08.63431000e+01   06.82508000e+01   03.61859000e+01   02.50540000e-04
  08.57299000e+01   06.57843000e+01   03.45373000e+01  -01.19075000e-03
  08.74449000e+01   06.76716000e+01   03.14932000e+01   03.14160000e-04
  08.93668000e+01   06.71585000e+01   03.30079000e+01  -01.11070000e-04
  06.66837000e+01   06.14553000e+01   04.94291000e+01   03.13480000e-04
  06.73366000e+01   06.11709000e+01   05.10796000e+01   01.25001000e-03
  07.65829000e+01   06.42731000e+01   04.03328000e+01   04.27500000e-05
  07.58151000e+01   06.49650000e+01   04.32139000e+01  -04.51238000e-03
  07.37452000e+01   06.43876000e+01   04.40771000e+01   04.22636000e-03
  07.19141000e+01   06.25651000e+01   04.24676000e+01  -09.78060000e-04
  07.19507000e+01   06.38518000e+01   04.53008000e+01  -08.33290000e-04
  08.93328000e+01   06.58604000e+01   03.08322000e+01  -01.05330000e-03
