  06.86820000e+01   06.13971000e+01   04.98114000e+01  -02.53405000e-03
  06.85022000e+01   06.24173000e+01   05.09563000e+01   07.80610000e-04
  06.70766000e+01   06.28027000e+01   05.12674000e+01   06.83950000e-04
  06.71038000e+01   06.36390000e+01   05.23894000e+01   05.31930000e-04
  06.65353000e+01   06.35040000e+01   05.00090000e+01  -01.13880000e-03
  06.71215000e+01   06.31536000e+01   04.86546000e+01   05.01179000e-03
  06.79958000e+01   06.20971000e+01   04.85649000e+01  -01.30529000e-03
  06.86712000e+01   06.17743000e+01   04.72684000e+01  -01.54921000e-03
  06.95781000e+01   06.24904000e+01   04.65192000e+01  -09.64920000e-04
  07.01874000e+01   06.21147000e+01   04.52471000e+01  -02.95630000e-04
  07.12333000e+01   06.28808000e+01   04.48663000e+01  -02.57020000e-04
  07.19848000e+01   06.29415000e+01   04.36799000e+01   02.20720000e-04
  07.31955000e+01   06.36118000e+01   04.35007000e+01   02.85990000e-04
  07.40402000e+01   06.35984000e+01   04.23323000e+01   03.16900000e-05
  07.52426000e+01   06.43296000e+01   04.23746000e+01  -01.12020000e-04
  07.62837000e+01   06.43285000e+01   04.14114000e+01   03.40000000e-06
  06.77692000e+01   06.02019000e+01   05.00966000e+01   03.83030000e-04
  07.00961000e+01   06.09287000e+01   04.96681000e+01   01.30100000e-05
  06.67132000e+01   06.41693000e+01   04.76798000e+01  -01.34690000e-04
  06.96417000e+01   06.09832000e+01   04.44030000e+01  -08.35400000e-05
  07.35386000e+01   06.28351000e+01   04.11267000e+01   01.43700000e-03
  08.73998000e+01   06.60980000e+01   03.48316000e+01  -05.62820000e-04
  08.81175000e+01   06.57649000e+01   03.35048000e+01  -02.06960000e-04
  08.83021000e+01   06.68820000e+01   03.25021000e+01  -02.30470000e-04
  08.91865000e+01   06.65475000e+01   03.13927000e+01   01.43786000e-03
  08.69980000e+01   06.74458000e+01   03.22545000e+01   03.20417000e-03
  08.59573000e+01   06.73739000e+01   03.30889000e+01  -08.05080000e-04
  08.59308000e+01   06.65397000e+01   03.44099000e+01  -01.76788000e-03
  08.51610000e+01   06.71055000e+01   03.55816000e+01   07.22800000e-05
  08.41498000e+01   06.65132000e+01   03.63216000e+01   01.59105000e-02
  08.34979000e+01   06.70610000e+01   03.74898000e+01  -02.33693000e-02
  08.23552000e+01   06.63840000e+01   03.79099000e+01   05.37835000e-03
  08.15318000e+01   06.65575000e+01   03.90775000e+01   05.38182000e-03
  08.04771000e+01   06.58299000e+01   03.93279000e+01   05.79556000e-03
  07.96206000e+01   06.59532000e+01   04.05050000e+01  -06.99068000e-03
  07.84152000e+01   06.52374000e+01   04.05019000e+01   02.95799000e-03
  07.73752000e+01   06.51698000e+01   04.15334000e+01   08.80642000e-03
  08.81817000e+01   06.71585000e+01   03.56501000e+01  -03.71955000e-03
  08.74196000e+01   06.47385000e+01   03.56309000e+01  -01.20585000e-02
  08.46978000e+01   06.81161000e+01   03.27789000e+01   01.97011000e-03
  08.40748000e+01   06.82484000e+01   03.83600000e+01   08.37962000e-03
  08.01298000e+01   06.68378000e+01   04.16352000e+01  -01.14162000e-03
  07.95482000e+01   06.66071000e+01   04.25218000e+01   05.31110000e-04
  08.11916000e+01   06.65427000e+01   04.17921000e+01   06.44190000e-04
  07.99948000e+01   06.78949000e+01   04.15163000e+01  -01.18537000e-03
  08.43216000e+01   06.89625000e+01   03.76287000e+01  -09.86263000e-03
  08.33236000e+01   06.87216000e+01   03.90032000e+01   04.83486000e-03
  08.50277000e+01   06.81080000e+01   03.89030000e+01  -06.05704000e-03
  08.37699000e+01   06.75291000e+01   03.29182000e+01   01.25782000e-03
  08.47041000e+01   06.89447000e+01   03.35202000e+01  -04.29459000e-03
  08.46085000e+01   06.85181000e+01   03.17605000e+01   07.41250000e-04
  08.69271000e+01   06.48715000e+01   03.66000000e+01  -09.05833000e-03
  08.68366000e+01   06.39621000e+01   03.51490000e+01   05.11703000e-03
  08.84423000e+01   06.42099000e+01   03.57788000e+01   05.28601000e-03
  08.76045000e+01   06.75522000e+01   03.64716000e+01   06.61730000e-04
  08.91336000e+01   06.68386000e+01   03.60320000e+01  -01.43313000e-03
  08.84383000e+01   06.80419000e+01   03.50741000e+01   01.17160000e-04
  08.92044000e+01   06.55468000e+01   03.37318000e+01   07.94200000e-05
  08.75376000e+01   06.49230000e+01   03.29922000e+01  -07.78792000e-03
  07.36995000e+01   06.17585000e+01   04.11852000e+01   07.70140000e-04
  07.25085000e+01   06.29440000e+01   04.09976000e+01   07.99937000e-03
  07.40593000e+01   06.31236000e+01   04.01737000e+01  -03.55757000e-03
  07.03658000e+01   06.06907000e+01   04.36296000e+01  -07.15330000e-03
  06.91849000e+01   06.01688000e+01   04.49217000e+01   03.13430000e-03
  06.88120000e+01   06.12346000e+01   04.37408000e+01   01.47373000e-02
  06.73440000e+01   06.51035000e+01   04.77544000e+01  -01.94855000e-02
  06.68518000e+01   06.38080000e+01   04.66592000e+01   04.92255000e-03
  06.56388000e+01   06.44320000e+01   04.78080000e+01   04.33740000e-03
  07.04404000e+01   06.05670000e+01   05.05675000e+01   04.35178000e-03
  07.02982000e+01   06.01405000e+01   04.89436000e+01   02.18100000e-05
  07.06798000e+01   06.18512000e+01   04.94871000e+01  -05.02650000e-04
  06.67222000e+01   06.04796000e+01   04.98820000e+01  -01.43048000e-03
  06.79653000e+01   05.93076000e+01   04.94977000e+01   02.03840000e-04
  06.78594000e+01   06.00047000e+01   05.11574000e+01   08.62995000e-03
  06.68732000e+01   06.32143000e+01   05.32422000e+01  -01.63629000e-03
  07.00179000e+01   06.34207000e+01   04.69589000e+01  -02.76705000e-03
  06.83477000e+01   06.08337000e+01   04.68239000e+01   01.41710000e-03
  06.53444000e+01   06.34877000e+01   04.99718000e+01  -03.85980000e-04
  06.68186000e+01   06.45386000e+01   05.02124000e+01  -04.81110000e-04
  07.74676000e+01   06.57865000e+01   04.24670000e+01  -02.06250000e-04
  07.81570000e+01   06.46889000e+01   03.96081000e+01   01.11427000e-03
  08.01660000e+01   06.50766000e+01   03.86278000e+01  -01.53420000e-04
  08.17423000e+01   06.73659000e+01   03.97281000e+01  -01.90280000e-04
  08.19286000e+01   06.55969000e+01   03.71957000e+01  -03.63060000e-04
  06.64960000e+01   06.19028000e+01   05.14347000e+01   08.59900000e-05
  08.37594000e+01   06.55428000e+01   03.58652000e+01  -01.01020000e-04
  08.55517000e+01   06.80516000e+01   03.60277000e+01   02.50540000e-04
  08.53484000e+01   06.57480000e+01   03.40041000e+01  -01.19075000e-03
  08.69356000e+01   06.79357000e+01   03.13067000e+01   03.14160000e-04
  08.88208000e+01   06.77131000e+01   03.29150000e+01  -01.11070000e-04
  06.89890000e+01   06.20131000e+01   05.18407000e+01   03.13480000e-04
  06.90105000e+01   06.33535000e+01   05.07796000e+01   01.25001000e-03
  07.63341000e+01   06.37434000e+01   04.05145000e+01   04.27500000e-05
  07.53130000e+01   06.50100000e+01   04.32235000e+01  -04.51238000e-03
  07.35085000e+01   06.41564000e+01   04.43433000e+01   04.22636000e-03
  07.16731000e+01   06.22470000e+01   04.29130000e+01  -09.78060000e-04
  07.15983000e+01   06.36665000e+01   04.55069000e+01  -08.33290000e-04
  08.87158000e+01   06.60814000e+01   03.06764000e+01  -01.05330000e-03
