  07.04287000e+01   06.17552000e+01   04.97243000e+01  -02.53405000e-03
  06.90919000e+01   06.15655000e+01   05.03809000e+01   07.80610000e-04
  06.83588000e+01   06.28347000e+01   05.08605000e+01   06.83950000e-04
  06.89054000e+01   06.32731000e+01   05.21642000e+01   05.31930000e-04
  06.84219000e+01   06.39303000e+01   04.98781000e+01  -01.13880000e-03
  06.94119000e+01   06.38521000e+01   04.87455000e+01   05.01179000e-03
  07.03349000e+01   06.28834000e+01   04.86782000e+01  -01.30529000e-03
  07.06598000e+01   06.23975000e+01   04.72991000e+01  -01.54921000e-03
  07.17246000e+01   06.26717000e+01   04.65288000e+01  -09.64920000e-04
  07.21010000e+01   06.23774000e+01   04.52072000e+01  -02.95630000e-04
  07.32370000e+01   06.29583000e+01   04.47011000e+01  -02.57020000e-04
  07.39188000e+01   06.27977000e+01   04.34305000e+01   02.20720000e-04
  07.50839000e+01   06.34183000e+01   04.31986000e+01   02.85990000e-04
  07.59993000e+01   06.33944000e+01   04.20824000e+01   03.16900000e-05
  07.71218000e+01   06.41570000e+01   04.20308000e+01  -01.12020000e-04
  07.82801000e+01   06.41475000e+01   04.11890000e+01   03.40000000e-06
  07.08057000e+01   06.03287000e+01   04.92899000e+01   03.83030000e-04
  07.14821000e+01   06.21586000e+01   05.08516000e+01   01.30100000e-05
  06.89736000e+01   06.47828000e+01   04.76371000e+01  -01.34690000e-04
  07.12784000e+01   06.13372000e+01   04.45112000e+01  -08.35400000e-05
  07.54775000e+01   06.26541000e+01   04.09120000e+01   01.43700000e-03
  08.93676000e+01   06.48917000e+01   03.51402000e+01  -05.62820000e-04
  08.98715000e+01   06.42055000e+01   03.38866000e+01  -02.06960000e-04
  09.01047000e+01   06.50721000e+01   03.27301000e+01  -02.30470000e-04
  09.04891000e+01   06.41566000e+01   03.16733000e+01   01.43786000e-03
  08.88464000e+01   06.58637000e+01   03.24785000e+01   03.20417000e-03
  08.78169000e+01   06.60713000e+01   03.33607000e+01  -08.05080000e-04
  08.79337000e+01   06.54501000e+01   03.47530000e+01  -01.76788000e-03
  08.73086000e+01   06.63544000e+01   03.57958000e+01   07.22800000e-05
  08.63443000e+01   06.58969000e+01   03.65430000e+01   01.59105000e-02
  08.57341000e+01   06.65721000e+01   03.76858000e+01  -02.33693000e-02
  08.45526000e+01   06.60166000e+01   03.80784000e+01   05.37835000e-03
  08.35985000e+01   06.63271000e+01   03.90529000e+01   05.38182000e-03
  08.26674000e+01   06.54628000e+01   03.95335000e+01   05.79556000e-03
  08.16684000e+01   06.57762000e+01   04.05906000e+01  -06.99068000e-03
  08.06085000e+01   06.49827000e+01   04.06014000e+01   02.95799000e-03
  07.93693000e+01   06.50190000e+01   04.13688000e+01   08.80642000e-03
  09.04012000e+01   06.59831000e+01   03.55705000e+01  -03.71955000e-03
  08.93873000e+01   06.39156000e+01   03.62845000e+01  -01.20585000e-02
  08.65447000e+01   06.67221000e+01   03.30823000e+01   01.97011000e-03
  08.62302000e+01   06.79006000e+01   03.81279000e+01   08.37962000e-03
  08.20572000e+01   06.67723000e+01   04.15708000e+01  -01.14162000e-03
  08.19979000e+01   06.77796000e+01   04.12344000e+01   05.31110000e-04
  08.14128000e+01   06.66969000e+01   04.24290000e+01   06.44190000e-04
  08.30760000e+01   06.65770000e+01   04.18389000e+01  -01.18537000e-03
  08.62797000e+01   06.85996000e+01   03.72958000e+01  -09.86263000e-03
  08.56289000e+01   06.83630000e+01   03.89391000e+01   04.83486000e-03
  08.73084000e+01   06.79909000e+01   03.83529000e+01  -06.05704000e-03
  08.56925000e+01   06.60963000e+01   03.32459000e+01   01.25782000e-03
  08.62585000e+01   06.75921000e+01   03.37065000e+01  -04.29459000e-03
  08.65194000e+01   06.71682000e+01   03.20781000e+01   07.41250000e-04
  09.03391000e+01   06.33771000e+01   03.63867000e+01  -09.05833000e-03
  08.93166000e+01   06.44338000e+01   03.72463000e+01   05.11703000e-03
  08.86663000e+01   06.31435000e+01   03.64107000e+01   05.28601000e-03
  09.03663000e+01   06.68239000e+01   03.48770000e+01   06.61730000e-04
  09.01294000e+01   06.62580000e+01   03.66039000e+01  -01.43313000e-03
  09.14501000e+01   06.55455000e+01   03.56779000e+01   01.17160000e-04
  09.08711000e+01   06.38424000e+01   03.40965000e+01   07.94200000e-05
  08.91224000e+01   06.34416000e+01   03.35815000e+01  -07.78792000e-03
  07.50127000e+01   06.17778000e+01   04.12594000e+01   07.70140000e-04
  07.46640000e+01   06.32463000e+01   04.04456000e+01   07.99937000e-03
  07.62284000e+01   06.25071000e+01   04.01342000e+01  -03.55757000e-03
  07.13572000e+01   06.14009000e+01   04.34140000e+01  -07.15330000e-03
  07.14163000e+01   06.03664000e+01   04.49562000e+01   03.13430000e-03
  07.01156000e+01   06.14958000e+01   04.45283000e+01   01.47373000e-02
  06.81136000e+01   06.53560000e+01   04.79283000e+01  -01.94855000e-02
  06.97435000e+01   06.55005000e+01   04.74289000e+01   04.92255000e-03
  06.86555000e+01   06.42087000e+01   04.67046000e+01   04.33740000e-03
  07.24178000e+01   06.23225000e+01   05.03201000e+01   04.35178000e-03
  07.11036000e+01   06.30686000e+01   05.12352000e+01   02.18100000e-05
  07.16168000e+01   06.14639000e+01   05.16832000e+01  -05.02650000e-04
  07.16848000e+01   06.03778000e+01   04.87621000e+01  -01.43048000e-03
  07.10374000e+01   05.96522000e+01   05.00880000e+01   02.03840000e-04
  06.99806000e+01   05.97966000e+01   04.87323000e+01   08.62995000e-03
  06.87093000e+01   06.26563000e+01   05.28969000e+01  -01.63629000e-03
  07.24781000e+01   06.32619000e+01   04.70480000e+01  -02.76705000e-03
  06.98762000e+01   06.17711000e+01   04.68022000e+01   01.41710000e-03
  06.74157000e+01   06.39600000e+01   04.94986000e+01  -03.85980000e-04
  06.86816000e+01   06.48040000e+01   05.04454000e+01  -04.81110000e-04
  07.91931000e+01   06.56586000e+01   04.22743000e+01  -02.06250000e-04
  08.05551000e+01   06.43434000e+01   03.97352000e+01   01.11427000e-03
  08.25753000e+01   06.45072000e+01   03.90675000e+01  -01.53420000e-04
  08.37844000e+01   06.72155000e+01   03.97071000e+01  -01.90280000e-04
  08.42796000e+01   06.50671000e+01   03.76035000e+01  -03.63060000e-04
  06.73287000e+01   06.25358000e+01   05.10808000e+01   08.59900000e-05
  08.60609000e+01   06.49006000e+01   03.63060000e+01  -01.01020000e-04
  08.76541000e+01   06.73755000e+01   03.58249000e+01   02.50540000e-04
  08.73980000e+01   06.45221000e+01   03.47157000e+01  -01.19075000e-03
  08.88437000e+01   06.62877000e+01   03.14967000e+01   03.14160000e-04
  09.09511000e+01   06.57731000e+01   03.30177000e+01  -01.11070000e-04
  06.83976000e+01   06.12377000e+01   04.95772000e+01   03.13480000e-04
  06.91449000e+01   06.07915000e+01   05.12039000e+01   01.25001000e-03
  07.82885000e+01   06.34497000e+01   04.03683000e+01   04.27500000e-05
  07.71101000e+01   06.49011000e+01   04.27985000e+01  -04.51238000e-03
  07.55185000e+01   06.39406000e+01   04.40709000e+01   04.22636000e-03
  07.35740000e+01   06.20906000e+01   04.26948000e+01  -09.78060000e-04
  07.36833000e+01   06.37859000e+01   04.52572000e+01  -08.33290000e-04
  09.07208000e+01   06.45781000e+01   03.08436000e+01  -01.05330000e-03
