  06.71002000e+01   06.21102000e+01   05.05559000e+01  -02.53405000e-03
  06.72698000e+01   06.34897000e+01   05.13672000e+01   07.80610000e-04
  06.59834000e+01   06.42909000e+01   05.13413000e+01   06.83950000e-04
  06.63080000e+01   06.56377000e+01   05.16751000e+01   05.31930000e-04
  06.51942000e+01   06.41928000e+01   05.00472000e+01  -01.13880000e-03
  06.59420000e+01   06.35517000e+01   04.88455000e+01   05.01179000e-03
  06.67146000e+01   06.24665000e+01   04.90982000e+01  -01.30529000e-03
  06.76370000e+01   06.18593000e+01   04.80632000e+01  -01.54921000e-03
  06.83925000e+01   06.26296000e+01   04.71773000e+01  -09.64920000e-04
  06.91575000e+01   06.21663000e+01   04.59687000e+01  -02.95630000e-04
  07.00698000e+01   06.29812000e+01   04.53693000e+01  -02.57020000e-04
  07.07813000e+01   06.28798000e+01   04.41421000e+01   02.20720000e-04
  07.19039000e+01   06.36422000e+01   04.37993000e+01   02.85990000e-04
  07.26827000e+01   06.33938000e+01   04.26180000e+01   03.16900000e-05
  07.39249000e+01   06.40433000e+01   04.24654000e+01  -01.12020000e-04
  07.50126000e+01   06.38645000e+01   04.14904000e+01   03.40000000e-06
  06.59764000e+01   06.13368000e+01   05.13704000e+01   03.83030000e-04
  06.83999000e+01   06.12972000e+01   05.06814000e+01   01.30100000e-05
  06.57580000e+01   06.43535000e+01   04.75468000e+01  -01.34690000e-04
  06.90703000e+01   06.07426000e+01   04.55150000e+01  -08.35400000e-05
  07.20948000e+01   06.27026000e+01   04.14344000e+01   01.43700000e-03
  08.70750000e+01   06.55380000e+01   03.62642000e+01  -05.62820000e-04
  08.77391000e+01   06.49933000e+01   03.49486000e+01  -02.06960000e-04
  08.75938000e+01   06.59216000e+01   03.37304000e+01  -02.30470000e-04
  08.80899000e+01   06.51770000e+01   03.26476000e+01   01.43786000e-03
  08.62615000e+01   06.65726000e+01   03.37072000e+01   03.20417000e-03
  08.53197000e+01   06.64436000e+01   03.45865000e+01  -08.05080000e-04
  08.55254000e+01   06.58061000e+01   03.59489000e+01  -01.76788000e-03
  08.48173000e+01   06.64256000e+01   03.71394000e+01   07.22800000e-05
  08.35962000e+01   06.60548000e+01   03.76043000e+01   01.59105000e-02
  08.28019000e+01   06.64761000e+01   03.86705000e+01  -02.33693000e-02
  08.17390000e+01   06.57043000e+01   03.89479000e+01   05.37835000e-03
  08.07871000e+01   06.58110000e+01   04.00245000e+01   05.38182000e-03
  07.95687000e+01   06.51340000e+01   04.00224000e+01   05.79556000e-03
  07.85567000e+01   06.51205000e+01   04.10903000e+01  -06.99068000e-03
  07.73420000e+01   06.43876000e+01   04.08540000e+01   02.95799000e-03
  07.61837000e+01   06.44596000e+01   04.17035000e+01   08.80642000e-03
  08.80040000e+01   06.67293000e+01   03.68703000e+01  -03.71955000e-03
  08.72068000e+01   06.44254000e+01   03.73773000e+01  -01.20585000e-02
  08.39430000e+01   06.71156000e+01   03.43789000e+01   01.97011000e-03
  08.30462000e+01   06.76886000e+01   03.95488000e+01   08.37962000e-03
  07.88296000e+01   06.57883000e+01   04.24639000e+01  -01.14162000e-03
  07.82054000e+01   06.54827000e+01   04.33063000e+01   05.31110000e-04
  07.98401000e+01   06.58606000e+01   04.28182000e+01   06.44190000e-04
  07.85526000e+01   06.68381000e+01   04.24151000e+01  -01.18537000e-03
  08.37682000e+01   06.83465000e+01   03.90890000e+01  -09.86263000e-03
  08.21605000e+01   06.83088000e+01   03.96288000e+01   04.83486000e-03
  08.33677000e+01   06.74667000e+01   04.06086000e+01  -06.05704000e-03
  08.30799000e+01   06.64077000e+01   03.43233000e+01   01.25782000e-03
  08.37271000e+01   06.77234000e+01   03.52988000e+01  -04.29459000e-03
  08.39572000e+01   06.76938000e+01   03.33945000e+01   07.41250000e-04
  08.66202000e+01   06.47232000e+01   03.82202000e+01  -09.05833000e-03
  08.67664000e+01   06.34439000e+01   03.69835000e+01   05.11703000e-03
  08.81575000e+01   06.42182000e+01   03.78462000e+01   05.28601000e-03
  08.80144000e+01   06.75399000e+01   03.62089000e+01   06.61730000e-04
  08.76697000e+01   06.70617000e+01   03.79813000e+01  -01.43313000e-03
  08.89881000e+01   06.63224000e+01   03.69352000e+01   01.17160000e-04
  08.87286000e+01   06.48320000e+01   03.52193000e+01   07.94200000e-05
  08.72900000e+01   06.40245000e+01   03.46797000e+01  -07.78792000e-03
  07.20449000e+01   06.15804000e+01   04.16433000e+01   07.70140000e-04
  07.10785000e+01   06.30586000e+01   04.12890000e+01   07.99937000e-03
  07.26005000e+01   06.28076000e+01   04.04576000e+01  -03.55757000e-03
  06.99007000e+01   06.01567000e+01   04.59115000e+01  -07.15330000e-03
  06.81531000e+01   06.02136000e+01   04.56538000e+01   03.13430000e-03
  06.92116000e+01   06.06041000e+01   04.44420000e+01   01.47373000e-02
  06.64800000e+01   06.51619000e+01   04.75696000e+01  -01.94855000e-02
  06.58967000e+01   06.37312000e+01   04.66809000e+01   04.92255000e-03
  06.47041000e+01   06.45910000e+01   04.75606000e+01   04.33740000e-03
  06.86106000e+01   06.05564000e+01   04.99442000e+01   04.35178000e-03
  06.91845000e+01   06.20622000e+01   05.06507000e+01   02.18100000e-05
  06.84590000e+01   06.07820000e+01   05.16398000e+01  -05.02650000e-04
  06.59332000e+01   06.03923000e+01   05.08302000e+01  -01.43048000e-03
  06.62603000e+01   06.11673000e+01   05.23216000e+01   02.03840000e-04
  06.50659000e+01   06.18861000e+01   05.11621000e+01   08.62995000e-03
  06.55761000e+01   06.61592000e+01   05.19780000e+01  -01.63629000e-03
  06.83514000e+01   06.37648000e+01   04.74043000e+01  -02.76705000e-03
  06.76466000e+01   06.07640000e+01   04.80522000e+01   01.41710000e-03
  06.42618000e+01   06.36444000e+01   05.02513000e+01  -03.85980000e-04
  06.48273000e+01   06.51900000e+01   04.97995000e+01  -04.81110000e-04
  07.62412000e+01   06.51576000e+01   04.25328000e+01  -02.06250000e-04
  07.72814000e+01   06.38305000e+01   03.98812000e+01   01.11427000e-03
  07.90781000e+01   06.46576000e+01   03.91379000e+01  -01.53420000e-04
  08.11672000e+01   06.63203000e+01   04.09587000e+01  -01.90280000e-04
  08.16066000e+01   06.47715000e+01   03.84486000e+01  -03.63060000e-04
  06.53891000e+01   06.38313000e+01   05.21585000e+01   08.59900000e-05
  08.31148000e+01   06.53063000e+01   03.69440000e+01  -01.01020000e-04
  08.53924000e+01   06.71725000e+01   03.76318000e+01   02.50540000e-04
  08.48138000e+01   06.48938000e+01   03.58071000e+01  -01.19075000e-03
  08.61768000e+01   06.71141000e+01   03.27246000e+01   03.14160000e-04
  08.81061000e+01   06.68637000e+01   03.40699000e+01  -01.11070000e-04
  06.72675000e+01   06.32174000e+01   05.23752000e+01   03.13480000e-04
  06.80453000e+01   06.42206000e+01   05.11107000e+01   01.25001000e-03
  07.48456000e+01   06.31810000e+01   04.06537000e+01   04.27500000e-05
  07.40381000e+01   06.47284000e+01   04.32491000e+01  -04.51238000e-03
  07.22456000e+01   06.42871000e+01   04.45769000e+01   04.22636000e-03
  07.03520000e+01   06.21165000e+01   04.34451000e+01  -09.78060000e-04
  07.00810000e+01   06.38663000e+01   04.59726000e+01  -08.33290000e-04
  08.74377000e+01   06.47684000e+01   03.20541000e+01  -01.05330000e-03
