  06.94221000e+01   06.11590000e+01   05.05565000e+01  -02.53405000e-03
  06.90123000e+01   06.18778000e+01   05.19282000e+01   07.80610000e-04
  06.75673000e+01   06.23770000e+01   05.18146000e+01   06.83950000e-04
  06.72359000e+01   06.32740000e+01   05.28482000e+01   05.31930000e-04
  06.73151000e+01   06.33079000e+01   05.05824000e+01  -01.13880000e-03
  06.80621000e+01   06.28887000e+01   04.93956000e+01   05.01179000e-03
  06.89745000e+01   06.18818000e+01   04.93515000e+01  -01.30529000e-03
  06.97150000e+01   06.16087000e+01   04.80751000e+01  -01.54921000e-03
  07.05705000e+01   06.23774000e+01   04.73371000e+01  -09.64920000e-04
  07.10813000e+01   06.21124000e+01   04.59469000e+01  -02.95630000e-04
  07.20441000e+01   06.30263000e+01   04.53914000e+01  -02.57020000e-04
  07.27036000e+01   06.30662000e+01   04.40768000e+01   02.20720000e-04
  07.39003000e+01   06.36042000e+01   04.37895000e+01   02.85990000e-04
  07.47935000e+01   06.33045000e+01   04.26449000e+01   03.16900000e-05
  07.60273000e+01   06.39010000e+01   04.27437000e+01  -01.12020000e-04
  07.70450000e+01   06.37398000e+01   04.17407000e+01   03.40000000e-06
  06.88087000e+01   05.97292000e+01   05.05607000e+01   03.83030000e-04
  07.09898000e+01   06.08465000e+01   05.04884000e+01   01.30100000e-05
  06.76486000e+01   06.36526000e+01   04.81504000e+01  -01.34690000e-04
  07.06232000e+01   06.09258000e+01   04.51573000e+01  -08.35400000e-05
  07.42726000e+01   06.26387000e+01   04.13628000e+01   01.43700000e-03
  08.84029000e+01   06.50208000e+01   03.58284000e+01  -05.62820000e-04
  08.89780000e+01   06.42409000e+01   03.45918000e+01  -02.06960000e-04
  08.92426000e+01   06.50627000e+01   03.33295000e+01  -02.30470000e-04
  08.93769000e+01   06.40239000e+01   03.22973000e+01   01.43786000e-03
  08.80244000e+01   06.60462000e+01   03.30919000e+01   03.20417000e-03
  08.70333000e+01   06.62775000e+01   03.39346000e+01  -08.05080000e-04
  08.69067000e+01   06.54650000e+01   03.52406000e+01  -01.76788000e-03
  08.61795000e+01   06.62604000e+01   03.63806000e+01   07.22800000e-05
  08.48999000e+01   06.61374000e+01   03.68064000e+01   01.59105000e-02
  08.42678000e+01   06.66416000e+01   03.80603000e+01  -02.33693000e-02
  08.32006000e+01   06.58652000e+01   03.84279000e+01   05.37835000e-03
  08.24082000e+01   06.60375000e+01   03.95588000e+01   05.38182000e-03
  08.13053000e+01   06.52881000e+01   03.98797000e+01   05.79556000e-03
  08.04119000e+01   06.53454000e+01   04.10097000e+01  -06.99068000e-03
  07.93172000e+01   06.44865000e+01   04.09775000e+01   02.95799000e-03
  07.81156000e+01   06.46030000e+01   04.18127000e+01   08.80642000e-03
  08.94520000e+01   06.61380000e+01   03.62923000e+01  -03.71955000e-03
  08.83609000e+01   06.41505000e+01   03.71145000e+01  -01.20585000e-02
  08.58055000e+01   06.71411000e+01   03.35951000e+01   01.97011000e-03
  08.49196000e+01   06.78601000e+01   03.86797000e+01   08.37962000e-03
  08.08229000e+01   06.63466000e+01   04.21090000e+01  -01.14162000e-03
  08.01645000e+01   06.62354000e+01   04.29404000e+01   05.31110000e-04
  08.18249000e+01   06.62385000e+01   04.23551000e+01   06.44190000e-04
  08.06841000e+01   06.72925000e+01   04.16644000e+01  -01.18537000e-03
  08.45742000e+01   06.81713000e+01   03.96981000e+01  -09.86263000e-03
  08.59979000e+01   06.78198000e+01   03.87380000e+01   04.83486000e-03
  08.46956000e+01   06.87115000e+01   03.80476000e+01  -06.05704000e-03
  08.50030000e+01   06.65063000e+01   03.31465000e+01   01.25782000e-03
  08.53146000e+01   06.76151000e+01   03.44826000e+01  -04.29459000e-03
  08.60095000e+01   06.80118000e+01   03.29539000e+01   07.41250000e-04
  08.92080000e+01   06.40396000e+01   03.77158000e+01  -09.05833000e-03
  08.75781000e+01   06.43553000e+01   03.78448000e+01   05.11703000e-03
  08.81032000e+01   06.31847000e+01   03.66951000e+01   05.28601000e-03
  08.90815000e+01   06.64803000e+01   03.72567000e+01   06.61730000e-04
  09.05102000e+01   06.58382000e+01   03.64827000e+01  -01.43313000e-03
  08.94406000e+01   06.69766000e+01   03.55853000e+01   01.17160000e-04
  08.99123000e+01   06.37735000e+01   03.48292000e+01   07.94200000e-05
  08.83594000e+01   06.35210000e+01   03.42562000e+01  -07.78792000e-03
  07.40062000e+01   06.15989000e+01   04.15362000e+01   07.70140000e-04
  07.33120000e+01   06.30454000e+01   04.11424000e+01   07.99937000e-03
  07.48724000e+01   06.27160000e+01   04.04523000e+01  -03.55757000e-03
  07.08477000e+01   05.99570000e+01   04.56311000e+01  -07.15330000e-03
  06.95458000e+01   06.10314000e+01   04.51538000e+01   03.13430000e-03
  07.09239000e+01   06.09153000e+01   04.41627000e+01   01.47373000e-02
  06.64839000e+01   06.39035000e+01   04.82456000e+01  -01.94855000e-02
  06.83195000e+01   06.45239000e+01   04.80776000e+01   04.92255000e-03
  06.78470000e+01   06.30907000e+01   04.72640000e+01   04.33740000e-03
  07.15302000e+01   06.18212000e+01   05.04820000e+01   04.35178000e-03
  07.13990000e+01   06.01450000e+01   05.12129000e+01   02.18100000e-05
  07.11964000e+01   06.04049000e+01   04.94792000e+01  -05.02650000e-04
  06.89166000e+01   05.90978000e+01   04.96436000e+01  -01.43048000e-03
  06.92177000e+01   05.91828000e+01   05.14144000e+01   02.03840000e-04
  06.77315000e+01   05.98608000e+01   05.06261000e+01   08.62995000e-03
  06.68139000e+01   06.28200000e+01   05.36152000e+01  -01.63629000e-03
  07.08193000e+01   06.33336000e+01   04.77176000e+01  -02.76705000e-03
  06.94827000e+01   06.06800000e+01   04.76257000e+01   01.41710000e-03
  06.62342000e+01   06.35935000e+01   05.04607000e+01  -03.85980000e-04
  06.79352000e+01   06.42371000e+01   05.07578000e+01  -04.81110000e-04
  07.81534000e+01   06.52514000e+01   04.26220000e+01  -02.06250000e-04
  07.92473000e+01   06.37376000e+01   04.01354000e+01   01.11427000e-03
  08.09655000e+01   06.45580000e+01   03.91397000e+01  -01.53420000e-04
  08.27606000e+01   06.67607000e+01   04.03015000e+01  -01.90280000e-04
  08.29993000e+01   06.50467000e+01   03.77247000e+01  -03.63060000e-04
  06.69019000e+01   06.15384000e+01   05.17036000e+01   08.59900000e-05
  08.44050000e+01   06.54043000e+01   03.61479000e+01  -01.01020000e-04
  08.68288000e+01   06.69550000e+01   03.69411000e+01   02.50540000e-04
  08.63958000e+01   06.45387000e+01   03.51065000e+01  -01.19075000e-03
  08.79810000e+01   06.66848000e+01   03.21624000e+01   03.14160000e-04
  09.01049000e+01   06.56684000e+01   03.34927000e+01  -01.11070000e-04
  06.92620000e+01   06.13390000e+01   05.28387000e+01   03.13480000e-04
  06.95802000e+01   06.28345000e+01   05.18839000e+01   01.25001000e-03
  07.68767000e+01   06.31639000e+01   04.08432000e+01   04.27500000e-05
  07.62045000e+01   06.45277000e+01   04.35891000e+01  -04.51238000e-03
  07.43404000e+01   06.40741000e+01   04.45925000e+01   04.22636000e-03
  07.23696000e+01   06.24194000e+01   04.33678000e+01  -09.78060000e-04
  07.23288000e+01   06.38403000e+01   04.60795000e+01  -08.33290000e-04
  08.96397000e+01   06.44837000e+01   03.14528000e+01  -01.05330000e-03
