  06.84110000e+01   06.20364000e+01   05.03063000e+01  -02.53405000e-03
  06.71234000e+01   06.19194000e+01   05.11115000e+01   07.80610000e-04
  06.62453000e+01   06.31670000e+01   05.11980000e+01   06.83950000e-04
  06.64670000e+01   06.38848000e+01   05.24213000e+01   05.31930000e-04
  06.63267000e+01   06.41080000e+01   05.00050000e+01  -01.13880000e-03
  06.69210000e+01   06.34111000e+01   04.87643000e+01   05.01179000e-03
  06.79490000e+01   06.25283000e+01   04.89001000e+01  -01.30529000e-03
  06.86973000e+01   06.19539000e+01   04.77724000e+01  -01.54921000e-03
  06.92666000e+01   06.25910000e+01   04.66579000e+01  -09.64920000e-04
  06.99179000e+01   06.19538000e+01   04.55855000e+01  -02.95630000e-04
  07.06246000e+01   06.27896000e+01   04.47675000e+01  -02.57020000e-04
  07.15085000e+01   06.25265000e+01   04.36914000e+01   02.20720000e-04
  07.24745000e+01   06.34046000e+01   04.33321000e+01   02.85990000e-04
  07.34467000e+01   06.33024000e+01   04.22383000e+01   03.16900000e-05
  07.45324000e+01   06.41776000e+01   04.23391000e+01  -01.12020000e-04
  07.57071000e+01   06.41668000e+01   04.15947000e+01   03.40000000e-06
  06.92126000e+01   06.06999000e+01   05.03386000e+01   03.83030000e-04
  06.93683000e+01   06.31326000e+01   05.09342000e+01   01.30100000e-05
  06.64455000e+01   06.39429000e+01   04.74729000e+01  -01.34690000e-04
  06.96247000e+01   06.05145000e+01   04.52484000e+01  -08.35400000e-05
  07.30556000e+01   06.24845000e+01   04.09766000e+01   01.43700000e-03
  08.70757000e+01   06.52642000e+01   03.53310000e+01  -05.62820000e-04
  08.77517000e+01   06.46911000e+01   03.40991000e+01  -02.06960000e-04
  08.79124000e+01   06.56065000e+01   03.27866000e+01  -02.30470000e-04
  08.77275000e+01   06.46127000e+01   03.17422000e+01   01.43786000e-03
  08.68166000e+01   06.66049000e+01   03.26023000e+01   03.20417000e-03
  08.57645000e+01   06.66777000e+01   03.33630000e+01  -08.05080000e-04
  08.56961000e+01   06.57590000e+01   03.46570000e+01  -01.76788000e-03
  08.48351000e+01   06.64112000e+01   03.57538000e+01   07.22800000e-05
  08.39379000e+01   06.57248000e+01   03.65437000e+01   01.59105000e-02
  08.31137000e+01   06.62978000e+01   03.76860000e+01  -02.33693000e-02
  08.20788000e+01   06.55383000e+01   03.81961000e+01   05.37835000e-03
  08.11369000e+01   06.58013000e+01   03.92818000e+01   05.38182000e-03
  07.99418000e+01   06.52612000e+01   03.96292000e+01   05.79556000e-03
  07.91303000e+01   06.55906000e+01   04.08179000e+01  -06.99068000e-03
  07.79048000e+01   06.49655000e+01   04.08927000e+01   02.95799000e-03
  07.67562000e+01   06.50410000e+01   04.17400000e+01   08.80642000e-03
  08.80017000e+01   06.63697000e+01   03.59548000e+01  -03.71955000e-03
  08.69134000e+01   06.39994000e+01   03.63432000e+01  -01.20585000e-02
  08.44970000e+01   06.73848000e+01   03.30184000e+01   01.97011000e-03
  08.35476000e+01   06.76574000e+01   03.82730000e+01   08.37962000e-03
  07.96275000e+01   06.64997000e+01   04.19180000e+01  -01.14162000e-03
  07.98202000e+01   06.75075000e+01   04.16733000e+01   05.31110000e-04
  07.89571000e+01   06.66356000e+01   04.27424000e+01   06.44190000e-04
  08.06062000e+01   06.61201000e+01   04.22941000e+01  -01.18537000e-03
  08.33293000e+01   06.85151000e+01   03.76266000e+01  -09.86263000e-03
  08.30839000e+01   06.79793000e+01   03.92340000e+01   04.83486000e-03
  08.46400000e+01   06.75368000e+01   03.84833000e+01  -06.05704000e-03
  08.46598000e+01   06.78480000e+01   03.19891000e+01   01.25782000e-03
  08.37262000e+01   06.65968000e+01   03.28956000e+01  -04.29459000e-03
  08.40922000e+01   06.81286000e+01   03.37917000e+01   07.41250000e-04
  08.62829000e+01   06.42741000e+01   03.71977000e+01  -09.05833000e-03
  08.65663000e+01   06.30531000e+01   03.59385000e+01   05.11703000e-03
  08.78953000e+01   06.37413000e+01   03.67768000e+01   05.28601000e-03
  08.90308000e+01   06.59218000e+01   03.61167000e+01   06.61730000e-04
  08.81894000e+01   06.73126000e+01   03.54113000e+01  -01.43313000e-03
  08.76383000e+01   06.65572000e+01   03.69809000e+01   01.17160000e-04
  08.87324000e+01   06.42655000e+01   03.43423000e+01   07.94200000e-05
  08.71810000e+01   06.38124000e+01   03.36986000e+01  -07.78792000e-03
  07.22170000e+01   06.18150000e+01   04.11421000e+01   07.70140000e-04
  07.27432000e+01   06.32219000e+01   04.02955000e+01   07.99937000e-03
  07.38994000e+01   06.20057000e+01   04.05086000e+01  -03.55757000e-03
  06.85835000e+01   06.03178000e+01   04.52993000e+01  -07.15330000e-03
  06.98562000e+01   06.02821000e+01   04.41875000e+01   03.13430000e-03
  07.02132000e+01   05.97416000e+01   04.58315000e+01   01.47373000e-02
  06.66183000e+01   06.33089000e+01   04.66239000e+01  -01.94855000e-02
  06.54256000e+01   06.42470000e+01   04.74543000e+01   04.92255000e-03
  06.69371000e+01   06.48855000e+01   04.72956000e+01   04.33740000e-03
  07.01928000e+01   06.32293000e+01   05.02705000e+01   04.35178000e-03
  06.89808000e+01   06.41460000e+01   05.09865000e+01   02.18100000e-05
  06.98474000e+01   06.28365000e+01   05.18834000e+01  -05.02650000e-04
  06.86212000e+01   05.99151000e+01   04.99380000e+01  -01.43048000e-03
  07.01275000e+01   06.07707000e+01   04.98217000e+01   02.03840000e-04
  06.94880000e+01   06.04936000e+01   05.13702000e+01   08.62995000e-03
  06.60324000e+01   06.35061000e+01   05.31261000e+01  -01.63629000e-03
  06.92275000e+01   06.37245000e+01   04.66793000e+01  -02.76705000e-03
  06.88624000e+01   06.08421000e+01   04.77268000e+01   01.41710000e-03
  06.53946000e+01   06.45333000e+01   04.96502000e+01  -03.85980000e-04
  06.68881000e+01   06.50387000e+01   05.03099000e+01  -04.81110000e-04
  07.68008000e+01   06.57874000e+01   04.24819000e+01  -02.06250000e-04
  07.77815000e+01   06.43235000e+01   04.00967000e+01   01.11427000e-03
  07.94689000e+01   06.45256000e+01   03.89030000e+01  -01.53420000e-04
  08.15645000e+01   06.65510000e+01   03.99697000e+01  -01.90280000e-04
  08.18149000e+01   06.45472000e+01   03.77299000e+01  -03.63060000e-04
  06.51492000e+01   06.28943000e+01   05.11229000e+01   08.59900000e-05
  08.38116000e+01   06.47044000e+01   03.61607000e+01  -01.01020000e-04
  08.51748000e+01   06.73930000e+01   03.60189000e+01   02.50540000e-04
  08.52069000e+01   06.49688000e+01   03.42262000e+01  -01.19075000e-03
  08.68281000e+01   06.71789000e+01   03.16556000e+01   03.14160000e-04
  08.88599000e+01   06.61912000e+01   03.27784000e+01  -01.11070000e-04
  06.65438000e+01   06.11610000e+01   05.06400000e+01   03.13480000e-04
  06.73587000e+01   06.14395000e+01   05.21141000e+01   01.25001000e-03
  07.58832000e+01   06.32760000e+01   04.10094000e+01   04.27500000e-05
  07.45419000e+01   06.48734000e+01   04.31908000e+01  -04.51238000e-03
  07.25156000e+01   06.43255000e+01   04.39045000e+01   04.22636000e-03
  07.12047000e+01   06.15677000e+01   04.31873000e+01  -09.78060000e-04
  07.07934000e+01   06.38482000e+01   04.50880000e+01  -08.33290000e-04
  08.81203000e+01   06.46929000e+01   03.08729000e+01  -01.05330000e-03
