  06.91007000e+01   06.19376000e+01   05.00287000e+01  -02.53405000e-03
  06.77977000e+01   06.13021000e+01   05.05962000e+01   07.80610000e-04
  06.69897000e+01   06.22437000e+01   05.14258000e+01   06.83950000e-04
  06.74018000e+01   06.20165000e+01   05.27506000e+01   05.31930000e-04
  06.70769000e+01   06.36645000e+01   05.09227000e+01  -01.13880000e-03
  06.75581000e+01   06.37918000e+01   04.94444000e+01   05.01179000e-03
  06.86122000e+01   06.30289000e+01   04.90493000e+01  -01.30529000e-03
  06.88090000e+01   06.28589000e+01   04.76202000e+01  -01.54921000e-03
  07.00023000e+01   06.29628000e+01   04.70136000e+01  -09.64920000e-04
  07.02942000e+01   06.27521000e+01   04.55835000e+01  -02.95630000e-04
  07.13386000e+01   06.35771000e+01   04.51250000e+01  -02.57020000e-04
  07.18773000e+01   06.36174000e+01   04.37821000e+01   02.20720000e-04
  07.29965000e+01   06.43905000e+01   04.34707000e+01   02.85990000e-04
  07.38548000e+01   06.43612000e+01   04.23012000e+01   03.16900000e-05
  07.51729000e+01   06.48519000e+01   04.24289000e+01  -01.12020000e-04
  07.62720000e+01   06.49086000e+01   04.15243000e+01   03.40000000e-06
  06.98427000e+01   06.06656000e+01   04.95118000e+01   03.83030000e-04
  06.99770000e+01   06.25433000e+01   05.12135000e+01   01.30100000e-05
  06.66152000e+01   06.47302000e+01   04.85675000e+01  -01.34690000e-04
  06.94320000e+01   06.17637000e+01   04.49270000e+01  -08.35400000e-05
  07.34232000e+01   06.35665000e+01   04.11112000e+01   01.43700000e-03
  08.76691000e+01   06.62415000e+01   03.50230000e+01  -05.62820000e-04
  08.83811000e+01   06.57969000e+01   03.37851000e+01  -02.06960000e-04
  08.85080000e+01   06.68328000e+01   03.26547000e+01  -02.30470000e-04
  08.91781000e+01   06.62754000e+01   03.15133000e+01   01.43786000e-03
  08.70807000e+01   06.74178000e+01   03.24643000e+01   03.20417000e-03
  08.60535000e+01   06.73817000e+01   03.33482000e+01  -08.05080000e-04
  08.61478000e+01   06.65672000e+01   03.46444000e+01  -01.76788000e-03
  08.53925000e+01   06.72838000e+01   03.57728000e+01   07.22800000e-05
  08.41045000e+01   06.69287000e+01   03.60897000e+01   01.59105000e-02
  08.34350000e+01   06.73225000e+01   03.73132000e+01  -02.33693000e-02
  08.24469000e+01   06.64927000e+01   03.77744000e+01   05.37835000e-03
  08.16450000e+01   06.66581000e+01   03.90548000e+01   05.38182000e-03
  08.05732000e+01   06.59742000e+01   03.94769000e+01   05.79556000e-03
  07.96981000e+01   06.62382000e+01   04.05890000e+01  -06.99068000e-03
  07.86248000e+01   06.53909000e+01   04.07787000e+01   02.95799000e-03
  07.75467000e+01   06.54550000e+01   04.17229000e+01   08.80642000e-03
  08.84210000e+01   06.73841000e+01   03.56445000e+01  -03.71955000e-03
  08.78039000e+01   06.50524000e+01   03.60153000e+01  -01.20585000e-02
  08.46998000e+01   06.80432000e+01   03.30362000e+01   01.97011000e-03
  08.38638000e+01   06.86056000e+01   03.79742000e+01   08.37962000e-03
  08.01103000e+01   06.74139000e+01   04.14357000e+01  -01.14162000e-03
  08.03320000e+01   06.82694000e+01   04.08979000e+01   05.31110000e-04
  07.93719000e+01   06.77395000e+01   04.22201000e+01   06.44190000e-04
  08.10426000e+01   06.72430000e+01   04.20221000e+01  -01.18537000e-03
  08.40789000e+01   06.93227000e+01   03.71851000e+01  -09.86263000e-03
  08.31632000e+01   06.89822000e+01   03.87171000e+01   04.83486000e-03
  08.47492000e+01   06.84650000e+01   03.84953000e+01  -06.05704000e-03
  08.43127000e+01   06.87755000e+01   03.37188000e+01   01.25782000e-03
  08.47466000e+01   06.84929000e+01   03.20756000e+01  -04.29459000e-03
  08.40195000e+01   06.71790000e+01   03.29037000e+01   07.41250000e-04
  08.72221000e+01   06.42252000e+01   03.55501000e+01  -09.05833000e-03
  08.88285000e+01   06.47432000e+01   03.62802000e+01   05.11703000e-03
  08.72878000e+01   06.52004000e+01   03.69884000e+01   05.28601000e-03
  08.80271000e+01   06.78089000e+01   03.65929000e+01   06.61730000e-04
  08.94797000e+01   06.70270000e+01   03.57765000e+01  -01.43313000e-03
  08.84022000e+01   06.82885000e+01   03.49875000e+01   01.17160000e-04
  08.94120000e+01   06.55017000e+01   03.39913000e+01   07.94200000e-05
  08.79139000e+01   06.49312000e+01   03.33358000e+01  -07.78792000e-03
  07.39992000e+01   06.40166000e+01   04.02344000e+01   07.70140000e-04
  07.37685000e+01   06.25313000e+01   04.11183000e+01   07.99937000e-03
  07.24212000e+01   06.36282000e+01   04.09211000e+01  -03.55757000e-03
  06.99044000e+01   06.15895000e+01   04.39468000e+01  -07.15330000e-03
  06.93486000e+01   06.07600000e+01   04.54386000e+01   03.13430000e-03
  06.84470000e+01   06.20586000e+01   04.48284000e+01   01.47373000e-02
  06.58884000e+01   06.40986000e+01   04.79783000e+01  -01.94855000e-02
  06.60441000e+01   06.54744000e+01   04.92882000e+01   04.92255000e-03
  06.71213000e+01   06.52536000e+01   04.78556000e+01   04.33740000e-03
  07.09580000e+01   06.28305000e+01   05.07662000e+01   04.35178000e-03
  06.95842000e+01   06.33660000e+01   05.18373000e+01   02.18100000e-05
  07.01624000e+01   06.17920000e+01   05.20285000e+01  -05.02650000e-04
  06.92064000e+01   06.00340000e+01   04.88547000e+01  -01.43048000e-03
  07.07127000e+01   06.09177000e+01   04.89453000e+01   02.03840000e-04
  07.02988000e+01   05.99468000e+01   05.02853000e+01   08.62995000e-03
  06.67548000e+01   06.22592000e+01   05.34023000e+01  -01.63629000e-03
  07.08415000e+01   06.32114000e+01   04.75617000e+01  -02.76705000e-03
  06.79634000e+01   06.26236000e+01   04.69932000e+01   01.41710000e-03
  06.60643000e+01   06.40614000e+01   05.08793000e+01  -03.85980000e-04
  06.76270000e+01   06.43890000e+01   05.16050000e+01  -04.81110000e-04
  07.78720000e+01   06.60504000e+01   04.26193000e+01  -02.06250000e-04
  07.84578000e+01   06.46670000e+01   03.99725000e+01   01.11427000e-03
  08.03344000e+01   06.51226000e+01   03.88447000e+01  -01.53420000e-04
  08.19821000e+01   06.75205000e+01   03.96481000e+01  -01.90280000e-04
  08.22680000e+01   06.56454000e+01   03.72191000e+01  -03.63060000e-04
  06.59615000e+01   06.18837000e+01   05.13251000e+01   08.59900000e-05
  08.36547000e+01   06.61198000e+01   03.55340000e+01  -01.01020000e-04
  08.58564000e+01   06.80268000e+01   03.62994000e+01   02.50540000e-04
  08.56673000e+01   06.56388000e+01   03.42822000e+01  -01.19075000e-03
  08.70399000e+01   06.80978000e+01   03.16123000e+01   03.14160000e-04
  08.91031000e+01   06.77124000e+01   03.31172000e+01  -01.11070000e-04
  06.71650000e+01   06.10177000e+01   04.97850000e+01   03.13480000e-04
  06.80659000e+01   06.04069000e+01   05.11713000e+01   01.25001000e-03
  07.61353000e+01   06.44909000e+01   04.05796000e+01   04.27500000e-05
  07.56187000e+01   06.50531000e+01   04.34073000e+01  -04.51238000e-03
  07.34116000e+01   06.49174000e+01   04.43447000e+01   04.22636000e-03
  07.14620000e+01   06.30288000e+01   04.29916000e+01  -09.78060000e-04
  07.18928000e+01   06.42281000e+01   04.58731000e+01  -08.33290000e-04
  08.86385000e+01   06.57170000e+01   03.09953000e+01  -01.05330000e-03
