  06.83117000e+01   06.09648000e+01   05.04053000e+01  -02.53405000e-03
  06.77717000e+01   06.13862000e+01   05.17614000e+01   07.80610000e-04
  06.62514000e+01   06.14528000e+01   05.16054000e+01   06.83950000e-04
  06.56651000e+01   06.21140000e+01   05.27373000e+01   05.31930000e-04
  06.59508000e+01   06.25253000e+01   05.04951000e+01  -01.13880000e-03
  06.66283000e+01   06.22861000e+01   04.91810000e+01   05.01179000e-03
  06.77368000e+01   06.15271000e+01   04.90967000e+01  -01.30529000e-03
  06.84847000e+01   06.12793000e+01   04.78076000e+01  -01.54921000e-03
  06.92253000e+01   06.21154000e+01   04.70212000e+01  -09.64920000e-04
  06.97930000e+01   06.18228000e+01   04.56832000e+01  -02.95630000e-04
  07.08342000e+01   06.26144000e+01   04.52264000e+01  -02.57020000e-04
  07.15050000e+01   06.25428000e+01   04.39335000e+01   02.20720000e-04
  07.25308000e+01   06.33837000e+01   04.35120000e+01   02.85990000e-04
  07.32974000e+01   06.30890000e+01   04.23678000e+01   03.16900000e-05
  07.45630000e+01   06.36621000e+01   04.22231000e+01  -01.12020000e-04
  07.56566000e+01   06.33343000e+01   04.12777000e+01   03.40000000e-06
  06.82366000e+01   05.94089000e+01   05.03303000e+01   03.83030000e-04
  06.98873000e+01   06.11679000e+01   05.03304000e+01   01.30100000e-05
  06.61471000e+01   06.32073000e+01   04.80687000e+01  -01.34690000e-04
  06.95029000e+01   06.04936000e+01   04.50652000e+01  -08.35400000e-05
  07.25830000e+01   06.23105000e+01   04.12549000e+01   01.43700000e-03
  08.66429000e+01   06.47220000e+01   03.47736000e+01  -05.62820000e-04
  08.75838000e+01   06.44335000e+01   03.36638000e+01  -02.06960000e-04
  08.77192000e+01   06.55332000e+01   03.26485000e+01  -02.30470000e-04
  08.85504000e+01   06.49747000e+01   03.16128000e+01   01.43786000e-03
  08.66000000e+01   06.64371000e+01   03.25478000e+01   03.20417000e-03
  08.54613000e+01   06.63275000e+01   03.32433000e+01  -08.05080000e-04
  08.52867000e+01   06.52881000e+01   03.43362000e+01  -01.76788000e-03
  08.45803000e+01   06.59065000e+01   03.54480000e+01   07.22800000e-05
  08.35435000e+01   06.54219000e+01   03.61555000e+01   01.59105000e-02
  08.27641000e+01   06.60173000e+01   03.72296000e+01  -02.33693000e-02
  08.17343000e+01   06.52379000e+01   03.77671000e+01   05.37835000e-03
  08.08224000e+01   06.56698000e+01   03.87958000e+01   05.38182000e-03
  07.98479000e+01   06.48866000e+01   03.92541000e+01   05.79556000e-03
  07.89330000e+01   06.49733000e+01   04.03460000e+01  -06.99068000e-03
  07.78628000e+01   06.41354000e+01   04.04091000e+01   02.95799000e-03
  07.67324000e+01   06.41977000e+01   04.13389000e+01   08.80642000e-03
  08.74391000e+01   06.57296000e+01   03.56307000e+01  -03.71955000e-03
  08.65860000e+01   06.34355000e+01   03.56282000e+01  -01.20585000e-02
  08.43657000e+01   06.73863000e+01   03.30285000e+01   01.97011000e-03
  08.31281000e+01   06.73931000e+01   03.77118000e+01   08.37962000e-03
  07.90241000e+01   06.62384000e+01   04.11924000e+01  -01.14162000e-03
  07.84493000e+01   06.71220000e+01   04.07305000e+01   05.31110000e-04
  07.85404000e+01   06.61333000e+01   04.21150000e+01   06.44190000e-04
  08.00238000e+01   06.65067000e+01   04.15063000e+01  -01.18537000e-03
  08.26941000e+01   06.81952000e+01   03.70688000e+01  -09.86263000e-03
  08.28476000e+01   06.76203000e+01   03.87773000e+01   04.83486000e-03
  08.41818000e+01   06.74564000e+01   03.76832000e+01  -06.05704000e-03
  08.44229000e+01   06.81599000e+01   03.37658000e+01   01.25782000e-03
  08.44759000e+01   06.78276000e+01   03.20127000e+01  -04.29459000e-03
  08.34193000e+01   06.69020000e+01   03.29705000e+01   07.41250000e-04
  08.59533000e+01   06.35155000e+01   03.65145000e+01  -09.05833000e-03
  08.62038000e+01   06.26597000e+01   03.49890000e+01   05.11703000e-03
  08.75359000e+01   06.31633000e+01   03.60075000e+01   05.28601000e-03
  08.84200000e+01   06.54044000e+01   03.58584000e+01   06.61730000e-04
  08.74411000e+01   06.67259000e+01   03.51346000e+01  -01.43313000e-03
  08.69568000e+01   06.58633000e+01   03.66469000e+01   01.17160000e-04
  08.85499000e+01   06.41758000e+01   03.41293000e+01   07.94200000e-05
  08.71842000e+01   06.35121000e+01   03.30788000e+01  -07.78792000e-03
  07.28959000e+01   06.12822000e+01   04.11581000e+01   07.70140000e-04
  07.14839000e+01   06.24474000e+01   04.13028000e+01   07.99937000e-03
  07.28444000e+01   06.27498000e+01   04.03534000e+01  -03.55757000e-03
  06.97835000e+01   06.04579000e+01   04.40774000e+01  -07.15330000e-03
  06.99639000e+01   05.96493000e+01   04.55560000e+01   03.13430000e-03
  06.84598000e+01   06.04306000e+01   04.50949000e+01   01.47373000e-02
  06.69803000e+01   06.37390000e+01   04.76546000e+01  -01.94855000e-02
  06.57188000e+01   06.26942000e+01   04.72555000e+01   04.92255000e-03
  06.55099000e+01   06.39577000e+01   04.84785000e+01   04.33740000e-03
  07.02110000e+01   06.04851000e+01   04.94636000e+01   04.35178000e-03
  07.00935000e+01   06.22188000e+01   05.01290000e+01   02.18100000e-05
  07.04464000e+01   06.08744000e+01   05.12495000e+01  -05.02650000e-04
  06.85198000e+01   05.87515000e+01   05.11673000e+01  -01.43048000e-03
  06.72659000e+01   05.90135000e+01   05.01407000e+01   02.03840000e-04
  06.87563000e+01   05.90743000e+01   04.94050000e+01   08.62995000e-03
  06.56690000e+01   06.15908000e+01   05.35525000e+01  -01.63629000e-03
  06.93282000e+01   06.30440000e+01   04.74279000e+01  -02.76705000e-03
  06.82242000e+01   06.02886000e+01   04.74015000e+01   01.41710000e-03
  06.48311000e+01   06.25231000e+01   05.03846000e+01  -03.85980000e-04
  06.62681000e+01   06.35765000e+01   05.08478000e+01  -04.81110000e-04
  07.67680000e+01   06.50060000e+01   04.20564000e+01  -02.06250000e-04
  07.78932000e+01   06.32618000e+01   03.96961000e+01   01.11427000e-03
  07.97732000e+01   06.39516000e+01   03.86490000e+01  -01.53420000e-04
  08.10771000e+01   06.65978000e+01   03.92494000e+01  -01.90280000e-04
  08.15649000e+01   06.42852000e+01   03.73150000e+01  -03.63060000e-04
  06.56087000e+01   06.05341000e+01   05.14030000e+01   08.59900000e-05
  08.32361000e+01   06.44580000e+01   03.59267000e+01  -01.01020000e-04
  08.49200000e+01   06.69348000e+01   03.57408000e+01   02.50540000e-04
  08.46628000e+01   06.45125000e+01   03.37798000e+01  -01.19075000e-03
  08.66182000e+01   06.72198000e+01   03.18049000e+01   03.14160000e-04
  08.84573000e+01   06.61240000e+01   03.31944000e+01  -01.11070000e-04
  06.80160000e+01   06.06074000e+01   05.24937000e+01   03.13480000e-04
  06.81515000e+01   06.23895000e+01   05.19503000e+01   01.25001000e-03
  07.55191000e+01   06.25017000e+01   04.05875000e+01   04.27500000e-05
  07.47966000e+01   06.44114000e+01   04.29662000e+01  -04.51238000e-03
  07.29286000e+01   06.41959000e+01   04.40729000e+01   04.22636000e-03
  07.12805000e+01   06.16208000e+01   04.33459000e+01  -09.78060000e-04
  07.10428000e+01   06.35077000e+01   04.58214000e+01  -08.33290000e-04
  08.79785000e+01   06.46402000e+01   03.09127000e+01  -01.05330000e-03
