  06.95652000e+01   06.17180000e+01   04.98484000e+01  -02.53405000e-03
  06.82998000e+01   06.16022000e+01   05.06471000e+01   07.80610000e-04
  06.74174000e+01   06.28814000e+01   05.08602000e+01   06.83950000e-04
  06.73035000e+01   06.32156000e+01   05.22007000e+01   05.31930000e-04
  06.79833000e+01   06.40716000e+01   05.01403000e+01  -01.13880000e-03
  06.84698000e+01   06.36921000e+01   04.87461000e+01   05.01179000e-03
  06.93697000e+01   06.26997000e+01   04.86440000e+01  -01.30529000e-03
  06.97580000e+01   06.22021000e+01   04.73033000e+01  -01.54921000e-03
  07.07020000e+01   06.27864000e+01   04.65229000e+01  -09.64920000e-04
  07.12436000e+01   06.24542000e+01   04.51358000e+01  -02.95630000e-04
  07.21859000e+01   06.32631000e+01   04.46143000e+01  -02.57020000e-04
  07.28663000e+01   06.31358000e+01   04.33862000e+01   02.20720000e-04
  07.39740000e+01   06.38284000e+01   04.30909000e+01   02.85990000e-04
  07.49165000e+01   06.36966000e+01   04.19594000e+01   03.16900000e-05
  07.61117000e+01   06.43194000e+01   04.20307000e+01  -01.12020000e-04
  07.72306000e+01   06.43395000e+01   04.11043000e+01   03.40000000e-06
  07.01267000e+01   06.03606000e+01   04.94237000e+01   03.83030000e-04
  07.05755000e+01   06.22218000e+01   05.08904000e+01   01.30100000e-05
  06.77736000e+01   06.45233000e+01   04.76515000e+01  -01.34690000e-04
  07.05480000e+01   06.13051000e+01   04.44234000e+01  -08.35400000e-05
  07.43326000e+01   06.28550000e+01   04.08199000e+01   01.43700000e-03
  08.85269000e+01   06.51079000e+01   03.52140000e+01  -05.62820000e-04
  08.90879000e+01   06.44536000e+01   03.39961000e+01  -02.06960000e-04
  08.90793000e+01   06.51967000e+01   03.26073000e+01  -02.30470000e-04
  08.94746000e+01   06.41764000e+01   03.16708000e+01   01.43786000e-03
  08.77675000e+01   06.57479000e+01   03.23259000e+01   03.20417000e-03
  08.68106000e+01   06.60518000e+01   03.32828000e+01  -08.05080000e-04
  08.70397000e+01   06.55055000e+01   03.47457000e+01  -01.76788000e-03
  08.63482000e+01   06.63168000e+01   03.58195000e+01   07.22800000e-05
  08.55157000e+01   06.57763000e+01   03.66970000e+01   01.59105000e-02
  08.49383000e+01   06.62438000e+01   03.79465000e+01  -02.33693000e-02
  08.36980000e+01   06.56666000e+01   03.81092000e+01   05.37835000e-03
  08.28760000e+01   06.58731000e+01   03.91761000e+01   05.38182000e-03
  08.16544000e+01   06.53460000e+01   03.93946000e+01   05.79556000e-03
  08.07321000e+01   06.56803000e+01   04.04749000e+01  -06.99068000e-03
  07.95229000e+01   06.50290000e+01   04.04480000e+01   02.95799000e-03
  07.84646000e+01   06.49054000e+01   04.14181000e+01   08.80642000e-03
  08.95310000e+01   06.61428000e+01   03.56350000e+01  -03.71955000e-03
  08.86290000e+01   06.39958000e+01   03.63111000e+01  -01.20585000e-02
  08.55092000e+01   06.67187000e+01   03.28862000e+01   01.97011000e-03
  08.55144000e+01   06.72942000e+01   03.87790000e+01   08.37962000e-03
  08.10463000e+01   06.67098000e+01   04.16011000e+01  -01.14162000e-03
  08.12556000e+01   06.77321000e+01   04.12347000e+01   05.31110000e-04
  08.03439000e+01   06.68650000e+01   04.24267000e+01   06.44190000e-04
  08.20132000e+01   06.65042000e+01   04.20463000e+01  -01.18537000e-03
  08.64649000e+01   06.76779000e+01   03.84492000e+01  -09.86263000e-03
  08.48168000e+01   06.81663000e+01   03.88330000e+01   04.83486000e-03
  08.56099000e+01   06.69023000e+01   03.97962000e+01  -06.05704000e-03
  08.51116000e+01   06.74305000e+01   03.36063000e+01   01.25782000e-03
  08.57366000e+01   06.71908000e+01   03.19982000e+01  -04.29459000e-03
  08.48125000e+01   06.58176000e+01   03.27095000e+01   07.41250000e-04
  08.79085000e+01   06.31725000e+01   03.61680000e+01  -09.05833000e-03
  08.96149000e+01   06.35001000e+01   03.63496000e+01   05.11703000e-03
  08.84407000e+01   06.44148000e+01   03.73228000e+01   05.28601000e-03
  08.90278000e+01   06.67652000e+01   03.63858000e+01   06.61730000e-04
  09.04578000e+01   06.55997000e+01   03.59848000e+01  -01.43313000e-03
  08.97935000e+01   06.68511000e+01   03.48150000e+01   01.17160000e-04
  09.02100000e+01   06.42502000e+01   03.41616000e+01   07.94200000e-05
  08.86284000e+01   06.34984000e+01   03.37184000e+01  -07.78792000e-03
  07.42223000e+01   06.17211000e+01   04.08533000e+01   07.70140000e-04
  07.34528000e+01   06.32215000e+01   04.03469000e+01   07.99937000e-03
  07.50261000e+01   06.30114000e+01   04.00377000e+01  -03.55757000e-03
  07.13414000e+01   06.06308000e+01   04.39994000e+01  -07.15330000e-03
  07.00588000e+01   06.06193000e+01   04.51119000e+01   03.13430000e-03
  06.99141000e+01   06.16186000e+01   04.35936000e+01   01.47373000e-02
  06.67344000e+01   06.46742000e+01   04.79316000e+01  -01.94855000e-02
  06.83179000e+01   06.54352000e+01   04.74279000e+01   04.92255000e-03
  06.78076000e+01   06.38665000e+01   04.67945000e+01   04.33740000e-03
  07.14617000e+01   06.27050000e+01   05.04130000e+01   04.35178000e-03
  07.01930000e+01   06.29983000e+01   05.15395000e+01   02.18100000e-05
  07.09185000e+01   06.15033000e+01   05.15821000e+01  -05.02650000e-04
  07.09316000e+01   06.05303000e+01   04.86491000e+01  -01.43048000e-03
  07.02394000e+01   05.96653000e+01   05.02370000e+01   02.03840000e-04
  06.93956000e+01   05.97713000e+01   04.88421000e+01   08.62995000e-03
  06.65935000e+01   06.28167000e+01   05.26860000e+01  -01.63629000e-03
  07.11980000e+01   06.37068000e+01   04.69505000e+01  -02.76705000e-03
  06.93708000e+01   06.13006000e+01   04.68550000e+01   01.41710000e-03
  06.73566000e+01   06.49483000e+01   05.01578000e+01  -03.85980000e-04
  06.88620000e+01   06.44205000e+01   05.07713000e+01  -04.81110000e-04
  07.85843000e+01   06.53633000e+01   04.24113000e+01  -02.06250000e-04
  07.92950000e+01   06.44000000e+01   03.95845000e+01   01.11427000e-03
  08.12355000e+01   06.46914000e+01   03.86295000e+01  -01.53420000e-04
  08.31620000e+01   06.66252000e+01   03.98967000e+01  -01.90280000e-04
  08.34065000e+01   06.50156000e+01   03.72929000e+01  -03.63060000e-04
  06.63625000e+01   06.28812000e+01   05.04394000e+01   08.59900000e-05
  08.52609000e+01   06.47375000e+01   03.64856000e+01  -01.01020000e-04
  08.66596000e+01   06.73628000e+01   03.59386000e+01   02.50540000e-04
  08.63797000e+01   06.45913000e+01   03.46682000e+01  -01.19075000e-03
  08.76969000e+01   06.62869000e+01   03.13559000e+01   03.14160000e-04
  08.98578000e+01   06.60118000e+01   03.26053000e+01  -01.11070000e-04
  06.76292000e+01   06.09293000e+01   05.00827000e+01   03.13480000e-04
  06.85630000e+01   06.11913000e+01   05.16662000e+01   01.25001000e-03
  07.71584000e+01   06.38508000e+01   04.00703000e+01   04.27500000e-05
  07.61359000e+01   06.49926000e+01   04.28733000e+01  -04.51238000e-03
  07.42639000e+01   06.45398000e+01   04.38771000e+01   04.22636000e-03
  07.25924000e+01   06.22804000e+01   04.28719000e+01  -09.78060000e-04
  07.26394000e+01   06.40081000e+01   04.52980000e+01  -08.33290000e-04
  08.97766000e+01   06.45851000e+01   03.08926000e+01  -01.05330000e-03
