  06.96496000e+01   06.19895000e+01   05.04329000e+01  -02.53405000e-03
  06.85028000e+01   06.20535000e+01   05.14485000e+01   07.80610000e-04
  06.74428000e+01   06.32085000e+01   05.12920000e+01   06.83950000e-04
  06.71246000e+01   06.37040000e+01   05.25516000e+01   05.31930000e-04
  06.78858000e+01   06.43475000e+01   05.03672000e+01  -01.13880000e-03
  06.85098000e+01   06.38501000e+01   04.91163000e+01   05.01179000e-03
  06.95074000e+01   06.28843000e+01   04.91184000e+01  -01.30529000e-03
  06.99767000e+01   06.22525000e+01   04.78894000e+01  -01.54921000e-03
  07.10454000e+01   06.27035000e+01   04.71416000e+01  -09.64920000e-04
  07.16199000e+01   06.22683000e+01   04.58823000e+01  -02.95630000e-04
  07.26190000e+01   06.29975000e+01   04.53060000e+01  -02.57020000e-04
  07.31951000e+01   06.26936000e+01   04.40472000e+01   02.20720000e-04
  07.42451000e+01   06.34281000e+01   04.35925000e+01   02.85990000e-04
  07.51645000e+01   06.32673000e+01   04.24723000e+01   03.16900000e-05
  07.62987000e+01   06.40656000e+01   04.23988000e+01  -01.12020000e-04
  07.73437000e+01   06.41272000e+01   04.14978000e+01   03.40000000e-06
  06.99292000e+01   06.04520000e+01   05.02426000e+01   03.83030000e-04
  07.08915000e+01   06.26157000e+01   05.11169000e+01   01.30100000e-05
  06.79327000e+01   06.44900000e+01   04.79066000e+01  -01.34690000e-04
  07.09756000e+01   06.10807000e+01   04.53104000e+01  -08.35400000e-05
  07.47571000e+01   06.25108000e+01   04.12805000e+01   01.43700000e-03
  08.89232000e+01   06.53409000e+01   03.54786000e+01  -05.62820000e-04
  08.94939000e+01   06.46741000e+01   03.42399000e+01  -02.06960000e-04
  08.97086000e+01   06.55753000e+01   03.30779000e+01  -02.30470000e-04
  09.01653000e+01   06.46478000e+01   03.20977000e+01   01.43786000e-03
  08.84360000e+01   06.64188000e+01   03.28848000e+01   03.20417000e-03
  08.74651000e+01   06.65251000e+01   03.37756000e+01  -08.05080000e-04
  08.74303000e+01   06.57025000e+01   03.50755000e+01  -01.76788000e-03
  08.65433000e+01   06.64039000e+01   03.61358000e+01   07.22800000e-05
  08.53139000e+01   06.59245000e+01   03.65946000e+01   01.59105000e-02
  08.45589000e+01   06.63420000e+01   03.77646000e+01  -02.33693000e-02
  08.36051000e+01   06.55098000e+01   03.81814000e+01   05.37835000e-03
  08.28402000e+01   06.56787000e+01   03.93156000e+01   05.38182000e-03
  08.15827000e+01   06.50967000e+01   03.96820000e+01   05.79556000e-03
  08.07716000e+01   06.55032000e+01   04.07318000e+01  -06.99068000e-03
  07.94966000e+01   06.48757000e+01   04.07623000e+01   02.95799000e-03
  07.84582000e+01   06.49141000e+01   04.16375000e+01   08.80642000e-03
  08.97698000e+01   06.65358000e+01   03.58870000e+01  -03.71955000e-03
  08.88732000e+01   06.42376000e+01   03.65868000e+01  -01.20585000e-02
  08.62179000e+01   06.73922000e+01   03.34419000e+01   01.97011000e-03
  08.49569000e+01   06.75644000e+01   03.85066000e+01   08.37962000e-03
  08.11713000e+01   06.66307000e+01   04.16504000e+01  -01.14162000e-03
  08.20458000e+01   06.63110000e+01   04.22752000e+01   05.31110000e-04
  08.14683000e+01   06.75725000e+01   04.11368000e+01   06.44190000e-04
  08.04501000e+01   06.68760000e+01   04.23550000e+01  -01.18537000e-03
  08.54192000e+01   06.82800000e+01   03.78488000e+01  -09.86263000e-03
  08.40548000e+01   06.80908000e+01   03.88740000e+01   04.83486000e-03
  08.55032000e+01   06.73115000e+01   03.93113000e+01  -06.05704000e-03
  08.52450000e+01   06.68818000e+01   03.36878000e+01   01.25782000e-03
  08.63156000e+01   06.84236000e+01   03.38757000e+01  -04.29459000e-03
  08.61704000e+01   06.75231000e+01   03.23629000e+01   07.41250000e-04
  08.98094000e+01   06.39531000e+01   03.68831000e+01  -09.05833000e-03
  08.83148000e+01   06.47212000e+01   03.74964000e+01   05.11703000e-03
  08.82874000e+01   06.33875000e+01   03.62269000e+01   05.28601000e-03
  09.08293000e+01   06.62395000e+01   03.60070000e+01   06.61730000e-04
  08.98343000e+01   06.73627000e+01   03.51919000e+01  -01.43313000e-03
  08.94664000e+01   06.69492000e+01   03.67954000e+01   01.17160000e-04
  09.04676000e+01   06.42173000e+01   03.44723000e+01   07.94200000e-05
  08.87792000e+01   06.39374000e+01   03.38975000e+01  -07.78792000e-03
  07.37939000e+01   06.29344000e+01   04.11704000e+01   07.70140000e-04
  07.52090000e+01   06.27757000e+01   04.03473000e+01   07.99937000e-03
  07.47899000e+01   06.14263000e+01   04.13905000e+01  -03.55757000e-03
  06.99951000e+01   06.14753000e+01   04.51378000e+01  -07.15330000e-03
  07.12880000e+01   06.07189000e+01   04.44097000e+01   03.13430000e-03
  07.09417000e+01   06.03273000e+01   04.60733000e+01   01.47373000e-02
  06.83752000e+01   06.40074000e+01   04.70504000e+01  -01.94855000e-02
  06.68805000e+01   06.43374000e+01   04.78430000e+01   04.92255000e-03
  06.83040000e+01   06.55392000e+01   04.78919000e+01   04.33740000e-03
  07.05476000e+01   06.36041000e+01   05.14410000e+01   04.35178000e-03
  07.12534000e+01   06.20093000e+01   05.19935000e+01   02.18100000e-05
  07.17482000e+01   06.26513000e+01   05.04419000e+01  -05.02650000e-04
  07.01596000e+01   06.00688000e+01   05.12504000e+01  -01.43048000e-03
  06.91264000e+01   05.98153000e+01   04.98617000e+01   02.03840000e-04
  07.08213000e+01   06.03675000e+01   04.96459000e+01   08.62995000e-03
  06.65728000e+01   06.30652000e+01   05.30576000e+01  -01.63629000e-03
  07.15354000e+01   06.36237000e+01   04.74638000e+01  -02.76705000e-03
  06.96727000e+01   06.11523000e+01   04.76619000e+01   01.41710000e-03
  06.70489000e+01   06.49842000e+01   05.02218000e+01  -03.85980000e-04
  06.85741000e+01   06.49463000e+01   05.09600000e+01  -04.81110000e-04
  07.85273000e+01   06.55780000e+01   04.25318000e+01  -02.06250000e-04
  07.92489000e+01   06.41082000e+01   04.00084000e+01   01.11427000e-03
  08.12746000e+01   06.43976000e+01   03.89676000e+01  -01.53420000e-04
  08.31437000e+01   06.64456000e+01   03.99182000e+01  -01.90280000e-04
  08.32935000e+01   06.45664000e+01   03.76496000e+01  -03.63060000e-04
  06.65113000e+01   06.28192000e+01   05.07578000e+01   08.59900000e-05
  08.50163000e+01   06.50289000e+01   03.60405000e+01  -01.01020000e-04
  08.70385000e+01   06.72651000e+01   03.67510000e+01   02.50540000e-04
  08.69558000e+01   06.48446000e+01   03.46338000e+01  -01.19075000e-03
  08.84968000e+01   06.70177000e+01   03.19624000e+01   03.14160000e-04
  09.05730000e+01   06.61920000e+01   03.32533000e+01  -01.11070000e-04
  06.78944000e+01   06.11043000e+01   05.13547000e+01   03.13480000e-04
  06.89551000e+01   06.20215000e+01   05.24628000e+01   01.25001000e-03
  07.73307000e+01   06.35019000e+01   04.06375000e+01   04.27500000e-05
  07.64186000e+01   06.48073000e+01   04.31452000e+01  -04.51238000e-03
  07.45317000e+01   06.42089000e+01   04.43462000e+01   04.22636000e-03
  07.28662000e+01   06.18113000e+01   04.35739000e+01  -09.78060000e-04
  07.29555000e+01   06.38580000e+01   04.58199000e+01  -08.33290000e-04
  08.98947000e+01   06.49384000e+01   03.12537000e+01  -01.05330000e-03
