  06.80887000e+01   06.02801000e+01   04.96368000e+01  -02.53405000e-03
  06.66780000e+01   06.02023000e+01   05.02715000e+01   07.80610000e-04
  06.60557000e+01   06.15300000e+01   05.06816000e+01   06.83950000e-04
  06.66370000e+01   06.21807000e+01   05.18164000e+01   05.31930000e-04
  06.62601000e+01   06.25447000e+01   04.95804000e+01  -01.13880000e-03
  06.68989000e+01   06.20510000e+01   04.83350000e+01   05.01179000e-03
  06.78986000e+01   06.11336000e+01   04.83935000e+01  -01.30529000e-03
  06.83500000e+01   06.05793000e+01   04.70334000e+01  -01.54921000e-03
  06.92435000e+01   06.11425000e+01   04.62317000e+01  -09.64920000e-04
  06.95922000e+01   06.07390000e+01   04.48170000e+01  -02.95630000e-04
  07.05370000e+01   06.14456000e+01   04.41513000e+01  -02.57020000e-04
  07.12381000e+01   06.11943000e+01   04.28918000e+01   02.20720000e-04
  07.23241000e+01   06.20059000e+01   04.26814000e+01   02.85990000e-04
  07.31697000e+01   06.20100000e+01   04.15279000e+01   03.16900000e-05
  07.42756000e+01   06.28334000e+01   04.15716000e+01  -01.12020000e-04
  07.54094000e+01   06.30722000e+01   04.07181000e+01   03.40000000e-06
  06.85249000e+01   05.87590000e+01   04.94474000e+01   03.83030000e-04
  06.90950000e+01   06.09788000e+01   05.04997000e+01   01.30100000e-05
  06.62558000e+01   06.26623000e+01   04.70783000e+01  -01.34690000e-04
  06.91168000e+01   05.93342000e+01   04.42518000e+01  -08.35400000e-05
  07.27090000e+01   06.12986000e+01   04.02367000e+01   01.43700000e-03
  08.70763000e+01   06.47081000e+01   03.49870000e+01  -05.62820000e-04
  08.77406000e+01   06.42551000e+01   03.36381000e+01  -02.06960000e-04
  08.78513000e+01   06.53444000e+01   03.26199000e+01  -02.30470000e-04
  08.84947000e+01   06.49017000e+01   03.14729000e+01   01.43786000e-03
  08.64427000e+01   06.59295000e+01   03.24400000e+01   03.20417000e-03
  08.54531000e+01   06.58078000e+01   03.32817000e+01  -08.05080000e-04
  08.55397000e+01   06.49886000e+01   03.46062000e+01  -01.76788000e-03
  08.47840000e+01   06.55863000e+01   03.57801000e+01   07.22800000e-05
  08.36091000e+01   06.51878000e+01   03.63123000e+01   01.59105000e-02
  08.29497000e+01   06.57148000e+01   03.75178000e+01  -02.33693000e-02
  08.18541000e+01   06.50063000e+01   03.79792000e+01   05.37835000e-03
  08.09251000e+01   06.51776000e+01   03.91321000e+01   05.38182000e-03
  07.96500000e+01   06.46282000e+01   03.92267000e+01   05.79556000e-03
  07.86961000e+01   06.47507000e+01   04.02678000e+01  -06.99068000e-03
  07.75628000e+01   06.40766000e+01   04.01129000e+01   02.95799000e-03
  07.64603000e+01   06.38644000e+01   04.10098000e+01   08.80642000e-03
  08.78365000e+01   06.59620000e+01   03.55482000e+01  -03.71955000e-03
  08.73440000e+01   06.36209000e+01   03.60560000e+01  -01.20585000e-02
  08.42087000e+01   06.64717000e+01   03.29613000e+01   01.97011000e-03
  08.35801000e+01   06.69241000e+01   03.81209000e+01   08.37962000e-03
  07.92156000e+01   06.53567000e+01   04.15809000e+01  -01.14162000e-03
  07.85253000e+01   06.54493000e+01   04.23873000e+01   05.31110000e-04
  08.00978000e+01   06.48090000e+01   04.18436000e+01   06.44190000e-04
  07.96109000e+01   06.63432000e+01   04.14926000e+01  -01.18537000e-03
  08.45123000e+01   06.67157000e+01   03.86877000e+01  -09.86263000e-03
  08.39003000e+01   06.76046000e+01   03.73481000e+01   04.83486000e-03
  08.29459000e+01   06.74461000e+01   03.88191000e+01  -06.05704000e-03
  08.33115000e+01   06.57751000e+01   03.29704000e+01   01.25782000e-03
  08.39941000e+01   06.73056000e+01   03.36824000e+01  -04.29459000e-03
  08.42898000e+01   06.68742000e+01   03.19166000e+01   07.41250000e-04
  08.84224000e+01   06.35751000e+01   03.62267000e+01  -09.05833000e-03
  08.67621000e+01   06.37370000e+01   03.69708000e+01   05.11703000e-03
  08.72354000e+01   06.26185000e+01   03.57025000e+01   05.28601000e-03
  08.74149000e+01   06.68450000e+01   03.50551000e+01   06.61730000e-04
  08.76511000e+01   06.61257000e+01   03.66452000e+01  -01.43313000e-03
  08.88596000e+01   06.59871000e+01   03.53008000e+01   01.17160000e-04
  08.87347000e+01   06.38843000e+01   03.39338000e+01   07.94200000e-05
  08.71484000e+01   06.34503000e+01   03.33106000e+01  -07.78792000e-03
  07.21421000e+01   06.03787000e+01   04.03561000e+01   07.70140000e-04
  07.19964000e+01   06.18942000e+01   03.96824000e+01   07.99937000e-03
  07.35602000e+01   06.09767000e+01   03.96549000e+01  -03.55757000e-03
  06.91286000e+01   05.94922000e+01   04.32111000e+01  -07.15330000e-03
  06.97418000e+01   05.84607000e+01   04.45144000e+01   03.13430000e-03
  06.80866000e+01   05.91547000e+01   04.45303000e+01   01.47373000e-02
  06.66565000e+01   06.36294000e+01   04.68574000e+01  -01.94855000e-02
  06.65309000e+01   06.19977000e+01   04.61705000e+01   04.92255000e-03
  06.51946000e+01   06.27941000e+01   04.71693000e+01   04.33740000e-03
  06.92247000e+01   06.06651000e+01   05.16362000e+01   04.35178000e-03
  07.00554000e+01   06.07996000e+01   05.01552000e+01   02.18100000e-05
  06.89293000e+01   06.20603000e+01   05.04690000e+01  -05.02650000e-04
  06.78655000e+01   05.82028000e+01   04.88323000e+01  -01.43048000e-03
  06.95141000e+01   05.85805000e+01   04.91498000e+01   02.03840000e-04
  06.85624000e+01   05.84065000e+01   05.04594000e+01   08.62995000e-03
  06.64186000e+01   06.17921000e+01   05.26456000e+01  -01.63629000e-03
  06.97516000e+01   06.19755000e+01   04.66165000e+01  -02.76705000e-03
  06.77655000e+01   05.97142000e+01   04.67345000e+01   01.41710000e-03
  06.52450000e+01   06.28372000e+01   04.92927000e+01  -03.85980000e-04
  06.68558000e+01   06.34547000e+01   04.98823000e+01  -04.81110000e-04
  07.63267000e+01   06.44369000e+01   04.19168000e+01  -02.06250000e-04
  07.75341000e+01   06.33694000e+01   03.91510000e+01   01.11427000e-03
  07.94851000e+01   06.39559000e+01   03.83658000e+01  -01.53420000e-04
  08.11882000e+01   06.59349000e+01   03.99627000e+01  -01.90280000e-04
  08.15200000e+01   06.41398000e+01   03.73534000e+01  -03.63060000e-04
  06.49373000e+01   06.13457000e+01   05.08454000e+01   08.59900000e-05
  08.30737000e+01   06.44460000e+01   03.56598000e+01  -01.01020000e-04
  08.53246000e+01   06.61645000e+01   03.64743000e+01   02.50540000e-04
  08.50828000e+01   06.40032000e+01   03.44326000e+01  -01.19075000e-03
  08.62181000e+01   06.66085000e+01   03.16308000e+01   03.14160000e-04
  08.85250000e+01   06.61627000e+01   03.30160000e+01  -01.11070000e-04
  06.59663000e+01   05.96866000e+01   04.97407000e+01   03.13480000e-04
  06.67752000e+01   05.96392000e+01   05.12163000e+01   01.25001000e-03
  07.54579000e+01   06.23443000e+01   03.97925000e+01   04.27500000e-05
  07.44956000e+01   06.34084000e+01   04.25100000e+01  -04.51238000e-03
  07.26757000e+01   06.27245000e+01   04.34914000e+01   04.22636000e-03
  07.09638000e+01   06.03997000e+01   04.21478000e+01  -09.78060000e-04
  07.08667000e+01   06.23386000e+01   04.47282000e+01  -08.33290000e-04
  08.78934000e+01   06.44952000e+01   03.08251000e+01  -01.05330000e-03
