  06.80940000e+01   06.19441000e+01   04.98470000e+01  -02.53405000e-03
  06.66867000e+01   06.17849000e+01   05.04642000e+01   07.80610000e-04
  06.59684000e+01   06.30610000e+01   05.09178000e+01   06.83950000e-04
  06.62193000e+01   06.35630000e+01   05.22362000e+01   05.31930000e-04
  06.62856000e+01   06.41952000e+01   04.99266000e+01  -01.13880000e-03
  06.72191000e+01   06.38841000e+01   04.86470000e+01   05.01179000e-03
  06.80250000e+01   06.28107000e+01   04.85900000e+01  -01.30529000e-03
  06.85925000e+01   06.21563000e+01   04.73574000e+01  -01.54921000e-03
  06.95450000e+01   06.27679000e+01   04.66120000e+01  -09.64920000e-04
  07.01068000e+01   06.23589000e+01   04.53288000e+01  -02.95630000e-04
  07.10782000e+01   06.31025000e+01   04.48266000e+01  -02.57020000e-04
  07.18810000e+01   06.29276000e+01   04.35617000e+01   02.20720000e-04
  07.31004000e+01   06.34068000e+01   04.33116000e+01   02.85990000e-04
  07.38840000e+01   06.33459000e+01   04.21028000e+01   03.16900000e-05
  07.51445000e+01   06.39192000e+01   04.20760000e+01  -01.12020000e-04
  07.61738000e+01   06.39864000e+01   04.10728000e+01   03.40000000e-06
  06.85048000e+01   06.04756000e+01   04.95063000e+01   03.83030000e-04
  06.89410000e+01   06.23711000e+01   05.11157000e+01   01.30100000e-05
  06.68419000e+01   06.47333000e+01   04.75368000e+01  -01.34690000e-04
  06.95741000e+01   06.11342000e+01   04.46066000e+01  -08.35400000e-05
  07.32320000e+01   06.29476000e+01   04.07771000e+01   01.43700000e-03
  08.76048000e+01   06.58904000e+01   03.50726000e+01  -05.62820000e-04
  08.84866000e+01   06.52674000e+01   03.39012000e+01  -02.06960000e-04
  08.86287000e+01   06.62198000e+01   03.26799000e+01  -02.30470000e-04
  08.92167000e+01   06.55635000e+01   03.15434000e+01   01.43786000e-03
  08.73210000e+01   06.69920000e+01   03.24528000e+01   03.20417000e-03
  08.63133000e+01   06.70883000e+01   03.32435000e+01  -08.05080000e-04
  08.62161000e+01   06.62930000e+01   03.45543000e+01  -01.76788000e-03
  08.53656000e+01   06.68490000e+01   03.56682000e+01   07.22800000e-05
  08.43858000e+01   06.62066000e+01   03.63743000e+01   01.59105000e-02
  08.34794000e+01   06.67241000e+01   03.74248000e+01  -02.33693000e-02
  08.23548000e+01   06.60142000e+01   03.78679000e+01   05.37835000e-03
  08.14804000e+01   06.61778000e+01   03.89543000e+01   05.38182000e-03
  08.03539000e+01   06.54654000e+01   03.92364000e+01   05.79556000e-03
  07.94612000e+01   06.55868000e+01   04.02471000e+01  -06.99068000e-03
  07.83700000e+01   06.48229000e+01   04.02047000e+01   02.95799000e-03
  07.72826000e+01   06.47563000e+01   04.12018000e+01   08.80642000e-03
  08.83350000e+01   06.71015000e+01   03.57287000e+01  -03.71955000e-03
  08.74612000e+01   06.46675000e+01   03.60041000e+01  -01.20585000e-02
  08.50196000e+01   06.78721000e+01   03.29355000e+01   01.97011000e-03
  08.38160000e+01   06.79099000e+01   03.81695000e+01   08.37962000e-03
  07.96999000e+01   06.66239000e+01   04.13240000e+01  -01.14162000e-03
  08.07020000e+01   06.64827000e+01   04.17096000e+01   05.31110000e-04
  07.96889000e+01   06.76657000e+01   04.10719000e+01   06.44190000e-04
  07.91328000e+01   06.64322000e+01   04.22653000e+01  -01.18537000e-03
  08.29245000e+01   06.83477000e+01   03.86380000e+01  -09.86263000e-03
  08.43351000e+01   06.75948000e+01   03.90848000e+01   04.83486000e-03
  08.43971000e+01   06.86122000e+01   03.76697000e+01  -06.05704000e-03
  08.51486000e+01   06.85458000e+01   03.20649000e+01   01.25782000e-03
  08.42022000e+01   06.71480000e+01   03.26718000e+01  -04.29459000e-03
  08.46064000e+01   06.83337000e+01   03.38249000e+01   07.41250000e-04
  08.69292000e+01   06.48339000e+01   03.69587000e+01  -09.05833000e-03
  08.68614000e+01   06.38729000e+01   03.55240000e+01   05.11703000e-03
  08.84001000e+01   06.43546000e+01   03.64957000e+01   05.28601000e-03
  08.79087000e+01   06.74851000e+01   03.66853000e+01   06.61730000e-04
  08.93754000e+01   06.67701000e+01   03.59295000e+01  -01.43313000e-03
  08.83232000e+01   06.79859000e+01   03.51060000e+01   01.17160000e-04
  08.94816000e+01   06.50956000e+01   03.42597000e+01   07.94200000e-05
  08.80503000e+01   06.42928000e+01   03.35983000e+01  -07.78792000e-03
  07.34658000e+01   06.18495000e+01   04.05934000e+01   07.70140000e-04
  07.21428000e+01   06.29981000e+01   04.08561000e+01   07.99937000e-03
  07.35153000e+01   06.33718000e+01   03.98105000e+01  -03.55757000e-03
  07.00450000e+01   06.01844000e+01   04.47951000e+01  -07.15330000e-03
  06.85216000e+01   06.11711000e+01   04.48382000e+01   03.13430000e-03
  06.96110000e+01   06.13310000e+01   04.35151000e+01   01.47373000e-02
  06.69101000e+01   06.41820000e+01   04.66070000e+01  -01.94855000e-02
  06.58038000e+01   06.51433000e+01   04.75179000e+01   04.92255000e-03
  06.75106000e+01   06.55779000e+01   04.75782000e+01   04.33740000e-03
  06.84658000e+01   06.21745000e+01   05.20878000e+01   04.35178000e-03
  06.97806000e+01   06.16870000e+01   05.10842000e+01   02.18100000e-05
  06.91997000e+01   06.34752000e+01   05.11909000e+01  -05.02650000e-04
  06.79146000e+01   05.99256000e+01   04.88047000e+01  -01.43048000e-03
  06.94971000e+01   06.03685000e+01   04.91446000e+01   02.03840000e-04
  06.86147000e+01   05.99455000e+01   05.04511000e+01   08.62995000e-03
  06.59122000e+01   06.29220000e+01   05.28891000e+01  -01.63629000e-03
  06.98274000e+01   06.37276000e+01   04.69761000e+01  -02.76705000e-03
  06.81591000e+01   06.11854000e+01   04.70280000e+01   01.41710000e-03
  06.53142000e+01   06.45766000e+01   04.95762000e+01  -03.85980000e-04
  06.67931000e+01   06.49671000e+01   05.05248000e+01  -04.81110000e-04
  07.75298000e+01   06.53347000e+01   04.21201000e+01  -02.06250000e-04
  07.81512000e+01   06.43935000e+01   03.92266000e+01   01.11427000e-03
  08.01259000e+01   06.46777000e+01   03.84887000e+01  -01.53420000e-04
  08.17393000e+01   06.69574000e+01   03.96159000e+01  -01.90280000e-04
  08.21032000e+01   06.51682000e+01   03.72151000e+01  -03.63060000e-04
  06.48752000e+01   06.29122000e+01   05.08319000e+01   08.59900000e-05
  08.41919000e+01   06.52125000e+01   03.60432000e+01  -01.01020000e-04
  08.56802000e+01   06.78317000e+01   03.60281000e+01   02.50540000e-04
  08.57491000e+01   06.53656000e+01   03.42074000e+01  -01.19075000e-03
  08.71498000e+01   06.75318000e+01   03.15403000e+01   03.14160000e-04
  08.93696000e+01   06.69775000e+01   03.29267000e+01  -01.11070000e-04
  06.60415000e+01   06.12518000e+01   04.98255000e+01   03.13480000e-04
  06.67498000e+01   06.10540000e+01   05.12786000e+01   01.25001000e-03
  07.61105000e+01   06.34034000e+01   04.01475000e+01   04.27500000e-05
  07.54771000e+01   06.44018000e+01   04.29545000e+01  -04.51238000e-03
  07.35503000e+01   06.40600000e+01   04.40932000e+01   04.22636000e-03
  07.14387000e+01   06.24039000e+01   04.27857000e+01  -09.78060000e-04
  07.13917000e+01   06.39870000e+01   04.54076000e+01  -08.33290000e-04
  08.85593000e+01   06.52250000e+01   03.09668000e+01  -01.05330000e-03
