  06.85495000e+01   06.19637000e+01   04.96885000e+01  -02.53405000e-03
  06.72176000e+01   06.17359000e+01   05.03621000e+01   07.80610000e-04
  06.64121000e+01   06.30468000e+01   05.05429000e+01   06.83950000e-04
  06.66258000e+01   06.36204000e+01   05.18258000e+01   05.31930000e-04
  06.65948000e+01   06.41761000e+01   04.94334000e+01  -01.13880000e-03
  06.75111000e+01   06.38192000e+01   04.83459000e+01   05.01179000e-03
  06.84578000e+01   06.27937000e+01   04.83426000e+01  -01.30529000e-03
  06.89830000e+01   06.22288000e+01   04.71531000e+01  -01.54921000e-03
  06.98917000e+01   06.29557000e+01   04.64158000e+01  -09.64920000e-04
  07.05330000e+01   06.26355000e+01   04.51006000e+01  -02.95630000e-04
  07.15066000e+01   06.34398000e+01   04.45958000e+01  -02.57020000e-04
  07.21466000e+01   06.33966000e+01   04.32822000e+01   02.20720000e-04
  07.32967000e+01   06.39983000e+01   04.28492000e+01   02.85990000e-04
  07.40708000e+01   06.38428000e+01   04.16817000e+01   03.16900000e-05
  07.52823000e+01   06.45022000e+01   04.16375000e+01  -01.12020000e-04
  07.62651000e+01   06.43733000e+01   04.05979000e+01   03.40000000e-06
  06.91601000e+01   06.04978000e+01   04.95162000e+01   03.83030000e-04
  06.94505000e+01   06.27694000e+01   05.06589000e+01   01.30100000e-05
  06.73525000e+01   06.46726000e+01   04.71074000e+01  -01.34690000e-04
  06.98133000e+01   06.13794000e+01   04.44905000e+01  -08.35400000e-05
  07.34355000e+01   06.30842000e+01   04.05414000e+01   01.43700000e-03
  08.79247000e+01   06.58477000e+01   03.44581000e+01  -05.62820000e-04
  08.85542000e+01   06.53719000e+01   03.31911000e+01  -02.06960000e-04
  08.83461000e+01   06.62659000e+01   03.19058000e+01  -02.30470000e-04
  08.87021000e+01   06.53781000e+01   03.09178000e+01   01.43786000e-03
  08.68860000e+01   06.68725000e+01   03.18575000e+01   03.20417000e-03
  08.60118000e+01   06.69259000e+01   03.28532000e+01  -08.05080000e-04
  08.63778000e+01   06.61822000e+01   03.41460000e+01  -01.76788000e-03
  08.57028000e+01   06.68477000e+01   03.53775000e+01   07.22800000e-05
  08.46357000e+01   06.63144000e+01   03.60006000e+01   01.59105000e-02
  08.37933000e+01   06.68407000e+01   03.69839000e+01  -02.33693000e-02
  08.27677000e+01   06.59801000e+01   03.74105000e+01   05.37835000e-03
  08.18881000e+01   06.61747000e+01   03.84871000e+01   05.38182000e-03
  08.07882000e+01   06.54134000e+01   03.87938000e+01   05.79556000e-03
  07.97566000e+01   06.57555000e+01   03.98051000e+01  -06.99068000e-03
  07.84846000e+01   06.50842000e+01   03.97675000e+01   02.95799000e-03
  07.74260000e+01   06.51176000e+01   04.06371000e+01   08.80642000e-03
  08.87784000e+01   06.70334000e+01   03.51055000e+01  -03.71955000e-03
  08.81125000e+01   06.46616000e+01   03.53219000e+01  -01.20585000e-02
  08.45864000e+01   06.74826000e+01   03.26940000e+01   01.97011000e-03
  08.42338000e+01   06.80361000e+01   03.78147000e+01   08.37962000e-03
  08.00790000e+01   06.69244000e+01   04.06924000e+01  -01.14162000e-03
  07.98549000e+01   06.79032000e+01   04.02822000e+01   05.31110000e-04
  07.95109000e+01   06.67081000e+01   04.16707000e+01   06.44190000e-04
  08.11573000e+01   06.69555000e+01   04.08808000e+01  -01.18537000e-03
  08.33617000e+01   06.86033000e+01   03.82238000e+01  -09.86263000e-03
  08.48195000e+01   06.77439000e+01   03.87162000e+01   04.83486000e-03
  08.46763000e+01   06.87152000e+01   03.70845000e+01  -06.05704000e-03
  08.40053000e+01   06.75003000e+01   03.36456000e+01   01.25782000e-03
  08.46120000e+01   06.84953000e+01   03.23137000e+01  -04.29459000e-03
  08.40569000e+01   06.68486000e+01   03.19426000e+01   07.41250000e-04
  08.75196000e+01   06.37574000e+01   03.48826000e+01  -09.05833000e-03
  08.91217000e+01   06.43509000e+01   03.53705000e+01   05.11703000e-03
  08.77471000e+01   06.49599000e+01   03.63250000e+01   05.28601000e-03
  08.91507000e+01   06.77466000e+01   03.43287000e+01   06.61730000e-04
  08.83081000e+01   06.75600000e+01   03.59177000e+01  -01.43313000e-03
  08.96602000e+01   06.65952000e+01   03.56240000e+01   01.17160000e-04
  08.96531000e+01   06.51918000e+01   03.32328000e+01   07.94200000e-05
  08.81574000e+01   06.44035000e+01   03.28828000e+01  -07.78792000e-03
  07.29749000e+01   06.21127000e+01   04.07743000e+01   07.70140000e-04
  07.26687000e+01   06.36974000e+01   04.00752000e+01   07.99937000e-03
  07.41751000e+01   06.29891000e+01   03.97319000e+01  -03.55757000e-03
  06.87411000e+01   06.12779000e+01   04.46717000e+01  -07.15330000e-03
  06.99751000e+01   06.14690000e+01   04.34267000e+01   03.13430000e-03
  07.03128000e+01   06.04696000e+01   04.48384000e+01   01.47373000e-02
  06.65369000e+01   06.53964000e+01   04.71398000e+01  -01.94855000e-02
  06.83520000e+01   06.52174000e+01   04.69901000e+01   04.92255000e-03
  06.72717000e+01   06.40388000e+01   04.62259000e+01   04.33740000e-03
  06.96877000e+01   06.23059000e+01   05.15919000e+01   04.35178000e-03
  07.04582000e+01   06.30357000e+01   05.01655000e+01   02.18100000e-05
  06.89466000e+01   06.37546000e+01   05.08702000e+01  -05.02650000e-04
  06.84444000e+01   05.98435000e+01   04.89760000e+01  -01.43048000e-03
  07.00815000e+01   06.06210000e+01   04.88750000e+01   02.03840000e-04
  06.94194000e+01   05.99908000e+01   05.04674000e+01   08.62995000e-03
  06.62074000e+01   06.31555000e+01   05.25146000e+01  -01.63629000e-03
  07.01413000e+01   06.39784000e+01   04.67645000e+01  -02.76705000e-03
  06.86786000e+01   06.12176000e+01   04.68198000e+01   01.41710000e-03
  06.55712000e+01   06.44477000e+01   04.90469000e+01  -03.85980000e-04
  06.70291000e+01   06.50773000e+01   04.99622000e+01  -04.81110000e-04
  07.75422000e+01   06.59460000e+01   04.13607000e+01  -02.06250000e-04
  07.83797000e+01   06.43732000e+01   03.89590000e+01   01.11427000e-03
  08.05785000e+01   06.45881000e+01   03.80921000e+01  -01.53420000e-04
  08.20095000e+01   06.70963000e+01   03.90220000e+01  -01.90280000e-04
  08.25662000e+01   06.50307000e+01   03.68511000e+01  -03.63060000e-04
  06.54077000e+01   06.27874000e+01   05.02880000e+01   08.59900000e-05
  08.43911000e+01   06.53196000e+01   03.57209000e+01  -01.01020000e-04
  08.57389000e+01   06.79237000e+01   03.55369000e+01   02.50540000e-04
  08.56642000e+01   06.53556000e+01   03.38330000e+01  -01.19075000e-03
  08.67337000e+01   06.74272000e+01   03.09027000e+01   03.14160000e-04
  08.90274000e+01   06.71641000e+01   03.19853000e+01  -01.11070000e-04
  06.66041000e+01   06.12896000e+01   04.95751000e+01   03.13480000e-04
  06.72960000e+01   06.11842000e+01   05.12506000e+01   01.25001000e-03
  07.61520000e+01   06.36213000e+01   03.98367000e+01   04.27500000e-05
  07.54571000e+01   06.52595000e+01   04.24178000e+01  -04.51238000e-03
  07.36807000e+01   06.46358000e+01   04.36807000e+01   04.22636000e-03
  07.17579000e+01   06.26365000e+01   04.26359000e+01  -09.78060000e-04
  07.18273000e+01   06.43424000e+01   04.51409000e+01  -08.33290000e-04
  08.88279000e+01   06.58907000e+01   03.01017000e+01  -01.05330000e-03
