  06.79956000e+01   06.13630000e+01   04.98666000e+01  -02.53405000e-03
  06.66882000e+01   06.08831000e+01   05.04077000e+01   07.80610000e-04
  06.56561000e+01   06.19828000e+01   05.08624000e+01   06.83950000e-04
  06.58025000e+01   06.25703000e+01   05.21702000e+01   05.31930000e-04
  06.58182000e+01   06.31950000e+01   04.97995000e+01  -01.13880000e-03
  06.66038000e+01   06.30753000e+01   04.85720000e+01   05.01179000e-03
  06.76947000e+01   06.22592000e+01   04.85580000e+01  -01.30529000e-03
  06.81225000e+01   06.16981000e+01   04.72658000e+01  -01.54921000e-03
  06.91953000e+01   06.20961000e+01   04.65119000e+01  -09.64920000e-04
  06.98213000e+01   06.14477000e+01   04.53696000e+01  -02.95630000e-04
  07.08559000e+01   06.20272000e+01   04.47684000e+01  -02.57020000e-04
  07.14179000e+01   06.16909000e+01   04.34868000e+01   02.20720000e-04
  07.24828000e+01   06.25198000e+01   04.31267000e+01   02.85990000e-04
  07.34230000e+01   06.22051000e+01   04.20591000e+01   03.16900000e-05
  07.44622000e+01   06.30880000e+01   04.18932000e+01  -01.12020000e-04
  07.55617000e+01   06.30326000e+01   04.10576000e+01   03.40000000e-06
  06.89124000e+01   06.01400000e+01   04.97273000e+01   03.83030000e-04
  06.85613000e+01   06.22070000e+01   05.09973000e+01   01.30100000e-05
  06.60402000e+01   06.37921000e+01   04.73564000e+01  -01.34690000e-04
  06.91882000e+01   06.01660000e+01   04.48269000e+01  -08.35400000e-05
  07.31312000e+01   06.10847000e+01   04.10767000e+01   01.43700000e-03
  08.76864000e+01   06.41717000e+01   03.55470000e+01  -05.62820000e-04
  08.83320000e+01   06.36818000e+01   03.42106000e+01  -02.06960000e-04
  08.84628000e+01   06.48518000e+01   03.32199000e+01  -02.30470000e-04
  08.93517000e+01   06.43103000e+01   03.22058000e+01   01.43786000e-03
  08.71163000e+01   06.53875000e+01   03.29801000e+01   03.20417000e-03
  08.60547000e+01   06.53424000e+01   03.38132000e+01  -08.05080000e-04
  08.61041000e+01   06.46280000e+01   03.52000000e+01  -01.76788000e-03
  08.53290000e+01   06.52792000e+01   03.63396000e+01   07.22800000e-05
  08.40613000e+01   06.48306000e+01   03.66903000e+01   01.59105000e-02
  08.32974000e+01   06.52392000e+01   03.78743000e+01  -02.33693000e-02
  08.20861000e+01   06.45833000e+01   03.81180000e+01   05.37835000e-03
  08.11816000e+01   06.48317000e+01   03.91520000e+01   05.38182000e-03
  07.99924000e+01   06.41706000e+01   03.93866000e+01   05.79556000e-03
  07.89850000e+01   06.44334000e+01   04.04306000e+01  -06.99068000e-03
  07.78759000e+01   06.37426000e+01   04.03969000e+01   02.95799000e-03
  07.66945000e+01   06.38208000e+01   04.12029000e+01   08.80642000e-03
  08.84823000e+01   06.53253000e+01   03.62164000e+01  -03.71955000e-03
  08.77779000e+01   06.29086000e+01   03.65162000e+01  -01.20585000e-02
  08.46921000e+01   06.61160000e+01   03.34519000e+01   01.97011000e-03
  08.39772000e+01   06.64246000e+01   03.85896000e+01   08.37962000e-03
  07.92971000e+01   06.55693000e+01   04.13728000e+01  -01.14162000e-03
  07.95409000e+01   06.64517000e+01   04.07660000e+01   05.31110000e-04
  07.84537000e+01   06.57565000e+01   04.20482000e+01   06.44190000e-04
  08.02013000e+01   06.53060000e+01   04.19362000e+01  -01.18537000e-03
  08.42469000e+01   06.72542000e+01   03.79878000e+01  -09.86263000e-03
  08.33854000e+01   06.68299000e+01   03.94313000e+01   04.83486000e-03
  08.49295000e+01   06.61707000e+01   03.90265000e+01  -06.05704000e-03
  08.49219000e+01   06.67787000e+01   03.25917000e+01   01.25782000e-03
  08.38801000e+01   06.54152000e+01   03.30874000e+01  -04.29459000e-03
  08.43679000e+01   06.66981000e+01   03.43231000e+01   07.41250000e-04
  08.88035000e+01   06.24646000e+01   03.65923000e+01  -09.05833000e-03
  08.73997000e+01   06.31086000e+01   03.75054000e+01   05.11703000e-03
  08.71370000e+01   06.21419000e+01   03.61174000e+01   05.28601000e-03
  08.95533000e+01   06.51899000e+01   03.60958000e+01   06.61730000e-04
  08.81150000e+01   06.62313000e+01   03.56119000e+01  -01.43313000e-03
  08.81594000e+01   06.55480000e+01   03.72373000e+01   01.17160000e-04
  08.93137000e+01   06.32830000e+01   03.43898000e+01   07.94200000e-05
  08.76446000e+01   06.29127000e+01   03.37955000e+01  -07.78792000e-03
  07.37662000e+01   06.08600000e+01   04.02380000e+01   07.70140000e-04
  07.28636000e+01   06.01463000e+01   04.15121000e+01   07.99937000e-03
  07.22185000e+01   06.14168000e+01   04.04775000e+01  -03.55757000e-03
  06.81104000e+01   06.01724000e+01   04.45382000e+01  -07.15330000e-03
  06.96463000e+01   05.97978000e+01   04.38912000e+01   03.13430000e-03
  06.92369000e+01   05.92767000e+01   04.55480000e+01   01.47373000e-02
  06.49663000e+01   06.41575000e+01   04.75161000e+01  -01.94855000e-02
  06.66875000e+01   06.46657000e+01   04.69945000e+01   04.92255000e-03
  06.59980000e+01   06.30742000e+01   04.64614000e+01   04.33740000e-03
  06.79488000e+01   06.30972000e+01   05.12807000e+01   04.35178000e-03
  06.87826000e+01   06.15554000e+01   05.18662000e+01   02.18100000e-05
  06.95361000e+01   06.26200000e+01   05.07589000e+01  -05.02650000e-04
  06.92184000e+01   05.96806000e+01   05.07049000e+01  -01.43048000e-03
  06.84375000e+01   05.93782000e+01   04.91651000e+01   02.03840000e-04
  06.97800000e+01   06.05121000e+01   04.92321000e+01   08.62995000e-03
  06.54215000e+01   06.19571000e+01   05.28455000e+01  -01.63629000e-03
  06.98457000e+01   06.29362000e+01   04.68716000e+01  -02.76705000e-03
  06.75174000e+01   06.08647000e+01   04.68691000e+01   01.41710000e-03
  06.47883000e+01   06.33134000e+01   04.94483000e+01  -03.85980000e-04
  06.61726000e+01   06.41164000e+01   05.02958000e+01  -04.81110000e-04
  07.66786000e+01   06.45584000e+01   04.19980000e+01  -02.06250000e-04
  07.77589000e+01   06.29454000e+01   03.96965000e+01   01.11427000e-03
  07.97598000e+01   06.33789000e+01   03.86397000e+01  -01.53420000e-04
  08.13375000e+01   06.56483000e+01   03.98013000e+01  -01.90280000e-04
  08.19104000e+01   06.37646000e+01   03.73821000e+01  -03.63060000e-04
  06.45694000e+01   06.15980000e+01   05.08602000e+01   08.59900000e-05
  08.34912000e+01   06.42596000e+01   03.59388000e+01  -01.01020000e-04
  08.58057000e+01   06.59422000e+01   03.70775000e+01   02.50540000e-04
  08.57111000e+01   06.36400000e+01   03.50324000e+01  -01.19075000e-03
  08.69593000e+01   06.59168000e+01   03.20653000e+01   03.14160000e-04
  08.91097000e+01   06.56122000e+01   03.37320000e+01  -01.11070000e-04
  06.61322000e+01   06.03190000e+01   04.95832000e+01   03.13480000e-04
  06.68513000e+01   06.01557000e+01   05.12236000e+01   01.25001000e-03
  07.56190000e+01   06.23327000e+01   04.02867000e+01   04.27500000e-05
  07.44619000e+01   06.39655000e+01   04.25833000e+01  -04.51238000e-03
  07.28342000e+01   06.33862000e+01   04.36733000e+01   04.22636000e-03
  07.10990000e+01   06.08622000e+01   04.28963000e+01  -09.78060000e-04
  07.12527000e+01   06.29396000e+01   04.51742000e+01  -08.33290000e-04
  08.89087000e+01   06.40792000e+01   03.14103000e+01  -01.05330000e-03
