  06.81263000e+01   06.07108000e+01   04.84389000e+01  -02.53405000e-03
  06.68506000e+01   06.04231000e+01   04.91519000e+01   07.80610000e-04
  06.60086000e+01   06.16098000e+01   04.96188000e+01   06.83950000e-04
  06.60334000e+01   06.17290000e+01   05.10527000e+01   05.31930000e-04
  06.64459000e+01   06.29588000e+01   04.89362000e+01  -01.13880000e-03
  06.69226000e+01   06.27763000e+01   04.75417000e+01   05.01179000e-03
  06.77301000e+01   06.17446000e+01   04.72910000e+01  -01.30529000e-03
  06.79697000e+01   06.12925000e+01   04.58384000e+01  -01.54921000e-03
  06.89622000e+01   06.18590000e+01   04.51290000e+01  -09.64920000e-04
  06.94010000e+01   06.15035000e+01   04.37418000e+01  -02.95630000e-04
  07.03783000e+01   06.23456000e+01   04.32116000e+01  -02.57020000e-04
  07.10689000e+01   06.21704000e+01   04.19498000e+01   02.20720000e-04
  07.22537000e+01   06.28369000e+01   04.16854000e+01   02.85990000e-04
  07.30085000e+01   06.28221000e+01   04.04890000e+01   03.16900000e-05
  07.42633000e+01   06.34088000e+01   04.06375000e+01  -01.12020000e-04
  07.54078000e+01   06.35552000e+01   03.97758000e+01   03.40000000e-06
  06.87526000e+01   05.93824000e+01   04.79673000e+01   03.83030000e-04
  06.91721000e+01   06.12164000e+01   04.94693000e+01   01.30100000e-05
  06.63476000e+01   06.36385000e+01   04.65163000e+01  -01.34690000e-04
  06.88545000e+01   06.03695000e+01   04.30043000e+01  -08.35400000e-05
  07.24304000e+01   06.21691000e+01   03.92276000e+01   01.43700000e-03
  08.67970000e+01   06.44864000e+01   03.37752000e+01  -05.62820000e-04
  08.76321000e+01   06.39159000e+01   03.26260000e+01  -02.06960000e-04
  08.76929000e+01   06.48673000e+01   03.14078000e+01  -02.30470000e-04
  08.83845000e+01   06.40432000e+01   03.04506000e+01   01.43786000e-03
  08.63970000e+01   06.54565000e+01   03.10098000e+01   03.20417000e-03
  08.54613000e+01   06.57217000e+01   03.19419000e+01  -08.05080000e-04
  08.54233000e+01   06.49972000e+01   03.33240000e+01  -01.76788000e-03
  08.47319000e+01   06.57407000e+01   03.44427000e+01   07.22800000e-05
  08.35341000e+01   06.53561000e+01   03.49073000e+01   01.59105000e-02
  08.28126000e+01   06.58546000e+01   03.60827000e+01  -02.33693000e-02
  08.16455000e+01   06.52965000e+01   03.65135000e+01   05.37835000e-03
  08.08480000e+01   06.55557000e+01   03.77048000e+01   05.38182000e-03
  07.96716000e+01   06.48686000e+01   03.79613000e+01   05.79556000e-03
  07.87273000e+01   06.51070000e+01   03.90993000e+01  -06.99068000e-03
  07.76018000e+01   06.43553000e+01   03.91438000e+01   02.95799000e-03
  07.64978000e+01   06.43038000e+01   04.00245000e+01   08.80642000e-03
  08.77396000e+01   06.55378000e+01   03.43563000e+01  -03.71955000e-03
  08.66793000e+01   06.34360000e+01   03.49098000e+01  -01.20585000e-02
  08.42231000e+01   06.65655000e+01   03.15969000e+01   01.97011000e-03
  08.35222000e+01   06.69583000e+01   03.68512000e+01   08.37962000e-03
  07.90700000e+01   06.60750000e+01   04.02566000e+01  -01.14162000e-03
  07.86454000e+01   06.70344000e+01   04.00668000e+01   05.31110000e-04
  07.86018000e+01   06.57055000e+01   04.11979000e+01   06.44190000e-04
  08.01238000e+01   06.61251000e+01   04.04878000e+01  -01.18537000e-03
  08.41198000e+01   06.76398000e+01   03.61939000e+01  -09.86263000e-03
  08.28417000e+01   06.75896000e+01   03.74307000e+01   04.83486000e-03
  08.42831000e+01   06.66726000e+01   03.75795000e+01  -06.05704000e-03
  08.43045000e+01   06.69801000e+01   03.05333000e+01   01.25782000e-03
  08.33480000e+01   06.59528000e+01   03.15721000e+01  -04.29459000e-03
  08.40368000e+01   06.73949000e+01   03.23736000e+01   07.41250000e-04
  08.60483000e+01   06.26619000e+01   03.44828000e+01  -09.05833000e-03
  08.76150000e+01   06.31027000e+01   03.52978000e+01   05.11703000e-03
  08.60436000e+01   06.38119000e+01   03.57403000e+01   05.28601000e-03
  08.88006000e+01   06.53150000e+01   03.46020000e+01   06.61730000e-04
  08.78216000e+01   06.63704000e+01   03.36977000e+01  -01.43313000e-03
  08.71870000e+01   06.59188000e+01   03.52466000e+01   01.17160000e-04
  08.86992000e+01   06.36932000e+01   03.30138000e+01   07.94200000e-05
  08.71592000e+01   06.30154000e+01   03.22387000e+01  -07.78792000e-03
  07.20823000e+01   06.11968000e+01   03.94903000e+01   07.70140000e-04
  07.16124000e+01   06.28258000e+01   03.89477000e+01   07.99937000e-03
  07.30256000e+01   06.21595000e+01   03.83496000e+01  -03.55757000e-03
  06.80814000e+01   05.97189000e+01   04.35167000e+01  -07.15330000e-03
  06.83869000e+01   06.07014000e+01   04.20967000e+01   03.13430000e-03
  06.97559000e+01   05.97571000e+01   04.27793000e+01   01.47373000e-02
  06.53154000e+01   06.39667000e+01   04.66409000e+01  -01.94855000e-02
  06.69372000e+01   06.45412000e+01   04.63461000e+01   04.92255000e-03
  06.62430000e+01   06.31100000e+01   04.56090000e+01   04.33740000e-03
  07.00604000e+01   06.13046000e+01   04.88601000e+01   04.35178000e-03
  06.88829000e+01   06.21508000e+01   04.98983000e+01   02.18100000e-05
  06.94397000e+01   06.04476000e+01   05.01906000e+01  -05.02650000e-04
  06.89832000e+01   05.86937000e+01   04.88063000e+01  -01.43048000e-03
  06.80844000e+01   05.88587000e+01   04.72059000e+01   02.03840000e-04
  06.96310000e+01   05.96200000e+01   04.73426000e+01   08.62995000e-03
  06.69342000e+01   06.17930000e+01   05.14922000e+01  -01.63629000e-03
  06.95178000e+01   06.26418000e+01   04.56340000e+01  -02.76705000e-03
  06.74009000e+01   06.05200000e+01   04.53811000e+01   01.41710000e-03
  06.56254000e+01   06.36779000e+01   04.88914000e+01  -03.85980000e-04
  06.71659000e+01   06.35090000e+01   04.95749000e+01  -04.81110000e-04
  07.65581000e+01   06.48007000e+01   04.09374000e+01  -02.06250000e-04
  07.75286000e+01   06.35981000e+01   03.83241000e+01   01.11427000e-03
  07.94311000e+01   06.40452000e+01   03.72010000e+01  -01.53420000e-04
  08.11425000e+01   06.63687000e+01   03.83569000e+01  -01.90280000e-04
  08.13583000e+01   06.44626000e+01   03.58802000e+01  -03.63060000e-04
  06.50000000e+01   06.13791000e+01   04.94067000e+01   08.59900000e-05
  08.31565000e+01   06.44196000e+01   03.45299000e+01  -01.01020000e-04
  08.51286000e+01   06.67184000e+01   03.46549000e+01   02.50540000e-04
  08.48519000e+01   06.42027000e+01   03.29031000e+01  -01.19075000e-03
  08.63400000e+01   06.59427000e+01   03.00800000e+01   03.14160000e-04
  08.83812000e+01   06.56262000e+01   03.16278000e+01  -01.11070000e-04
  06.62979000e+01   05.98295000e+01   04.85006000e+01   03.13480000e-04
  06.70015000e+01   05.96572000e+01   04.98993000e+01   01.25001000e-03
  07.53651000e+01   06.30648000e+01   03.88018000e+01   04.27500000e-05
  07.44606000e+01   06.38174000e+01   04.15693000e+01  -04.51238000e-03
  07.27675000e+01   06.34105000e+01   04.25295000e+01   04.22636000e-03
  07.05325000e+01   06.16416000e+01   04.11773000e+01  -09.78060000e-04
  07.08188000e+01   06.31381000e+01   04.37984000e+01  -08.33290000e-04
  08.77965000e+01   06.36964000e+01   02.97480000e+01  -01.05330000e-03
