  06.87071000e+01   06.20011000e+01   04.97253000e+01  -02.53405000e-03
  06.71758000e+01   06.20360000e+01   05.00454000e+01   07.80610000e-04
  06.65522000e+01   06.33229000e+01   05.04072000e+01   06.83950000e-04
  06.69645000e+01   06.36451000e+01   05.17573000e+01   05.31930000e-04
  06.70576000e+01   06.44201000e+01   04.94501000e+01  -01.13880000e-03
  06.80985000e+01   06.40724000e+01   04.83720000e+01   05.01179000e-03
  06.89155000e+01   06.29904000e+01   04.85542000e+01  -01.30529000e-03
  06.95916000e+01   06.25335000e+01   04.72875000e+01  -01.54921000e-03
  07.04966000e+01   06.31663000e+01   04.65451000e+01  -09.64920000e-04
  07.09754000e+01   06.28638000e+01   04.52236000e+01  -02.95630000e-04
  07.19519000e+01   06.36962000e+01   04.46143000e+01  -02.57020000e-04
  07.27877000e+01   06.35054000e+01   04.34295000e+01   02.20720000e-04
  07.39236000e+01   06.42463000e+01   04.33439000e+01   02.85990000e-04
  07.48356000e+01   06.41877000e+01   04.22237000e+01   03.16900000e-05
  07.60193000e+01   06.49892000e+01   04.23707000e+01  -01.12020000e-04
  07.71212000e+01   06.52325000e+01   04.14220000e+01   03.40000000e-06
  06.90821000e+01   06.05416000e+01   04.93637000e+01   03.83030000e-04
  06.94794000e+01   06.22923000e+01   05.10123000e+01   01.30100000e-05
  06.78750000e+01   06.49361000e+01   04.72096000e+01  -01.34690000e-04
  07.06332000e+01   06.15161000e+01   04.47379000e+01  -08.35400000e-05
  07.43723000e+01   06.38749000e+01   04.08426000e+01   01.43700000e-03
  08.84851000e+01   06.59735000e+01   03.53654000e+01  -05.62820000e-04
  08.92466000e+01   06.55986000e+01   03.41233000e+01  -02.06960000e-04
  08.94266000e+01   06.67691000e+01   03.31155000e+01  -02.30470000e-04
  09.01887000e+01   06.62382000e+01   03.19601000e+01   01.43786000e-03
  08.81183000e+01   06.74975000e+01   03.28060000e+01   03.20417000e-03
  08.69911000e+01   06.73459000e+01   03.35708000e+01  -08.05080000e-04
  08.70237000e+01   06.64381000e+01   03.48592000e+01  -01.76788000e-03
  08.62896000e+01   06.71683000e+01   03.59243000e+01   07.22800000e-05
  08.51049000e+01   06.67911000e+01   03.65544000e+01   01.59105000e-02
  08.44878000e+01   06.72110000e+01   03.78079000e+01  -02.33693000e-02
  08.32868000e+01   06.66807000e+01   03.82623000e+01   05.37835000e-03
  08.26459000e+01   06.69443000e+01   03.95417000e+01   05.38182000e-03
  08.15089000e+01   06.63281000e+01   03.99016000e+01   05.79556000e-03
  08.05935000e+01   06.65673000e+01   04.09846000e+01  -06.99068000e-03
  07.93684000e+01   06.59693000e+01   04.08868000e+01   02.95799000e-03
  07.82015000e+01   06.59824000e+01   04.17089000e+01   08.80642000e-03
  08.93442000e+01   06.70793000e+01   03.60883000e+01  -03.71955000e-03
  08.83633000e+01   06.47696000e+01   03.63006000e+01  -01.20585000e-02
  08.56596000e+01   06.79044000e+01   03.32138000e+01   01.97011000e-03
  08.52255000e+01   06.82488000e+01   03.85688000e+01   08.37962000e-03
  08.09796000e+01   06.76266000e+01   04.19281000e+01  -01.14162000e-03
  08.09894000e+01   06.85767000e+01   04.14412000e+01   05.31110000e-04
  08.01589000e+01   06.77868000e+01   04.27019000e+01   06.44190000e-04
  08.19372000e+01   06.74731000e+01   04.24888000e+01  -01.18537000e-03
  08.62795000e+01   06.81032000e+01   03.87500000e+01  -09.86263000e-03
  08.52384000e+01   06.91892000e+01   03.80280000e+01   04.83486000e-03
  08.48387000e+01   06.85143000e+01   03.95569000e+01  -06.05704000e-03
  08.53333000e+01   06.85881000e+01   03.40646000e+01   01.25782000e-03
  08.57160000e+01   06.85940000e+01   03.23333000e+01  -04.29459000e-03
  08.49682000e+01   06.71049000e+01   03.30670000e+01   07.41250000e-04
  08.78367000e+01   06.39375000e+01   03.58795000e+01  -09.05833000e-03
  08.93089000e+01   06.43798000e+01   03.66728000e+01   05.11703000e-03
  08.77929000e+01   06.51856000e+01   03.71753000e+01   05.28601000e-03
  08.88686000e+01   06.73725000e+01   03.70159000e+01   06.61730000e-04
  09.02756000e+01   06.66244000e+01   03.64227000e+01  -01.43313000e-03
  08.95909000e+01   06.79971000e+01   03.55638000e+01   01.17160000e-04
  09.03250000e+01   06.53824000e+01   03.43291000e+01   07.94200000e-05
  08.89234000e+01   06.47313000e+01   03.34814000e+01  -07.78792000e-03
  07.33287000e+01   06.36628000e+01   04.08478000e+01   07.70140000e-04
  07.44807000e+01   06.47020000e+01   04.01665000e+01   07.99937000e-03
  07.48421000e+01   06.30444000e+01   04.03227000e+01  -03.55757000e-03
  06.96238000e+01   06.14671000e+01   04.44533000e+01  -07.15330000e-03
  07.12534000e+01   06.12707000e+01   04.38971000e+01   03.13430000e-03
  07.08049000e+01   06.07542000e+01   04.54739000e+01   01.47373000e-02
  06.68983000e+01   06.54080000e+01   04.71495000e+01  -01.94855000e-02
  06.85424000e+01   06.58228000e+01   04.72866000e+01   04.92255000e-03
  06.80885000e+01   06.43649000e+01   04.63041000e+01   04.33740000e-03
  07.05356000e+01   06.20872000e+01   05.08904000e+01   04.35178000e-03
  06.95375000e+01   06.33234000e+01   05.12513000e+01   02.18100000e-05
  06.90954000e+01   06.16842000e+01   05.18669000e+01  -05.02650000e-04
  07.01390000e+01   06.03631000e+01   04.91138000e+01  -01.43048000e-03
  06.89153000e+01   05.98617000e+01   05.01867000e+01   02.03840000e-04
  06.84324000e+01   06.01845000e+01   04.85921000e+01   08.62995000e-03
  06.63217000e+01   06.33394000e+01   05.23711000e+01  -01.63629000e-03
  07.06530000e+01   06.42141000e+01   04.69162000e+01  -02.76705000e-03
  06.93021000e+01   06.15841000e+01   04.68607000e+01   01.41710000e-03
  06.61828000e+01   06.49500000e+01   04.91001000e+01  -03.85980000e-04
  06.75513000e+01   06.51662000e+01   05.01554000e+01  -04.81110000e-04
  07.83682000e+01   06.65210000e+01   04.26440000e+01  -02.06250000e-04
  07.91402000e+01   06.54208000e+01   04.00613000e+01   01.11427000e-03
  08.10000000e+01   06.55854000e+01   03.91934000e+01  -01.53420000e-04
  08.31513000e+01   06.76902000e+01   04.01557000e+01  -01.90280000e-04
  08.28008000e+01   06.59346000e+01   03.77376000e+01  -03.63060000e-04
  06.54848000e+01   06.31993000e+01   05.03108000e+01   08.59900000e-05
  08.46025000e+01   06.59450000e+01   03.61872000e+01  -01.01020000e-04
  08.67308000e+01   06.79407000e+01   03.65182000e+01   02.50540000e-04
  08.64689000e+01   06.55187000e+01   03.46623000e+01  -01.19075000e-03
  08.82140000e+01   06.81522000e+01   03.19135000e+01   03.14160000e-04
  09.01814000e+01   06.74205000e+01   03.36107000e+01  -01.11070000e-04
  06.66909000e+01   06.17549000e+01   04.90940000e+01   03.13480000e-04
  06.68829000e+01   06.12726000e+01   05.07706000e+01   01.25001000e-03
  07.71313000e+01   06.45771000e+01   04.05416000e+01   04.27500000e-05
  07.62751000e+01   06.54805000e+01   04.33000000e+01  -04.51238000e-03
  07.42175000e+01   06.48168000e+01   04.41992000e+01   04.22636000e-03
  07.24984000e+01   06.27282000e+01   04.27167000e+01  -09.78060000e-04
  07.21447000e+01   06.45541000e+01   04.52310000e+01  -08.33290000e-04
  08.95485000e+01   06.59490000e+01   03.12382000e+01  -01.05330000e-03
