  06.97113000e+01   06.07850000e+01   05.03477000e+01  -02.53405000e-03
  06.82815000e+01   06.08122000e+01   05.09061000e+01   07.80610000e-04
  06.76301000e+01   06.21359000e+01   05.13314000e+01   06.83950000e-04
  06.79293000e+01   06.25543000e+01   05.26586000e+01   05.31930000e-04
  06.81179000e+01   06.32866000e+01   05.04391000e+01  -01.13880000e-03
  06.88024000e+01   06.28979000e+01   04.92569000e+01   05.01179000e-03
  06.95893000e+01   06.17910000e+01   04.91856000e+01  -01.30529000e-03
  06.98986000e+01   06.12619000e+01   04.78468000e+01  -01.54921000e-03
  07.08491000e+01   06.17858000e+01   04.70514000e+01  -09.64920000e-04
  07.13243000e+01   06.13408000e+01   04.57558000e+01  -02.95630000e-04
  07.23325000e+01   06.20683000e+01   04.51688000e+01  -02.57020000e-04
  07.31753000e+01   06.19237000e+01   04.39206000e+01   02.20720000e-04
  07.43231000e+01   06.27170000e+01   04.36076000e+01   02.85990000e-04
  07.51460000e+01   06.26312000e+01   04.24540000e+01   03.16900000e-05
  07.63423000e+01   06.32550000e+01   04.25571000e+01  -01.12020000e-04
  07.76206000e+01   06.32038000e+01   04.18140000e+01   03.40000000e-06
  07.01927000e+01   05.94295000e+01   04.99800000e+01   03.83030000e-04
  07.05512000e+01   06.14186000e+01   05.15206000e+01   01.30100000e-05
  06.83724000e+01   06.37271000e+01   04.80947000e+01  -01.34690000e-04
  07.08309000e+01   06.00743000e+01   04.50924000e+01  -08.35400000e-05
  07.47578000e+01   06.17874000e+01   04.12118000e+01   01.43700000e-03
  08.88120000e+01   06.47916000e+01   03.54737000e+01  -05.62820000e-04
  08.94327000e+01   06.42493000e+01   03.42098000e+01  -02.06960000e-04
  08.91505000e+01   06.50518000e+01   03.29456000e+01  -02.30470000e-04
  08.93431000e+01   06.39812000e+01   03.19904000e+01   01.43786000e-03
  08.77714000e+01   06.57337000e+01   03.29427000e+01   03.20417000e-03
  08.68445000e+01   06.58422000e+01   03.39498000e+01  -08.05080000e-04
  08.72981000e+01   06.52148000e+01   03.53416000e+01  -01.76788000e-03
  08.66710000e+01   06.59527000e+01   03.65010000e+01   07.22800000e-05
  08.54329000e+01   06.57120000e+01   03.70558000e+01   01.59105000e-02
  08.49621000e+01   06.60436000e+01   03.83427000e+01  -02.33693000e-02
  08.38259000e+01   06.53926000e+01   03.87211000e+01   05.37835000e-03
  08.30945000e+01   06.54912000e+01   03.99948000e+01   05.38182000e-03
  08.18933000e+01   06.48486000e+01   04.00945000e+01   05.79556000e-03
  08.09712000e+01   06.47590000e+01   04.12365000e+01  -06.99068000e-03
  07.98640000e+01   06.40507000e+01   04.11137000e+01   02.95799000e-03
  07.87560000e+01   06.38818000e+01   04.20415000e+01   08.80642000e-03
  08.96573000e+01   06.60726000e+01   03.58659000e+01  -03.71955000e-03
  08.91411000e+01   06.37513000e+01   03.66009000e+01  -01.20585000e-02
  08.54921000e+01   06.63963000e+01   03.38292000e+01   01.97011000e-03
  08.54428000e+01   06.71648000e+01   03.92158000e+01   08.37962000e-03
  08.12562000e+01   06.54776000e+01   04.25205000e+01  -01.14162000e-03
  08.22700000e+01   06.58286000e+01   04.27734000e+01   05.31110000e-04
  08.07368000e+01   06.64500000e+01   04.25111000e+01   06.44190000e-04
  08.09318000e+01   06.48749000e+01   04.32604000e+01  -01.18537000e-03
  08.59179000e+01   06.79713000e+01   03.86226000e+01  -09.86263000e-03
  08.46235000e+01   06.76171000e+01   03.98433000e+01   04.83486000e-03
  08.62366000e+01   06.68142000e+01   03.99158000e+01  -06.05704000e-03
  08.47757000e+01   06.57589000e+01   03.41832000e+01   01.25782000e-03
  08.55191000e+01   06.74259000e+01   03.42610000e+01  -04.29459000e-03
  08.54227000e+01   06.65317000e+01   03.27079000e+01   07.41250000e-04
  09.01933000e+01   06.36358000e+01   03.68049000e+01  -09.05833000e-03
  08.87228000e+01   06.39583000e+01   03.76337000e+01   05.11703000e-03
  08.88747000e+01   06.27276000e+01   03.64207000e+01   05.28601000e-03
  08.95826000e+01   06.68248000e+01   03.50427000e+01   06.61730000e-04
  08.94580000e+01   06.65450000e+01   03.68056000e+01  -01.43313000e-03
  09.07073000e+01   06.58923000e+01   03.59450000e+01   01.17160000e-04
  09.05439000e+01   06.40050000e+01   03.43005000e+01   07.94200000e-05
  08.89230000e+01   06.33006000e+01   03.41034000e+01  -07.78792000e-03
  07.54842000e+01   06.12365000e+01   04.08243000e+01   07.70140000e-04
  07.39885000e+01   06.10769000e+01   04.14288000e+01   07.99937000e-03
  07.43400000e+01   06.24184000e+01   04.04780000e+01  -03.55757000e-03
  07.11653000e+01   05.91631000e+01   04.54601000e+01  -07.15330000e-03
  06.97035000e+01   06.00312000e+01   04.52583000e+01   03.13430000e-03
  07.10911000e+01   06.01071000e+01   04.40267000e+01   01.47373000e-02
  06.78497000e+01   06.31345000e+01   04.73694000e+01  -01.94855000e-02
  06.77529000e+01   06.45752000e+01   04.83502000e+01   04.92255000e-03
  06.92248000e+01   06.41489000e+01   04.75540000e+01   04.33740000e-03
  07.03324000e+01   06.24845000e+01   05.17087000e+01   04.35178000e-03
  07.06012000e+01   06.07964000e+01   05.23866000e+01   02.18100000e-05
  07.16478000e+01   06.16293000e+01   05.12730000e+01  -05.02650000e-04
  07.11751000e+01   05.92799000e+01   04.94938000e+01  -01.43048000e-03
  07.02588000e+01   05.86615000e+01   05.08443000e+01   02.03840000e-04
  06.94194000e+01   05.90664000e+01   04.93153000e+01   08.62995000e-03
  06.77625000e+01   06.18002000e+01   05.32756000e+01  -01.63629000e-03
  07.14598000e+01   06.25105000e+01   04.75373000e+01  -02.76705000e-03
  06.94317000e+01   06.02980000e+01   04.75220000e+01   01.41710000e-03
  06.71410000e+01   06.37647000e+01   05.02641000e+01  -03.85980000e-04
  06.87842000e+01   06.39984000e+01   05.09613000e+01  -04.81110000e-04
  07.87661000e+01   06.44832000e+01   04.29491000e+01  -02.06250000e-04
  07.95785000e+01   06.36905000e+01   04.01453000e+01   01.11427000e-03
  08.15080000e+01   06.42939000e+01   03.92108000e+01  -01.53420000e-04
  08.35083000e+01   06.60323000e+01   04.08850000e+01  -01.90280000e-04
  08.32857000e+01   06.47235000e+01   03.81176000e+01  -03.63060000e-04
  06.65916000e+01   06.20631000e+01   05.09351000e+01   08.59900000e-05
  08.47457000e+01   06.51018000e+01   03.64499000e+01  -01.01020000e-04
  08.73054000e+01   06.65751000e+01   03.71337000e+01   02.50540000e-04
  08.67693000e+01   06.42657000e+01   03.54080000e+01  -01.19075000e-03
  08.75610000e+01   06.61865000e+01   03.19536000e+01   03.14160000e-04
  08.99699000e+01   06.57262000e+01   03.30019000e+01  -01.11070000e-04
  06.76728000e+01   06.03313000e+01   05.01674000e+01   03.13480000e-04
  06.83048000e+01   06.00831000e+01   05.17279000e+01   01.25001000e-03
  07.74418000e+01   06.27621000e+01   04.08679000e+01   04.27500000e-05
  07.64883000e+01   06.36467000e+01   04.35531000e+01  -04.51238000e-03
  07.45185000e+01   06.34914000e+01   04.43317000e+01   04.22636000e-03
  07.31214000e+01   06.10108000e+01   04.33896000e+01  -09.78060000e-04
  07.24726000e+01   06.30637000e+01   04.55269000e+01  -08.33290000e-04
  08.96177000e+01   06.43409000e+01   03.11385000e+01  -01.05330000e-03
