  06.67489000e+01   06.19446000e+01   04.98487000e+01  -02.53405000e-03
  06.55739000e+01   06.15861000e+01   05.06668000e+01   07.80610000e-04
  06.47125000e+01   06.27365000e+01   05.11988000e+01   06.83950000e-04
  06.51113000e+01   06.32206000e+01   05.25660000e+01   05.31930000e-04
  06.48067000e+01   06.39619000e+01   05.01929000e+01  -01.13880000e-03
  06.53127000e+01   06.37032000e+01   04.87814000e+01   05.01179000e-03
  06.63234000e+01   06.28002000e+01   04.86160000e+01  -01.30529000e-03
  06.66516000e+01   06.23252000e+01   04.72689000e+01  -01.54921000e-03
  06.78571000e+01   06.24211000e+01   04.66866000e+01  -09.64920000e-04
  06.82827000e+01   06.17668000e+01   04.54892000e+01  -02.95630000e-04
  06.93314000e+01   06.24057000e+01   04.48457000e+01  -02.57020000e-04
  07.01009000e+01   06.21902000e+01   04.35804000e+01   02.20720000e-04
  07.12017000e+01   06.29393000e+01   04.32556000e+01   02.85990000e-04
  07.20983000e+01   06.28125000e+01   04.20745000e+01   03.16900000e-05
  07.32066000e+01   06.36534000e+01   04.19710000e+01  -01.12020000e-04
  07.42167000e+01   06.36588000e+01   04.09910000e+01   03.40000000e-06
  06.73579000e+01   06.05636000e+01   04.94373000e+01   03.83030000e-04
  06.77970000e+01   06.25919000e+01   05.07245000e+01   01.30100000e-05
  06.46287000e+01   06.45268000e+01   04.77583000e+01  -01.34690000e-04
  06.76322000e+01   06.04898000e+01   04.49051000e+01  -08.35400000e-05
  07.15446000e+01   06.22017000e+01   04.08591000e+01   01.43700000e-03
  08.58361000e+01   06.48973000e+01   03.55972000e+01  -05.62820000e-04
  08.62161000e+01   06.39641000e+01   03.43718000e+01  -02.06960000e-04
  08.64254000e+01   06.46846000e+01   03.30227000e+01  -02.30470000e-04
  08.64841000e+01   06.36798000e+01   03.19732000e+01   01.43786000e-03
  08.53229000e+01   06.56250000e+01   03.27331000e+01   03.20417000e-03
  08.44446000e+01   06.60427000e+01   03.36076000e+01  -08.05080000e-04
  08.43970000e+01   06.55137000e+01   03.51249000e+01  -01.76788000e-03
  08.36622000e+01   06.63401000e+01   03.62166000e+01   07.22800000e-05
  08.25001000e+01   06.59651000e+01   03.67713000e+01   01.59105000e-02
  08.18063000e+01   06.64339000e+01   03.79094000e+01  -02.33693000e-02
  08.05159000e+01   06.60272000e+01   03.80688000e+01   05.37835000e-03
  07.96576000e+01   06.61758000e+01   03.92616000e+01   05.38182000e-03
  07.85817000e+01   06.53156000e+01   03.93121000e+01   05.79556000e-03
  07.76038000e+01   06.52453000e+01   04.03933000e+01  -06.99068000e-03
  07.64858000e+01   06.44195000e+01   04.02784000e+01   02.95799000e-03
  07.53975000e+01   06.42818000e+01   04.12118000e+01   08.80642000e-03
  08.70442000e+01   06.58201000e+01   03.58988000e+01  -03.71955000e-03
  08.57177000e+01   06.40550000e+01   03.68433000e+01  -01.20585000e-02
  08.32468000e+01   06.68382000e+01   03.31022000e+01   01.97011000e-03
  08.25095000e+01   06.72256000e+01   03.89631000e+01   08.37962000e-03
  07.79201000e+01   06.61337000e+01   04.15763000e+01  -01.14162000e-03
  07.77551000e+01   06.72000000e+01   04.13100000e+01   05.31110000e-04
  07.73144000e+01   06.60204000e+01   04.23981000e+01   06.44190000e-04
  07.89193000e+01   06.60724000e+01   04.19203000e+01  -01.18537000e-03
  08.24961000e+01   06.67220000e+01   03.99161000e+01  -09.86263000e-03
  08.35278000e+01   06.74389000e+01   03.86986000e+01   04.83486000e-03
  08.20368000e+01   06.81850000e+01   03.91244000e+01  -06.05704000e-03
  08.35030000e+01   06.76372000e+01   03.24249000e+01   01.25782000e-03
  08.24790000e+01   06.63024000e+01   03.25306000e+01  -04.29459000e-03
  08.27022000e+01   06.72512000e+01   03.39560000e+01   07.41250000e-04
  08.54184000e+01   06.46770000e+01   03.76658000e+01  -09.05833000e-03
  08.49645000e+01   06.32981000e+01   03.67325000e+01   05.11703000e-03
  08.67082000e+01   06.35200000e+01   03.70753000e+01   05.28601000e-03
  08.70553000e+01   06.63995000e+01   03.50284000e+01   06.61730000e-04
  08.68207000e+01   06.64775000e+01   03.67523000e+01  -01.43313000e-03
  08.79622000e+01   06.53311000e+01   03.61789000e+01   01.17160000e-04
  08.70984000e+01   06.34417000e+01   03.45821000e+01   07.94200000e-05
  08.54361000e+01   06.31900000e+01   03.41217000e+01  -07.78792000e-03
  07.18589000e+01   06.11340000e+01   04.08303000e+01   07.70140000e-04
  07.05045000e+01   06.21639000e+01   04.07119000e+01   07.99937000e-03
  07.19128000e+01   06.26447000e+01   03.99698000e+01  -03.55757000e-03
  06.72330000e+01   05.98998000e+01   04.57423000e+01  -07.15330000e-03
  06.68428000e+01   06.07419000e+01   04.41375000e+01   03.13430000e-03
  06.84255000e+01   05.99956000e+01   04.43090000e+01   01.47373000e-02
  06.35460000e+01   06.48141000e+01   04.80608000e+01  -01.94855000e-02
  06.51688000e+01   06.54269000e+01   04.76115000e+01   04.92255000e-03
  06.45070000e+01   06.38866000e+01   04.68966000e+01   04.33740000e-03
  06.80979000e+01   06.21512000e+01   05.16700000e+01   04.35178000e-03
  06.87638000e+01   06.28055000e+01   05.01629000e+01   02.18100000e-05
  06.74783000e+01   06.36425000e+01   05.09960000e+01  -05.02650000e-04
  06.73098000e+01   05.98719000e+01   05.02950000e+01  -01.43048000e-03
  06.68338000e+01   06.00448000e+01   04.86287000e+01   02.03840000e-04
  06.83450000e+01   06.07584000e+01   04.90752000e+01   08.62995000e-03
  06.48967000e+01   06.26091000e+01   05.32693000e+01  -01.63629000e-03
  06.85620000e+01   06.30643000e+01   04.71248000e+01  -02.76705000e-03
  06.58694000e+01   06.16307000e+01   04.68866000e+01   01.41710000e-03
  06.39363000e+01   06.45944000e+01   05.01273000e+01  -03.85980000e-04
  06.54385000e+01   06.46933000e+01   05.05925000e+01  -04.81110000e-04
  07.54157000e+01   06.48587000e+01   04.21519000e+01  -02.06250000e-04
  07.62605000e+01   06.40504000e+01   03.92614000e+01   01.11427000e-03
  07.84059000e+01   06.45675000e+01   03.85186000e+01  -01.53420000e-04
  07.98839000e+01   06.69395000e+01   03.99655000e+01  -01.90280000e-04
  08.01393000e+01   06.54650000e+01   03.72606000e+01  -03.63060000e-04
  06.37331000e+01   06.23253000e+01   05.12436000e+01   08.59900000e-05
  08.20411000e+01   06.50564000e+01   03.62370000e+01  -01.01020000e-04
  08.41512000e+01   06.72349000e+01   03.65206000e+01   02.50540000e-04
  08.38505000e+01   06.46130000e+01   03.49131000e+01  -01.19075000e-03
  08.51118000e+01   06.60273000e+01   03.16953000e+01   03.14160000e-04
  08.73968000e+01   06.52709000e+01   03.30047000e+01  -01.11070000e-04
  06.49397000e+01   06.10551000e+01   04.99823000e+01   03.13480000e-04
  06.58598000e+01   06.09815000e+01   05.15060000e+01   01.25001000e-03
  07.41986000e+01   06.31785000e+01   04.00298000e+01   04.27500000e-05
  07.33537000e+01   06.42742000e+01   04.28230000e+01  -04.51238000e-03
  07.15100000e+01   06.37051000e+01   04.39616000e+01   04.22636000e-03
  06.98562000e+01   06.13579000e+01   04.30024000e+01  -09.78060000e-04
  06.98312000e+01   06.32296000e+01   04.53889000e+01  -08.33290000e-04
  08.69152000e+01   06.39047000e+01   03.11277000e+01  -01.05330000e-03
