  06.78938000e+01   06.03148000e+01   04.85300000e+01  -02.53405000e-03
  06.67421000e+01   06.02512000e+01   04.95552000e+01   07.80610000e-04
  06.61015000e+01   06.15839000e+01   05.00028000e+01   06.83950000e-04
  06.63964000e+01   06.19729000e+01   05.13467000e+01   05.31930000e-04
  06.65038000e+01   06.27390000e+01   04.90955000e+01  -01.13880000e-03
  06.69732000e+01   06.24322000e+01   04.77094000e+01   05.01179000e-03
  06.75920000e+01   06.12651000e+01   04.74149000e+01  -01.30529000e-03
  06.77283000e+01   06.07162000e+01   04.60570000e+01  -01.54921000e-03
  06.87371000e+01   06.11664000e+01   04.53021000e+01  -09.64920000e-04
  06.92271000e+01   06.09558000e+01   04.39063000e+01  -02.95630000e-04
  07.03596000e+01   06.16365000e+01   04.35532000e+01  -02.57020000e-04
  07.11647000e+01   06.16520000e+01   04.23284000e+01   02.20720000e-04
  07.23755000e+01   06.23580000e+01   04.22691000e+01   02.85990000e-04
  07.33096000e+01   06.25132000e+01   04.11269000e+01   03.16900000e-05
  07.45352000e+01   06.31556000e+01   04.13092000e+01  -01.12020000e-04
  07.55400000e+01   06.31413000e+01   04.03234000e+01   03.40000000e-06
  06.81632000e+01   05.88864000e+01   04.80705000e+01   03.83030000e-04
  06.91563000e+01   06.08173000e+01   04.92461000e+01   01.30100000e-05
  06.63392000e+01   06.34453000e+01   04.67435000e+01  -01.34690000e-04
  06.84996000e+01   06.00644000e+01   04.29159000e+01  -08.35400000e-05
  07.27118000e+01   06.20961000e+01   03.98162000e+01   01.43700000e-03
  08.70139000e+01   06.40431000e+01   03.45121000e+01  -05.62820000e-04
  08.77051000e+01   06.32800000e+01   03.34053000e+01  -02.06960000e-04
  08.78921000e+01   06.39925000e+01   03.21184000e+01  -02.30470000e-04
  08.81980000e+01   06.30249000e+01   03.11317000e+01   01.43786000e-03
  08.67953000e+01   06.50390000e+01   03.19229000e+01   03.20417000e-03
  08.57655000e+01   06.52269000e+01   03.27076000e+01  -08.05080000e-04
  08.55593000e+01   06.44738000e+01   03.40294000e+01  -01.76788000e-03
  08.48435000e+01   06.53154000e+01   03.50265000e+01   07.22800000e-05
  08.37658000e+01   06.49275000e+01   03.57453000e+01   01.59105000e-02
  08.30689000e+01   06.54345000e+01   03.68854000e+01  -02.33693000e-02
  08.19162000e+01   06.47533000e+01   03.71168000e+01   05.37835000e-03
  08.11352000e+01   06.50134000e+01   03.83006000e+01   05.38182000e-03
  07.99066000e+01   06.44519000e+01   03.84305000e+01   05.79556000e-03
  07.90312000e+01   06.45104000e+01   03.95767000e+01  -06.99068000e-03
  07.78078000e+01   06.38473000e+01   03.95202000e+01   02.95799000e-03
  07.68961000e+01   06.35197000e+01   04.05266000e+01   08.80642000e-03
  08.80161000e+01   06.51826000e+01   03.49425000e+01  -03.71955000e-03
  08.71252000e+01   06.32383000e+01   03.58900000e+01  -01.20585000e-02
  08.45966000e+01   06.62068000e+01   03.21868000e+01   01.97011000e-03
  08.36574000e+01   06.64967000e+01   03.77618000e+01   08.37962000e-03
  07.93760000e+01   06.52821000e+01   04.08516000e+01  -01.14162000e-03
  07.84485000e+01   06.55921000e+01   04.13353000e+01   05.31110000e-04
  07.99450000e+01   06.47446000e+01   04.15807000e+01   06.44190000e-04
  07.99581000e+01   06.61867000e+01   04.07379000e+01  -01.18537000e-03
  08.45408000e+01   06.61250000e+01   03.82272000e+01  -09.86263000e-03
  08.40297000e+01   06.73658000e+01   03.71209000e+01   04.83486000e-03
  08.30595000e+01   06.69579000e+01   03.85382000e+01  -06.05704000e-03
  08.47817000e+01   06.67478000e+01   03.11869000e+01   01.25782000e-03
  08.36591000e+01   06.56255000e+01   03.20272000e+01  -04.29459000e-03
  08.43522000e+01   06.69484000e+01   03.29537000e+01   07.41250000e-04
  08.68183000e+01   06.21611000e+01   03.57961000e+01  -09.05833000e-03
  08.81098000e+01   06.30707000e+01   03.62808000e+01   05.11703000e-03
  08.64223000e+01   06.35670000e+01   03.67297000e+01   05.28601000e-03
  08.89428000e+01   06.47099000e+01   03.50793000e+01   06.61730000e-04
  08.80432000e+01   06.59670000e+01   03.42029000e+01  -01.43313000e-03
  08.77576000e+01   06.56960000e+01   03.58635000e+01   01.17160000e-04
  08.87024000e+01   06.29245000e+01   03.35728000e+01   07.94200000e-05
  08.72305000e+01   06.22996000e+01   03.32808000e+01  -07.78792000e-03
  07.16154000e+01   06.20191000e+01   03.98201000e+01   07.70140000e-04
  07.28077000e+01   06.29212000e+01   03.91328000e+01   07.99937000e-03
  07.31617000e+01   06.11743000e+01   03.94343000e+01  -03.55757000e-03
  06.78563000e+01   06.07725000e+01   04.22944000e+01  -07.15330000e-03
  06.92528000e+01   05.95608000e+01   04.23587000e+01   03.13430000e-03
  06.78593000e+01   05.93276000e+01   04.33503000e+01   01.47373000e-02
  06.64218000e+01   06.44196000e+01   04.72172000e+01  -01.94855000e-02
  06.67730000e+01   06.33391000e+01   04.57569000e+01   04.92255000e-03
  06.52731000e+01   06.32045000e+01   04.67157000e+01   04.33740000e-03
  06.94831000e+01   05.99144000e+01   04.98575000e+01   04.35178000e-03
  07.00062000e+01   06.09559000e+01   04.85396000e+01   02.18100000e-05
  06.90434000e+01   06.16485000e+01   04.99564000e+01  -05.02650000e-04
  06.82727000e+01   05.82857000e+01   04.89251000e+01  -01.43048000e-03
  06.73835000e+01   05.85590000e+01   04.74074000e+01   02.03840000e-04
  06.91708000e+01   05.88606000e+01   04.76634000e+01   08.62995000e-03
  06.60389000e+01   06.13206000e+01   05.19295000e+01  -01.63629000e-03
  06.93375000e+01   06.18672000e+01   04.59103000e+01  -02.76705000e-03
  06.70761000e+01   05.99011000e+01   04.57366000e+01   01.41710000e-03
  06.55833000e+01   06.33487000e+01   04.89596000e+01  -03.85980000e-04
  06.72104000e+01   06.34137000e+01   04.96124000e+01  -04.81110000e-04
  07.70998000e+01   06.39370000e+01   04.15434000e+01  -02.06250000e-04
  07.75159000e+01   06.34382000e+01   03.85498000e+01   01.11427000e-03
  07.95569000e+01   06.38582000e+01   03.75650000e+01  -01.53420000e-04
  08.14402000e+01   06.55027000e+01   03.91521000e+01  -01.90280000e-04
  08.15744000e+01   06.39718000e+01   03.65421000e+01  -03.63060000e-04
  06.49953000e+01   06.13274000e+01   04.98252000e+01   08.59900000e-05
  08.33074000e+01   06.40650000e+01   03.53196000e+01  -01.01020000e-04
  08.54634000e+01   06.60721000e+01   03.55216000e+01   02.50540000e-04
  08.51176000e+01   06.34796000e+01   03.38305000e+01  -01.19075000e-03
  08.68136000e+01   06.57186000e+01   03.10639000e+01   03.14160000e-04
  08.88231000e+01   06.45571000e+01   03.23823000e+01  -01.11070000e-04
  06.59782000e+01   05.96278000e+01   04.91272000e+01   03.13480000e-04
  06.68799000e+01   05.96388000e+01   05.04552000e+01   01.25001000e-03
  07.53455000e+01   06.28049000e+01   03.93202000e+01   04.27500000e-05
  07.47643000e+01   06.35345000e+01   04.23987000e+01  -04.51238000e-03
  07.26061000e+01   06.28931000e+01   04.32013000e+01   04.22636000e-03
  07.08775000e+01   06.10446000e+01   04.15299000e+01  -09.78060000e-04
  07.08175000e+01   06.21619000e+01   04.43641000e+01  -08.33290000e-04
  08.80042000e+01   06.33243000e+01   03.02471000e+01  -01.05330000e-03
