  07.01964000e+01   06.24217000e+01   04.99897000e+01  -02.53405000e-03
  06.88965000e+01   06.20367000e+01   05.07698000e+01   07.80610000e-04
  06.79919000e+01   06.31942000e+01   05.11425000e+01   06.83950000e-04
  06.81947000e+01   06.36009000e+01   05.25663000e+01   05.31930000e-04
  06.81029000e+01   06.44102000e+01   05.02360000e+01  -01.13880000e-03
  06.87556000e+01   06.41792000e+01   04.88519000e+01   05.01179000e-03
  06.97694000e+01   06.32588000e+01   04.87441000e+01  -01.30529000e-03
  07.02092000e+01   06.27810000e+01   04.74469000e+01  -01.54921000e-03
  07.13314000e+01   06.32012000e+01   04.68274000e+01  -09.64920000e-04
  07.17571000e+01   06.26361000e+01   04.55310000e+01  -02.95630000e-04
  07.27420000e+01   06.33953000e+01   04.49416000e+01  -02.57020000e-04
  07.33325000e+01   06.31882000e+01   04.36594000e+01   02.20720000e-04
  07.46076000e+01   06.36736000e+01   04.33986000e+01   02.85990000e-04
  07.54741000e+01   06.35503000e+01   04.22730000e+01   03.16900000e-05
  07.66325000e+01   06.41962000e+01   04.22703000e+01  -01.12020000e-04
  07.75472000e+01   06.42397000e+01   04.12260000e+01   03.40000000e-06
  07.10623000e+01   06.11173000e+01   04.98174000e+01   03.83030000e-04
  07.09802000e+01   06.32413000e+01   05.10750000e+01   01.30100000e-05
  06.81582000e+01   06.49261000e+01   04.77217000e+01  -01.34690000e-04
  07.09967000e+01   06.15375000e+01   04.49012000e+01  -08.35400000e-05
  07.50868000e+01   06.26515000e+01   04.10649000e+01   01.43700000e-03
  08.86049000e+01   06.50657000e+01   03.46185000e+01  -05.62820000e-04
  08.93974000e+01   06.43742000e+01   03.34843000e+01  -02.06960000e-04
  08.97434000e+01   06.52342000e+01   03.22504000e+01  -02.30470000e-04
  09.04149000e+01   06.44663000e+01   03.12046000e+01   01.43786000e-03
  08.85492000e+01   06.61925000e+01   03.19361000e+01   03.20417000e-03
  08.74594000e+01   06.63780000e+01   03.27055000e+01  -08.05080000e-04
  08.72497000e+01   06.56570000e+01   03.40332000e+01  -01.76788000e-03
  08.63254000e+01   06.64232000e+01   03.50313000e+01   07.22800000e-05
  08.52218000e+01   06.58867000e+01   03.56405000e+01   01.59105000e-02
  08.46156000e+01   06.63353000e+01   03.69130000e+01  -02.33693000e-02
  08.35204000e+01   06.56431000e+01   03.73880000e+01   05.37835000e-03
  08.27287000e+01   06.57413000e+01   03.85934000e+01   05.38182000e-03
  08.15871000e+01   06.52563000e+01   03.89342000e+01   05.79556000e-03
  08.07727000e+01   06.55455000e+01   04.00657000e+01  -06.99068000e-03
  07.96404000e+01   06.48532000e+01   04.01834000e+01   02.95799000e-03
  07.87436000e+01   06.48668000e+01   04.12687000e+01   08.80642000e-03
  08.95808000e+01   06.61829000e+01   03.51906000e+01  -03.71955000e-03
  08.85284000e+01   06.40639000e+01   03.57005000e+01  -01.20585000e-02
  08.63224000e+01   06.72187000e+01   03.21513000e+01   01.97011000e-03
  08.52366000e+01   06.75845000e+01   03.76023000e+01   08.37962000e-03
  08.13123000e+01   06.63862000e+01   04.11374000e+01  -01.14162000e-03
  08.05384000e+01   06.66313000e+01   04.19143000e+01   05.31110000e-04
  08.22129000e+01   06.59706000e+01   04.16065000e+01   06.44190000e-04
  08.15162000e+01   06.72870000e+01   04.06172000e+01  -01.18537000e-03
  08.50145000e+01   06.85012000e+01   03.70106000e+01  -09.86263000e-03
  08.49226000e+01   06.77246000e+01   03.86181000e+01   04.83486000e-03
  08.62914000e+01   06.74054000e+01   03.76501000e+01  -06.05704000e-03
  08.65594000e+01   06.75255000e+01   03.11194000e+01   01.25782000e-03
  08.54646000e+01   06.65818000e+01   03.21601000e+01  -04.29459000e-03
  08.60881000e+01   06.81521000e+01   03.27132000e+01   07.41250000e-04
  08.79571000e+01   06.31121000e+01   03.54645000e+01  -09.05833000e-03
  08.95267000e+01   06.37702000e+01   03.60274000e+01   05.11703000e-03
  08.80844000e+01   06.45789000e+01   03.65405000e+01   05.28601000e-03
  09.05357000e+01   06.57773000e+01   03.53818000e+01   06.61730000e-04
  08.97009000e+01   06.70289000e+01   03.44652000e+01  -01.43313000e-03
  08.90804000e+01   06.66866000e+01   03.60408000e+01   01.17160000e-04
  09.03399000e+01   06.39349000e+01   03.37447000e+01   07.94200000e-05
  08.88427000e+01   06.35349000e+01   03.30561000e+01  -07.78792000e-03
  07.59351000e+01   06.20985000e+01   04.07039000e+01   07.70140000e-04
  07.42556000e+01   06.19618000e+01   04.12285000e+01   07.99937000e-03
  07.47676000e+01   06.32047000e+01   04.01963000e+01  -03.55757000e-03
  07.15045000e+01   06.12266000e+01   04.40094000e+01  -07.15330000e-03
  07.09843000e+01   06.06275000e+01   04.54931000e+01   03.13430000e-03
  06.99851000e+01   06.18792000e+01   04.46635000e+01   01.47373000e-02
  06.89021000e+01   06.55736000e+01   04.72705000e+01  -01.94855000e-02
  06.75823000e+01   06.43807000e+01   04.69822000e+01   04.92255000e-03
  06.75210000e+01   06.57128000e+01   04.81808000e+01   04.33740000e-03
  07.07478000e+01   06.42581000e+01   05.11937000e+01   04.35178000e-03
  07.09679000e+01   06.28640000e+01   05.20590000e+01   02.18100000e-05
  07.20790000e+01   06.32982000e+01   05.08299000e+01  -05.02650000e-04
  07.18166000e+01   06.11210000e+01   04.89893000e+01  -01.43048000e-03
  07.17330000e+01   06.10679000e+01   05.06305000e+01   02.03840000e-04
  07.04488000e+01   06.01880000e+01   04.97949000e+01   08.62995000e-03
  06.79273000e+01   06.29113000e+01   05.31673000e+01  -01.63629000e-03
  07.20389000e+01   06.38392000e+01   04.73561000e+01  -02.76705000e-03
  06.94273000e+01   06.22880000e+01   04.68797000e+01   01.41710000e-03
  06.71835000e+01   06.49256000e+01   05.02225000e+01  -03.85980000e-04
  06.86132000e+01   06.51381000e+01   05.08056000e+01  -04.81110000e-04
  07.89995000e+01   06.54688000e+01   04.21493000e+01  -02.06250000e-04
  07.94089000e+01   06.40590000e+01   03.94296000e+01   01.11427000e-03
  08.11047000e+01   06.45087000e+01   03.83002000e+01  -01.53420000e-04
  08.31205000e+01   06.64202000e+01   03.92688000e+01  -01.90280000e-04
  08.30371000e+01   06.49097000e+01   03.66794000e+01  -03.63060000e-04
  06.70202000e+01   06.27816000e+01   05.10956000e+01   08.59900000e-05
  08.47810000e+01   06.49866000e+01   03.52495000e+01  -01.01020000e-04
  08.67498000e+01   06.73496000e+01   03.54391000e+01   02.50540000e-04
  08.66664000e+01   06.47674000e+01   03.37198000e+01  -01.19075000e-03
  08.86529000e+01   06.66005000e+01   03.09570000e+01   03.14160000e-04
  09.05211000e+01   06.58216000e+01   03.25855000e+01  -01.11070000e-04
  06.83009000e+01   06.14548000e+01   05.00703000e+01   03.13480000e-04
  06.90928000e+01   06.13528000e+01   05.15507000e+01   01.25001000e-03
  07.73464000e+01   06.36796000e+01   04.03503000e+01   04.27500000e-05
  07.69654000e+01   06.47763000e+01   04.32085000e+01  -04.51238000e-03
  07.50693000e+01   06.43157000e+01   04.41153000e+01   04.22636000e-03
  07.28592000e+01   06.25674000e+01   04.28930000e+01  -09.78060000e-04
  07.31389000e+01   06.42385000e+01   04.54528000e+01  -08.33290000e-04
  08.98303000e+01   06.39335000e+01   03.06439000e+01  -01.05330000e-03
