  06.71856000e+01   06.11653000e+01   04.91208000e+01  -02.53405000e-03
  06.74705000e+01   06.23894000e+01   04.99941000e+01   07.80610000e-04
  06.62809000e+01   06.32611000e+01   05.03528000e+01   06.83950000e-04
  06.67866000e+01   06.45131000e+01   05.08273000e+01   05.31930000e-04
  06.53706000e+01   06.34716000e+01   04.91852000e+01  -01.13880000e-03
  06.58745000e+01   06.29260000e+01   04.78481000e+01   05.01179000e-03
  06.66837000e+01   06.18131000e+01   04.77862000e+01  -01.30529000e-03
  06.75164000e+01   06.13815000e+01   04.65781000e+01  -01.54921000e-03
  06.83793000e+01   06.20173000e+01   04.57845000e+01  -09.64920000e-04
  06.89807000e+01   06.14837000e+01   04.44686000e+01  -02.95630000e-04
  06.99557000e+01   06.23657000e+01   04.38924000e+01  -02.57020000e-04
  07.06480000e+01   06.21013000e+01   04.26002000e+01   02.20720000e-04
  07.17230000e+01   06.29188000e+01   04.22553000e+01   02.85990000e-04
  07.25751000e+01   06.29137000e+01   04.10793000e+01   03.16900000e-05
  07.37456000e+01   06.36145000e+01   04.11361000e+01  -01.12020000e-04
  07.48975000e+01   06.36051000e+01   04.02579000e+01   03.40000000e-06
  06.60425000e+01   06.03328000e+01   04.97331000e+01   03.83030000e-04
  06.84922000e+01   06.02871000e+01   04.90341000e+01   01.30100000e-05
  06.56171000e+01   06.38060000e+01   04.66334000e+01  -01.34690000e-04
  06.84357000e+01   06.02260000e+01   04.38429000e+01  -08.35400000e-05
  07.21270000e+01   06.22770000e+01   03.98180000e+01   01.43700000e-03
  08.58803000e+01   06.50842000e+01   03.41895000e+01  -05.62820000e-04
  08.66786000e+01   06.44087000e+01   03.30033000e+01  -02.06960000e-04
  08.69000000e+01   06.53082000e+01   03.17543000e+01  -02.30470000e-04
  08.76176000e+01   06.45006000e+01   03.08244000e+01   01.43786000e-03
  08.56106000e+01   06.60790000e+01   03.13513000e+01   03.20417000e-03
  08.45671000e+01   06.62822000e+01   03.21703000e+01  -08.05080000e-04
  08.45515000e+01   06.56203000e+01   03.35754000e+01  -01.76788000e-03
  08.37607000e+01   06.64526000e+01   03.45340000e+01   07.22800000e-05
  08.26012000e+01   06.60000000e+01   03.49397000e+01   01.59105000e-02
  08.18656000e+01   06.63643000e+01   03.61848000e+01  -02.33693000e-02
  08.07079000e+01   06.56882000e+01   03.65051000e+01   05.37835000e-03
  08.00014000e+01   06.56042000e+01   03.76717000e+01   05.38182000e-03
  07.88300000e+01   06.49727000e+01   03.80088000e+01   05.79556000e-03
  07.81493000e+01   06.50060000e+01   03.92770000e+01  -06.99068000e-03
  07.70539000e+01   06.42193000e+01   03.94008000e+01   02.95799000e-03
  07.61224000e+01   06.41623000e+01   04.03999000e+01   08.80642000e-03
  08.67237000e+01   06.62885000e+01   03.46659000e+01  -03.71955000e-03
  08.56317000e+01   06.41066000e+01   03.54105000e+01  -01.20585000e-02
  08.33812000e+01   06.70673000e+01   03.17001000e+01   01.97011000e-03
  08.26148000e+01   06.74468000e+01   03.70175000e+01   08.37962000e-03
  07.87397000e+01   06.59558000e+01   04.03281000e+01  -01.14162000e-03
  07.90669000e+01   06.69335000e+01   04.00366000e+01   05.31110000e-04
  07.81430000e+01   06.62514000e+01   04.11340000e+01   06.44190000e-04
  07.95403000e+01   06.55088000e+01   04.07945000e+01  -01.18537000e-03
  08.36229000e+01   06.71394000e+01   03.72751000e+01  -09.86263000e-03
  08.25905000e+01   06.83339000e+01   03.64380000e+01   04.83486000e-03
  08.20278000e+01   06.75912000e+01   03.79252000e+01  -06.05704000e-03
  08.35557000e+01   06.79356000e+01   03.10310000e+01   01.25782000e-03
  08.28356000e+01   06.63630000e+01   03.10453000e+01  -04.29459000e-03
  08.26117000e+01   06.73058000e+01   03.24636000e+01   07.41250000e-04
  08.51978000e+01   06.31842000e+01   03.50357000e+01  -09.05833000e-03
  08.66386000e+01   06.37348000e+01   03.57458000e+01   05.11703000e-03
  08.49420000e+01   06.44563000e+01   03.61841000e+01   05.28601000e-03
  08.77599000e+01   06.59082000e+01   03.47975000e+01   06.61730000e-04
  08.66879000e+01   06.71121000e+01   03.39610000e+01  -01.43313000e-03
  08.64249000e+01   06.67981000e+01   03.56109000e+01   01.17160000e-04
  08.77144000e+01   06.41092000e+01   03.32728000e+01   07.94200000e-05
  08.62239000e+01   06.34849000e+01   03.27368000e+01  -07.78792000e-03
  07.16687000e+01   06.12786000e+01   03.99906000e+01   07.70140000e-04
  07.15294000e+01   06.28526000e+01   03.91524000e+01   07.99937000e-03
  07.29800000e+01   06.19473000e+01   03.92231000e+01  -03.55757000e-03
  06.86882000e+01   05.93405000e+01   04.44890000e+01  -07.15330000e-03
  06.73928000e+01   06.01785000e+01   04.36401000e+01   03.13430000e-03
  06.89450000e+01   06.00469000e+01   04.29624000e+01   01.47373000e-02
  06.46030000e+01   06.39904000e+01   04.64575000e+01  -01.94855000e-02
  06.60790000e+01   06.47549000e+01   04.67767000e+01   04.92255000e-03
  06.61093000e+01   06.33793000e+01   04.57409000e+01   04.33740000e-03
  06.92834000e+01   06.08454000e+01   04.85151000e+01   04.35178000e-03
  06.88651000e+01   06.00244000e+01   05.00111000e+01   02.18100000e-05
  06.81697000e+01   05.94045000e+01   04.84271000e+01  -05.02650000e-04
  06.61610000e+01   06.02134000e+01   05.08414000e+01  -01.43048000e-03
  06.51086000e+01   06.07602000e+01   04.94617000e+01   02.03840000e-04
  06.59086000e+01   05.93373000e+01   04.92976000e+01   08.62995000e-03
  06.61178000e+01   06.49708000e+01   05.13122000e+01  -01.63629000e-03
  06.86482000e+01   06.30005000e+01   04.61951000e+01  -02.76705000e-03
  06.71417000e+01   06.04267000e+01   04.61838000e+01   01.41710000e-03
  06.43812000e+01   06.29068000e+01   04.93009000e+01  -03.85980000e-04
  06.49708000e+01   06.44761000e+01   04.92239000e+01  -04.81110000e-04
  07.62725000e+01   06.47578000e+01   04.12810000e+01  -02.06250000e-04
  07.68344000e+01   06.35919000e+01   03.85398000e+01   01.11427000e-03
  07.83634000e+01   06.45079000e+01   03.72004000e+01  -01.53420000e-04
  08.05065000e+01   06.61358000e+01   03.84727000e+01  -01.90280000e-04
  08.03659000e+01   06.48858000e+01   03.58188000e+01  -03.63060000e-04
  06.58501000e+01   06.25459000e+01   05.12250000e+01   08.59900000e-05
  08.22755000e+01   06.50993000e+01   03.44158000e+01  -01.01020000e-04
  08.42568000e+01   06.72357000e+01   03.50874000e+01   02.50540000e-04
  08.40406000e+01   06.46037000e+01   03.34159000e+01  -01.19075000e-03
  08.57817000e+01   06.64635000e+01   03.03562000e+01   03.14160000e-04
  08.76020000e+01   06.60623000e+01   03.21590000e+01  -01.11070000e-04
  06.79683000e+01   06.22001000e+01   05.09047000e+01   03.13480000e-04
  06.81495000e+01   06.30652000e+01   04.94092000e+01   01.25001000e-03
  07.48652000e+01   06.30104000e+01   03.93737000e+01   04.27500000e-05
  07.39174000e+01   06.41530000e+01   04.20700000e+01  -04.51238000e-03
  07.20541000e+01   06.35368000e+01   04.31312000e+01   04.22636000e-03
  07.05473000e+01   06.13574000e+01   04.18597000e+01  -09.78060000e-04
  07.01511000e+01   06.33274000e+01   04.42917000e+01  -08.33290000e-04
  08.70772000e+01   06.43958000e+01   03.00249000e+01  -01.05330000e-03
