  06.85962000e+01   06.16475000e+01   04.89151000e+01  -02.53405000e-03
  06.71824000e+01   06.16592000e+01   04.94649000e+01   07.80610000e-04
  06.64969000e+01   06.29380000e+01   04.97471000e+01   06.83950000e-04
  06.64240000e+01   06.32696000e+01   05.11429000e+01   05.31930000e-04
  06.69891000e+01   06.41349000e+01   04.88840000e+01  -01.13880000e-03
  06.77902000e+01   06.37226000e+01   04.76618000e+01   05.01179000e-03
  06.85689000e+01   06.25775000e+01   04.76466000e+01  -01.30529000e-03
  06.89794000e+01   06.19123000e+01   04.64435000e+01  -01.54921000e-03
  07.00184000e+01   06.23555000e+01   04.57028000e+01  -09.64920000e-04
  07.08177000e+01   06.18200000e+01   04.45215000e+01  -02.95630000e-04
  07.18165000e+01   06.25840000e+01   04.40350000e+01  -02.57020000e-04
  07.25534000e+01   06.24627000e+01   04.28810000e+01   02.20720000e-04
  07.36535000e+01   06.32588000e+01   04.26454000e+01   02.85990000e-04
  07.45884000e+01   06.32348000e+01   04.15506000e+01   03.16900000e-05
  07.55945000e+01   06.41644000e+01   04.16247000e+01  -01.12020000e-04
  07.68056000e+01   06.42223000e+01   04.07900000e+01   03.40000000e-06
  06.90054000e+01   06.02355000e+01   04.87180000e+01   03.83030000e-04
  06.94955000e+01   06.21156000e+01   05.00949000e+01   01.30100000e-05
  06.74218000e+01   06.45878000e+01   04.64358000e+01  -01.34690000e-04
  07.01647000e+01   06.07107000e+01   04.37346000e+01  -08.35400000e-05
  07.42265000e+01   06.26061000e+01   04.01529000e+01   01.43700000e-03
  08.88638000e+01   06.59920000e+01   03.53047000e+01  -05.62820000e-04
  08.95365000e+01   06.54030000e+01   03.41068000e+01  -02.06960000e-04
  08.95000000e+01   06.62757000e+01   03.28277000e+01  -02.30470000e-04
  09.01474000e+01   06.56171000e+01   03.17532000e+01   01.43786000e-03
  08.81853000e+01   06.69750000e+01   03.25987000e+01   03.20417000e-03
  08.72308000e+01   06.71002000e+01   03.35398000e+01  -08.05080000e-04
  08.73067000e+01   06.62898000e+01   03.49108000e+01  -01.76788000e-03
  08.64548000e+01   06.68826000e+01   03.59907000e+01   07.22800000e-05
  08.53193000e+01   06.63197000e+01   03.64469000e+01   01.59105000e-02
  08.45740000e+01   06.66971000e+01   03.76866000e+01  -02.33693000e-02
  08.34228000e+01   06.60775000e+01   03.79993000e+01   05.37835000e-03
  08.24516000e+01   06.61897000e+01   03.91231000e+01   05.38182000e-03
  08.12629000e+01   06.55374000e+01   03.93407000e+01   05.79556000e-03
  08.02614000e+01   06.58163000e+01   04.02878000e+01  -06.99068000e-03
  07.90196000e+01   06.51189000e+01   04.02106000e+01   02.95799000e-03
  07.78892000e+01   06.50216000e+01   04.10969000e+01   08.80642000e-03
  08.96075000e+01   06.72801000e+01   03.56569000e+01  -03.71955000e-03
  08.89261000e+01   06.49141000e+01   03.64822000e+01  -01.20585000e-02
  08.61082000e+01   06.80229000e+01   03.31760000e+01   01.97011000e-03
  08.50555000e+01   06.77442000e+01   03.86190000e+01   08.37962000e-03
  08.06324000e+01   06.64602000e+01   04.16075000e+01  -01.14162000e-03
  08.15385000e+01   06.60593000e+01   04.20552000e+01   05.31110000e-04
  08.08955000e+01   06.74466000e+01   04.13931000e+01   06.44190000e-04
  07.98085000e+01   06.64048000e+01   04.23140000e+01  -01.18537000e-03
  08.61364000e+01   06.78939000e+01   03.84512000e+01  -09.86263000e-03
  08.45521000e+01   06.87415000e+01   03.85984000e+01   04.83486000e-03
  08.50889000e+01   06.73635000e+01   03.96109000e+01  -06.05704000e-03
  08.57443000e+01   06.84740000e+01   03.40736000e+01   01.25782000e-03
  08.65166000e+01   06.88386000e+01   03.24904000e+01  -04.29459000e-03
  08.53651000e+01   06.74500000e+01   03.26417000e+01   07.41250000e-04
  08.99588000e+01   06.46200000e+01   03.67201000e+01  -09.05833000e-03
  08.84243000e+01   06.53134000e+01   03.73849000e+01   05.11703000e-03
  08.82708000e+01   06.40348000e+01   03.62205000e+01   05.28601000e-03
  08.92920000e+01   06.80170000e+01   03.48911000e+01   06.61730000e-04
  08.93183000e+01   06.76945000e+01   03.65902000e+01  -01.43313000e-03
  09.06725000e+01   06.73041000e+01   03.55709000e+01   01.17160000e-04
  09.05253000e+01   06.51838000e+01   03.43992000e+01   07.94200000e-05
  08.91657000e+01   06.43672000e+01   03.38612000e+01  -07.78792000e-03
  07.46119000e+01   06.32751000e+01   03.94038000e+01   07.70140000e-04
  07.46316000e+01   06.15984000e+01   04.00379000e+01   07.99937000e-03
  07.31017000e+01   06.25168000e+01   04.01043000e+01  -03.55757000e-03
  07.07774000e+01   06.01343000e+01   04.30238000e+01  -07.15330000e-03
  06.98574000e+01   06.00300000e+01   04.45019000e+01   03.13430000e-03
  06.92430000e+01   06.09421000e+01   04.32272000e+01   01.47373000e-02
  06.76254000e+01   06.39682000e+01   04.55753000e+01  -01.94855000e-02
  06.64223000e+01   06.50587000e+01   04.65123000e+01   04.92255000e-03
  06.81405000e+01   06.53725000e+01   04.63207000e+01   04.33740000e-03
  06.93554000e+01   06.15787000e+01   05.10927000e+01   04.35178000e-03
  07.05514000e+01   06.20157000e+01   04.98124000e+01   02.18100000e-05
  06.92923000e+01   06.31733000e+01   05.02971000e+01  -05.02650000e-04
  07.00325000e+01   06.01303000e+01   04.85300000e+01  -01.43048000e-03
  06.88037000e+01   05.95902000e+01   04.96030000e+01   02.03840000e-04
  06.85267000e+01   05.98331000e+01   04.78647000e+01   08.62995000e-03
  06.58984000e+01   06.26393000e+01   05.16178000e+01  -01.63629000e-03
  07.05273000e+01   06.32086000e+01   04.61749000e+01  -02.76705000e-03
  06.85892000e+01   06.09655000e+01   04.61436000e+01   01.41710000e-03
  06.61339000e+01   06.48359000e+01   04.86309000e+01  -03.85980000e-04
  06.76003000e+01   06.46766000e+01   04.95686000e+01  -04.81110000e-04
  07.78355000e+01   06.56342000e+01   04.20001000e+01  -02.06250000e-04
  07.89460000e+01   06.43733000e+01   03.94350000e+01   01.11427000e-03
  08.09951000e+01   06.48424000e+01   03.85578000e+01  -01.53420000e-04
  08.26430000e+01   06.69320000e+01   03.99087000e+01  -01.90280000e-04
  08.31799000e+01   06.54093000e+01   03.71900000e+01  -03.63060000e-04
  06.54676000e+01   06.26394000e+01   04.94735000e+01   08.59900000e-05
  08.48883000e+01   06.56889000e+01   03.57063000e+01  -01.01020000e-04
  08.69422000e+01   06.76714000e+01   03.65206000e+01   02.50540000e-04
  08.68871000e+01   06.53049000e+01   03.46980000e+01  -01.19075000e-03
  08.80645000e+01   06.75824000e+01   03.16256000e+01   03.14160000e-04
  09.01578000e+01   06.71213000e+01   03.30029000e+01  -01.11070000e-04
  06.65511000e+01   06.11831000e+01   04.86617000e+01   03.13480000e-04
  06.71024000e+01   06.09567000e+01   05.02927000e+01   01.25001000e-03
  07.69578000e+01   06.36706000e+01   03.98935000e+01   04.27500000e-05
  07.55414000e+01   06.48322000e+01   04.24999000e+01  -04.51238000e-03
  07.38202000e+01   06.39915000e+01   04.34044000e+01   04.22636000e-03
  07.22817000e+01   06.17632000e+01   04.21628000e+01  -09.78060000e-04
  07.21201000e+01   06.34278000e+01   04.46228000e+01  -08.33290000e-04
  08.95751000e+01   06.50033000e+01   03.13308000e+01  -01.05330000e-03
