  06.75877000e+01   06.27658000e+01   05.14019000e+01  -02.53405000e-03
  06.74718000e+01   06.41691000e+01   05.20451000e+01   07.80610000e-04
  06.60242000e+01   06.47178000e+01   05.20851000e+01   06.83950000e-04
  06.61459000e+01   06.61184000e+01   05.25468000e+01   05.31930000e-04
  06.56430000e+01   06.48349000e+01   05.06026000e+01  -01.13880000e-03
  06.62291000e+01   06.37550000e+01   04.96028000e+01   05.01179000e-03
  06.71550000e+01   06.28893000e+01   04.98904000e+01  -01.30529000e-03
  06.78718000e+01   06.20498000e+01   04.88867000e+01  -01.54921000e-03
  06.85729000e+01   06.25702000e+01   04.78499000e+01  -09.64920000e-04
  06.91035000e+01   06.19294000e+01   04.65428000e+01  -02.95630000e-04
  06.99487000e+01   06.27011000e+01   04.57793000e+01  -02.57020000e-04
  07.05545000e+01   06.24051000e+01   04.44253000e+01   02.20720000e-04
  07.16943000e+01   06.30414000e+01   04.40383000e+01   02.85990000e-04
  07.25302000e+01   06.27426000e+01   04.28334000e+01   03.16900000e-05
  07.36187000e+01   06.35396000e+01   04.26287000e+01  -01.12020000e-04
  07.47116000e+01   06.34056000e+01   04.16993000e+01   03.40000000e-06
  06.65365000e+01   06.17569000e+01   05.20453000e+01   03.83030000e-04
  06.90009000e+01   06.21374000e+01   05.15499000e+01   01.30100000e-05
  06.58754000e+01   06.43510000e+01   04.81988000e+01  -01.34690000e-04
  06.85619000e+01   06.05631000e+01   04.61580000e+01  -08.35400000e-05
  07.18082000e+01   06.20054000e+01   04.17612000e+01   01.43700000e-03
  08.63525000e+01   06.45344000e+01   03.55339000e+01  -05.62820000e-04
  08.71762000e+01   06.41066000e+01   03.42712000e+01  -02.06960000e-04
  08.71899000e+01   06.50708000e+01   03.31660000e+01  -02.30470000e-04
  08.78696000e+01   06.45051000e+01   03.20314000e+01   01.43786000e-03
  08.58502000e+01   06.58098000e+01   03.29743000e+01   03.20417000e-03
  08.48783000e+01   06.58557000e+01   03.38286000e+01  -08.05080000e-04
  08.48581000e+01   06.50072000e+01   03.51375000e+01  -01.76788000e-03
  08.40566000e+01   06.56770000e+01   03.62394000e+01   07.22800000e-05
  08.28753000e+01   06.53733000e+01   03.67235000e+01   01.59105000e-02
  08.22472000e+01   06.56951000e+01   03.79882000e+01  -02.33693000e-02
  08.09756000e+01   06.51971000e+01   03.83138000e+01   05.37835000e-03
  08.02957000e+01   06.53482000e+01   03.95932000e+01   05.38182000e-03
  07.90810000e+01   06.47933000e+01   03.97976000e+01   05.79556000e-03
  07.81547000e+01   06.48865000e+01   04.08743000e+01  -06.99068000e-03
  07.70026000e+01   06.41562000e+01   04.09828000e+01   02.95799000e-03
  07.58180000e+01   06.42325000e+01   04.18629000e+01   08.80642000e-03
  08.72402000e+01   06.56145000e+01   03.62511000e+01  -03.71955000e-03
  08.65633000e+01   06.33315000e+01   03.64885000e+01  -01.20585000e-02
  08.35918000e+01   06.66693000e+01   03.35241000e+01   01.97011000e-03
  08.29133000e+01   06.67902000e+01   03.87235000e+01   08.37962000e-03
  07.87075000e+01   06.55984000e+01   04.20594000e+01  -01.14162000e-03
  07.90379000e+01   06.66266000e+01   04.18057000e+01   05.31110000e-04
  07.80127000e+01   06.57670000e+01   04.28949000e+01   06.44190000e-04
  07.95726000e+01   06.52124000e+01   04.25254000e+01  -01.18537000e-03
  08.20903000e+01   06.72714000e+01   03.93362000e+01  -09.86263000e-03
  08.36721000e+01   06.65258000e+01   03.95205000e+01   04.83486000e-03
  08.33371000e+01   06.76162000e+01   03.81143000e+01  -06.05704000e-03
  08.28696000e+01   06.59833000e+01   03.30278000e+01   01.25782000e-03
  08.31198000e+01   06.72443000e+01   03.43575000e+01  -04.29459000e-03
  08.37159000e+01   06.74729000e+01   03.27855000e+01   07.41250000e-04
  08.61904000e+01   06.34940000e+01   03.75248000e+01  -09.05833000e-03
  08.61858000e+01   06.23658000e+01   03.61259000e+01   05.11703000e-03
  08.76377000e+01   06.32467000e+01   03.65097000e+01   05.28601000e-03
  08.72632000e+01   06.65117000e+01   03.55400000e+01   06.61730000e-04
  08.69266000e+01   06.59009000e+01   03.72735000e+01  -01.43313000e-03
  08.82967000e+01   06.52390000e+01   03.63865000e+01   01.17160000e-04
  08.83005000e+01   06.39798000e+01   03.45213000e+01   07.94200000e-05
  08.67907000e+01   06.30923000e+01   03.40028000e+01  -07.78792000e-03
  07.08032000e+01   06.24060000e+01   04.16940000e+01   07.70140000e-04
  07.23408000e+01   06.21007000e+01   04.08059000e+01   07.99937000e-03
  07.17285000e+01   06.09448000e+01   04.20292000e+01  -03.55757000e-03
  06.91988000e+01   05.96874000e+01   04.62388000e+01  -07.15330000e-03
  06.78042000e+01   06.03034000e+01   04.68976000e+01   03.13430000e-03
  06.81623000e+01   06.05033000e+01   04.50857000e+01   01.47373000e-02
  06.65993000e+01   06.50773000e+01   04.78259000e+01  -01.94855000e-02
  06.60284000e+01   06.35204000e+01   04.74841000e+01   04.92255000e-03
  06.47841000e+01   06.46009000e+01   04.80608000e+01   04.33740000e-03
  06.90032000e+01   06.10738000e+01   05.12640000e+01   04.35178000e-03
  06.97085000e+01   06.26305000e+01   05.08465000e+01   02.18100000e-05
  06.94545000e+01   06.21266000e+01   05.25482000e+01  -05.02650000e-04
  06.67538000e+01   06.08046000e+01   05.15937000e+01  -01.43048000e-03
  06.65635000e+01   06.15516000e+01   05.30861000e+01   02.03840000e-04
  06.54989000e+01   06.20290000e+01   05.18571000e+01   08.62995000e-03
  06.52934000e+01   06.64327000e+01   05.29381000e+01  -01.63629000e-03
  06.88078000e+01   06.36791000e+01   04.78181000e+01  -02.76705000e-03
  06.76669000e+01   06.09900000e+01   04.89663000e+01   01.41710000e-03
  06.46587000e+01   06.50046000e+01   05.02883000e+01  -03.85980000e-04
  06.59961000e+01   06.58250000e+01   05.01764000e+01  -04.81110000e-04
  07.58387000e+01   06.49906000e+01   04.26107000e+01  -02.06250000e-04
  07.68296000e+01   06.35480000e+01   04.00650000e+01   01.11427000e-03
  07.88304000e+01   06.40465000e+01   03.90024000e+01  -01.53420000e-04
  08.07403000e+01   06.59698000e+01   04.02993000e+01  -01.90280000e-04
  08.04143000e+01   06.45845000e+01   03.76483000e+01  -03.63060000e-04
  06.51981000e+01   06.41574000e+01   05.25677000e+01   08.59900000e-05
  08.21565000e+01   06.48658000e+01   03.60187000e+01  -01.01020000e-04
  08.47201000e+01   06.62599000e+01   03.68760000e+01   02.50540000e-04
  08.43673000e+01   06.40808000e+01   03.48257000e+01  -01.19075000e-03
  08.56808000e+01   06.65225000e+01   03.21827000e+01   03.14160000e-04
  08.78590000e+01   06.58562000e+01   03.35000000e+01  -01.11070000e-04
  06.79506000e+01   06.41048000e+01   05.30747000e+01   03.13480000e-04
  06.80335000e+01   06.49397000e+01   05.14797000e+01   01.25001000e-03
  07.46629000e+01   06.26259000e+01   04.08930000e+01   04.27500000e-05
  07.39141000e+01   06.43089000e+01   04.33608000e+01  -04.51238000e-03
  07.21341000e+01   06.38067000e+01   04.46531000e+01   04.22636000e-03
  07.01238000e+01   06.16167000e+01   04.38657000e+01  -09.78060000e-04
  07.03660000e+01   06.35619000e+01   04.63272000e+01  -08.33290000e-04
  08.72590000e+01   06.42765000e+01   03.13160000e+01  -01.05330000e-03
