  07.00975000e+01   06.06825000e+01   04.94852000e+01  -02.53405000e-03
  06.88436000e+01   06.02664000e+01   05.03771000e+01   07.80610000e-04
  06.79591000e+01   06.12379000e+01   05.10016000e+01   06.83950000e-04
  06.80617000e+01   06.12484000e+01   05.24089000e+01   05.31930000e-04
  06.80519000e+01   06.26486000e+01   05.03751000e+01  -01.13880000e-03
  06.86508000e+01   06.27081000e+01   04.89744000e+01   05.01179000e-03
  06.96030000e+01   06.18382000e+01   04.85687000e+01  -01.30529000e-03
  06.98761000e+01   06.15202000e+01   04.71295000e+01  -01.54921000e-03
  07.10394000e+01   06.17067000e+01   04.65041000e+01  -09.64920000e-04
  07.13310000e+01   06.12960000e+01   04.51407000e+01  -02.95630000e-04
  07.23843000e+01   06.19099000e+01   04.44931000e+01  -02.57020000e-04
  07.30330000e+01   06.17074000e+01   04.31942000e+01   02.20720000e-04
  07.41969000e+01   06.24410000e+01   04.29288000e+01   02.85990000e-04
  07.51287000e+01   06.25070000e+01   04.18022000e+01   03.16900000e-05
  07.62375000e+01   06.32486000e+01   04.18883000e+01  -01.12020000e-04
  07.72863000e+01   06.34556000e+01   04.09846000e+01   03.40000000e-06
  07.05632000e+01   05.93068000e+01   04.88889000e+01   03.83030000e-04
  07.11206000e+01   06.11764000e+01   05.05369000e+01   01.30100000e-05
  06.78888000e+01   06.36078000e+01   04.81420000e+01  -01.34690000e-04
  07.04930000e+01   06.01912000e+01   04.45086000e+01  -08.35400000e-05
  07.48849000e+01   06.16349000e+01   04.06029000e+01   01.43700000e-03
  08.87612000e+01   06.43725000e+01   03.48261000e+01  -05.62820000e-04
  08.93274000e+01   06.38090000e+01   03.35474000e+01  -02.06960000e-04
  08.94226000e+01   06.47183000e+01   03.23572000e+01  -02.30470000e-04
  08.98139000e+01   06.38358000e+01   03.13133000e+01   01.43786000e-03
  08.81195000e+01   06.53556000e+01   03.21699000e+01   03.20417000e-03
  08.71615000e+01   06.54735000e+01   03.30737000e+01  -08.05080000e-04
  08.72497000e+01   06.48653000e+01   03.45213000e+01  -01.76788000e-03
  08.65831000e+01   06.56633000e+01   03.56839000e+01   07.22800000e-05
  08.55765000e+01   06.52086000e+01   03.64295000e+01   01.59105000e-02
  08.50736000e+01   06.56889000e+01   03.76785000e+01  -02.33693000e-02
  08.38386000e+01   06.51236000e+01   03.80889000e+01   05.37835000e-03
  08.30414000e+01   06.52932000e+01   03.92611000e+01   05.38182000e-03
  08.18125000e+01   06.46628000e+01   03.93674000e+01   05.79556000e-03
  08.09065000e+01   06.46829000e+01   04.04936000e+01  -06.99068000e-03
  07.96053000e+01   06.41827000e+01   04.03909000e+01   02.95799000e-03
  07.84899000e+01   06.41018000e+01   04.13386000e+01   08.80642000e-03
  08.96494000e+01   06.55916000e+01   03.52910000e+01  -03.71955000e-03
  08.88768000e+01   06.33858000e+01   03.59198000e+01  -01.20585000e-02
  08.59638000e+01   06.63393000e+01   03.29135000e+01   01.97011000e-03
  08.57005000e+01   06.67127000e+01   03.85102000e+01   08.37962000e-03
  08.13113000e+01   06.55599000e+01   04.16249000e+01  -01.14162000e-03
  08.23162000e+01   06.54544000e+01   04.19911000e+01   05.31110000e-04
  08.12724000e+01   06.65426000e+01   04.12194000e+01   06.44190000e-04
  08.07151000e+01   06.54518000e+01   04.24963000e+01  -01.18537000e-03
  08.58601000e+01   06.63476000e+01   03.95517000e+01  -09.86263000e-03
  08.67217000e+01   06.67798000e+01   03.81968000e+01   04.83486000e-03
  08.52105000e+01   06.76740000e+01   03.83841000e+01  -06.05704000e-03
  08.55868000e+01   06.63054000e+01   03.18850000e+01   01.25782000e-03
  08.51208000e+01   06.60967000e+01   03.36395000e+01  -04.29459000e-03
  08.62395000e+01   06.73846000e+01   03.28891000e+01   07.41250000e-04
  08.99491000e+01   06.31895000e+01   03.61757000e+01  -09.05833000e-03
  08.83501000e+01   06.37413000e+01   03.67772000e+01   05.11703000e-03
  08.83951000e+01   06.24174000e+01   03.55744000e+01   05.28601000e-03
  08.94950000e+01   06.64849000e+01   03.46093000e+01   06.61730000e-04
  08.94795000e+01   06.59766000e+01   03.62641000e+01  -01.43313000e-03
  09.06862000e+01   06.54061000e+01   03.52832000e+01   01.17160000e-04
  09.03749000e+01   06.35376000e+01   03.37920000e+01   07.94200000e-05
  08.87527000e+01   06.29342000e+01   03.32930000e+01  -07.78792000e-03
  07.45886000e+01   06.06183000e+01   04.08572000e+01   07.70140000e-04
  07.41263000e+01   06.20625000e+01   03.99074000e+01   07.99937000e-03
  07.57811000e+01   06.14199000e+01   03.99988000e+01  -03.55757000e-03
  07.00011000e+01   06.03828000e+01   04.35414000e+01  -07.15330000e-03
  07.11920000e+01   05.93830000e+01   04.41740000e+01   03.13430000e-03
  06.97036000e+01   05.98887000e+01   04.51370000e+01   01.47373000e-02
  06.84042000e+01   06.40851000e+01   04.73231000e+01  -01.94855000e-02
  06.69655000e+01   06.30341000e+01   04.79344000e+01   04.92255000e-03
  06.77319000e+01   06.45371000e+01   04.87050000e+01   04.33740000e-03
  07.05328000e+01   06.17575000e+01   05.11930000e+01   04.35178000e-03
  07.14501000e+01   06.02755000e+01   05.11098000e+01   02.18100000e-05
  07.20665000e+01   06.16376000e+01   05.02341000e+01  -05.02650000e-04
  07.13827000e+01   05.95797000e+01   04.81800000e+01  -01.43048000e-03
  07.08033000e+01   05.85215000e+01   04.96397000e+01   02.03840000e-04
  06.97386000e+01   05.87669000e+01   04.83915000e+01   08.62995000e-03
  06.72541000e+01   06.15972000e+01   05.28114000e+01  -01.63629000e-03
  07.17955000e+01   06.20848000e+01   04.71365000e+01  -02.76705000e-03
  06.89726000e+01   06.13160000e+01   04.65579000e+01   01.41710000e-03
  06.70757000e+01   06.31364000e+01   05.04510000e+01  -03.85980000e-04
  06.86748000e+01   06.32121000e+01   05.11182000e+01  -04.81110000e-04
  07.86025000e+01   06.43559000e+01   04.24031000e+01  -02.06250000e-04
  07.92376000e+01   06.37029000e+01   03.94866000e+01   01.11427000e-03
  08.14596000e+01   06.39959000e+01   03.85849000e+01  -01.53420000e-04
  08.33805000e+01   06.60025000e+01   03.99679000e+01  -01.90280000e-04
  08.34856000e+01   06.42973000e+01   03.74073000e+01  -03.63060000e-04
  06.69116000e+01   06.08170000e+01   05.07376000e+01   08.59900000e-05
  08.50797000e+01   06.42679000e+01   03.60945000e+01  -01.01020000e-04
  08.70973000e+01   06.65821000e+01   03.59601000e+01   02.50540000e-04
  08.67019000e+01   06.40087000e+01   03.43260000e+01  -01.19075000e-03
  08.80564000e+01   06.58817000e+01   03.12102000e+01   03.14160000e-04
  09.02446000e+01   06.54355000e+01   03.24646000e+01  -01.11070000e-04
  06.80981000e+01   05.97664000e+01   04.97112000e+01   03.13480000e-04
  06.91628000e+01   05.96160000e+01   05.12209000e+01   01.25001000e-03
  07.71780000e+01   06.30749000e+01   03.99724000e+01   04.27500000e-05
  07.63941000e+01   06.35917000e+01   04.28924000e+01  -04.51238000e-03
  07.45126000e+01   06.31576000e+01   04.37415000e+01   04.22636000e-03
  07.26443000e+01   06.10466000e+01   04.23926000e+01  -09.78060000e-04
  07.30444000e+01   06.25704000e+01   04.50755000e+01  -08.33290000e-04
  09.00942000e+01   06.42547000e+01   03.05341000e+01  -01.05330000e-03
