  07.00360000e+01   06.20094000e+01   05.05506000e+01  -02.53405000e-03
  06.86464000e+01   06.17593000e+01   05.12249000e+01   07.80610000e-04
  06.77725000e+01   06.30374000e+01   05.14848000e+01   06.83950000e-04
  06.81845000e+01   06.36612000e+01   05.27242000e+01   05.31930000e-04
  06.80187000e+01   06.40462000e+01   05.03978000e+01  -01.13880000e-03
  06.88325000e+01   06.37954000e+01   04.91596000e+01   05.01179000e-03
  06.98268000e+01   06.28111000e+01   04.92291000e+01  -01.30529000e-03
  07.02670000e+01   06.22427000e+01   04.79450000e+01  -01.54921000e-03
  07.11284000e+01   06.28007000e+01   04.70670000e+01  -09.64920000e-04
  07.17202000e+01   06.22833000e+01   04.58155000e+01  -02.95630000e-04
  07.25824000e+01   06.32243000e+01   04.51947000e+01  -02.57020000e-04
  07.33701000e+01   06.31013000e+01   04.39366000e+01   02.20720000e-04
  07.45272000e+01   06.38348000e+01   04.37216000e+01   02.85990000e-04
  07.53915000e+01   06.36719000e+01   04.25658000e+01   03.16900000e-05
  07.65522000e+01   06.44540000e+01   04.25203000e+01  -01.12020000e-04
  07.77044000e+01   06.44422000e+01   04.16202000e+01   03.40000000e-06
  07.06968000e+01   06.06433000e+01   05.03967000e+01   03.83030000e-04
  07.10454000e+01   06.27307000e+01   05.14791000e+01   01.30100000e-05
  06.82409000e+01   06.42516000e+01   04.78811000e+01  -01.34690000e-04
  07.14246000e+01   06.08984000e+01   04.53014000e+01  -08.35400000e-05
  07.50768000e+01   06.26470000e+01   04.14625000e+01   01.43700000e-03
  08.88062000e+01   06.53902000e+01   03.49507000e+01  -05.62820000e-04
  08.93157000e+01   06.45933000e+01   03.38429000e+01  -02.06960000e-04
  08.93311000e+01   06.52368000e+01   03.24866000e+01  -02.30470000e-04
  08.96318000e+01   06.42293000e+01   03.15182000e+01   01.43786000e-03
  08.81805000e+01   06.61028000e+01   03.22780000e+01   03.20417000e-03
  08.72104000e+01   06.63366000e+01   03.31423000e+01  -08.05080000e-04
  08.73092000e+01   06.57214000e+01   03.45503000e+01  -01.76788000e-03
  08.66349000e+01   06.65431000e+01   03.56112000e+01   07.22800000e-05
  08.55630000e+01   06.61330000e+01   03.64198000e+01   01.59105000e-02
  08.49245000e+01   06.67955000e+01   03.76107000e+01  -02.33693000e-02
  08.39487000e+01   06.61197000e+01   03.82073000e+01   05.37835000e-03
  08.31868000e+01   06.63811000e+01   03.93662000e+01   05.38182000e-03
  08.20255000e+01   06.57731000e+01   03.97015000e+01   05.79556000e-03
  08.10943000e+01   06.59926000e+01   04.08045000e+01  -06.99068000e-03
  07.98668000e+01   06.53118000e+01   04.07523000e+01   02.95799000e-03
  07.88084000e+01   06.52685000e+01   04.17434000e+01   08.80642000e-03
  08.96072000e+01   06.67132000e+01   03.52632000e+01  -03.71955000e-03
  08.89203000e+01   06.44482000e+01   03.61487000e+01  -01.20585000e-02
  08.61162000e+01   06.72988000e+01   03.27825000e+01   01.97011000e-03
  08.51805000e+01   06.82121000e+01   03.79357000e+01   08.37962000e-03
  08.15498000e+01   06.68451000e+01   04.19446000e+01  -01.14162000e-03
  08.10420000e+01   06.67748000e+01   04.28716000e+01   05.31110000e-04
  08.25665000e+01   06.65725000e+01   04.21434000e+01   06.44190000e-04
  08.16482000e+01   06.78928000e+01   04.17576000e+01  -01.18537000e-03
  08.51776000e+01   06.88428000e+01   03.70525000e+01  -09.86263000e-03
  08.45079000e+01   06.85995000e+01   03.86462000e+01   04.83486000e-03
  08.61792000e+01   06.83773000e+01   03.83498000e+01  -06.05704000e-03
  08.56395000e+01   06.69920000e+01   03.18577000e+01   01.25782000e-03
  08.54479000e+01   06.74405000e+01   03.35946000e+01  -04.29459000e-03
  08.66001000e+01   06.83143000e+01   03.25105000e+01   07.41250000e-04
  08.99741000e+01   06.43378000e+01   03.64886000e+01  -09.05833000e-03
  08.84451000e+01   06.48635000e+01   03.70691000e+01   05.11703000e-03
  08.85074000e+01   06.34603000e+01   03.59565000e+01   05.28601000e-03
  08.92412000e+01   06.70947000e+01   03.62428000e+01   06.61730000e-04
  09.06977000e+01   06.66182000e+01   03.52899000e+01  -01.43313000e-03
  08.95221000e+01   06.74198000e+01   03.45466000e+01   01.17160000e-04
  09.02632000e+01   06.41177000e+01   03.40586000e+01   07.94200000e-05
  08.86143000e+01   06.37880000e+01   03.36342000e+01  -07.78792000e-03
  07.45627000e+01   06.16520000e+01   04.17524000e+01   07.70140000e-04
  07.43077000e+01   06.31799000e+01   04.07772000e+01   07.99937000e-03
  07.59095000e+01   06.23165000e+01   04.07980000e+01  -03.55757000e-03
  07.09256000e+01   06.08753000e+01   04.43456000e+01  -07.15330000e-03
  07.23642000e+01   06.04003000e+01   04.52243000e+01   03.13430000e-03
  07.08977000e+01   06.02579000e+01   04.59573000e+01   01.47373000e-02
  06.86433000e+01   06.52611000e+01   04.77752000e+01  -01.94855000e-02
  06.85098000e+01   06.37374000e+01   04.70282000e+01   04.92255000e-03
  06.71460000e+01   06.43628000e+01   04.79760000e+01   04.33740000e-03
  07.20192000e+01   06.28372000e+01   05.10854000e+01   04.35178000e-03
  07.06161000e+01   06.37295000e+01   05.16397000e+01   02.18100000e-05
  07.10070000e+01   06.23011000e+01   05.24877000e+01  -05.02650000e-04
  07.17762000e+01   06.07674000e+01   05.01970000e+01  -01.43048000e-03
  07.05163000e+01   06.01240000e+01   05.13533000e+01   02.03840000e-04
  07.02645000e+01   05.98967000e+01   04.96520000e+01   08.62995000e-03
  06.79403000e+01   06.31556000e+01   05.35054000e+01  -01.63629000e-03
  07.14013000e+01   06.37088000e+01   04.75047000e+01  -02.76705000e-03
  07.00677000e+01   06.11718000e+01   04.78718000e+01   01.41710000e-03
  06.70121000e+01   06.43025000e+01   05.00658000e+01  -03.85980000e-04
  06.82148000e+01   06.50135000e+01   05.08052000e+01  -04.81110000e-04
  07.88820000e+01   06.57949000e+01   04.27040000e+01  -02.06250000e-04
  07.96407000e+01   06.47215000e+01   03.98115000e+01   01.11427000e-03
  08.16349000e+01   06.49955000e+01   03.90420000e+01  -01.53420000e-04
  08.34913000e+01   06.71912000e+01   04.00324000e+01  -01.90280000e-04
  08.37772000e+01   06.51122000e+01   03.77568000e+01  -03.63060000e-04
  06.66512000e+01   06.27902000e+01   05.15323000e+01   08.59900000e-05
  08.52616000e+01   06.50749000e+01   03.63735000e+01  -01.01020000e-04
  08.69360000e+01   06.75603000e+01   03.57020000e+01   02.50540000e-04
  08.67864000e+01   06.47063000e+01   03.44814000e+01  -01.19075000e-03
  08.82227000e+01   06.66280000e+01   03.13385000e+01   03.14160000e-04
  09.00354000e+01   06.60191000e+01   03.26525000e+01  -01.11070000e-04
  06.81017000e+01   06.13149000e+01   05.04690000e+01   03.13480000e-04
  06.87404000e+01   06.11422000e+01   05.21174000e+01   01.25001000e-03
  07.76475000e+01   06.37914000e+01   04.07792000e+01   04.27500000e-05
  07.66480000e+01   06.51098000e+01   04.34141000e+01  -04.51238000e-03
  07.48725000e+01   06.46178000e+01   04.44018000e+01   04.22636000e-03
  07.30760000e+01   06.22472000e+01   04.33464000e+01  -09.78060000e-04
  07.27290000e+01   06.41614000e+01   04.57515000e+01  -08.33290000e-04
  08.99471000e+01   06.46612000e+01   03.06836000e+01  -01.05330000e-03
