  06.95154000e+01   06.12241000e+01   04.98009000e+01  -02.53405000e-03
  06.81315000e+01   06.08597000e+01   05.04321000e+01   07.80610000e-04
  06.72854000e+01   06.20825000e+01   05.08911000e+01   06.83950000e-04
  06.71579000e+01   06.20301000e+01   05.23467000e+01   05.31930000e-04
  06.77985000e+01   06.34456000e+01   05.02419000e+01  -01.13880000e-03
  06.84663000e+01   06.32797000e+01   04.89340000e+01   05.01179000e-03
  06.93746000e+01   06.23089000e+01   04.87311000e+01  -01.30529000e-03
  06.97749000e+01   06.18632000e+01   04.73486000e+01  -01.54921000e-03
  07.04379000e+01   06.26257000e+01   04.64259000e+01  -09.64920000e-04
  07.09677000e+01   06.21304000e+01   04.51661000e+01  -02.95630000e-04
  07.19341000e+01   06.29562000e+01   04.45496000e+01  -02.57020000e-04
  07.26328000e+01   06.27036000e+01   04.33445000e+01   02.20720000e-04
  07.36233000e+01   06.35472000e+01   04.30092000e+01   02.85990000e-04
  07.45672000e+01   06.34108000e+01   04.19119000e+01   03.16900000e-05
  07.56286000e+01   06.42632000e+01   04.20031000e+01  -01.12020000e-04
  07.67158000e+01   06.44767000e+01   04.11527000e+01   03.40000000e-06
  07.01520000e+01   05.98141000e+01   04.94188000e+01   03.83030000e-04
  07.02986000e+01   06.17724000e+01   05.10392000e+01   01.30100000e-05
  06.76461000e+01   06.38092000e+01   04.78154000e+01  -01.34690000e-04
  07.05805000e+01   06.07632000e+01   04.47516000e+01  -08.35400000e-05
  07.41543000e+01   06.27541000e+01   04.06106000e+01   01.43700000e-03
  08.80909000e+01   06.61336000e+01   03.51514000e+01  -05.62820000e-04
  08.87888000e+01   06.55480000e+01   03.39185000e+01  -02.06960000e-04
  08.89556000e+01   06.66137000e+01   03.28910000e+01  -02.30470000e-04
  08.98490000e+01   06.62177000e+01   03.18355000e+01   01.43786000e-03
  08.76430000e+01   06.73044000e+01   03.25248000e+01   03.20417000e-03
  08.66617000e+01   06.75110000e+01   03.33617000e+01  -08.05080000e-04
  08.66560000e+01   06.66609000e+01   03.47013000e+01  -01.76788000e-03
  08.58950000e+01   06.72346000e+01   03.58752000e+01   07.22800000e-05
  08.47077000e+01   06.67277000e+01   03.63464000e+01   01.59105000e-02
  08.40488000e+01   06.71676000e+01   03.75713000e+01  -02.33693000e-02
  08.30074000e+01   06.63662000e+01   03.79489000e+01   05.37835000e-03
  08.21913000e+01   06.65935000e+01   03.90907000e+01   05.38182000e-03
  08.10680000e+01   06.58762000e+01   03.93484000e+01   05.79556000e-03
  08.01760000e+01   06.59357000e+01   04.05028000e+01  -06.99068000e-03
  07.89217000e+01   06.52978000e+01   04.04829000e+01   02.95799000e-03
  07.78798000e+01   06.51833000e+01   04.14318000e+01   08.80642000e-03
  08.89240000e+01   06.72820000e+01   03.57393000e+01  -03.71955000e-03
  08.80445000e+01   06.49767000e+01   03.62460000e+01  -01.20585000e-02
  08.54536000e+01   06.83722000e+01   03.29762000e+01   01.97011000e-03
  08.45031000e+01   06.83936000e+01   03.83699000e+01   08.37962000e-03
  08.05493000e+01   06.69573000e+01   04.15305000e+01  -01.14162000e-03
  08.04656000e+01   06.79961000e+01   04.11221000e+01   05.31110000e-04
  07.98110000e+01   06.68354000e+01   04.23621000e+01   06.44190000e-04
  08.15310000e+01   06.68216000e+01   04.20397000e+01  -01.18537000e-03
  08.37590000e+01   06.87593000e+01   03.90921000e+01  -09.86263000e-03
  08.53895000e+01   06.82067000e+01   03.90344000e+01   04.83486000e-03
  08.47723000e+01   06.91982000e+01   03.77024000e+01  -06.05704000e-03
  08.49124000e+01   06.87084000e+01   03.39031000e+01   01.25782000e-03
  08.58314000e+01   06.93141000e+01   03.24691000e+01  -04.29459000e-03
  08.48362000e+01   06.78578000e+01   03.22214000e+01   07.41250000e-04
  08.75159000e+01   06.39936000e+01   03.59440000e+01  -09.05833000e-03
  08.89915000e+01   06.46578000e+01   03.64423000e+01   05.11703000e-03
  08.76885000e+01   06.52428000e+01   03.72706000e+01   05.28601000e-03
  08.99562000e+01   06.70394000e+01   03.57530000e+01   06.61730000e-04
  08.87774000e+01   06.81867000e+01   03.51269000e+01  -01.43313000e-03
  08.86279000e+01   06.74763000e+01   03.67903000e+01   01.17160000e-04
  08.97957000e+01   06.51612000e+01   03.41556000e+01   07.94200000e-05
  08.82613000e+01   06.47097000e+01   03.34537000e+01  -07.78792000e-03
  07.47698000e+01   06.19564000e+01   04.03064000e+01   07.70140000e-04
  07.31603000e+01   06.24157000e+01   04.06130000e+01   07.99937000e-03
  07.43010000e+01   06.34232000e+01   03.97241000e+01  -03.55757000e-03
  06.94689000e+01   06.05317000e+01   04.48951000e+01  -07.15330000e-03
  07.06164000e+01   06.06780000e+01   04.37018000e+01   03.13430000e-03
  07.11548000e+01   06.00334000e+01   04.52494000e+01   01.47373000e-02
  06.67803000e+01   06.32313000e+01   04.76220000e+01  -01.94855000e-02
  06.72530000e+01   06.47767000e+01   04.81592000e+01   04.92255000e-03
  06.83033000e+01   06.40365000e+01   04.69793000e+01   04.33740000e-03
  07.12227000e+01   06.19323000e+01   05.06397000e+01   04.35178000e-03
  06.99635000e+01   06.26436000e+01   05.15072000e+01   02.18100000e-05
  07.04152000e+01   06.09786000e+01   05.17935000e+01  -05.02650000e-04
  06.95241000e+01   05.93021000e+01   04.86527000e+01  -01.43048000e-03
  07.11620000e+01   05.98655000e+01   04.90228000e+01   02.03840000e-04
  07.02346000e+01   05.91651000e+01   05.02436000e+01   08.62995000e-03
  06.69308000e+01   06.28308000e+01   05.27654000e+01  -01.63629000e-03
  07.06917000e+01   06.36743000e+01   04.66128000e+01  -02.76705000e-03
  06.94930000e+01   06.07856000e+01   04.71420000e+01   01.41710000e-03
  06.69830000e+01   06.41025000e+01   05.02519000e+01  -03.85980000e-04
  06.85228000e+01   06.40667000e+01   05.08761000e+01  -04.81110000e-04
  07.79606000e+01   06.57571000e+01   04.24141000e+01  -02.06250000e-04
  07.86769000e+01   06.48027000e+01   03.95414000e+01   01.11427000e-03
  08.08504000e+01   06.51540000e+01   03.85683000e+01  -01.53420000e-04
  08.26211000e+01   06.72509000e+01   03.98477000e+01  -01.90280000e-04
  08.26900000e+01   06.56191000e+01   03.72503000e+01  -03.63060000e-04
  06.63413000e+01   06.18835000e+01   05.03794000e+01   08.59900000e-05
  08.42744000e+01   06.59218000e+01   03.57876000e+01  -01.01020000e-04
  08.64674000e+01   06.80671000e+01   03.63459000e+01   02.50540000e-04
  08.60387000e+01   06.58030000e+01   03.43634000e+01  -01.19075000e-03
  08.77160000e+01   06.76916000e+01   03.15411000e+01   03.14160000e-04
  08.96497000e+01   06.73268000e+01   03.32929000e+01  -01.11070000e-04
  06.75228000e+01   06.04034000e+01   04.96551000e+01   03.13480000e-04
  06.82452000e+01   06.00913000e+01   05.12334000e+01   01.25001000e-03
  07.66021000e+01   06.39919000e+01   04.01377000e+01   04.27500000e-05
  07.56992000e+01   06.50600000e+01   04.27558000e+01  -04.51238000e-03
  07.37899000e+01   06.44261000e+01   04.36405000e+01   04.22636000e-03
  07.24248000e+01   06.17423000e+01   04.28150000e+01  -09.78060000e-04
  07.20671000e+01   06.38937000e+01   04.51097000e+01  -08.33290000e-04
  08.93857000e+01   06.57798000e+01   03.10967000e+01  -01.05330000e-03
