  06.82199000e+01   06.14692000e+01   05.07930000e+01  -02.53405000e-03
  06.70043000e+01   06.12915000e+01   05.16456000e+01   07.80610000e-04
  06.60654000e+01   06.25351000e+01   05.18757000e+01   06.83950000e-04
  06.62219000e+01   06.30895000e+01   05.31601000e+01   05.31930000e-04
  06.61547000e+01   06.35900000e+01   05.07516000e+01  -01.13880000e-03
  06.69073000e+01   06.32204000e+01   04.94882000e+01   05.01179000e-03
  06.78482000e+01   06.22839000e+01   04.95280000e+01  -01.30529000e-03
  06.82649000e+01   06.17473000e+01   04.82214000e+01  -01.54921000e-03
  06.90161000e+01   06.23459000e+01   04.73154000e+01  -09.64920000e-04
  06.94576000e+01   06.19118000e+01   04.59986000e+01  -02.95630000e-04
  07.02973000e+01   06.28288000e+01   04.53169000e+01  -02.57020000e-04
  07.09787000e+01   06.27358000e+01   04.40968000e+01   02.20720000e-04
  07.21176000e+01   06.33679000e+01   04.38239000e+01   02.85990000e-04
  07.29022000e+01   06.32423000e+01   04.25974000e+01   03.16900000e-05
  07.39855000e+01   06.40418000e+01   04.25743000e+01  -01.12020000e-04
  07.51074000e+01   06.41113000e+01   04.16544000e+01   03.40000000e-06
  06.88004000e+01   06.00630000e+01   05.06851000e+01   03.83030000e-04
  06.92331000e+01   06.23516000e+01   05.15751000e+01   01.30100000e-05
  06.63646000e+01   06.39603000e+01   04.82288000e+01  -01.34690000e-04
  06.90040000e+01   06.05662000e+01   04.54944000e+01  -08.35400000e-05
  07.24223000e+01   06.23808000e+01   04.14370000e+01   01.43700000e-03
  08.65063000e+01   06.49878000e+01   03.56605000e+01  -05.62820000e-04
  08.69643000e+01   06.43112000e+01   03.43719000e+01  -02.06960000e-04
  08.67880000e+01   06.51928000e+01   03.31391000e+01  -02.30470000e-04
  08.72731000e+01   06.44270000e+01   03.20361000e+01   01.43786000e-03
  08.54275000e+01   06.57187000e+01   03.30442000e+01   03.20417000e-03
  08.45626000e+01   06.58461000e+01   03.41021000e+01  -08.05080000e-04
  08.49774000e+01   06.52928000e+01   03.55389000e+01  -01.76788000e-03
  08.44433000e+01   06.61396000e+01   03.66814000e+01   07.22800000e-05
  08.31677000e+01   06.58832000e+01   03.71105000e+01   01.59105000e-02
  08.24416000e+01   06.64940000e+01   03.81792000e+01  -02.33693000e-02
  08.14736000e+01   06.57311000e+01   03.87741000e+01   05.37835000e-03
  08.05920000e+01   06.59928000e+01   03.99316000e+01   05.38182000e-03
  07.94769000e+01   06.52024000e+01   04.02457000e+01   05.79556000e-03
  07.84221000e+01   06.56062000e+01   04.11534000e+01  -06.99068000e-03
  07.72459000e+01   06.48642000e+01   04.10772000e+01   02.95799000e-03
  07.62076000e+01   06.47951000e+01   04.20366000e+01   08.80642000e-03
  08.74566000e+01   06.61814000e+01   03.58688000e+01  -03.71955000e-03
  08.67536000e+01   06.40756000e+01   03.68624000e+01  -01.20585000e-02
  08.31758000e+01   06.64433000e+01   03.38593000e+01   01.97011000e-03
  08.29126000e+01   06.78750000e+01   03.85974000e+01   08.37962000e-03
  07.87523000e+01   06.66993000e+01   04.21783000e+01  -01.14162000e-03
  07.86745000e+01   06.75604000e+01   04.15050000e+01   05.31110000e-04
  07.79201000e+01   06.69480000e+01   04.29294000e+01   06.44190000e-04
  07.97124000e+01   06.67155000e+01   04.27258000e+01  -01.18537000e-03
  08.39702000e+01   06.78576000e+01   03.89193000e+01  -09.86263000e-03
  08.28512000e+01   06.85546000e+01   03.77514000e+01   04.83486000e-03
  08.22962000e+01   06.82906000e+01   03.94404000e+01  -06.05704000e-03
  08.24594000e+01   06.57870000e+01   03.43225000e+01   01.25782000e-03
  08.29684000e+01   06.74798000e+01   03.41799000e+01  -04.29459000e-03
  08.30795000e+01   06.65248000e+01   03.27990000e+01   07.41250000e-04
  08.77546000e+01   06.42354000e+01   03.73700000e+01  -09.05833000e-03
  08.60750000e+01   06.43381000e+01   03.77405000e+01   05.11703000e-03
  08.66378000e+01   06.30693000e+01   03.66250000e+01   05.28601000e-03
  08.84677000e+01   06.58542000e+01   03.58599000e+01   06.61730000e-04
  08.73546000e+01   06.69261000e+01   03.50420000e+01  -01.43313000e-03
  08.73784000e+01   06.66700000e+01   03.68698000e+01   01.17160000e-04
  08.80740000e+01   06.40209000e+01   03.44168000e+01   07.94200000e-05
  08.64085000e+01   06.33262000e+01   03.42543000e+01  -07.78792000e-03
  07.19922000e+01   06.13641000e+01   04.17142000e+01   07.70140000e-04
  07.15814000e+01   06.27804000e+01   04.09285000e+01   07.99937000e-03
  07.31735000e+01   06.22334000e+01   04.06788000e+01  -03.55757000e-03
  06.89459000e+01   06.06594000e+01   04.43740000e+01  -07.15330000e-03
  06.96398000e+01   05.97239000e+01   04.58714000e+01   03.13430000e-03
  06.80156000e+01   06.01987000e+01   04.57905000e+01   01.47373000e-02
  06.59236000e+01   06.32393000e+01   04.74645000e+01  -01.94855000e-02
  06.55856000e+01   06.46617000e+01   04.83469000e+01   04.92255000e-03
  06.71339000e+01   06.45788000e+01   04.77300000e+01   04.33740000e-03
  06.88198000e+01   06.32863000e+01   05.20323000e+01   04.35178000e-03
  06.95954000e+01   06.18782000e+01   05.25317000e+01   02.18100000e-05
  07.00289000e+01   06.27336000e+01   05.09198000e+01  -05.02650000e-04
  06.88730000e+01   05.95063000e+01   05.16272000e+01  -01.43048000e-03
  06.81689000e+01   05.95575000e+01   04.99499000e+01   02.03840000e-04
  06.97420000e+01   06.00246000e+01   05.02129000e+01   08.62995000e-03
  06.61304000e+01   06.24336000e+01   05.39062000e+01  -01.63629000e-03
  06.92848000e+01   06.33294000e+01   04.76792000e+01  -02.76705000e-03
  06.78593000e+01   06.07860000e+01   04.80118000e+01   01.41710000e-03
  06.51336000e+01   06.38749000e+01   05.05141000e+01  -03.85980000e-04
  06.66247000e+01   06.44899000e+01   05.12627000e+01  -04.81110000e-04
  07.62883000e+01   06.53204000e+01   04.29243000e+01  -02.06250000e-04
  07.71724000e+01   06.42651000e+01   04.01917000e+01   01.11427000e-03
  07.91517000e+01   06.43759000e+01   03.95809000e+01  -01.53420000e-04
  08.09575000e+01   06.68732000e+01   04.03670000e+01  -01.90280000e-04
  08.10843000e+01   06.47722000e+01   03.84256000e+01  -03.63060000e-04
  06.50763000e+01   06.21780000e+01   05.19545000e+01   08.59900000e-05
  08.25980000e+01   06.50688000e+01   03.65815000e+01  -01.01020000e-04
  08.51101000e+01   06.69586000e+01   03.70751000e+01   02.50540000e-04
  08.44436000e+01   06.43923000e+01   03.56050000e+01  -01.19075000e-03
  08.50209000e+01   06.59856000e+01   03.20420000e+01   03.14160000e-04
  08.75080000e+01   06.60309000e+01   03.32547000e+01  -01.11070000e-04
  06.63074000e+01   06.06492000e+01   05.11631000e+01   03.13480000e-04
  06.72812000e+01   06.07091000e+01   05.25619000e+01   01.25001000e-03
  07.51259000e+01   06.35633000e+01   04.06782000e+01   04.27500000e-05
  07.41284000e+01   06.47734000e+01   04.34228000e+01  -04.51238000e-03
  07.24732000e+01   06.39676000e+01   04.47196000e+01   04.22636000e-03
  07.06133000e+01   06.20161000e+01   04.33859000e+01  -09.78060000e-04
  07.05911000e+01   06.37305000e+01   04.59093000e+01  -08.33290000e-04
  08.71878000e+01   06.48356000e+01   03.11409000e+01  -01.05330000e-03
