  06.94480000e+01   06.25034000e+01   05.06799000e+01  -02.53405000e-03
  06.81186000e+01   06.22133000e+01   05.14341000e+01   07.80610000e-04
  06.72307000e+01   06.34655000e+01   05.17382000e+01   06.83950000e-04
  06.74258000e+01   06.38604000e+01   05.30348000e+01   05.31930000e-04
  06.73772000e+01   06.46693000e+01   05.07843000e+01  -01.13880000e-03
  06.82019000e+01   06.44453000e+01   04.95489000e+01   05.01179000e-03
  06.91470000e+01   06.34694000e+01   04.94805000e+01  -01.30529000e-03
  06.96236000e+01   06.29225000e+01   04.81797000e+01  -01.54921000e-03
  07.06188000e+01   06.34692000e+01   04.74956000e+01  -09.64920000e-04
  07.12426000e+01   06.30012000e+01   04.63169000e+01  -02.95630000e-04
  07.22380000e+01   06.37788000e+01   04.58268000e+01  -02.57020000e-04
  07.28866000e+01   06.36752000e+01   04.45490000e+01   02.20720000e-04
  07.40364000e+01   06.43820000e+01   04.42703000e+01   02.85990000e-04
  07.48191000e+01   06.42821000e+01   04.30320000e+01   03.16900000e-05
  07.59977000e+01   06.49699000e+01   04.29778000e+01  -01.12020000e-04
  07.71452000e+01   06.49057000e+01   04.20896000e+01   03.40000000e-06
  07.00741000e+01   06.10897000e+01   05.04130000e+01   03.83030000e-04
  07.02740000e+01   06.32453000e+01   05.17601000e+01   01.30100000e-05
  06.77740000e+01   06.52901000e+01   04.83697000e+01  -01.34690000e-04
  07.06301000e+01   06.17746000e+01   04.55334000e+01  -08.35400000e-05
  07.43984000e+01   06.32163000e+01   04.20199000e+01   01.43700000e-03
  08.80769000e+01   06.64921000e+01   03.55321000e+01  -05.62820000e-04
  08.85695000e+01   06.56751000e+01   03.43225000e+01  -02.06960000e-04
  08.85037000e+01   06.63731000e+01   03.29860000e+01  -02.30470000e-04
  08.86307000e+01   06.53960000e+01   03.19511000e+01   01.43786000e-03
  08.72266000e+01   06.71149000e+01   03.28945000e+01   03.20417000e-03
  08.63210000e+01   06.74443000e+01   03.38493000e+01  -08.05080000e-04
  08.66252000e+01   06.68872000e+01   03.52869000e+01  -01.76788000e-03
  08.59953000e+01   06.75879000e+01   03.64521000e+01   07.22800000e-05
  08.48901000e+01   06.70179000e+01   03.70330000e+01   01.59105000e-02
  08.43572000e+01   06.74880000e+01   03.82481000e+01  -02.33693000e-02
  08.32627000e+01   06.69230000e+01   03.87247000e+01   05.37835000e-03
  08.24875000e+01   06.71129000e+01   03.99279000e+01   05.38182000e-03
  08.13657000e+01   06.64326000e+01   04.03116000e+01   05.79556000e-03
  08.04885000e+01   06.64949000e+01   04.14361000e+01  -06.99068000e-03
  07.93257000e+01   06.57558000e+01   04.14000000e+01   02.95799000e-03
  07.82061000e+01   06.57410000e+01   04.22915000e+01   08.80642000e-03
  08.90203000e+01   06.76857000e+01   03.57561000e+01  -03.71955000e-03
  08.83829000e+01   06.56478000e+01   03.68260000e+01  -01.20585000e-02
  08.50890000e+01   06.82374000e+01   03.36144000e+01   01.97011000e-03
  08.50144000e+01   06.87609000e+01   03.89415000e+01   08.37962000e-03
  08.07367000e+01   06.77202000e+01   04.23284000e+01  -01.14162000e-03
  08.17460000e+01   06.78335000e+01   04.27099000e+01   05.31110000e-04
  08.05082000e+01   06.86528000e+01   04.17667000e+01   06.44190000e-04
  08.01405000e+01   06.76723000e+01   04.32587000e+01  -01.18537000e-03
  08.50603000e+01   06.95560000e+01   03.82285000e+01  -09.86263000e-03
  08.42646000e+01   06.91302000e+01   03.97141000e+01   04.83486000e-03
  08.60185000e+01   06.86342000e+01   03.93716000e+01  -06.05704000e-03
  08.50054000e+01   06.87934000e+01   03.26622000e+01   01.25782000e-03
  08.42568000e+01   06.75817000e+01   03.37244000e+01  -04.29459000e-03
  08.49691000e+01   06.88512000e+01   03.44159000e+01   07.41250000e-04
  08.75715000e+01   06.49167000e+01   03.70569000e+01  -09.05833000e-03
  08.92897000e+01   06.51695000e+01   03.67087000e+01   05.11703000e-03
  08.84189000e+01   06.62813000e+01   03.77477000e+01   05.28601000e-03
  08.89399000e+01   06.83807000e+01   03.49350000e+01   06.61730000e-04
  08.87424000e+01   06.84148000e+01   03.65947000e+01  -01.43313000e-03
  09.00327000e+01   06.74468000e+01   03.60784000e+01   01.17160000e-04
  08.96424000e+01   06.53908000e+01   03.43994000e+01   07.94200000e-05
  08.80149000e+01   06.47368000e+01   03.41137000e+01  -07.78792000e-03
  07.49747000e+01   06.23392000e+01   04.20986000e+01   07.70140000e-04
  07.33726000e+01   06.29544000e+01   04.21401000e+01   07.99937000e-03
  07.44282000e+01   06.35477000e+01   04.10104000e+01  -03.55757000e-03
  07.07485000e+01   06.08312000e+01   04.60076000e+01  -07.15330000e-03
  06.95449000e+01   06.19095000e+01   04.54947000e+01   03.13430000e-03
  07.09610000e+01   06.16838000e+01   04.44583000e+01   01.47373000e-02
  06.74542000e+01   06.63115000e+01   04.86932000e+01  -01.94855000e-02
  06.85348000e+01   06.52851000e+01   04.76232000e+01   04.92255000e-03
  06.68939000e+01   06.47722000e+01   04.79085000e+01   04.33740000e-03
  07.06222000e+01   06.26684000e+01   05.26286000e+01   04.35178000e-03
  07.12257000e+01   06.36151000e+01   05.13398000e+01   02.18100000e-05
  06.97173000e+01   06.40860000e+01   05.21097000e+01  -05.02650000e-04
  06.95236000e+01   06.03958000e+01   04.98048000e+01  -01.43048000e-03
  07.11265000e+01   06.11800000e+01   04.99938000e+01   02.03840000e-04
  07.02124000e+01   06.05365000e+01   05.13360000e+01   08.62995000e-03
  06.71084000e+01   06.32755000e+01   05.37651000e+01  -01.63629000e-03
  07.10496000e+01   06.43910000e+01   04.80048000e+01  -02.76705000e-03
  06.91395000e+01   06.20240000e+01   04.78289000e+01   01.41710000e-03
  06.63800000e+01   06.49928000e+01   05.04603000e+01  -03.85980000e-04
  06.78269000e+01   06.54496000e+01   05.13570000e+01  -04.81110000e-04
  07.81632000e+01   06.62910000e+01   04.32320000e+01  -02.06250000e-04
  07.91116000e+01   06.51358000e+01   04.05369000e+01   01.11427000e-03
  08.10558000e+01   06.57271000e+01   03.96005000e+01  -01.53420000e-04
  08.29503000e+01   06.78847000e+01   04.05970000e+01  -01.90280000e-04
  08.28736000e+01   06.60984000e+01   03.81506000e+01  -03.63060000e-04
  06.61781000e+01   06.33104000e+01   05.17571000e+01   08.59900000e-05
  08.43588000e+01   06.61621000e+01   03.65676000e+01  -01.01020000e-04
  08.65451000e+01   06.83350000e+01   03.70306000e+01   02.50540000e-04
  08.61234000e+01   06.58996000e+01   03.51915000e+01  -01.19075000e-03
  08.69284000e+01   06.75615000e+01   03.19505000e+01   03.14160000e-04
  08.93959000e+01   06.70751000e+01   03.30133000e+01  -01.11070000e-04
  06.74778000e+01   06.15476000e+01   05.08106000e+01   03.13480000e-04
  06.83785000e+01   06.17559000e+01   05.24058000e+01   01.25001000e-03
  07.71025000e+01   06.41830000e+01   04.12684000e+01   04.27500000e-05
  07.62579000e+01   06.55572000e+01   04.38959000e+01  -04.51238000e-03
  07.43686000e+01   06.51035000e+01   04.50686000e+01   04.22636000e-03
  07.24021000e+01   06.29598000e+01   04.39235000e+01  -09.78060000e-04
  07.25506000e+01   06.46076000e+01   04.64151000e+01  -08.33290000e-04
  08.90205000e+01   06.57696000e+01   03.11220000e+01  -01.05330000e-03
