  06.69467000e+01   06.19398000e+01   05.10252000e+01  -02.53405000e-03
  06.68368000e+01   06.32089000e+01   05.18464000e+01   07.80610000e-04
  06.56025000e+01   06.40545000e+01   05.17870000e+01   06.83950000e-04
  06.60070000e+01   06.54009000e+01   05.21152000e+01   05.31930000e-04
  06.50345000e+01   06.40123000e+01   05.03340000e+01  -01.13880000e-03
  06.58025000e+01   06.32891000e+01   04.93098000e+01   05.01179000e-03
  06.65530000e+01   06.22227000e+01   04.94997000e+01  -01.30529000e-03
  06.75926000e+01   06.17106000e+01   04.84684000e+01  -01.54921000e-03
  06.85938000e+01   06.23176000e+01   04.77570000e+01  -09.64920000e-04
  06.91997000e+01   06.18026000e+01   04.65604000e+01  -02.95630000e-04
  07.00583000e+01   06.27171000e+01   04.59485000e+01  -02.57020000e-04
  07.08104000e+01   06.26993000e+01   04.46945000e+01   02.20720000e-04
  07.17195000e+01   06.36138000e+01   04.43588000e+01   02.85990000e-04
  07.25696000e+01   06.35973000e+01   04.31622000e+01   03.16900000e-05
  07.36740000e+01   06.45212000e+01   04.31280000e+01  -01.12020000e-04
  07.47956000e+01   06.44618000e+01   04.22548000e+01   03.40000000e-06
  06.59151000e+01   06.09903000e+01   05.16790000e+01   03.83030000e-04
  06.83743000e+01   06.14059000e+01   05.12696000e+01   01.30100000e-05
  06.57982000e+01   06.40967000e+01   04.80327000e+01  -01.34690000e-04
  06.89486000e+01   06.04084000e+01   04.59593000e+01  -08.35400000e-05
  07.22145000e+01   06.27299000e+01   04.20554000e+01   01.43700000e-03
  08.59571000e+01   06.57237000e+01   03.55766000e+01  -05.62820000e-04
  08.65650000e+01   06.52382000e+01   03.42291000e+01  -02.06960000e-04
  08.65002000e+01   06.62900000e+01   03.31230000e+01  -02.30470000e-04
  08.66582000e+01   06.54184000e+01   03.19186000e+01   01.43786000e-03
  08.51811000e+01   06.70064000e+01   03.30919000e+01   03.20417000e-03
  08.42487000e+01   06.70547000e+01   03.40566000e+01  -08.05080000e-04
  08.44750000e+01   06.62341000e+01   03.53773000e+01  -01.76788000e-03
  08.38262000e+01   06.69685000e+01   03.65631000e+01   07.22800000e-05
  08.27891000e+01   06.64499000e+01   03.72881000e+01   01.59105000e-02
  08.21394000e+01   06.68857000e+01   03.85429000e+01  -02.33693000e-02
  08.10451000e+01   06.61593000e+01   03.89015000e+01   05.37835000e-03
  08.02876000e+01   06.64920000e+01   04.01243000e+01   05.38182000e-03
  07.90948000e+01   06.59101000e+01   04.03507000e+01   05.79556000e-03
  07.82422000e+01   06.60241000e+01   04.14760000e+01  -06.99068000e-03
  07.70784000e+01   06.52671000e+01   04.14789000e+01   02.95799000e-03
  07.59567000e+01   06.51937000e+01   04.24501000e+01   08.80642000e-03
  08.68719000e+01   06.68762000e+01   03.60986000e+01  -03.71955000e-03
  08.59778000e+01   06.45627000e+01   03.65583000e+01  -01.20585000e-02
  08.29494000e+01   06.77715000e+01   03.38087000e+01   01.97011000e-03
  08.26599000e+01   06.81493000e+01   03.92200000e+01   08.37962000e-03
  07.85773000e+01   06.70766000e+01   04.24872000e+01  -01.14162000e-03
  07.79843000e+01   06.70519000e+01   04.34076000e+01   05.31110000e-04
  07.95898000e+01   06.69321000e+01   04.28491000e+01   06.44190000e-04
  07.85096000e+01   06.80704000e+01   04.22176000e+01  -01.18537000e-03
  08.18591000e+01   06.87920000e+01   03.95104000e+01  -09.86263000e-03
  08.32167000e+01   06.79208000e+01   04.01288000e+01   04.83486000e-03
  08.34160000e+01   06.87344000e+01   03.85792000e+01  -06.05704000e-03
  08.29914000e+01   06.82885000e+01   03.28301000e+01   01.25782000e-03
  08.20438000e+01   06.70489000e+01   03.38784000e+01  -04.29459000e-03
  08.28649000e+01   06.85441000e+01   03.46385000e+01   07.41250000e-04
  08.70241000e+01   06.42912000e+01   03.65901000e+01  -09.05833000e-03
  08.57849000e+01   06.49109000e+01   03.75175000e+01   05.11703000e-03
  08.52823000e+01   06.37423000e+01   03.62764000e+01   05.28601000e-03
  08.78324000e+01   06.63980000e+01   03.64556000e+01   06.61730000e-04
  08.69804000e+01   06.76938000e+01   03.54179000e+01  -01.43313000e-03
  08.64696000e+01   06.73229000e+01   03.70118000e+01   01.17160000e-04
  08.75710000e+01   06.48262000e+01   03.42136000e+01   07.94200000e-05
  08.59556000e+01   06.43259000e+01   03.39868000e+01  -07.78792000e-03
  07.30311000e+01   06.22400000e+01   04.14743000e+01   07.70140000e-04
  07.16770000e+01   06.18695000e+01   04.22971000e+01   07.99937000e-03
  07.15563000e+01   06.32550000e+01   04.13039000e+01  -03.55757000e-03
  06.89620000e+01   06.03656000e+01   04.48765000e+01  -07.15330000e-03
  06.95735000e+01   05.96731000e+01   04.64185000e+01   03.13430000e-03
  06.79039000e+01   06.02114000e+01   04.62444000e+01   01.47373000e-02
  06.65564000e+01   06.48445000e+01   04.81647000e+01  -01.94855000e-02
  06.60333000e+01   06.34916000e+01   04.71368000e+01   04.92255000e-03
  06.48184000e+01   06.46147000e+01   04.79673000e+01   04.33740000e-03
  06.86940000e+01   06.15448000e+01   05.23041000e+01   04.35178000e-03
  06.83907000e+01   06.02765000e+01   05.10557000e+01   02.18100000e-05
  06.90793000e+01   06.19266000e+01   05.06234000e+01  -05.02650000e-04
  06.61451000e+01   06.00050000e+01   05.14390000e+01  -01.43048000e-03
  06.59553000e+01   06.10291000e+01   05.27664000e+01   02.03840000e-04
  06.48571000e+01   06.11343000e+01   05.14466000e+01   08.62995000e-03
  06.53969000e+01   06.58886000e+01   05.26590000e+01  -01.63629000e-03
  06.87359000e+01   06.33844000e+01   04.80815000e+01  -02.76705000e-03
  06.73553000e+01   06.07037000e+01   04.80373000e+01   01.41710000e-03
  06.41519000e+01   06.33360000e+01   05.03551000e+01  -03.85980000e-04
  06.45908000e+01   06.49631000e+01   05.01088000e+01  -04.81110000e-04
  07.59755000e+01   06.57795000e+01   04.34271000e+01  -02.06250000e-04
  07.68715000e+01   06.46060000e+01   04.06188000e+01   01.11427000e-03
  07.87633000e+01   06.51290000e+01   03.96470000e+01  -01.53420000e-04
  08.06358000e+01   06.73024000e+01   04.07543000e+01  -01.90280000e-04
  08.06626000e+01   06.53138000e+01   03.82683000e+01  -03.63060000e-04
  06.49304000e+01   06.35361000e+01   05.23872000e+01   08.59900000e-05
  08.23646000e+01   06.54666000e+01   03.69160000e+01  -01.01020000e-04
  08.41045000e+01   06.80031000e+01   03.68927000e+01   02.50540000e-04
  08.37201000e+01   06.53300000e+01   03.52506000e+01  -01.19075000e-03
  08.50788000e+01   06.76409000e+01   03.22598000e+01   03.14160000e-04
  08.74019000e+01   06.68888000e+01   03.32131000e+01  -01.11070000e-04
  06.70823000e+01   06.30372000e+01   05.29095000e+01   03.13480000e-04
  06.76956000e+01   06.38218000e+01   05.16099000e+01   01.25001000e-03
  07.45894000e+01   06.39009000e+01   04.13413000e+01   04.27500000e-05
  07.37815000e+01   06.50946000e+01   04.39905000e+01  -04.51238000e-03
  07.19075000e+01   06.43464000e+01   04.51666000e+01   04.22636000e-03
  07.05820000e+01   06.18243000e+01   04.40520000e+01  -09.78060000e-04
  07.02099000e+01   06.36947000e+01   04.64143000e+01  -08.33290000e-04
  08.69341000e+01   06.59007000e+01   03.11751000e+01  -01.05330000e-03
