  06.70563000e+01   06.27027000e+01   05.05236000e+01  -02.53405000e-03
  06.69812000e+01   06.39938000e+01   05.15001000e+01   07.80610000e-04
  06.56616000e+01   06.47554000e+01   05.14783000e+01   06.83950000e-04
  06.59760000e+01   06.60473000e+01   05.19653000e+01   05.31930000e-04
  06.49898000e+01   06.46321000e+01   05.01243000e+01  -01.13880000e-03
  06.58196000e+01   06.41150000e+01   04.89386000e+01   05.01179000e-03
  06.67169000e+01   06.30825000e+01   04.90705000e+01  -01.30529000e-03
  06.75646000e+01   06.24569000e+01   04.80262000e+01  -01.54921000e-03
  06.81000000e+01   06.30297000e+01   04.69214000e+01  -09.64920000e-04
  06.88879000e+01   06.23684000e+01   04.57498000e+01  -02.95630000e-04
  06.97329000e+01   06.32122000e+01   04.51034000e+01  -02.57020000e-04
  07.04433000e+01   06.30943000e+01   04.38647000e+01   02.20720000e-04
  07.13281000e+01   06.40467000e+01   04.33967000e+01   02.85990000e-04
  07.21597000e+01   06.39115000e+01   04.22144000e+01   03.16900000e-05
  07.32683000e+01   06.46986000e+01   04.21600000e+01  -01.12020000e-04
  07.44383000e+01   06.45915000e+01   04.13603000e+01   03.40000000e-06
  06.61903000e+01   06.16232000e+01   05.10419000e+01   03.83030000e-04
  06.85200000e+01   06.21505000e+01   05.06933000e+01   01.30100000e-05
  06.54041000e+01   06.47250000e+01   04.75529000e+01  -01.34690000e-04
  06.85302000e+01   06.09425000e+01   04.53090000e+01  -08.35400000e-05
  07.17820000e+01   06.29323000e+01   04.11142000e+01   01.43700000e-03
  08.64024000e+01   06.58509000e+01   03.56866000e+01  -05.62820000e-04
  08.70683000e+01   06.51366000e+01   03.45169000e+01  -02.06960000e-04
  08.70191000e+01   06.57564000e+01   03.31534000e+01  -02.30470000e-04
  08.72509000e+01   06.47565000e+01   03.21672000e+01   01.43786000e-03
  08.57585000e+01   06.65342000e+01   03.30140000e+01   03.20417000e-03
  08.47765000e+01   06.67184000e+01   03.39170000e+01  -08.05080000e-04
  08.48323000e+01   06.61384000e+01   03.53298000e+01  -01.76788000e-03
  08.40030000e+01   06.67424000e+01   03.64351000e+01   07.22800000e-05
  08.28281000e+01   06.62796000e+01   03.70189000e+01   01.59105000e-02
  08.21345000e+01   06.66931000e+01   03.82981000e+01  -02.33693000e-02
  08.09782000e+01   06.61016000e+01   03.87547000e+01   05.37835000e-03
  08.01404000e+01   06.63897000e+01   03.98665000e+01   05.38182000e-03
  07.89608000e+01   06.57075000e+01   04.00659000e+01   05.79556000e-03
  07.79658000e+01   06.58983000e+01   04.10992000e+01  -06.99068000e-03
  07.68966000e+01   06.50474000e+01   04.09024000e+01   02.95799000e-03
  07.56875000e+01   06.51152000e+01   04.17374000e+01   08.80642000e-03
  08.72839000e+01   06.70981000e+01   03.60356000e+01  -03.71955000e-03
  08.66485000e+01   06.47438000e+01   03.67747000e+01  -01.20585000e-02
  08.35032000e+01   06.74854000e+01   03.34589000e+01   01.97011000e-03
  08.26548000e+01   06.79390000e+01   03.89402000e+01   08.37962000e-03
  07.84391000e+01   06.65205000e+01   04.23312000e+01  -01.14162000e-03
  07.77576000e+01   06.65106000e+01   04.31787000e+01   05.31110000e-04
  07.93450000e+01   06.60740000e+01   04.27166000e+01   06.44190000e-04
  07.86334000e+01   06.74995000e+01   04.21059000e+01  -01.18537000e-03
  08.37569000e+01   06.79231000e+01   03.89933000e+01  -09.86263000e-03
  08.24310000e+01   06.89100000e+01   03.84347000e+01   04.83486000e-03
  08.23010000e+01   06.80956000e+01   03.99493000e+01  -06.05704000e-03
  08.32198000e+01   06.83282000e+01   03.41840000e+01   01.25782000e-03
  08.37419000e+01   06.78967000e+01   03.24427000e+01  -04.29459000e-03
  08.26410000e+01   06.67793000e+01   03.33038000e+01   07.41250000e-04
  08.60721000e+01   06.49720000e+01   03.76990000e+01  -09.05833000e-03
  08.64774000e+01   06.37350000e+01   03.64780000e+01   05.11703000e-03
  08.77161000e+01   06.47859000e+01   03.70613000e+01   05.28601000e-03
  08.76195000e+01   06.76166000e+01   03.51346000e+01   06.61730000e-04
  08.67366000e+01   06.77144000e+01   03.67902000e+01  -01.43313000e-03
  08.83226000e+01   06.67887000e+01   03.64665000e+01   01.17160000e-04
  08.81091000e+01   06.50134000e+01   03.47855000e+01   07.94200000e-05
  08.66395000e+01   06.41384000e+01   03.44275000e+01  -07.78792000e-03
  07.19336000e+01   06.31276000e+01   04.00992000e+01   07.70140000e-04
  07.21727000e+01   06.19842000e+01   04.13769000e+01   07.99937000e-03
  07.06880000e+01   06.28356000e+01   04.10691000e+01  -03.55757000e-03
  06.90606000e+01   06.04524000e+01   04.44645000e+01  -07.15330000e-03
  06.85322000e+01   06.03668000e+01   04.62017000e+01   03.13430000e-03
  06.74133000e+01   06.08427000e+01   04.51152000e+01   01.47373000e-02
  06.44220000e+01   06.52175000e+01   04.74869000e+01  -01.94855000e-02
  06.61003000e+01   06.54733000e+01   04.72494000e+01   04.92255000e-03
  06.53648000e+01   06.39585000e+01   04.68226000e+01   04.33740000e-03
  06.86171000e+01   06.11012000e+01   05.03313000e+01   04.35178000e-03
  06.91589000e+01   06.28567000e+01   05.02175000e+01   02.18100000e-05
  06.87726000e+01   06.22177000e+01   05.17925000e+01  -05.02650000e-04
  06.64383000e+01   06.06740000e+01   05.05202000e+01  -01.43048000e-03
  06.63363000e+01   06.15513000e+01   05.21268000e+01   02.03840000e-04
  06.50657000e+01   06.18767000e+01   05.09887000e+01   08.62995000e-03
  06.52239000e+01   06.63349000e+01   05.25314000e+01  -01.63629000e-03
  06.80255000e+01   06.40538000e+01   04.66889000e+01  -02.76705000e-03
  06.80316000e+01   06.14350000e+01   04.81834000e+01   01.41710000e-03
  06.42215000e+01   06.38167000e+01   05.01989000e+01  -03.85980000e-04
  06.44833000e+01   06.55785000e+01   04.99050000e+01  -04.81110000e-04
  07.56943000e+01   06.57098000e+01   04.26656000e+01  -02.06250000e-04
  07.67679000e+01   06.43264000e+01   04.00657000e+01   01.11427000e-03
  07.87495000e+01   06.50030000e+01   03.92680000e+01  -01.53420000e-04
  08.03750000e+01   06.70098000e+01   04.07038000e+01  -01.90280000e-04
  08.05748000e+01   06.53492000e+01   03.80232000e+01  -03.63060000e-04
  06.50712000e+01   06.41391000e+01   05.21401000e+01   08.59900000e-05
  08.23128000e+01   06.55144000e+01   03.64070000e+01  -01.01020000e-04
  08.45656000e+01   06.75394000e+01   03.69879000e+01   02.50540000e-04
  08.42694000e+01   06.51690000e+01   03.52769000e+01  -01.19075000e-03
  08.56588000e+01   06.68991000e+01   03.19696000e+01   03.14160000e-04
  08.78094000e+01   06.64914000e+01   03.30488000e+01  -01.11070000e-04
  06.71701000e+01   06.37221000e+01   05.24987000e+01   03.13480000e-04
  06.77444000e+01   06.46972000e+01   05.11491000e+01   01.25001000e-03
  07.42974000e+01   06.38959000e+01   04.05480000e+01   04.27500000e-05
  07.35288000e+01   06.52947000e+01   04.30115000e+01  -04.51238000e-03
  07.15984000e+01   06.48760000e+01   04.40851000e+01   04.22636000e-03
  07.02324000e+01   06.22565000e+01   04.32313000e+01  -09.78060000e-04
  06.97850000e+01   06.42004000e+01   04.54625000e+01  -08.33290000e-04
  08.72619000e+01   06.50995000e+01   03.13034000e+01  -01.05330000e-03
