  06.96245000e+01   06.14841000e+01   04.99972000e+01  -02.53405000e-03
  06.82610000e+01   06.12184000e+01   05.06933000e+01   07.80610000e-04
  06.74384000e+01   06.23939000e+01   05.12611000e+01   06.83950000e-04
  06.77976000e+01   06.26327000e+01   05.26549000e+01   05.31930000e-04
  06.76080000e+01   06.36637000e+01   05.04011000e+01  -01.13880000e-03
  06.83642000e+01   06.35497000e+01   04.90843000e+01   05.01179000e-03
  06.92358000e+01   06.25575000e+01   04.88632000e+01  -01.30529000e-03
  06.94010000e+01   06.21341000e+01   04.74574000e+01  -01.54921000e-03
  07.02505000e+01   06.29084000e+01   04.66419000e+01  -09.64920000e-04
  07.09514000e+01   06.23992000e+01   04.54450000e+01  -02.95630000e-04
  07.18598000e+01   06.33638000e+01   04.50250000e+01  -02.57020000e-04
  07.26450000e+01   06.33135000e+01   04.38419000e+01   02.20720000e-04
  07.37059000e+01   06.40957000e+01   04.35095000e+01   02.85990000e-04
  07.47325000e+01   06.39957000e+01   04.25003000e+01   03.16900000e-05
  07.58690000e+01   06.47418000e+01   04.26176000e+01  -01.12020000e-04
  07.69820000e+01   06.48095000e+01   04.16261000e+01   03.40000000e-06
  07.03393000e+01   06.00858000e+01   04.95833000e+01   03.83030000e-04
  07.04751000e+01   06.20821000e+01   05.12102000e+01   01.30100000e-05
  06.76188000e+01   06.42778000e+01   04.80814000e+01  -01.34690000e-04
  07.08301000e+01   06.10204000e+01   04.48831000e+01  -08.35400000e-05
  07.44138000e+01   06.33521000e+01   04.12067000e+01   01.43700000e-03
  08.85792000e+01   06.63899000e+01   03.57246000e+01  -05.62820000e-04
  08.90745000e+01   06.57292000e+01   03.44504000e+01  -02.06960000e-04
  08.90649000e+01   06.65708000e+01   03.31272000e+01  -02.30470000e-04
  08.92347000e+01   06.55804000e+01   03.21132000e+01   01.43786000e-03
  08.76768000e+01   06.71720000e+01   03.28929000e+01   03.20417000e-03
  08.68145000e+01   06.73470000e+01   03.39396000e+01  -08.05080000e-04
  08.70995000e+01   06.68292000e+01   03.54052000e+01  -01.76788000e-03
  08.63336000e+01   06.74988000e+01   03.65263000e+01   07.22800000e-05
  08.52049000e+01   06.71283000e+01   03.71349000e+01   01.59105000e-02
  08.44991000e+01   06.74082000e+01   03.84583000e+01  -02.33693000e-02
  08.32533000e+01   06.68559000e+01   03.86192000e+01   05.37835000e-03
  08.24170000e+01   06.70172000e+01   03.97286000e+01   05.38182000e-03
  08.11840000e+01   06.64454000e+01   03.99361000e+01   05.79556000e-03
  08.02243000e+01   06.64605000e+01   04.10377000e+01  -06.99068000e-03
  07.91503000e+01   06.56266000e+01   04.09681000e+01   02.95799000e-03
  07.81124000e+01   06.54003000e+01   04.18951000e+01   08.80642000e-03
  08.95118000e+01   06.77175000e+01   03.60578000e+01  -03.71955000e-03
  08.86796000e+01   06.54075000e+01   03.69176000e+01  -01.20585000e-02
  08.53832000e+01   06.78966000e+01   03.36593000e+01   01.97011000e-03
  08.52721000e+01   06.82268000e+01   03.94943000e+01   08.37962000e-03
  08.06404000e+01   06.72823000e+01   04.21758000e+01  -01.14162000e-03
  07.98142000e+01   06.75489000e+01   04.28592000e+01   05.31110000e-04
  08.12840000e+01   06.66477000e+01   04.27412000e+01   06.44190000e-04
  08.11128000e+01   06.81871000e+01   04.19026000e+01  -01.18537000e-03
  08.62516000e+01   06.76941000e+01   03.97178000e+01  -09.86263000e-03
  08.54098000e+01   06.92580000e+01   03.93132000e+01   04.83486000e-03
  08.47749000e+01   06.81702000e+01   04.04659000e+01  -06.05704000e-03
  08.50774000e+01   06.87205000e+01   03.43165000e+01   01.25782000e-03
  08.53078000e+01   06.82040000e+01   03.26017000e+01  -04.29459000e-03
  08.46871000e+01   06.70235000e+01   03.38160000e+01   07.41250000e-04
  08.81686000e+01   06.44842000e+01   03.66678000e+01  -09.05833000e-03
  08.98002000e+01   06.52056000e+01   03.72511000e+01   05.11703000e-03
  08.82209000e+01   06.58821000e+01   03.78290000e+01   05.28601000e-03
  08.93139000e+01   06.84947000e+01   03.52784000e+01   06.61730000e-04
  08.94017000e+01   06.80025000e+01   03.71199000e+01  -01.43313000e-03
  09.05850000e+01   06.75441000e+01   03.59753000e+01   01.17160000e-04
  09.01462000e+01   06.54364000e+01   03.45524000e+01   07.94200000e-05
  08.85002000e+01   06.48339000e+01   03.42976000e+01  -07.78792000e-03
  07.34091000e+01   06.32473000e+01   04.08691000e+01   07.70140000e-04
  07.48101000e+01   06.39518000e+01   04.03998000e+01   07.99937000e-03
  07.47114000e+01   06.23005000e+01   04.11157000e+01  -03.55757000e-03
  07.12959000e+01   06.01874000e+01   04.54475000e+01  -07.15330000e-03
  06.97534000e+01   06.08035000e+01   04.47347000e+01   03.13430000e-03
  07.11632000e+01   06.09782000e+01   04.38391000e+01   01.47373000e-02
  06.65264000e+01   06.39653000e+01   04.79451000e+01  -01.94855000e-02
  06.76339000e+01   06.53459000e+01   04.83382000e+01   04.92255000e-03
  06.81045000e+01   06.42251000e+01   04.70752000e+01   04.33740000e-03
  07.14651000e+01   06.21989000e+01   05.07557000e+01   04.35178000e-03
  07.01815000e+01   06.30516000e+01   05.15318000e+01   02.18100000e-05
  07.05686000e+01   06.15560000e+01   05.21050000e+01  -05.02650000e-04
  06.96584000e+01   05.95799000e+01   04.88907000e+01  -01.43048000e-03
  07.12600000e+01   06.02555000e+01   04.91488000e+01   02.03840000e-04
  07.05076000e+01   05.93080000e+01   05.03534000e+01   08.62995000e-03
  06.72451000e+01   06.20871000e+01   05.32361000e+01  -01.63629000e-03
  07.04321000e+01   06.38568000e+01   04.71075000e+01  -02.76705000e-03
  06.92127000e+01   06.10916000e+01   04.71600000e+01   01.41710000e-03
  06.66511000e+01   06.42848000e+01   05.02487000e+01  -03.85980000e-04
  06.80241000e+01   06.44697000e+01   05.10208000e+01  -04.81110000e-04
  07.83020000e+01   06.58188000e+01   04.28628000e+01  -02.06250000e-04
  07.90911000e+01   06.50683000e+01   04.00704000e+01   01.11427000e-03
  08.08868000e+01   06.57955000e+01   03.91736000e+01  -01.53420000e-04
  08.27573000e+01   06.75883000e+01   04.05590000e+01  -01.90280000e-04
  08.30052000e+01   06.62074000e+01   03.78737000e+01  -03.63060000e-04
  06.63512000e+01   06.21828000e+01   05.10403000e+01   08.59900000e-05
  08.45552000e+01   06.65151000e+01   03.65383000e+01  -01.01020000e-04
  08.69111000e+01   06.82159000e+01   03.70946000e+01   02.50540000e-04
  08.66356000e+01   06.58036000e+01   03.52635000e+01  -01.19075000e-03
  08.74647000e+01   06.73899000e+01   03.18228000e+01   03.14160000e-04
  08.98200000e+01   06.73426000e+01   03.32565000e+01  -01.11070000e-04
  06.76594000e+01   06.07253000e+01   04.99785000e+01   03.13480000e-04
  06.84298000e+01   06.03279000e+01   05.14075000e+01   01.25001000e-03
  07.68494000e+01   06.43894000e+01   04.06396000e+01   04.27500000e-05
  07.58691000e+01   06.53644000e+01   04.34578000e+01  -04.51238000e-03
  07.40543000e+01   06.48048000e+01   04.42684000e+01   04.22636000e-03
  07.25273000e+01   06.25895000e+01   04.30656000e+01  -09.78060000e-04
  07.17874000e+01   06.43630000e+01   04.54629000e+01  -08.33290000e-04
  09.00857000e+01   06.55961000e+01   03.16672000e+01  -01.05330000e-03
