  06.83937000e+01   06.17999000e+01   04.99842000e+01  -02.53405000e-03
  06.70015000e+01   06.13217000e+01   05.05654000e+01   07.80610000e-04
  06.59809000e+01   06.24090000e+01   05.09545000e+01   06.83950000e-04
  06.62192000e+01   06.30365000e+01   05.22666000e+01   05.31930000e-04
  06.58885000e+01   06.35985000e+01   04.99869000e+01  -01.13880000e-03
  06.68611000e+01   06.34931000e+01   04.88420000e+01   05.01179000e-03
  06.79836000e+01   06.26896000e+01   04.88121000e+01  -01.30529000e-03
  06.85660000e+01   06.21621000e+01   04.74940000e+01  -01.54921000e-03
  06.94734000e+01   06.28413000e+01   04.67547000e+01  -09.64920000e-04
  07.01379000e+01   06.25499000e+01   04.55242000e+01  -02.95630000e-04
  07.11146000e+01   06.33470000e+01   04.50097000e+01  -02.57020000e-04
  07.18549000e+01   06.32036000e+01   04.37800000e+01   02.20720000e-04
  07.30434000e+01   06.38057000e+01   04.35449000e+01   02.85990000e-04
  07.39283000e+01   06.37875000e+01   04.23355000e+01   03.16900000e-05
  07.51238000e+01   06.44581000e+01   04.24494000e+01  -01.12020000e-04
  07.63002000e+01   06.44732000e+01   04.16750000e+01   03.40000000e-06
  06.91966000e+01   06.04836000e+01   04.96389000e+01   03.83030000e-04
  06.91018000e+01   06.26718000e+01   05.09882000e+01   01.30100000e-05
  06.62341000e+01   06.40568000e+01   04.75590000e+01  -01.34690000e-04
  06.96202000e+01   06.12985000e+01   04.48167000e+01  -08.35400000e-05
  07.34618000e+01   06.29095000e+01   04.12034000e+01   01.43700000e-03
  08.74136000e+01   06.54494000e+01   03.53125000e+01  -05.62820000e-04
  08.81212000e+01   06.50324000e+01   03.40049000e+01  -02.06960000e-04
  08.82697000e+01   06.61034000e+01   03.29500000e+01  -02.30470000e-04
  08.89162000e+01   06.56364000e+01   03.18220000e+01   01.43786000e-03
  08.70266000e+01   06.69039000e+01   03.27557000e+01   03.20417000e-03
  08.59558000e+01   06.69097000e+01   03.35312000e+01  -08.05080000e-04
  08.59229000e+01   06.60401000e+01   03.48497000e+01  -01.76788000e-03
  08.52791000e+01   06.68319000e+01   03.59779000e+01   07.22800000e-05
  08.42562000e+01   06.63520000e+01   03.67304000e+01   01.59105000e-02
  08.34622000e+01   06.69990000e+01   03.78059000e+01  -02.33693000e-02
  08.23650000e+01   06.62610000e+01   03.82537000e+01   05.37835000e-03
  08.14507000e+01   06.65126000e+01   03.92771000e+01   05.38182000e-03
  08.04091000e+01   06.57769000e+01   03.97249000e+01   05.79556000e-03
  07.96340000e+01   06.60347000e+01   04.09100000e+01  -06.99068000e-03
  07.85029000e+01   06.53150000e+01   04.10293000e+01   02.95799000e-03
  07.73818000e+01   06.53077000e+01   04.19356000e+01   08.80642000e-03
  08.83392000e+01   06.64765000e+01   03.59910000e+01  -03.71955000e-03
  08.72077000e+01   06.42983000e+01   03.63553000e+01  -01.20585000e-02
  08.47242000e+01   06.76627000e+01   03.31157000e+01   01.97011000e-03
  08.39642000e+01   06.82854000e+01   03.83981000e+01   08.37962000e-03
  07.99853000e+01   06.72157000e+01   04.18473000e+01  -01.14162000e-03
  07.94273000e+01   06.71401000e+01   04.27843000e+01   05.31110000e-04
  08.09962000e+01   06.72812000e+01   04.20301000e+01   06.44190000e-04
  07.97770000e+01   06.81530000e+01   04.13834000e+01  -01.18537000e-03
  08.33170000e+01   06.87157000e+01   03.91315000e+01  -09.86263000e-03
  08.48879000e+01   06.82374000e+01   03.88763000e+01   04.83486000e-03
  08.40875000e+01   06.89760000e+01   03.75438000e+01  -06.05704000e-03
  08.40234000e+01   06.71319000e+01   03.24440000e+01   01.25782000e-03
  08.41515000e+01   06.81420000e+01   03.38732000e+01  -04.29459000e-03
  08.49938000e+01   06.85319000e+01   03.24554000e+01   07.41250000e-04
  08.65268000e+01   06.45415000e+01   03.71515000e+01  -09.05833000e-03
  08.70435000e+01   06.33338000e+01   03.58477000e+01   05.11703000e-03
  08.81168000e+01   06.40966000e+01   03.69115000e+01   05.28601000e-03
  08.94096000e+01   06.62060000e+01   03.59515000e+01   06.61730000e-04
  08.82680000e+01   06.73563000e+01   03.54274000e+01  -01.43313000e-03
  08.81341000e+01   06.66783000e+01   03.70467000e+01   01.17160000e-04
  08.90438000e+01   06.46130000e+01   03.42017000e+01   07.94200000e-05
  08.75896000e+01   06.42396000e+01   03.34883000e+01  -07.78792000e-03
  07.28506000e+01   06.21135000e+01   04.14286000e+01   07.70140000e-04
  07.30778000e+01   06.34086000e+01   04.03603000e+01   07.99937000e-03
  07.43510000e+01   06.24333000e+01   04.08116000e+01  -03.55757000e-03
  06.85887000e+01   06.10625000e+01   04.51140000e+01  -07.15330000e-03
  06.97564000e+01   06.14800000e+01   04.37467000e+01   03.13430000e-03
  07.03339000e+01   06.05340000e+01   04.50094000e+01   01.47373000e-02
  06.59862000e+01   06.51117000e+01   04.76252000e+01  -01.94855000e-02
  06.69123000e+01   06.40142000e+01   04.66677000e+01   04.92255000e-03
  06.52351000e+01   06.36118000e+01   04.74754000e+01   04.33740000e-03
  06.85459000e+01   06.35761000e+01   05.11053000e+01   04.35178000e-03
  06.91272000e+01   06.22295000e+01   05.20023000e+01   02.18100000e-05
  07.00409000e+01   06.31229000e+01   05.06088000e+01  -05.02650000e-04
  07.01435000e+01   06.05628000e+01   04.90686000e+01  -01.43048000e-03
  06.95628000e+01   06.01298000e+01   05.06009000e+01   02.03840000e-04
  06.86076000e+01   05.97680000e+01   04.90741000e+01   08.62995000e-03
  06.61089000e+01   06.23214000e+01   05.29133000e+01  -01.63629000e-03
  06.96657000e+01   06.37475000e+01   04.71062000e+01  -02.76705000e-03
  06.82721000e+01   06.11595000e+01   04.71447000e+01   01.41710000e-03
  06.48246000e+01   06.38997000e+01   04.97650000e+01  -03.85980000e-04
  06.62518000e+01   06.45883000e+01   05.05631000e+01  -04.81110000e-04
  07.73951000e+01   06.59389000e+01   04.27504000e+01  -02.06250000e-04
  07.83688000e+01   06.46979000e+01   04.01615000e+01   01.11427000e-03
  08.01228000e+01   06.51180000e+01   03.89568000e+01  -01.53420000e-04
  08.17275000e+01   06.73340000e+01   03.99847000e+01  -01.90280000e-04
  08.21150000e+01   06.52943000e+01   03.77281000e+01  -03.63060000e-04
  06.48805000e+01   06.20448000e+01   05.08572000e+01   08.59900000e-05
  08.39754000e+01   06.52647000e+01   03.65433000e+01  -01.01020000e-04
  08.57246000e+01   06.78017000e+01   03.61545000e+01   02.50540000e-04
  08.55066000e+01   06.51565000e+01   03.44419000e+01  -01.19075000e-03
  08.70592000e+01   06.74935000e+01   03.18444000e+01   03.14160000e-04
  08.89517000e+01   06.68768000e+01   03.32593000e+01  -01.11070000e-04
  06.65515000e+01   06.08365000e+01   04.97378000e+01   03.13480000e-04
  06.70619000e+01   06.06418000e+01   05.14335000e+01   01.25001000e-03
  07.63123000e+01   06.38776000e+01   04.07244000e+01   04.27500000e-05
  07.52580000e+01   06.50161000e+01   04.34282000e+01  -04.51238000e-03
  07.34420000e+01   06.43930000e+01   04.43438000e+01   04.22636000e-03
  07.15343000e+01   06.24913000e+01   04.30610000e+01  -09.78060000e-04
  07.14868000e+01   06.40361000e+01   04.57069000e+01  -08.33290000e-04
  08.83173000e+01   06.54654000e+01   03.10926000e+01  -01.05330000e-03
