  06.76463000e+01   06.05087000e+01   04.91070000e+01  -02.53405000e-03
  06.64070000e+01   06.04636000e+01   04.99799000e+01   07.80610000e-04
  06.56720000e+01   06.17887000e+01   05.01030000e+01   06.83950000e-04
  06.58579000e+01   06.23803000e+01   05.14381000e+01   05.31930000e-04
  06.60295000e+01   06.28839000e+01   04.90905000e+01  -01.13880000e-03
  06.66335000e+01   06.24789000e+01   04.78132000e+01   05.01179000e-03
  06.74698000e+01   06.13623000e+01   04.77680000e+01  -01.30529000e-03
  06.79023000e+01   06.06916000e+01   04.65360000e+01  -01.54921000e-03
  06.86828000e+01   06.13482000e+01   04.57344000e+01  -09.64920000e-04
  06.93491000e+01   06.09958000e+01   04.44942000e+01  -02.95630000e-04
  07.02179000e+01   06.18642000e+01   04.38231000e+01  -02.57020000e-04
  07.08728000e+01   06.16745000e+01   04.25955000e+01   02.20720000e-04
  07.19661000e+01   06.23688000e+01   04.21163000e+01   02.85990000e-04
  07.27007000e+01   06.21321000e+01   04.09096000e+01   03.16900000e-05
  07.39124000e+01   06.27742000e+01   04.07077000e+01  -01.12020000e-04
  07.49589000e+01   06.27032000e+01   03.96710000e+01   03.40000000e-06
  06.81379000e+01   05.90435000e+01   04.89089000e+01   03.83030000e-04
  06.87492000e+01   06.12603000e+01   04.99750000e+01   01.30100000e-05
  06.61204000e+01   06.32372000e+01   04.66624000e+01  -01.34690000e-04
  06.91214000e+01   05.96205000e+01   04.39597000e+01  -08.35400000e-05
  07.22179000e+01   06.13531000e+01   03.97703000e+01   01.43700000e-03
  08.67052000e+01   06.41459000e+01   03.41073000e+01  -05.62820000e-04
  08.76206000e+01   06.37527000e+01   03.29123000e+01  -02.06960000e-04
  08.78503000e+01   06.48216000e+01   03.18168000e+01  -02.30470000e-04
  08.85755000e+01   06.42303000e+01   03.06388000e+01   01.43786000e-03
  08.65788000e+01   06.55870000e+01   03.15903000e+01   03.20417000e-03
  08.54574000e+01   06.55910000e+01   03.23167000e+01  -08.05080000e-04
  08.53278000e+01   06.46837000e+01   03.35426000e+01  -01.76788000e-03
  08.45516000e+01   06.52960000e+01   03.47174000e+01   07.22800000e-05
  08.34764000e+01   06.46630000e+01   03.52880000e+01   01.59105000e-02
  08.25777000e+01   06.51966000e+01   03.62856000e+01  -02.33693000e-02
  08.15006000e+01   06.44638000e+01   03.66998000e+01   05.37835000e-03
  08.06523000e+01   06.46408000e+01   03.78133000e+01   05.38182000e-03
  07.94286000e+01   06.39890000e+01   03.79879000e+01   05.79556000e-03
  07.84436000e+01   06.41167000e+01   03.90735000e+01  -06.99068000e-03
  07.71609000e+01   06.36560000e+01   03.88168000e+01   02.95799000e-03
  07.60800000e+01   06.35201000e+01   03.97319000e+01   08.80642000e-03
  08.74894000e+01   06.51631000e+01   03.49639000e+01  -03.71955000e-03
  08.64296000e+01   06.28270000e+01   03.49546000e+01  -01.20585000e-02
  08.42080000e+01   06.64254000e+01   03.19813000e+01   01.97011000e-03
  08.29543000e+01   06.64045000e+01   03.70301000e+01   08.37962000e-03
  07.88882000e+01   06.50071000e+01   04.02179000e+01  -01.14162000e-03
  07.80761000e+01   06.49138000e+01   04.09140000e+01   05.31110000e-04
  07.98477000e+01   06.47579000e+01   04.06485000e+01   06.44190000e-04
  07.88090000e+01   06.61053000e+01   04.00659000e+01  -01.18537000e-03
  08.31757000e+01   06.71637000e+01   03.62747000e+01  -09.86263000e-03
  08.21387000e+01   06.67560000e+01   03.76073000e+01   04.83486000e-03
  08.38789000e+01   06.61800000e+01   03.75416000e+01  -06.05704000e-03
  08.44239000e+01   06.71478000e+01   03.12414000e+01   01.25782000e-03
  08.32674000e+01   06.59924000e+01   03.16933000e+01  -04.29459000e-03
  08.38432000e+01   06.69408000e+01   03.27788000e+01   07.41250000e-04
  08.60634000e+01   06.20980000e+01   03.43034000e+01  -09.05833000e-03
  08.74045000e+01   06.24751000e+01   03.53995000e+01   05.11703000e-03
  08.57196000e+01   06.30112000e+01   03.58256000e+01   05.28601000e-03
  08.84998000e+01   06.47044000e+01   03.51237000e+01   06.61730000e-04
  08.76716000e+01   06.60554000e+01   03.43743000e+01  -01.43313000e-03
  08.69747000e+01   06.53562000e+01   03.59043000e+01   01.17160000e-04
  08.85919000e+01   06.35262000e+01   03.34562000e+01   07.94200000e-05
  08.70923000e+01   06.28332000e+01   03.25127000e+01  -07.78792000e-03
  07.18044000e+01   06.02998000e+01   03.98116000e+01   07.70140000e-04
  07.14096000e+01   06.19511000e+01   03.93920000e+01   07.99937000e-03
  07.29883000e+01   06.13594000e+01   03.89479000e+01  -03.55757000e-03
  06.88244000e+01   05.88301000e+01   04.46980000e+01  -07.15330000e-03
  06.83789000e+01   05.95282000e+01   04.31389000e+01   03.13430000e-03
  07.00442000e+01   05.92518000e+01   04.34888000e+01   01.47373000e-02
  06.64458000e+01   06.42838000e+01   04.65992000e+01  -01.94855000e-02
  06.62929000e+01   06.26971000e+01   04.57543000e+01   04.92255000e-03
  06.50482000e+01   06.33941000e+01   04.67147000e+01   04.33740000e-03
  06.82773000e+01   06.20423000e+01   05.06543000e+01   04.35178000e-03
  06.92410000e+01   06.05104000e+01   05.07172000e+01   02.18100000e-05
  06.94929000e+01   06.16331000e+01   04.92752000e+01  -05.02650000e-04
  06.90290000e+01   05.90505000e+01   04.83100000e+01  -01.43048000e-03
  06.81562000e+01   05.85613000e+01   04.98484000e+01   02.03840000e-04
  06.74492000e+01   05.86109000e+01   04.82217000e+01   08.62995000e-03
  06.54246000e+01   06.18441000e+01   05.20795000e+01  -01.63629000e-03
  06.89676000e+01   06.23860000e+01   04.60710000e+01  -02.76705000e-03
  06.77378000e+01   05.96415000e+01   04.62890000e+01   01.41710000e-03
  06.50839000e+01   06.34127000e+01   04.89083000e+01  -03.85980000e-04
  06.66795000e+01   06.36322000e+01   04.95542000e+01  -04.81110000e-04
  07.60760000e+01   06.42088000e+01   04.05683000e+01  -02.06250000e-04
  07.70407000e+01   06.30353000e+01   03.79157000e+01   01.11427000e-03
  07.91395000e+01   06.33071000e+01   03.71779000e+01  -01.53420000e-04
  08.09564000e+01   06.53481000e+01   03.85769000e+01  -01.90280000e-04
  08.13448000e+01   06.35357000e+01   03.61357000e+01  -03.63060000e-04
  06.46638000e+01   06.14745000e+01   04.98742000e+01   08.59900000e-05
  08.31303000e+01   06.37935000e+01   03.46878000e+01  -01.01020000e-04
  08.48799000e+01   06.62373000e+01   03.50804000e+01   02.50540000e-04
  08.46046000e+01   06.39070000e+01   03.31256000e+01  -01.19075000e-03
  08.64309000e+01   06.61455000e+01   03.06955000e+01   03.14160000e-04
  08.86241000e+01   06.54693000e+01   03.23461000e+01  -01.11070000e-04
  06.56974000e+01   05.98176000e+01   04.94201000e+01   03.13480000e-04
  06.65223000e+01   05.99256000e+01   05.09506000e+01   01.25001000e-03
  07.48767000e+01   06.20124000e+01   03.88681000e+01   04.27500000e-05
  07.42436000e+01   06.33659000e+01   04.15145000e+01  -04.51238000e-03
  07.24491000e+01   06.31093000e+01   04.27115000e+01   04.22636000e-03
  07.04166000e+01   06.08876000e+01   04.20065000e+01  -09.78060000e-04
  07.04286000e+01   06.28047000e+01   04.43752000e+01  -08.33290000e-04
  08.80571000e+01   06.36499000e+01   03.00560000e+01  -01.05330000e-03
