  06.94212000e+01   06.16439000e+01   05.00742000e+01  -02.53405000e-03
  06.81238000e+01   06.12257000e+01   05.08971000e+01   07.80610000e-04
  06.69431000e+01   06.22455000e+01   05.09830000e+01   06.83950000e-04
  06.68217000e+01   06.26918000e+01   05.23372000e+01   05.31930000e-04
  06.71475000e+01   06.35251000e+01   05.01493000e+01  -01.13880000e-03
  06.79679000e+01   06.33536000e+01   04.88907000e+01   05.01179000e-03
  06.90721000e+01   06.25554000e+01   04.88662000e+01  -01.30529000e-03
  06.94723000e+01   06.21184000e+01   04.75081000e+01  -01.54921000e-03
  07.06316000e+01   06.24253000e+01   04.69325000e+01  -09.64920000e-04
  07.12883000e+01   06.22475000e+01   04.56111000e+01  -02.95630000e-04
  07.24098000e+01   06.29524000e+01   04.52657000e+01  -02.57020000e-04
  07.30740000e+01   06.29083000e+01   04.40139000e+01   02.20720000e-04
  07.42402000e+01   06.36306000e+01   04.37175000e+01   02.85990000e-04
  07.51356000e+01   06.35980000e+01   04.25350000e+01   03.16900000e-05
  07.63438000e+01   06.42728000e+01   04.25676000e+01  -01.12020000e-04
  07.74923000e+01   06.43028000e+01   04.16598000e+01   03.40000000e-06
  07.00995000e+01   06.02840000e+01   04.97083000e+01   03.83030000e-04
  07.01943000e+01   06.22873000e+01   05.11735000e+01   01.30100000e-05
  06.75317000e+01   06.42757000e+01   04.78288000e+01  -01.34690000e-04
  07.06661000e+01   06.12511000e+01   04.47110000e+01  -08.35400000e-05
  07.45994000e+01   06.28077000e+01   04.13737000e+01   01.43700000e-03
  08.91032000e+01   06.50571000e+01   03.57957000e+01  -05.62820000e-04
  08.97201000e+01   06.44139000e+01   03.45042000e+01  -02.06960000e-04
  08.98941000e+01   06.53546000e+01   03.33740000e+01  -02.30470000e-04
  09.06365000e+01   06.45937000e+01   03.23327000e+01   01.43786000e-03
  08.86190000e+01   06.61523000e+01   03.31307000e+01   03.20417000e-03
  08.76407000e+01   06.63255000e+01   03.40500000e+01  -08.05080000e-04
  08.76309000e+01   06.56515000e+01   03.54721000e+01  -01.76788000e-03
  08.70498000e+01   06.63780000e+01   03.65763000e+01   07.22800000e-05
  08.58391000e+01   06.60024000e+01   03.70616000e+01   01.59105000e-02
  08.53545000e+01   06.64162000e+01   03.83676000e+01  -02.33693000e-02
  08.41953000e+01   06.58439000e+01   03.87840000e+01   05.37835000e-03
  08.32933000e+01   06.60833000e+01   03.98438000e+01   05.38182000e-03
  08.20958000e+01   06.54147000e+01   04.01689000e+01   05.79556000e-03
  08.11214000e+01   06.56046000e+01   04.12678000e+01  -06.99068000e-03
  07.98666000e+01   06.49669000e+01   04.11189000e+01   02.95799000e-03
  07.87074000e+01   06.49255000e+01   04.19801000e+01   08.80642000e-03
  09.01002000e+01   06.60909000e+01   03.62873000e+01  -03.71955000e-03
  08.91921000e+01   06.40499000e+01   03.69723000e+01  -01.20585000e-02
  08.63564000e+01   06.72376000e+01   03.38104000e+01   01.97011000e-03
  08.58755000e+01   06.77159000e+01   03.90102000e+01   08.37962000e-03
  08.13972000e+01   06.66377000e+01   04.22684000e+01  -01.14162000e-03
  08.23537000e+01   06.65182000e+01   04.27119000e+01   05.31110000e-04
  08.14248000e+01   06.75913000e+01   04.16860000e+01   06.44190000e-04
  08.07171000e+01   06.67635000e+01   04.30728000e+01  -01.18537000e-03
  08.62414000e+01   06.84391000e+01   03.83096000e+01  -09.86263000e-03
  08.51716000e+01   06.82477000e+01   03.95566000e+01   04.83486000e-03
  08.65861000e+01   06.75204000e+01   03.97894000e+01  -06.05704000e-03
  08.60916000e+01   06.79436000e+01   03.46177000e+01   01.25782000e-03
  08.64250000e+01   06.76487000e+01   03.27888000e+01  -04.29459000e-03
  08.55414000e+01   06.65241000e+01   03.38146000e+01   07.41250000e-04
  09.02123000e+01   06.38157000e+01   03.72453000e+01  -09.05833000e-03
  08.88298000e+01   06.45100000e+01   03.79232000e+01   05.11703000e-03
  08.86622000e+01   06.31403000e+01   03.68385000e+01   05.28601000e-03
  08.99361000e+01   06.64171000e+01   03.72668000e+01   06.61730000e-04
  09.11189000e+01   06.57084000e+01   03.63787000e+01  -01.43313000e-03
  09.01001000e+01   06.69883000e+01   03.56442000e+01   01.17160000e-04
  09.06010000e+01   06.38543000e+01   03.46312000e+01   07.94200000e-05
  08.90480000e+01   06.36205000e+01   03.42620000e+01  -07.78792000e-03
  07.35763000e+01   06.30915000e+01   04.13391000e+01   07.70140000e-04
  07.49220000e+01   06.31982000e+01   04.03731000e+01   07.99937000e-03
  07.46760000e+01   06.16914000e+01   04.14080000e+01  -03.55757000e-03
  06.98954000e+01   06.06940000e+01   04.52388000e+01  -07.15330000e-03
  07.02115000e+01   06.17087000e+01   04.38334000e+01   03.13430000e-03
  07.13504000e+01   06.05401000e+01   04.42942000e+01   01.47373000e-02
  06.64794000e+01   06.45508000e+01   04.80059000e+01  -01.94855000e-02
  06.80081000e+01   06.52750000e+01   04.79036000e+01   04.92255000e-03
  06.75508000e+01   06.38706000e+01   04.67728000e+01   04.33740000e-03
  06.96194000e+01   06.31344000e+01   05.15475000e+01   04.35178000e-03
  07.05204000e+01   06.15707000e+01   05.20074000e+01   02.18100000e-05
  07.12273000e+01   06.26170000e+01   05.08804000e+01  -05.02650000e-04
  07.11207000e+01   06.04286000e+01   04.93472000e+01  -01.43048000e-03
  07.03039000e+01   05.98011000e+01   05.06071000e+01   02.03840000e-04
  06.94396000e+01   05.96640000e+01   04.90369000e+01   08.62995000e-03
  06.65593000e+01   06.19708000e+01   05.29388000e+01  -01.63629000e-03
  07.13321000e+01   06.29185000e+01   04.75774000e+01  -02.76705000e-03
  06.87377000e+01   06.14528000e+01   04.70113000e+01   01.41710000e-03
  06.61747000e+01   06.39899000e+01   05.00911000e+01  -03.85980000e-04
  06.76580000e+01   06.43284000e+01   05.07360000e+01  -04.81110000e-04
  07.89578000e+01   06.53312000e+01   04.30233000e+01  -02.06250000e-04
  07.97223000e+01   06.44176000e+01   04.01999000e+01   01.11427000e-03
  08.18344000e+01   06.47185000e+01   03.93820000e+01  -01.53420000e-04
  08.36481000e+01   06.68365000e+01   04.05781000e+01  -01.90280000e-04
  08.38659000e+01   06.50097000e+01   03.81466000e+01  -03.63060000e-04
  06.59942000e+01   06.16439000e+01   05.06130000e+01   08.59900000e-05
  08.52720000e+01   06.53526000e+01   03.64300000e+01  -01.01020000e-04
  08.76151000e+01   06.70554000e+01   03.71511000e+01   02.50540000e-04
  08.71037000e+01   06.47452000e+01   03.51799000e+01  -01.19075000e-03
  08.85731000e+01   06.67535000e+01   03.22068000e+01   03.14160000e-04
  09.05922000e+01   06.60549000e+01   03.37750000e+01  -01.11070000e-04
  06.76893000e+01   06.05233000e+01   05.01703000e+01   03.13480000e-04
  06.83452000e+01   06.06861000e+01   05.18230000e+01   01.25001000e-03
  07.73370000e+01   06.39769000e+01   04.06301000e+01   04.27500000e-05
  07.65210000e+01   06.47329000e+01   04.35691000e+01  -04.51238000e-03
  07.46093000e+01   06.42445000e+01   04.45139000e+01   04.22636000e-03
  07.26465000e+01   06.22105000e+01   04.32449000e+01  -09.78060000e-04
  07.28367000e+01   06.36603000e+01   04.59780000e+01  -08.33290000e-04
  09.00590000e+01   06.41497000e+01   03.17338000e+01  -01.05330000e-03
