  06.92145000e+01   06.14503000e+01   05.05026000e+01  -02.53405000e-03
  06.94421000e+01   06.28427000e+01   05.13368000e+01   07.80610000e-04
  06.82619000e+01   06.38084000e+01   05.16040000e+01   06.83950000e-04
  06.88363000e+01   06.50764000e+01   05.17475000e+01   05.31930000e-04
  06.73845000e+01   06.37655000e+01   05.03253000e+01  -01.13880000e-03
  06.79684000e+01   06.30449000e+01   04.90749000e+01   05.01179000e-03
  06.87658000e+01   06.19325000e+01   04.91575000e+01  -01.30529000e-03
  06.95101000e+01   06.14758000e+01   04.79882000e+01  -01.54921000e-03
  07.02985000e+01   06.22232000e+01   04.71987000e+01  -09.64920000e-04
  07.10888000e+01   06.18616000e+01   04.60131000e+01  -02.95630000e-04
  07.20605000e+01   06.27515000e+01   04.56781000e+01  -02.57020000e-04
  07.27295000e+01   06.28207000e+01   04.44469000e+01   02.20720000e-04
  07.38005000e+01   06.35908000e+01   04.40790000e+01   02.85990000e-04
  07.46349000e+01   06.35499000e+01   04.28756000e+01   03.16900000e-05
  07.58015000e+01   06.42327000e+01   04.29495000e+01  -01.12020000e-04
  07.69541000e+01   06.41982000e+01   04.20400000e+01   03.40000000e-06
  06.80752000e+01   06.08457000e+01   05.12881000e+01   03.83030000e-04
  07.04242000e+01   06.04907000e+01   05.06615000e+01   01.30100000e-05
  06.76422000e+01   06.37971000e+01   04.78207000e+01  -01.34690000e-04
  07.06689000e+01   06.06076000e+01   04.52586000e+01  -08.35400000e-05
  07.42371000e+01   06.28024000e+01   04.16197000e+01   01.43700000e-03
  08.83854000e+01   06.55062000e+01   03.62642000e+01  -05.62820000e-04
  08.90429000e+01   06.49412000e+01   03.49642000e+01  -02.06960000e-04
  08.92678000e+01   06.59313000e+01   03.38500000e+01  -02.30470000e-04
  08.99364000e+01   06.50979000e+01   03.28459000e+01   01.43786000e-03
  08.80116000e+01   06.66832000e+01   03.35585000e+01   03.20417000e-03
  08.69421000e+01   06.67830000e+01   03.44020000e+01  -08.05080000e-04
  08.69940000e+01   06.60664000e+01   03.57722000e+01  -01.76788000e-03
  08.62579000e+01   06.67066000e+01   03.69472000e+01   07.22800000e-05
  08.50719000e+01   06.64226000e+01   03.74565000e+01   01.59105000e-02
  08.44571000e+01   06.69137000e+01   03.87633000e+01  -02.33693000e-02
  08.34070000e+01   06.60618000e+01   03.90512000e+01   05.37835000e-03
  08.25406000e+01   06.60774000e+01   04.02604000e+01   05.38182000e-03
  08.13529000e+01   06.54154000e+01   04.04147000e+01   05.79556000e-03
  08.03884000e+01   06.54634000e+01   04.14695000e+01  -06.99068000e-03
  07.91853000e+01   06.48296000e+01   04.13504000e+01   02.95799000e-03
  07.80568000e+01   06.49451000e+01   04.21840000e+01   08.80642000e-03
  08.93768000e+01   06.66106000e+01   03.66501000e+01  -03.71955000e-03
  08.83505000e+01   06.44300000e+01   03.74259000e+01  -01.20585000e-02
  08.55622000e+01   06.73835000e+01   03.40443000e+01   01.97011000e-03
  08.51171000e+01   06.79399000e+01   03.95040000e+01   08.37962000e-03
  08.08781000e+01   06.59392000e+01   04.27993000e+01  -01.14162000e-03
  08.01069000e+01   06.56634000e+01   04.35505000e+01   05.31110000e-04
  08.18344000e+01   06.55814000e+01   04.31078000e+01   06.44190000e-04
  08.09412000e+01   06.70629000e+01   04.27674000e+01  -01.18537000e-03
  08.44374000e+01   06.84773000e+01   04.01175000e+01  -09.86263000e-03
  08.57382000e+01   06.74859000e+01   04.02972000e+01   04.83486000e-03
  08.57945000e+01   06.86338000e+01   03.88733000e+01  -06.05704000e-03
  08.49386000e+01   06.65240000e+01   03.38924000e+01   01.25782000e-03
  08.51227000e+01   06.80162000e+01   03.48530000e+01  -04.29459000e-03
  08.55315000e+01   06.79499000e+01   03.31235000e+01   07.41250000e-04
  08.92997000e+01   06.39199000e+01   03.77675000e+01  -09.05833000e-03
  08.78657000e+01   06.48573000e+01   03.82765000e+01   05.11703000e-03
  08.77063000e+01   06.36018000e+01   03.70136000e+01   05.28601000e-03
  08.92418000e+01   06.73459000e+01   03.58908000e+01   06.61730000e-04
  08.91352000e+01   06.70197000e+01   03.75816000e+01  -01.43313000e-03
  09.04453000e+01   06.64400000e+01   03.67367000e+01   01.17160000e-04
  09.00212000e+01   06.45543000e+01   03.52892000e+01   07.94200000e-05
  08.84359000e+01   06.41220000e+01   03.45553000e+01  -07.78792000e-03
  07.32385000e+01   06.24123000e+01   04.16275000e+01   07.70140000e-04
  07.42147000e+01   06.34751000e+01   04.08076000e+01   07.99937000e-03
  07.49211000e+01   06.19483000e+01   04.14074000e+01  -03.55757000e-03
  06.95844000e+01   06.05744000e+01   04.49779000e+01  -07.15330000e-03
  07.12972000e+01   06.03531000e+01   04.44248000e+01   03.13430000e-03
  07.07886000e+01   05.97022000e+01   04.58456000e+01   01.47373000e-02
  06.66736000e+01   06.42258000e+01   04.78872000e+01  -01.94855000e-02
  06.84282000e+01   06.45216000e+01   04.76482000e+01   04.92255000e-03
  06.76379000e+01   06.31234000e+01   04.69694000e+01   04.33740000e-03
  07.14177000e+01   06.08029000e+01   05.02250000e+01   04.35178000e-03
  07.06425000e+01   06.02614000e+01   05.16859000e+01   02.18100000e-05
  07.02166000e+01   05.95344000e+01   05.02349000e+01  -05.02650000e-04
  06.77729000e+01   05.98702000e+01   05.08162000e+01  -01.43048000e-03
  06.84773000e+01   06.07085000e+01   05.22654000e+01   02.03840000e-04
  06.71957000e+01   06.14271000e+01   05.13374000e+01   08.62995000e-03
  06.82482000e+01   06.57141000e+01   05.21262000e+01  -01.63629000e-03
  07.04548000e+01   06.32190000e+01   04.74820000e+01  -02.76705000e-03
  06.94295000e+01   06.04399000e+01   04.77026000e+01   01.41710000e-03
  06.64924000e+01   06.31691000e+01   05.05468000e+01  -03.85980000e-04
  06.68660000e+01   06.47488000e+01   05.01653000e+01  -04.81110000e-04
  07.81352000e+01   06.57493000e+01   04.29144000e+01  -02.06250000e-04
  07.90106000e+01   06.41863000e+01   04.05298000e+01   01.11427000e-03
  08.10552000e+01   06.48236000e+01   03.95410000e+01  -01.53420000e-04
  08.28203000e+01   06.66657000e+01   04.10924000e+01  -01.90280000e-04
  08.30335000e+01   06.52962000e+01   03.83508000e+01  -03.63060000e-04
  06.75556000e+01   06.34671000e+01   05.24221000e+01   08.59900000e-05
  08.44696000e+01   06.57151000e+01   03.69688000e+01  -01.01020000e-04
  08.69086000e+01   06.74430000e+01   03.74121000e+01   02.50540000e-04
  08.63801000e+01   06.51639000e+01   03.56997000e+01  -01.19075000e-03
  08.79359000e+01   06.71481000e+01   03.26309000e+01   03.14160000e-04
  09.00942000e+01   06.66046000e+01   03.42542000e+01  -01.11070000e-04
  06.98514000e+01   06.26792000e+01   05.23278000e+01   03.13480000e-04
  07.01103000e+01   06.35291000e+01   05.07892000e+01   01.25001000e-03
  07.70029000e+01   06.35354000e+01   04.11622000e+01   04.27500000e-05
  07.59973000e+01   06.47599000e+01   04.38932000e+01  -04.51238000e-03
  07.41803000e+01   06.41796000e+01   04.48544000e+01   04.22636000e-03
  07.24288000e+01   06.21244000e+01   04.37130000e+01  -09.78060000e-04
  07.21540000e+01   06.35584000e+01   04.63903000e+01  -08.33290000e-04
  08.93368000e+01   06.47242000e+01   03.21558000e+01  -01.05330000e-03
