  06.86240000e+01   06.06948000e+01   04.98876000e+01  -02.53405000e-03
  06.74767000e+01   06.04779000e+01   05.08121000e+01   07.80610000e-04
  06.64216000e+01   06.15588000e+01   05.08370000e+01   06.83950000e-04
  06.60725000e+01   06.19396000e+01   05.21291000e+01   05.31930000e-04
  06.66009000e+01   06.27842000e+01   04.99890000e+01  -01.13880000e-03
  06.71096000e+01   06.23548000e+01   04.86515000e+01   05.01179000e-03
  06.80324000e+01   06.13631000e+01   04.85681000e+01  -01.30529000e-03
  06.84806000e+01   06.08500000e+01   04.72335000e+01  -01.54921000e-03
  06.93554000e+01   06.15320000e+01   04.64365000e+01  -09.64920000e-04
  07.00453000e+01   06.10260000e+01   04.52733000e+01  -02.95630000e-04
  07.10949000e+01   06.17915000e+01   04.47928000e+01  -02.57020000e-04
  07.18736000e+01   06.16726000e+01   04.34936000e+01   02.20720000e-04
  07.30200000e+01   06.24032000e+01   04.32351000e+01   02.85990000e-04
  07.39162000e+01   06.24029000e+01   04.21132000e+01   03.16900000e-05
  07.50545000e+01   06.30424000e+01   04.21597000e+01  -01.12020000e-04
  07.61588000e+01   06.31113000e+01   04.12385000e+01   03.40000000e-06
  06.93557000e+01   05.92844000e+01   04.97599000e+01   03.83030000e-04
  06.96086000e+01   06.16766000e+01   05.05921000e+01   01.30100000e-05
  06.63210000e+01   06.30366000e+01   04.75061000e+01  -01.34690000e-04
  06.95556000e+01   05.97888000e+01   04.45647000e+01  -08.35400000e-05
  07.34668000e+01   06.14918000e+01   04.09329000e+01   01.43700000e-03
  08.76628000e+01   06.43978000e+01   03.54889000e+01  -05.62820000e-04
  08.85245000e+01   06.39563000e+01   03.42924000e+01  -02.06960000e-04
  08.87978000e+01   06.51403000e+01   03.33152000e+01  -02.30470000e-04
  08.96122000e+01   06.46122000e+01   03.23222000e+01   01.43786000e-03
  08.75440000e+01   06.57844000e+01   03.28784000e+01   03.20417000e-03
  08.63880000e+01   06.57338000e+01   03.36112000e+01  -08.05080000e-04
  08.62712000e+01   06.49888000e+01   03.49309000e+01  -01.76788000e-03
  08.53684000e+01   06.55984000e+01   03.59275000e+01   07.22800000e-05
  08.42557000e+01   06.51227000e+01   03.65638000e+01   01.59105000e-02
  08.37107000e+01   06.56106000e+01   03.78833000e+01  -02.33693000e-02
  08.27278000e+01   06.48528000e+01   03.83228000e+01   05.37835000e-03
  08.18401000e+01   06.51496000e+01   03.94072000e+01   05.38182000e-03
  08.05992000e+01   06.45388000e+01   03.96082000e+01   05.79556000e-03
  07.95274000e+01   06.48116000e+01   04.05166000e+01  -06.99068000e-03
  07.83706000e+01   06.40546000e+01   04.05228000e+01   02.95799000e-03
  07.72071000e+01   06.39858000e+01   04.14082000e+01   08.80642000e-03
  08.84361000e+01   06.55235000e+01   03.63039000e+01  -03.71955000e-03
  08.75328000e+01   06.32834000e+01   03.65397000e+01  -01.20585000e-02
  08.50323000e+01   06.62359000e+01   03.31317000e+01   01.97011000e-03
  08.42887000e+01   06.68339000e+01   03.85503000e+01   08.37962000e-03
  07.97840000e+01   06.58169000e+01   04.16013000e+01  -01.14162000e-03
  07.91998000e+01   06.56145000e+01   04.25080000e+01   05.31110000e-04
  08.08471000e+01   06.59547000e+01   04.19851000e+01   06.44190000e-04
  07.95366000e+01   06.67757000e+01   04.12310000e+01  -01.18537000e-03
  08.42763000e+01   06.78040000e+01   03.79604000e+01  -09.86263000e-03
  08.39178000e+01   06.70197000e+01   03.96098000e+01   04.83486000e-03
  08.53748000e+01   06.67022000e+01   03.87199000e+01  -06.05704000e-03
  08.42204000e+01   06.54749000e+01   03.33165000e+01   01.25782000e-03
  08.46836000e+01   06.71539000e+01   03.36800000e+01  -04.29459000e-03
  08.50371000e+01   06.66020000e+01   03.21165000e+01   07.41250000e-04
  08.85140000e+01   06.31147000e+01   03.70372000e+01  -09.05833000e-03
  08.69882000e+01   06.36661000e+01   03.73846000e+01   05.11703000e-03
  08.70035000e+01   06.24456000e+01   03.61730000e+01   05.28601000e-03
  08.81067000e+01   06.56918000e+01   03.73194000e+01   06.61730000e-04
  08.94837000e+01   06.51434000e+01   03.65264000e+01  -01.43313000e-03
  08.87041000e+01   06.64140000e+01   03.57598000e+01   01.17160000e-04
  08.95467000e+01   06.37344000e+01   03.47090000e+01   07.94200000e-05
  08.81108000e+01   06.30781000e+01   03.37193000e+01  -07.78792000e-03
  07.41383000e+01   06.15845000e+01   04.00591000e+01   07.70140000e-04
  07.34831000e+01   06.03958000e+01   04.11427000e+01   07.99937000e-03
  07.25614000e+01   06.17987000e+01   04.04605000e+01  -03.55757000e-03
  06.97376000e+01   05.88838000e+01   04.50872000e+01  -07.15330000e-03
  06.85611000e+01   05.98788000e+01   04.42684000e+01   03.13430000e-03
  07.00263000e+01   05.95416000e+01   04.36093000e+01   01.47373000e-02
  06.52580000e+01   06.31559000e+01   04.77537000e+01  -01.94855000e-02
  06.66903000e+01   06.40245000e+01   04.72882000e+01   04.92255000e-03
  06.63171000e+01   06.25562000e+01   04.65058000e+01   04.33740000e-03
  07.06366000e+01   06.16529000e+01   05.00805000e+01   04.35178000e-03
  06.92495000e+01   06.26957000e+01   05.04548000e+01   02.18100000e-05
  06.96900000e+01   06.15136000e+01   05.17278000e+01  -05.02650000e-04
  06.97443000e+01   05.90050000e+01   05.07293000e+01  -01.43048000e-03
  06.86308000e+01   05.85208000e+01   04.95243000e+01   02.03840000e-04
  07.01075000e+01   05.91241000e+01   04.89528000e+01   08.62995000e-03
  06.68472000e+01   06.22880000e+01   05.25980000e+01  -01.63629000e-03
  06.96603000e+01   06.25066000e+01   04.67958000e+01  -02.76705000e-03
  06.83234000e+01   05.97991000e+01   04.70294000e+01   01.41710000e-03
  06.56101000e+01   06.32727000e+01   04.98392000e+01  -03.85980000e-04
  06.72515000e+01   06.34506000e+01   05.05019000e+01  -04.81110000e-04
  07.70773000e+01   06.45959000e+01   04.23005000e+01  -02.06250000e-04
  07.83461000e+01   06.32722000e+01   03.98320000e+01   01.11427000e-03
  08.04580000e+01   06.37086000e+01   03.88600000e+01  -01.53420000e-04
  08.19509000e+01   06.60873000e+01   04.00022000e+01  -01.90280000e-04
  08.23937000e+01   06.39984000e+01   03.76950000e+01  -03.63060000e-04
  06.54807000e+01   06.10607000e+01   05.04553000e+01   08.59900000e-05
  08.37510000e+01   06.43993000e+01   03.59203000e+01  -01.01020000e-04
  08.59244000e+01   06.62957000e+01   03.64769000e+01   02.50540000e-04
  08.56917000e+01   06.40377000e+01   03.47155000e+01  -01.19075000e-03
  08.76525000e+01   06.63951000e+01   03.19815000e+01   03.14160000e-04
  08.93805000e+01   06.59305000e+01   03.38301000e+01  -01.11070000e-04
  06.68984000e+01   05.96924000e+01   05.04263000e+01   03.13480000e-04
  06.77801000e+01   06.01589000e+01   05.17847000e+01   01.25001000e-03
  07.61878000e+01   06.24263000e+01   04.03955000e+01   04.27500000e-05
  07.52013000e+01   06.36221000e+01   04.31542000e+01  -04.51238000e-03
  07.33398000e+01   06.30737000e+01   04.40606000e+01   04.22636000e-03
  07.14317000e+01   06.09637000e+01   04.28087000e+01  -09.78060000e-04
  07.14176000e+01   06.26804000e+01   04.53333000e+01  -08.33290000e-04
  08.91483000e+01   06.41718000e+01   03.15618000e+01  -01.05330000e-03
