  06.82518000e+01   06.07603000e+01   04.88975000e+01  -02.53405000e-03
  06.69745000e+01   06.05003000e+01   04.96655000e+01   07.80610000e-04
  06.61851000e+01   06.17824000e+01   05.02812000e+01   06.83950000e-04
  06.67729000e+01   06.22453000e+01   05.14909000e+01   05.31930000e-04
  06.63825000e+01   06.29782000e+01   04.93086000e+01  -01.13880000e-03
  06.69427000e+01   06.26730000e+01   04.79185000e+01   05.01179000e-03
  06.78372000e+01   06.16796000e+01   04.77724000e+01  -01.30529000e-03
  06.82389000e+01   06.11934000e+01   04.64130000e+01  -01.54921000e-03
  06.91252000e+01   06.16979000e+01   04.55465000e+01  -09.64920000e-04
  06.96793000e+01   06.12212000e+01   04.42601000e+01  -02.95630000e-04
  07.07424000e+01   06.19194000e+01   04.37460000e+01  -02.57020000e-04
  07.14393000e+01   06.17805000e+01   04.25313000e+01   02.20720000e-04
  07.25356000e+01   06.25501000e+01   04.23158000e+01   02.85990000e-04
  07.35306000e+01   06.24962000e+01   04.11835000e+01   03.16900000e-05
  07.47770000e+01   06.31029000e+01   04.14490000e+01  -01.12020000e-04
  07.58617000e+01   06.31650000e+01   04.05667000e+01   03.40000000e-06
  06.88729000e+01   05.93318000e+01   04.85552000e+01   03.83030000e-04
  06.92254000e+01   06.15404000e+01   04.98337000e+01   01.30100000e-05
  06.63216000e+01   06.34972000e+01   04.68414000e+01  -01.34690000e-04
  06.90279000e+01   06.00941000e+01   04.34748000e+01  -08.35400000e-05
  07.32138000e+01   06.16997000e+01   03.99358000e+01   01.43700000e-03
  08.73634000e+01   06.41862000e+01   03.45622000e+01  -05.62820000e-04
  08.81202000e+01   06.37532000e+01   03.32884000e+01  -02.06960000e-04
  08.82048000e+01   06.48346000e+01   03.22188000e+01  -02.30470000e-04
  08.87629000e+01   06.42505000e+01   03.10634000e+01   01.43786000e-03
  08.67527000e+01   06.55546000e+01   03.19893000e+01   03.20417000e-03
  08.58029000e+01   06.54370000e+01   03.28332000e+01  -08.05080000e-04
  08.59059000e+01   06.47184000e+01   03.41979000e+01  -01.76788000e-03
  08.52243000e+01   06.54251000e+01   03.53820000e+01   07.22800000e-05
  08.41536000e+01   06.48867000e+01   03.60608000e+01   01.59105000e-02
  08.35481000e+01   06.53011000e+01   03.73288000e+01  -02.33693000e-02
  08.23861000e+01   06.47499000e+01   03.77370000e+01   05.37835000e-03
  08.15260000e+01   06.49726000e+01   03.89522000e+01   05.38182000e-03
  08.03209000e+01   06.44381000e+01   03.91307000e+01   05.79556000e-03
  07.93391000e+01   06.45926000e+01   04.02051000e+01  -06.99068000e-03
  07.80591000e+01   06.40070000e+01   03.98968000e+01   02.95799000e-03
  07.69576000e+01   06.38929000e+01   04.07465000e+01   08.80642000e-03
  08.82695000e+01   06.51581000e+01   03.53558000e+01  -03.71955000e-03
  08.72155000e+01   06.29071000e+01   03.52869000e+01  -01.20585000e-02
  08.44394000e+01   06.60699000e+01   03.24849000e+01   01.97011000e-03
  08.43618000e+01   06.63061000e+01   03.80933000e+01   08.37962000e-03
  07.95526000e+01   06.55387000e+01   04.13264000e+01  -01.14162000e-03
  07.99200000e+01   06.64953000e+01   04.10081000e+01   05.31110000e-04
  07.86355000e+01   06.56511000e+01   04.19065000e+01   06.44190000e-04
  08.01879000e+01   06.51634000e+01   04.21027000e+01  -01.18537000e-03
  08.38769000e+01   06.63932000e+01   03.90726000e+01  -09.86263000e-03
  08.54261000e+01   06.59932000e+01   03.82765000e+01   04.83486000e-03
  08.43372000e+01   06.72517000e+01   03.75946000e+01  -06.05704000e-03
  08.38579000e+01   06.64939000e+01   03.32650000e+01   01.25782000e-03
  08.44132000e+01   06.69319000e+01   03.17973000e+01  -04.29459000e-03
  08.37916000e+01   06.53397000e+01   03.20067000e+01   07.41250000e-04
  08.65787000e+01   06.21258000e+01   03.47623000e+01  -09.05833000e-03
  08.81760000e+01   06.25200000e+01   03.54639000e+01   05.11703000e-03
  08.66982000e+01   06.30030000e+01   03.62039000e+01   05.28601000e-03
  08.92272000e+01   06.47039000e+01   03.56784000e+01   06.61730000e-04
  08.85796000e+01   06.60510000e+01   03.47376000e+01  -01.43313000e-03
  08.78243000e+01   06.55722000e+01   03.62970000e+01   01.17160000e-04
  08.90939000e+01   06.33242000e+01   03.33434000e+01   07.94200000e-05
  08.74744000e+01   06.28375000e+01   03.29116000e+01  -07.78792000e-03
  07.40839000e+01   06.15378000e+01   03.92751000e+01   07.70140000e-04
  07.28345000e+01   06.07148000e+01   04.00871000e+01   07.99937000e-03
  07.24371000e+01   06.22391000e+01   03.94297000e+01  -03.55757000e-03
  06.96761000e+01   05.93738000e+01   04.29915000e+01  -07.15330000e-03
  06.83642000e+01   05.94484000e+01   04.40804000e+01   03.13430000e-03
  06.84202000e+01   06.04311000e+01   04.26798000e+01   01.47373000e-02
  06.63219000e+01   06.29201000e+01   04.58656000e+01  -01.94855000e-02
  06.52759000e+01   06.37909000e+01   04.71362000e+01   04.92255000e-03
  06.68994000e+01   06.44592000e+01   04.67349000e+01   04.33740000e-03
  07.02395000e+01   06.15952000e+01   04.94586000e+01   04.35178000e-03
  06.88060000e+01   06.25557000e+01   05.00377000e+01   02.18100000e-05
  06.93894000e+01   06.10663000e+01   05.07845000e+01  -05.02650000e-04
  06.91890000e+01   05.87040000e+01   04.94075000e+01  -01.43048000e-03
  06.83023000e+01   05.87798000e+01   04.77544000e+01   02.03840000e-04
  06.98177000e+01   05.96408000e+01   04.80634000e+01   08.62995000e-03
  06.65166000e+01   06.15787000e+01   05.22076000e+01  -01.63629000e-03
  06.96414000e+01   06.25147000e+01   04.61072000e+01  -02.76705000e-03
  06.78077000e+01   06.02313000e+01   04.61865000e+01   01.41710000e-03
  06.53743000e+01   06.34102000e+01   04.91771000e+01  -03.85980000e-04
  06.68580000e+01   06.38873000e+01   04.96715000e+01  -04.81110000e-04
  07.69709000e+01   06.44202000e+01   04.17203000e+01  -02.06250000e-04
  07.79388000e+01   06.34448000e+01   03.90373000e+01   01.11427000e-03
  08.00325000e+01   06.38311000e+01   03.82218000e+01  -01.53420000e-04
  08.19989000e+01   06.55505000e+01   03.96669000e+01  -01.90280000e-04
  08.19526000e+01   06.39149000e+01   03.71021000e+01  -03.63060000e-04
  06.51227000e+01   06.15360000e+01   05.03474000e+01   08.59900000e-05
  08.35948000e+01   06.42126000e+01   03.54346000e+01  -01.01020000e-04
  08.56747000e+01   06.62589000e+01   03.59355000e+01   02.50540000e-04
  08.53670000e+01   06.38223000e+01   03.39604000e+01  -01.19075000e-03
  08.66312000e+01   06.60588000e+01   03.10822000e+01   03.14160000e-04
  08.89114000e+01   06.55484000e+01   03.25849000e+01  -01.11070000e-04
  06.61733000e+01   06.00566000e+01   04.90046000e+01   03.13480000e-04
  06.70948000e+01   05.98166000e+01   05.04629000e+01   01.25001000e-03
  07.58541000e+01   06.27093000e+01   03.96356000e+01   04.27500000e-05
  07.49955000e+01   06.35196000e+01   04.24805000e+01  -04.51238000e-03
  07.27959000e+01   06.31947000e+01   04.32580000e+01   04.22636000e-03
  07.10996000e+01   06.09798000e+01   04.18498000e+01  -09.78060000e-04
  07.10219000e+01   06.27773000e+01   04.43118000e+01  -08.33290000e-04
  08.81243000e+01   06.37570000e+01   03.05244000e+01  -01.05330000e-03
