  06.94583000e+01   06.22558000e+01   04.93564000e+01  -02.53405000e-03
  06.80883000e+01   06.22041000e+01   05.00669000e+01   07.80610000e-04
  06.71995000e+01   06.34642000e+01   04.99900000e+01   06.83950000e-04
  06.66911000e+01   06.38786000e+01   05.12541000e+01   05.31930000e-04
  06.79208000e+01   06.46701000e+01   04.91836000e+01  -01.13880000e-03
  06.86428000e+01   06.42642000e+01   04.79387000e+01   05.01179000e-03
  06.94818000e+01   06.32078000e+01   04.80552000e+01  -01.30529000e-03
  07.00113000e+01   06.26108000e+01   04.68095000e+01  -01.54921000e-03
  07.08355000e+01   06.32197000e+01   04.59208000e+01  -09.64920000e-04
  07.13103000e+01   06.28930000e+01   04.45723000e+01  -02.95630000e-04
  07.21965000e+01   06.37923000e+01   04.40107000e+01  -02.57020000e-04
  07.29141000e+01   06.36847000e+01   04.27769000e+01   02.20720000e-04
  07.40059000e+01   06.44545000e+01   04.23187000e+01   02.85990000e-04
  07.48423000e+01   06.43106000e+01   04.11545000e+01   03.16900000e-05
  07.60352000e+01   06.50083000e+01   04.12379000e+01  -01.12020000e-04
  07.71929000e+01   06.50948000e+01   04.03405000e+01   03.40000000e-06
  06.98399000e+01   06.07727000e+01   04.91485000e+01   03.83030000e-04
  07.04280000e+01   06.29174000e+01   05.04399000e+01   01.30100000e-05
  06.82658000e+01   06.50578000e+01   04.67012000e+01  -01.34690000e-04
  07.06436000e+01   06.16263000e+01   04.40111000e+01  -08.35400000e-05
  07.43220000e+01   06.38399000e+01   03.98037000e+01   01.43700000e-03
  08.81534000e+01   06.65522000e+01   03.42692000e+01  -05.62820000e-04
  08.89606000e+01   06.58994000e+01   03.30681000e+01  -02.06960000e-04
  08.91738000e+01   06.68270000e+01   03.19248000e+01  -02.30470000e-04
  08.99243000e+01   06.62560000e+01   03.08572000e+01   01.43786000e-03
  08.78518000e+01   06.76820000e+01   03.16086000e+01   03.20417000e-03
  08.67709000e+01   06.77528000e+01   03.23831000e+01  -08.05080000e-04
  08.67192000e+01   06.70669000e+01   03.37732000e+01  -01.76788000e-03
  08.60532000e+01   06.78958000e+01   03.47860000e+01   07.22800000e-05
  08.48801000e+01   06.76535000e+01   03.53643000e+01   01.59105000e-02
  08.44283000e+01   06.81336000e+01   03.66819000e+01  -02.33693000e-02
  08.32613000e+01   06.75634000e+01   03.71675000e+01   05.37835000e-03
  08.25132000e+01   06.77410000e+01   03.84043000e+01   05.38182000e-03
  08.13664000e+01   06.70731000e+01   03.86985000e+01   05.79556000e-03
  08.04166000e+01   06.70528000e+01   03.98215000e+01  -06.99068000e-03
  07.93390000e+01   06.62438000e+01   03.97607000e+01   02.95799000e-03
  07.82724000e+01   06.59305000e+01   04.06921000e+01   08.80642000e-03
  08.91618000e+01   06.75798000e+01   03.49104000e+01  -03.71955000e-03
  08.79661000e+01   06.53958000e+01   03.53401000e+01  -01.20585000e-02
  08.55319000e+01   06.85238000e+01   03.19176000e+01   01.97011000e-03
  08.50925000e+01   06.93321000e+01   03.73604000e+01   08.37962000e-03
  08.08112000e+01   06.77257000e+01   04.11398000e+01  -01.14162000e-03
  08.18567000e+01   06.80738000e+01   04.11530000e+01   05.31110000e-04
  08.02935000e+01   06.86723000e+01   04.12076000e+01   06.44190000e-04
  08.04368000e+01   06.71157000e+01   04.19343000e+01  -01.18537000e-03
  08.61714000e+01   06.91618000e+01   03.75989000e+01  -09.86263000e-03
  08.51191000e+01   07.01620000e+01   03.67209000e+01   04.83486000e-03
  08.46370000e+01   06.95907000e+01   03.83075000e+01  -06.05704000e-03
  08.51898000e+01   06.92493000e+01   03.26770000e+01   01.25782000e-03
  08.58362000e+01   06.90951000e+01   03.11049000e+01  -04.29459000e-03
  08.47130000e+01   06.79002000e+01   03.16015000e+01   07.41250000e-04
  08.74019000e+01   06.45692000e+01   03.49803000e+01  -09.05833000e-03
  08.89239000e+01   06.50290000e+01   03.56123000e+01   05.11703000e-03
  08.74388000e+01   06.57089000e+01   03.62372000e+01   05.28601000e-03
  08.92441000e+01   06.84012000e+01   03.42422000e+01   06.61730000e-04
  08.87611000e+01   06.79381000e+01   03.58377000e+01  -01.43313000e-03
  09.01531000e+01   06.71056000e+01   03.51267000e+01   01.17160000e-04
  08.99085000e+01   06.55673000e+01   03.34245000e+01   07.94200000e-05
  08.83549000e+01   06.50974000e+01   03.27533000e+01  -07.78792000e-03
  07.32616000e+01   06.39893000e+01   03.96493000e+01   07.70140000e-04
  07.47028000e+01   06.43922000e+01   03.89524000e+01   07.99937000e-03
  07.44915000e+01   06.27756000e+01   03.96404000e+01  -03.55757000e-03
  07.11297000e+01   06.13506000e+01   04.30867000e+01  -07.15330000e-03
  07.09199000e+01   06.07692000e+01   04.45616000e+01   03.13430000e-03
  06.96093000e+01   06.17005000e+01   04.37889000e+01   01.47373000e-02
  06.91070000e+01   06.55856000e+01   04.63764000e+01  -01.94855000e-02
  06.78250000e+01   06.43795000e+01   04.59710000e+01   04.92255000e-03
  06.74733000e+01   06.58164000e+01   04.68106000e+01   04.33740000e-03
  07.04612000e+01   06.22405000e+01   05.13277000e+01   04.35178000e-03
  07.13908000e+01   06.30481000e+01   04.99925000e+01   02.18100000e-05
  07.01069000e+01   06.38881000e+01   05.07403000e+01  -05.02650000e-04
  06.90657000e+01   06.03225000e+01   04.84849000e+01  -01.43048000e-03
  07.08503000e+01   06.05711000e+01   04.87747000e+01   02.03840000e-04
  06.98668000e+01   06.02177000e+01   05.00945000e+01   08.62995000e-03
  06.72850000e+01   06.39416000e+01   05.19815000e+01  -01.63629000e-03
  07.12221000e+01   06.42107000e+01   04.61769000e+01  -02.76705000e-03
  06.95786000e+01   06.16868000e+01   04.66643000e+01   01.41710000e-03
  06.72266000e+01   06.53528000e+01   04.88427000e+01  -03.85980000e-04
  06.85892000e+01   06.53327000e+01   04.97723000e+01  -04.81110000e-04
  07.81399000e+01   06.64070000e+01   04.16602000e+01  -02.06250000e-04
  07.91684000e+01   06.58032000e+01   03.87833000e+01   01.11427000e-03
  08.10202000e+01   06.63872000e+01   03.78579000e+01  -01.53420000e-04
  08.27931000e+01   06.85378000e+01   03.90734000e+01  -01.90280000e-04
  08.28594000e+01   06.67376000e+01   03.64836000e+01  -03.63060000e-04
  06.63655000e+01   06.31557000e+01   04.93191000e+01   08.59900000e-05
  08.43024000e+01   06.68857000e+01   03.48444000e+01  -01.01020000e-04
  08.67148000e+01   06.86371000e+01   03.50888000e+01   02.50540000e-04
  08.62570000e+01   06.61569000e+01   03.35721000e+01  -01.19075000e-03
  08.78987000e+01   06.80700000e+01   03.05689000e+01   03.14160000e-04
  08.99542000e+01   06.75625000e+01   03.22287000e+01  -01.11070000e-04
  06.75501000e+01   06.14417000e+01   04.95245000e+01   03.13480000e-04
  06.81796000e+01   06.16965000e+01   05.10408000e+01   01.25001000e-03
  07.71865000e+01   06.46344000e+01   03.93630000e+01   04.27500000e-05
  07.61651000e+01   06.56229000e+01   04.20900000e+01  -04.51238000e-03
  07.43908000e+01   06.50854000e+01   04.31702000e+01   04.22636000e-03
  07.25569000e+01   06.29876000e+01   04.20211000e+01  -09.78060000e-04
  07.25992000e+01   06.45678000e+01   04.46572000e+01  -08.33290000e-04
  08.93152000e+01   06.59610000e+01   03.01274000e+01  -01.05330000e-03
