  06.92467000e+01   06.22264000e+01   04.92841000e+01  -02.53405000e-03
  06.78595000e+01   06.20622000e+01   04.99780000e+01   07.80610000e-04
  06.69070000e+01   06.32148000e+01   05.02198000e+01   06.83950000e-04
  06.65479000e+01   06.32524000e+01   05.16392000e+01   05.31930000e-04
  06.75671000e+01   06.45145000e+01   04.96766000e+01  -01.13880000e-03
  06.82725000e+01   06.43395000e+01   04.83771000e+01   05.01179000e-03
  06.91011000e+01   06.32579000e+01   04.81839000e+01  -01.30529000e-03
  06.96046000e+01   06.28294000e+01   04.68357000e+01  -01.54921000e-03
  07.05920000e+01   06.35201000e+01   04.60557000e+01  -09.64920000e-04
  07.12640000e+01   06.32118000e+01   04.48004000e+01  -02.95630000e-04
  07.22172000e+01   06.40307000e+01   04.42926000e+01  -02.57020000e-04
  07.29053000e+01   06.39924000e+01   04.30723000e+01   02.20720000e-04
  07.39594000e+01   06.47512000e+01   04.26305000e+01   02.85990000e-04
  07.48048000e+01   06.46655000e+01   04.14172000e+01   03.16900000e-05
  07.58331000e+01   06.55701000e+01   04.12638000e+01  -01.12020000e-04
  07.68591000e+01   06.55345000e+01   04.02619000e+01   03.40000000e-06
  06.98715000e+01   06.08388000e+01   04.90236000e+01   03.83030000e-04
  07.02591000e+01   06.26643000e+01   05.03978000e+01   01.30100000e-05
  06.78293000e+01   06.52928000e+01   04.72188000e+01  -01.34690000e-04
  07.08284000e+01   06.18867000e+01   04.42215000e+01  -08.35400000e-05
  07.44139000e+01   06.36517000e+01   04.03231000e+01   01.43700000e-03
  08.84437000e+01   06.66810000e+01   03.45657000e+01  -05.62820000e-04
  08.94116000e+01   06.63929000e+01   03.34157000e+01  -02.06960000e-04
  08.95708000e+01   06.73779000e+01   03.22548000e+01  -02.30470000e-04
  09.02457000e+01   06.67121000e+01   03.12440000e+01   01.43786000e-03
  08.82330000e+01   06.80327000e+01   03.19916000e+01   03.20417000e-03
  08.71698000e+01   06.81246000e+01   03.27648000e+01  -08.05080000e-04
  08.70780000e+01   06.72377000e+01   03.40117000e+01  -01.76788000e-03
  08.62960000e+01   06.80167000e+01   03.50116000e+01   07.22800000e-05
  08.53017000e+01   06.75164000e+01   03.57176000e+01   01.59105000e-02
  08.45990000e+01   06.79020000e+01   03.69773000e+01  -02.33693000e-02
  08.34547000e+01   06.70593000e+01   03.72265000e+01   05.37835000e-03
  08.24666000e+01   06.71922000e+01   03.83553000e+01   05.38182000e-03
  08.14159000e+01   06.63525000e+01   03.86575000e+01   05.79556000e-03
  08.04462000e+01   06.66259000e+01   03.97591000e+01  -06.99068000e-03
  07.92439000e+01   06.58622000e+01   03.96860000e+01   02.95799000e-03
  07.81261000e+01   06.60164000e+01   04.05730000e+01   08.80642000e-03
  08.91491000e+01   06.77852000e+01   03.53886000e+01  -03.71955000e-03
  08.85424000e+01   06.53363000e+01   03.54386000e+01  -01.20585000e-02
  08.59568000e+01   06.87228000e+01   03.22425000e+01   01.97011000e-03
  08.49325000e+01   06.91150000e+01   03.78193000e+01   08.37962000e-03
  08.09094000e+01   06.74432000e+01   04.09372000e+01  -01.14162000e-03
  08.19981000e+01   06.76822000e+01   04.09879000e+01   05.31110000e-04
  08.02444000e+01   06.82499000e+01   04.11072000e+01   06.44190000e-04
  08.07409000e+01   06.68461000e+01   04.17913000e+01  -01.18537000e-03
  08.55026000e+01   06.88383000e+01   03.87034000e+01  -09.86263000e-03
  08.55167000e+01   06.98743000e+01   03.73648000e+01   04.83486000e-03
  08.40585000e+01   06.96706000e+01   03.80626000e+01  -06.05704000e-03
  08.57565000e+01   06.96629000e+01   03.27334000e+01   01.25782000e-03
  08.59677000e+01   06.89356000e+01   03.11645000e+01  -04.29459000e-03
  08.51161000e+01   06.80713000e+01   03.24076000e+01   07.41250000e-04
  08.79197000e+01   06.45298000e+01   03.49782000e+01  -09.05833000e-03
  08.95961000e+01   06.50171000e+01   03.56084000e+01   05.11703000e-03
  08.81641000e+01   06.55623000e+01   03.63700000e+01   05.28601000e-03
  08.91304000e+01   06.87422000e+01   03.48862000e+01   06.61730000e-04
  08.85846000e+01   06.79526000e+01   03.62213000e+01  -01.43313000e-03
  09.01830000e+01   06.74358000e+01   03.57145000e+01   01.17160000e-04
  09.04262000e+01   06.59315000e+01   03.36878000e+01   07.94200000e-05
  08.88582000e+01   06.55340000e+01   03.28572000e+01  -07.78792000e-03
  07.52203000e+01   06.33204000e+01   03.96617000e+01   07.70140000e-04
  07.38091000e+01   06.27540000e+01   04.06935000e+01   07.99937000e-03
  07.36274000e+01   06.41363000e+01   03.97083000e+01  -03.55757000e-03
  07.10645000e+01   06.09502000e+01   04.46468000e+01  -07.15330000e-03
  06.98114000e+01   06.18335000e+01   04.39797000e+01   03.13430000e-03
  07.11509000e+01   06.17223000e+01   04.31614000e+01   01.47373000e-02
  06.68014000e+01   06.50744000e+01   04.68817000e+01  -01.94855000e-02
  06.77664000e+01   06.63396000e+01   04.74664000e+01   04.92255000e-03
  06.84291000e+01   06.51673000e+01   04.63195000e+01   04.33740000e-03
  07.04611000e+01   06.19247000e+01   05.12393000e+01   04.35178000e-03
  07.12451000e+01   06.28267000e+01   05.00404000e+01   02.18100000e-05
  06.98911000e+01   06.35007000e+01   05.09819000e+01  -05.02650000e-04
  06.91314000e+01   06.01186000e+01   04.87059000e+01  -01.43048000e-03
  07.06370000e+01   06.09355000e+01   04.83345000e+01   02.03840000e-04
  07.03929000e+01   06.03725000e+01   04.99089000e+01   08.62995000e-03
  06.71606000e+01   06.36390000e+01   05.22180000e+01  -01.63629000e-03
  07.08908000e+01   06.44466000e+01   04.65129000e+01  -02.76705000e-03
  06.93406000e+01   06.18683000e+01   04.65342000e+01   01.41710000e-03
  06.66730000e+01   06.51849000e+01   04.96407000e+01  -03.85980000e-04
  06.82202000e+01   06.49656000e+01   05.04329000e+01  -04.81110000e-04
  07.81952000e+01   06.64331000e+01   04.16078000e+01  -02.06250000e-04
  07.89878000e+01   06.53706000e+01   03.87743000e+01   01.11427000e-03
  08.10484000e+01   06.55760000e+01   03.80255000e+01  -01.53420000e-04
  08.28054000e+01   06.79582000e+01   03.91249000e+01  -01.90280000e-04
  08.32075000e+01   06.62853000e+01   03.65108000e+01  -03.63060000e-04
  06.59641000e+01   06.30601000e+01   04.96783000e+01   08.59900000e-05
  08.48202000e+01   06.67079000e+01   03.52237000e+01  -01.01020000e-04
  08.67464000e+01   06.88666000e+01   03.55105000e+01   02.50540000e-04
  08.64165000e+01   06.64323000e+01   03.37594000e+01  -01.19075000e-03
  08.81569000e+01   06.84836000e+01   03.10478000e+01   03.14160000e-04
  09.03535000e+01   06.80815000e+01   03.26155000e+01  -01.11070000e-04
  06.72387000e+01   06.13933000e+01   04.93531000e+01   03.13480000e-04
  06.78749000e+01   06.14853000e+01   05.08657000e+01   01.25001000e-03
  07.66304000e+01   06.51849000e+01   03.92284000e+01   04.27500000e-05
  07.58471000e+01   06.63879000e+01   04.20601000e+01  -04.51238000e-03
  07.42724000e+01   06.55073000e+01   04.33597000e+01   04.22636000e-03
  07.26111000e+01   06.32524000e+01   04.23794000e+01  -09.78060000e-04
  07.23918000e+01   06.49209000e+01   04.49036000e+01  -08.33290000e-04
  08.98254000e+01   06.65808000e+01   03.03630000e+01  -01.05330000e-03
