  06.92660000e+01   06.08418000e+01   04.99056000e+01  -02.53405000e-03
  06.90070000e+01   06.15672000e+01   05.11839000e+01   07.80610000e-04
  06.76211000e+01   06.20660000e+01   05.13903000e+01   06.83950000e-04
  06.75467000e+01   06.27103000e+01   05.26980000e+01   05.31930000e-04
  06.72226000e+01   06.31303000e+01   05.03282000e+01  -01.13880000e-03
  06.78351000e+01   06.28550000e+01   04.89568000e+01   05.01179000e-03
  06.86314000e+01   06.17100000e+01   04.87347000e+01  -01.30529000e-03
  06.92881000e+01   06.16736000e+01   04.74191000e+01  -01.54921000e-03
  07.00814000e+01   06.25441000e+01   04.67693000e+01  -09.64920000e-04
  07.07916000e+01   06.23151000e+01   04.55135000e+01  -02.95630000e-04
  07.19274000e+01   06.30795000e+01   04.51936000e+01  -02.57020000e-04
  07.26653000e+01   06.29883000e+01   04.40321000e+01   02.20720000e-04
  07.38488000e+01   06.36724000e+01   04.38621000e+01   02.85990000e-04
  07.46271000e+01   06.36800000e+01   04.26230000e+01   03.16900000e-05
  07.58089000e+01   06.43165000e+01   04.26261000e+01  -01.12020000e-04
  07.67097000e+01   06.45139000e+01   04.15730000e+01   03.40000000e-06
  06.85758000e+01   05.94700000e+01   05.00352000e+01   03.83030000e-04
  07.08109000e+01   06.04870000e+01   04.99393000e+01   01.30100000e-05
  06.76815000e+01   06.40287000e+01   04.80191000e+01  -01.34690000e-04
  07.02674000e+01   06.11644000e+01   04.45658000e+01  -08.35400000e-05
  07.40437000e+01   06.29893000e+01   04.13961000e+01   01.43700000e-03
  08.83297000e+01   06.52166000e+01   03.53476000e+01  -05.62820000e-04
  08.88449000e+01   06.45435000e+01   03.40607000e+01  -02.06960000e-04
  08.90328000e+01   06.54758000e+01   03.28782000e+01  -02.30470000e-04
  08.91865000e+01   06.46059000e+01   03.17692000e+01   01.43786000e-03
  08.77947000e+01   06.63712000e+01   03.26517000e+01   03.20417000e-03
  08.68255000e+01   06.65194000e+01   03.36734000e+01  -08.05080000e-04
  08.68952000e+01   06.56778000e+01   03.49682000e+01  -01.76788000e-03
  08.62137000e+01   06.62124000e+01   03.62353000e+01   07.22800000e-05
  08.50443000e+01   06.57525000e+01   03.66686000e+01   01.59105000e-02
  08.43586000e+01   06.60463000e+01   03.79479000e+01  -02.33693000e-02
  08.32355000e+01   06.53530000e+01   03.82429000e+01   05.37835000e-03
  08.24053000e+01   06.54741000e+01   03.93978000e+01   05.38182000e-03
  08.11994000e+01   06.48153000e+01   03.96632000e+01   05.79556000e-03
  08.03094000e+01   06.50919000e+01   04.08823000e+01  -06.99068000e-03
  07.90110000e+01   06.47129000e+01   04.07379000e+01   02.95799000e-03
  07.79596000e+01   06.49483000e+01   04.17177000e+01   08.80642000e-03
  08.93242000e+01   06.62750000e+01   03.57810000e+01  -03.71955000e-03
  08.84545000e+01   06.39997000e+01   03.64341000e+01  -01.20585000e-02
  08.56030000e+01   06.75017000e+01   03.35017000e+01   01.97011000e-03
  08.47914000e+01   06.71762000e+01   03.88311000e+01   08.37962000e-03
  08.08447000e+01   06.58705000e+01   04.20809000e+01  -01.14162000e-03
  08.03416000e+01   06.56695000e+01   04.29681000e+01   05.31110000e-04
  08.19061000e+01   06.57292000e+01   04.23326000e+01   06.44190000e-04
  08.06500000e+01   06.69271000e+01   04.18979000e+01  -01.18537000e-03
  08.42518000e+01   06.81004000e+01   03.88198000e+01  -09.86263000e-03
  08.48179000e+01   06.68998000e+01   03.98640000e+01   04.83486000e-03
  08.58390000e+01   06.74934000e+01   03.85629000e+01  -06.05704000e-03
  08.55215000e+01   06.83143000e+01   03.42622000e+01   01.25782000e-03
  08.56519000e+01   06.80191000e+01   03.25442000e+01  -04.29459000e-03
  08.47025000e+01   06.69056000e+01   03.34315000e+01   07.41250000e-04
  08.94876000e+01   06.36936000e+01   03.66246000e+01  -09.05833000e-03
  08.79129000e+01   06.43834000e+01   03.72887000e+01   05.11703000e-03
  08.79313000e+01   06.30978000e+01   03.62964000e+01   05.28601000e-03
  08.93059000e+01   06.65894000e+01   03.67991000e+01   06.61730000e-04
  09.03839000e+01   06.59616000e+01   03.55264000e+01  -01.43313000e-03
  08.91705000e+01   06.72249000e+01   03.53308000e+01   01.17160000e-04
  08.97470000e+01   06.39891000e+01   03.43195000e+01   07.94200000e-05
  08.83320000e+01   06.36587000e+01   03.37998000e+01  -07.78792000e-03
  07.47417000e+01   06.27940000e+01   04.06355000e+01   07.70140000e-04
  07.36304000e+01   06.19625000e+01   04.15840000e+01   07.99937000e-03
  07.31415000e+01   06.34884000e+01   04.10489000e+01  -03.55757000e-03
  06.94250000e+01   06.15616000e+01   04.39288000e+01  -07.15330000e-03
  07.10490000e+01   06.07917000e+01   04.38946000e+01   03.13430000e-03
  06.99423000e+01   06.02751000e+01   04.50481000e+01   01.47373000e-02
  06.83336000e+01   06.47715000e+01   04.83750000e+01  -01.94855000e-02
  06.78263000e+01   06.38370000e+01   04.69875000e+01   04.92255000e-03
  06.67838000e+01   06.45740000e+01   04.81220000e+01   04.33740000e-03
  07.14196000e+01   06.13956000e+01   05.00608000e+01   04.35178000e-03
  07.10197000e+01   05.97195000e+01   05.07130000e+01   02.18100000e-05
  07.12183000e+01   06.00478000e+01   04.89913000e+01  -05.02650000e-04
  06.88861000e+01   05.88078000e+01   04.92977000e+01  -01.43048000e-03
  06.87495000e+01   05.90182000e+01   05.09874000e+01   02.03840000e-04
  06.74574000e+01   05.96208000e+01   04.98835000e+01   08.62995000e-03
  06.74535000e+01   06.20673000e+01   05.33729000e+01  -01.63629000e-03
  07.02047000e+01   06.35204000e+01   04.72471000e+01  -02.76705000e-03
  06.91577000e+01   06.07311000e+01   04.69216000e+01   01.41710000e-03
  06.61426000e+01   06.30907000e+01   05.02104000e+01  -03.85980000e-04
  06.73631000e+01   06.41352000e+01   05.06736000e+01  -04.81110000e-04
  07.81712000e+01   06.52945000e+01   04.27519000e+01  -02.06250000e-04
  07.87355000e+01   06.41182000e+01   03.97889000e+01   01.11427000e-03
  08.08970000e+01   06.40650000e+01   03.88975000e+01  -01.53420000e-04
  08.26970000e+01   06.61328000e+01   04.01683000e+01  -01.90280000e-04
  08.28434000e+01   06.46821000e+01   03.74927000e+01  -03.63060000e-04
  06.70007000e+01   06.11936000e+01   05.11842000e+01   08.59900000e-05
  08.45543000e+01   06.50531000e+01   03.60033000e+01  -01.01020000e-04
  08.67581000e+01   06.69455000e+01   03.68702000e+01   02.50540000e-04
  08.63548000e+01   06.47436000e+01   03.45821000e+01  -01.19075000e-03
  08.76727000e+01   06.69433000e+01   03.17525000e+01   03.14160000e-04
  08.99043000e+01   06.62176000e+01   03.31062000e+01  -01.11070000e-04
  06.92207000e+01   06.09572000e+01   05.20807000e+01   03.13480000e-04
  06.97720000e+01   06.23374000e+01   05.13760000e+01   01.25001000e-03
  07.65563000e+01   06.41087000e+01   04.05589000e+01   04.27500000e-05
  07.60511000e+01   06.47589000e+01   04.35917000e+01  -04.51238000e-03
  07.41855000e+01   06.42692000e+01   04.46752000e+01   04.22636000e-03
  07.22299000e+01   06.25452000e+01   04.31176000e+01  -09.78060000e-04
  07.21396000e+01   06.38138000e+01   04.59772000e+01  -08.33290000e-04
  08.96344000e+01   06.50386000e+01   03.10109000e+01  -01.05330000e-03
