  07.08971000e+01   06.13996000e+01   04.99596000e+01  -02.53405000e-03
  07.04554000e+01   06.21201000e+01   05.12985000e+01   07.80610000e-04
  06.89639000e+01   06.25312000e+01   05.12987000e+01   06.83950000e-04
  06.85438000e+01   06.30210000e+01   05.26096000e+01   05.31930000e-04
  06.86004000e+01   06.34185000e+01   05.01241000e+01  -01.13880000e-03
  06.93038000e+01   06.30744000e+01   04.88555000e+01   05.01179000e-03
  07.02638000e+01   06.20917000e+01   04.87100000e+01  -01.30529000e-03
  07.08248000e+01   06.18253000e+01   04.73715000e+01  -01.54921000e-03
  07.17555000e+01   06.25873000e+01   04.67812000e+01  -09.64920000e-04
  07.23140000e+01   06.24350000e+01   04.54182000e+01  -02.95630000e-04
  07.32935000e+01   06.33365000e+01   04.50047000e+01  -02.57020000e-04
  07.39370000e+01   06.33692000e+01   04.37367000e+01   02.20720000e-04
  07.51581000e+01   06.40371000e+01   04.35177000e+01   02.85990000e-04
  07.60971000e+01   06.40115000e+01   04.23904000e+01   03.16900000e-05
  07.72387000e+01   06.47514000e+01   04.24233000e+01  -01.12020000e-04
  07.83092000e+01   06.46048000e+01   04.14324000e+01   03.40000000e-06
  07.04135000e+01   05.99202000e+01   05.00984000e+01   03.83030000e-04
  07.24186000e+01   06.14401000e+01   04.98340000e+01   01.30100000e-05
  06.87676000e+01   06.39913000e+01   04.77729000e+01  -01.34690000e-04
  07.17235000e+01   06.12536000e+01   04.46502000e+01  -08.35400000e-05
  07.56331000e+01   06.32446000e+01   04.11618000e+01   01.43700000e-03
  08.92247000e+01   06.56797000e+01   03.47335000e+01  -05.62820000e-04
  09.00237000e+01   06.50486000e+01   03.35032000e+01  -02.06960000e-04
  09.00975000e+01   06.58245000e+01   03.22627000e+01  -02.30470000e-04
  09.06632000e+01   06.50810000e+01   03.12028000e+01   01.43786000e-03
  08.87889000e+01   06.65925000e+01   03.19776000e+01   03.20417000e-03
  08.77588000e+01   06.67892000e+01   03.28147000e+01  -08.05080000e-04
  08.77784000e+01   06.62144000e+01   03.42343000e+01  -01.76788000e-03
  08.70494000e+01   06.70318000e+01   03.53448000e+01   07.22800000e-05
  08.60680000e+01   06.64484000e+01   03.61512000e+01   01.59105000e-02
  08.53783000e+01   06.69377000e+01   03.73509000e+01  -02.33693000e-02
  08.43166000e+01   06.62870000e+01   03.78984000e+01   05.37835000e-03
  08.37012000e+01   06.66205000e+01   03.91757000e+01   05.38182000e-03
  08.25822000e+01   06.59843000e+01   03.96748000e+01   05.79556000e-03
  08.16742000e+01   06.62698000e+01   04.07675000e+01  -06.99068000e-03
  08.05261000e+01   06.55018000e+01   04.06824000e+01   02.95799000e-03
  07.94020000e+01   06.54445000e+01   04.15137000e+01   08.80642000e-03
  09.01606000e+01   06.67659000e+01   03.52262000e+01  -03.71955000e-03
  08.90752000e+01   06.45064000e+01   03.57391000e+01  -01.20585000e-02
  08.64788000e+01   06.74072000e+01   03.23453000e+01   01.97011000e-03
  08.58214000e+01   06.82586000e+01   03.77900000e+01   08.37962000e-03
  08.21179000e+01   06.71041000e+01   04.19048000e+01  -01.14162000e-03
  08.13092000e+01   06.71331000e+01   04.26731000e+01   05.31110000e-04
  08.30960000e+01   06.66967000e+01   04.23566000e+01   06.44190000e-04
  08.21549000e+01   06.81934000e+01   04.15828000e+01  -01.18537000e-03
  08.52720000e+01   06.87880000e+01   03.85647000e+01  -09.86263000e-03
  08.69274000e+01   06.84012000e+01   03.79170000e+01   04.83486000e-03
  08.57483000e+01   06.88600000e+01   03.69309000e+01  -06.05704000e-03
  08.56533000e+01   06.67104000e+01   03.23666000e+01   01.25782000e-03
  08.62173000e+01   06.82356000e+01   03.29895000e+01  -04.29459000e-03
  08.67274000e+01   06.78681000e+01   03.14196000e+01   07.41250000e-04
  08.99834000e+01   06.38898000e+01   03.56610000e+01  -09.05833000e-03
  08.89521000e+01   06.48321000e+01   03.67284000e+01   05.11703000e-03
  08.82680000e+01   06.38094000e+01   03.56453000e+01   05.28601000e-03
  09.02146000e+01   06.76155000e+01   03.45382000e+01   06.61730000e-04
  08.98157000e+01   06.72126000e+01   03.62065000e+01  -01.43313000e-03
  09.12010000e+01   06.64314000e+01   03.53155000e+01   01.17160000e-04
  09.10759000e+01   06.47992000e+01   03.36597000e+01   07.94200000e-05
  08.96251000e+01   06.40504000e+01   03.32333000e+01  -07.78792000e-03
  07.54941000e+01   06.21794000e+01   04.13202000e+01   07.70140000e-04
  07.46867000e+01   06.35285000e+01   04.07446000e+01   07.99937000e-03
  07.63387000e+01   06.33438000e+01   04.02644000e+01  -03.55757000e-03
  07.21421000e+01   06.11591000e+01   04.37114000e+01  -07.15330000e-03
  07.18427000e+01   06.02286000e+01   04.50373000e+01   03.13430000e-03
  07.06370000e+01   06.13886000e+01   04.44517000e+01   01.47373000e-02
  06.78202000e+01   06.44277000e+01   04.81372000e+01  -01.94855000e-02
  06.94188000e+01   06.48864000e+01   04.75098000e+01   04.92255000e-03
  06.85269000e+01   06.34120000e+01   04.68482000e+01   04.33740000e-03
  07.28483000e+01   06.11655000e+01   04.88171000e+01   04.35178000e-03
  07.26390000e+01   06.25328000e+01   04.99317000e+01   02.18100000e-05
  07.29123000e+01   06.09612000e+01   05.07419000e+01  -05.02650000e-04
  07.06317000e+01   05.92925000e+01   04.92122000e+01  -01.43048000e-03
  07.10427000e+01   05.94694000e+01   05.08892000e+01   02.03840000e-04
  06.93348000e+01   05.97809000e+01   05.03418000e+01   08.62995000e-03
  06.87775000e+01   06.24807000e+01   05.34058000e+01  -01.63629000e-03
  07.21011000e+01   06.34570000e+01   04.73529000e+01  -02.76705000e-03
  07.05135000e+01   06.09576000e+01   04.69097000e+01   01.41710000e-03
  06.75506000e+01   06.32507000e+01   04.99467000e+01  -03.85980000e-04
  06.88398000e+01   06.44646000e+01   05.04369000e+01  -04.81110000e-04
  07.93127000e+01   06.61860000e+01   04.23104000e+01  -02.06250000e-04
  08.03525000e+01   06.47910000e+01   03.98664000e+01   01.11427000e-03
  08.22074000e+01   06.52306000e+01   03.89983000e+01  -01.53420000e-04
  08.42387000e+01   06.74394000e+01   03.96263000e+01  -01.90280000e-04
  08.40378000e+01   06.52783000e+01   03.75687000e+01  -03.63060000e-04
  06.83733000e+01   06.16050000e+01   05.11233000e+01   08.59900000e-05
  08.58448000e+01   06.53759000e+01   03.59586000e+01  -01.01020000e-04
  08.75095000e+01   06.80365000e+01   03.56382000e+01   02.50540000e-04
  08.70938000e+01   06.53946000e+01   03.40894000e+01  -01.19075000e-03
  08.86982000e+01   06.68708000e+01   03.09196000e+01   03.14160000e-04
  09.06487000e+01   06.67803000e+01   03.24614000e+01  -01.11070000e-04
  07.07516000e+01   06.13984000e+01   05.20988000e+01   03.13480000e-04
  07.10278000e+01   06.30572000e+01   05.13973000e+01   01.25001000e-03
  07.81811000e+01   06.36652000e+01   04.07657000e+01   04.27500000e-05
  07.74135000e+01   06.54469000e+01   04.32172000e+01  -04.51238000e-03
  07.54917000e+01   06.45860000e+01   04.44202000e+01   04.22636000e-03
  07.37214000e+01   06.25772000e+01   04.29873000e+01  -09.78060000e-04
  07.35824000e+01   06.41288000e+01   04.56819000e+01  -08.33290000e-04
  09.00439000e+01   06.44962000e+01   03.08215000e+01  -01.05330000e-03
