  06.84647000e+01   05.99711000e+01   04.90480000e+01  -02.53405000e-03
  06.71324000e+01   05.95164000e+01   04.95820000e+01   07.80610000e-04
  06.61044000e+01   06.05946000e+01   05.00128000e+01   06.83950000e-04
  06.62579000e+01   06.07751000e+01   05.14803000e+01   05.31930000e-04
  06.63304000e+01   06.18695000e+01   04.93839000e+01  -01.13880000e-03
  06.69872000e+01   06.17862000e+01   04.80388000e+01   05.01179000e-03
  06.80692000e+01   06.09495000e+01   04.78705000e+01  -01.30529000e-03
  06.84373000e+01   06.04645000e+01   04.64763000e+01  -01.54921000e-03
  06.90187000e+01   06.11849000e+01   04.55061000e+01  -09.64920000e-04
  06.93288000e+01   06.08851000e+01   04.41209000e+01  -02.95630000e-04
  07.01627000e+01   06.17759000e+01   04.34490000e+01  -02.57020000e-04
  07.06743000e+01   06.18179000e+01   04.20879000e+01   02.20720000e-04
  07.19146000e+01   06.24727000e+01   04.18906000e+01   02.85990000e-04
  07.26515000e+01   06.23567000e+01   04.07230000e+01   03.16900000e-05
  07.38929000e+01   06.30392000e+01   04.07177000e+01  -01.12020000e-04
  07.49525000e+01   06.31225000e+01   03.97847000e+01   03.40000000e-06
  06.92130000e+01   05.86810000e+01   04.84353000e+01   03.83030000e-04
  06.93852000e+01   06.06254000e+01   05.01348000e+01   01.30100000e-05
  06.62125000e+01   06.22695000e+01   04.68569000e+01  -01.34690000e-04
  06.87773000e+01   05.96162000e+01   04.35771000e+01  -08.35400000e-05
  07.23283000e+01   06.16031000e+01   03.94546000e+01   01.43700000e-03
  08.66442000e+01   06.42754000e+01   03.37816000e+01  -05.62820000e-04
  08.72447000e+01   06.37062000e+01   03.24282000e+01  -02.06960000e-04
  08.76197000e+01   06.47939000e+01   03.14250000e+01  -02.30470000e-04
  08.80758000e+01   06.41609000e+01   03.02492000e+01   01.43786000e-03
  08.64763000e+01   06.57209000e+01   03.12226000e+01   03.20417000e-03
  08.53811000e+01   06.58571000e+01   03.20044000e+01  -08.05080000e-04
  08.52762000e+01   06.49970000e+01   03.33473000e+01  -01.76788000e-03
  08.44340000e+01   06.57001000e+01   03.44567000e+01   07.22800000e-05
  08.31709000e+01   06.54702000e+01   03.48882000e+01   01.59105000e-02
  08.23808000e+01   06.58101000e+01   03.60710000e+01  -02.33693000e-02
  08.12860000e+01   06.50836000e+01   03.64952000e+01   05.37835000e-03
  08.04092000e+01   06.52548000e+01   03.76414000e+01   05.38182000e-03
  07.92534000e+01   06.46109000e+01   03.79017000e+01   05.79556000e-03
  07.83204000e+01   06.47572000e+01   03.89380000e+01  -06.99068000e-03
  07.70882000e+01   06.41392000e+01   03.87767000e+01   02.95799000e-03
  07.60234000e+01   06.39803000e+01   03.97719000e+01   08.80642000e-03
  08.76340000e+01   06.50998000e+01   03.45547000e+01  -03.71955000e-03
  08.63696000e+01   06.30314000e+01   03.46307000e+01  -01.20585000e-02
  08.43118000e+01   06.68774000e+01   03.15535000e+01   01.97011000e-03
  08.27805000e+01   06.69266000e+01   03.69559000e+01   08.37962000e-03
  07.87079000e+01   06.53834000e+01   04.02794000e+01  -01.14162000e-03
  07.98003000e+01   06.53179000e+01   04.04606000e+01   05.31110000e-04
  07.83192000e+01   06.64155000e+01   04.03968000e+01   06.44190000e-04
  07.83966000e+01   06.47559000e+01   04.10823000e+01  -01.18537000e-03
  08.34816000e+01   06.76886000e+01   03.65533000e+01  -09.86263000e-03
  08.18829000e+01   06.74929000e+01   03.73030000e+01   04.83486000e-03
  08.32349000e+01   06.66164000e+01   03.79147000e+01  -06.05704000e-03
  08.46827000e+01   06.75218000e+01   03.06866000e+01   01.25782000e-03
  08.34459000e+01   06.62990000e+01   03.11681000e+01  -04.29459000e-03
  08.40252000e+01   06.75338000e+01   03.24003000e+01   07.41250000e-04
  08.56251000e+01   06.23918000e+01   03.42897000e+01  -09.05833000e-03
  08.72708000e+01   06.24811000e+01   03.49462000e+01   05.11703000e-03
  08.59966000e+01   06.35212000e+01   03.55439000e+01   05.28601000e-03
  08.84766000e+01   06.45258000e+01   03.49040000e+01   06.61730000e-04
  08.80498000e+01   06.59951000e+01   03.39624000e+01  -01.43313000e-03
  08.71389000e+01   06.55132000e+01   03.54356000e+01   01.17160000e-04
  08.81110000e+01   06.30512000e+01   03.26149000e+01   07.94200000e-05
  08.64044000e+01   06.31035000e+01   03.19481000e+01  -07.78792000e-03
  07.13000000e+01   06.11021000e+01   03.95265000e+01   07.70140000e-04
  07.22114000e+01   06.21981000e+01   03.85786000e+01   07.99937000e-03
  07.30470000e+01   06.09057000e+01   03.91128000e+01  -03.55757000e-03
  06.91582000e+01   05.94900000e+01   04.25580000e+01  -07.15330000e-03
  06.90157000e+01   05.87184000e+01   04.41332000e+01   03.13430000e-03
  06.77001000e+01   05.95262000e+01   04.35010000e+01   01.47373000e-02
  06.65592000e+01   06.32146000e+01   04.64370000e+01  -01.94855000e-02
  06.60259000e+01   06.15324000e+01   04.60379000e+01   04.92255000e-03
  06.51771000e+01   06.25364000e+01   04.72167000e+01   04.33740000e-03
  06.87531000e+01   06.08572000e+01   05.10104000e+01   04.35178000e-03
  07.02674000e+01   06.00399000e+01   05.04383000e+01   02.18100000e-05
  06.98160000e+01   06.15775000e+01   04.97712000e+01  -05.02650000e-04
  07.02484000e+01   05.88404000e+01   04.80859000e+01  -01.43048000e-03
  06.95051000e+01   05.80727000e+01   04.92591000e+01   02.03840000e-04
  06.87325000e+01   05.80256000e+01   04.77828000e+01   08.62995000e-03
  06.53819000e+01   06.07043000e+01   05.18840000e+01  -01.63629000e-03
  06.94672000e+01   06.21533000e+01   04.58697000e+01  -02.76705000e-03
  06.80084000e+01   05.94846000e+01   04.61675000e+01   01.41710000e-03
  06.53133000e+01   06.23800000e+01   04.94369000e+01  -03.85980000e-04
  06.68848000e+01   06.25230000e+01   05.00151000e+01  -04.81110000e-04
  07.60794000e+01   06.46223000e+01   04.06531000e+01  -02.06250000e-04
  07.68380000e+01   06.34457000e+01   03.79353000e+01   01.11427000e-03
  07.89587000e+01   06.38938000e+01   03.70876000e+01  -01.53420000e-04
  08.07497000e+01   06.59111000e+01   03.85105000e+01  -01.90280000e-04
  08.09784000e+01   06.42877000e+01   03.59699000e+01  -03.63060000e-04
  06.51067000e+01   06.02082000e+01   04.98168000e+01   08.59900000e-05
  08.26779000e+01   06.46407000e+01   03.43571000e+01  -01.01020000e-04
  08.50434000e+01   06.63132000e+01   03.51094000e+01   02.50540000e-04
  08.45644000e+01   06.41713000e+01   03.30155000e+01  -01.19075000e-03
  08.64788000e+01   06.63887000e+01   03.03707000e+01   03.14160000e-04
  08.84379000e+01   06.53659000e+01   03.18775000e+01  -01.11070000e-04
  06.65672000e+01   05.90137000e+01   04.88560000e+01   03.13480000e-04
  06.73361000e+01   05.88237000e+01   05.04353000e+01   01.25001000e-03
  07.49436000e+01   06.24869000e+01   03.88685000e+01   04.27500000e-05
  07.41721000e+01   06.36530000e+01   04.15572000e+01  -04.51238000e-03
  07.23722000e+01   06.30873000e+01   04.26858000e+01   04.22636000e-03
  07.02000000e+01   06.12006000e+01   04.13404000e+01  -09.78060000e-04
  07.03888000e+01   06.26215000e+01   04.40611000e+01  -08.33290000e-04
  08.73875000e+01   06.38064000e+01   02.96723000e+01  -01.05330000e-03
