  06.70910000e+01   06.26426000e+01   05.10090000e+01  -02.53405000e-03
  06.72202000e+01   06.40049000e+01   05.17435000e+01   07.80610000e-04
  06.58742000e+01   06.48214000e+01   05.17270000e+01   06.83950000e-04
  06.61519000e+01   06.62282000e+01   05.18419000e+01   05.31930000e-04
  06.50585000e+01   06.46355000e+01   05.03440000e+01  -01.13880000e-03
  06.58089000e+01   06.40339000e+01   04.92657000e+01   05.01179000e-03
  06.66815000e+01   06.29982000e+01   04.94638000e+01  -01.30529000e-03
  06.74517000e+01   06.23737000e+01   04.82853000e+01  -01.54921000e-03
  06.83852000e+01   06.30079000e+01   04.74984000e+01  -09.64920000e-04
  06.88957000e+01   06.23386000e+01   04.62716000e+01  -02.95630000e-04
  06.98978000e+01   06.29474000e+01   04.55728000e+01  -02.57020000e-04
  07.06261000e+01   06.25717000e+01   04.43846000e+01   02.20720000e-04
  07.17449000e+01   06.33155000e+01   04.39666000e+01   02.85990000e-04
  07.25991000e+01   06.29824000e+01   04.28484000e+01   03.16900000e-05
  07.38298000e+01   06.36427000e+01   04.26361000e+01  -01.12020000e-04
  07.49372000e+01   06.35092000e+01   04.17684000e+01   03.40000000e-06
  06.59610000e+01   06.18529000e+01   05.17946000e+01   03.83030000e-04
  06.83996000e+01   06.18900000e+01   05.14058000e+01   01.30100000e-05
  06.55629000e+01   06.46100000e+01   04.79222000e+01  -01.34690000e-04
  06.82866000e+01   06.09986000e+01   04.58387000e+01  -08.35400000e-05
  07.20063000e+01   06.22220000e+01   04.17269000e+01   01.43700000e-03
  08.66725000e+01   06.47816000e+01   03.62055000e+01  -05.62820000e-04
  08.74146000e+01   06.43538000e+01   03.49205000e+01  -02.06960000e-04
  08.75037000e+01   06.54444000e+01   03.38564000e+01  -02.30470000e-04
  08.83551000e+01   06.49447000e+01   03.27439000e+01   01.43786000e-03
  08.61157000e+01   06.61148000e+01   03.37388000e+01   03.20417000e-03
  08.50400000e+01   06.58863000e+01   03.45422000e+01  -08.05080000e-04
  08.51298000e+01   06.49723000e+01   03.57758000e+01  -01.76788000e-03
  08.42853000e+01   06.55705000e+01   03.68685000e+01   07.22800000e-05
  08.30370000e+01   06.52167000e+01   03.71863000e+01   01.59105000e-02
  08.24252000e+01   06.57481000e+01   03.83523000e+01  -02.33693000e-02
  08.12979000e+01   06.50806000e+01   03.88168000e+01   05.37835000e-03
  08.04458000e+01   06.53781000e+01   03.99848000e+01   05.38182000e-03
  07.94261000e+01   06.46117000e+01   04.02462000e+01   05.79556000e-03
  07.84307000e+01   06.47305000e+01   04.12917000e+01  -06.99068000e-03
  07.71807000e+01   06.41656000e+01   04.11083000e+01   02.95799000e-03
  07.61218000e+01   06.41726000e+01   04.19968000e+01   08.80642000e-03
  08.74170000e+01   06.60462000e+01   03.67844000e+01  -03.71955000e-03
  08.70228000e+01   06.37578000e+01   03.72955000e+01  -01.20585000e-02
  08.36837000e+01   06.64625000e+01   03.41399000e+01   01.97011000e-03
  08.28218000e+01   06.70771000e+01   03.89375000e+01   08.37962000e-03
  07.85846000e+01   06.57686000e+01   04.24472000e+01  -01.14162000e-03
  07.96342000e+01   06.59209000e+01   04.27873000e+01   05.31110000e-04
  07.82421000e+01   06.67415000e+01   04.21864000e+01   06.44190000e-04
  07.80766000e+01   06.55235000e+01   04.33744000e+01  -01.18537000e-03
  08.37283000e+01   06.69889000e+01   03.95469000e+01  -09.86263000e-03
  08.30481000e+01   06.78717000e+01   03.82002000e+01   04.83486000e-03
  08.20068000e+01   06.74667000e+01   03.95832000e+01  -06.05704000e-03
  08.33023000e+01   06.72048000e+01   03.48768000e+01   01.25782000e-03
  08.37314000e+01   06.68612000e+01   03.31631000e+01  -04.29459000e-03
  08.29700000e+01   06.56161000e+01   03.39563000e+01   07.41250000e-04
  08.64504000e+01   06.39622000e+01   03.82316000e+01  -09.05833000e-03
  08.67753000e+01   06.27207000e+01   03.70524000e+01   05.11703000e-03
  08.81541000e+01   06.36334000e+01   03.73287000e+01   05.28601000e-03
  08.71922000e+01   06.70340000e+01   03.63369000e+01   06.61730000e-04
  08.73771000e+01   06.61215000e+01   03.78739000e+01  -01.43313000e-03
  08.85237000e+01   06.58587000e+01   03.65663000e+01   01.17160000e-04
  08.85260000e+01   06.42233000e+01   03.49939000e+01   07.94200000e-05
  08.69173000e+01   06.34767000e+01   03.44327000e+01  -07.78792000e-03
  07.13792000e+01   06.14170000e+01   04.20539000e+01   07.70140000e-04
  07.15264000e+01   06.28644000e+01   04.10011000e+01   07.99937000e-03
  07.27931000e+01   06.17129000e+01   04.10686000e+01  -03.55757000e-03
  06.82501000e+01   06.02964000e+01   04.66473000e+01  -07.15330000e-03
  06.72550000e+01   06.10487000e+01   04.55719000e+01   03.13430000e-03
  06.87503000e+01   06.05687000e+01   04.49886000e+01   01.47373000e-02
  06.63440000e+01   06.54409000e+01   04.78354000e+01  -01.94855000e-02
  06.56973000e+01   06.37984000e+01   04.71089000e+01   04.92255000e-03
  06.45562000e+01   06.49996000e+01   04.78851000e+01   04.33740000e-03
  06.84608000e+01   06.08998000e+01   05.09139000e+01   04.35178000e-03
  06.93057000e+01   06.23452000e+01   05.09771000e+01   02.18100000e-05
  06.85790000e+01   06.17403000e+01   05.24505000e+01  -05.02650000e-04
  06.60785000e+01   06.08114000e+01   05.16747000e+01  -01.43048000e-03
  06.59761000e+01   06.20658000e+01   05.28781000e+01   02.03840000e-04
  06.49539000e+01   06.20503000e+01   05.14669000e+01   08.62995000e-03
  06.54390000e+01   06.66690000e+01   05.24321000e+01  -01.63629000e-03
  06.87202000e+01   06.39548000e+01   04.78022000e+01  -02.76705000e-03
  06.69708000e+01   06.13953000e+01   04.81832000e+01   01.41710000e-03
  06.41907000e+01   06.39777000e+01   05.05515000e+01  -03.85980000e-04
  06.46843000e+01   06.56197000e+01   05.00194000e+01  -04.81110000e-04
  07.61507000e+01   06.49546000e+01   04.27612000e+01  -02.06250000e-04
  07.70407000e+01   06.35582000e+01   04.02317000e+01   01.11427000e-03
  07.92289000e+01   06.37994000e+01   03.95414000e+01  -01.53420000e-04
  08.05843000e+01   06.62391000e+01   04.06097000e+01  -01.90280000e-04
  08.11530000e+01   06.41195000e+01   03.82522000e+01  -03.63060000e-04
  06.51561000e+01   06.45259000e+01   05.25314000e+01   08.59900000e-05
  08.25960000e+01   06.43243000e+01   03.66669000e+01  -01.01020000e-04
  08.47706000e+01   06.64365000e+01   03.72840000e+01   02.50540000e-04
  08.46884000e+01   06.39776000e+01   03.55124000e+01  -01.19075000e-03
  08.59809000e+01   06.69151000e+01   03.29772000e+01   03.14160000e-04
  08.80876000e+01   06.62446000e+01   03.43855000e+01  -01.11070000e-04
  06.74073000e+01   06.39300000e+01   05.27654000e+01   03.13480000e-04
  06.80852000e+01   06.46631000e+01   05.15053000e+01   01.25001000e-03
  07.48964000e+01   06.27941000e+01   04.09983000e+01   04.27500000e-05
  07.41538000e+01   06.43863000e+01   04.34183000e+01  -04.51238000e-03
  07.21271000e+01   06.40981000e+01   04.46925000e+01   04.22636000e-03
  07.02077000e+01   06.17414000e+01   04.38226000e+01  -09.78060000e-04
  07.02919000e+01   06.38661000e+01   04.59220000e+01  -08.33290000e-04
  08.78929000e+01   06.42842000e+01   03.21953000e+01  -01.05330000e-03
