  06.91620000e+01   06.23788000e+01   05.00402000e+01  -02.53405000e-03
  06.77126000e+01   06.21603000e+01   05.05600000e+01   07.80610000e-04
  06.68025000e+01   06.33879000e+01   05.08095000e+01   06.83950000e-04
  06.68196000e+01   06.36637000e+01   05.21882000e+01   05.31930000e-04
  06.72023000e+01   06.45639000e+01   04.98723000e+01  -01.13880000e-03
  06.80327000e+01   06.42225000e+01   04.86410000e+01   05.01179000e-03
  06.89789000e+01   06.32415000e+01   04.87311000e+01  -01.30529000e-03
  06.94581000e+01   06.26337000e+01   04.74745000e+01  -01.54921000e-03
  07.02243000e+01   06.32468000e+01   04.65421000e+01  -09.64920000e-04
  07.07127000e+01   06.27323000e+01   04.52504000e+01  -02.95630000e-04
  07.15284000e+01   06.35627000e+01   04.44964000e+01  -02.57020000e-04
  07.23052000e+01   06.34642000e+01   04.32975000e+01   02.20720000e-04
  07.33778000e+01   06.42211000e+01   04.30266000e+01   02.85990000e-04
  07.42691000e+01   06.42129000e+01   04.19229000e+01   03.16900000e-05
  07.53061000e+01   06.51657000e+01   04.20291000e+01  -01.12020000e-04
  07.64404000e+01   06.52157000e+01   04.10621000e+01   03.40000000e-06
  06.98038000e+01   06.09748000e+01   04.98966000e+01   03.83030000e-04
  06.98987000e+01   06.30240000e+01   05.12417000e+01   01.30100000e-05
  06.76483000e+01   06.50325000e+01   04.74461000e+01  -01.34690000e-04
  07.02136000e+01   06.13681000e+01   04.47051000e+01  -08.35400000e-05
  07.38718000e+01   06.33840000e+01   04.06845000e+01   01.43700000e-03
  08.78027000e+01   06.59250000e+01   03.50279000e+01  -05.62820000e-04
  08.87058000e+01   06.55408000e+01   03.37643000e+01  -02.06960000e-04
  08.88991000e+01   06.66682000e+01   03.27730000e+01  -02.30470000e-04
  08.98176000e+01   06.61111000e+01   03.17607000e+01   01.43786000e-03
  08.76104000e+01   06.73745000e+01   03.23360000e+01   03.20417000e-03
  08.65252000e+01   06.73452000e+01   03.31213000e+01  -08.05080000e-04
  08.64460000e+01   06.64392000e+01   03.44063000e+01  -01.76788000e-03
  08.56659000e+01   06.70639000e+01   03.55505000e+01   07.22800000e-05
  08.46496000e+01   06.65891000e+01   03.63698000e+01   01.59105000e-02
  08.41536000e+01   06.69824000e+01   03.76432000e+01  -02.33693000e-02
  08.29371000e+01   06.64828000e+01   03.80138000e+01   05.37835000e-03
  08.21609000e+01   06.66454000e+01   03.91623000e+01   05.38182000e-03
  08.08703000e+01   06.61758000e+01   03.93805000e+01   05.79556000e-03
  08.00067000e+01   06.63379000e+01   04.04941000e+01  -06.99068000e-03
  07.87729000e+01   06.57952000e+01   04.04613000e+01   02.95799000e-03
  07.76579000e+01   06.57680000e+01   04.13596000e+01   08.80642000e-03
  08.85183000e+01   06.70875000e+01   03.58412000e+01  -03.71955000e-03
  08.77335000e+01   06.46266000e+01   03.59510000e+01  -01.20585000e-02
  08.54027000e+01   06.83044000e+01   03.27955000e+01   01.97011000e-03
  08.50079000e+01   06.78482000e+01   03.85090000e+01   08.37962000e-03
  08.05505000e+01   06.70674000e+01   04.17191000e+01  -01.14162000e-03
  07.97415000e+01   06.73991000e+01   04.24175000e+01   05.31110000e-04
  08.12852000e+01   06.64768000e+01   04.22065000e+01   06.44190000e-04
  08.09574000e+01   06.80435000e+01   04.14126000e+01  -01.18537000e-03
  08.47563000e+01   06.89084000e+01   03.84042000e+01  -09.86263000e-03
  08.50895000e+01   06.75154000e+01   03.95900000e+01   04.83486000e-03
  08.60094000e+01   06.80854000e+01   03.81183000e+01  -06.05704000e-03
  08.50635000e+01   06.89894000e+01   03.36584000e+01   01.25782000e-03
  08.55904000e+01   06.89690000e+01   03.19079000e+01  -04.29459000e-03
  08.45088000e+01   06.77321000e+01   03.25280000e+01   07.41250000e-04
  08.73943000e+01   06.37534000e+01   03.52978000e+01  -09.05833000e-03
  08.86560000e+01   06.44382000e+01   03.64988000e+01   05.11703000e-03
  08.69966000e+01   06.48410000e+01   03.67367000e+01   05.28601000e-03
  08.88089000e+01   06.79201000e+01   03.51629000e+01   06.61730000e-04
  08.80079000e+01   06.75238000e+01   03.66460000e+01  -01.43313000e-03
  08.95016000e+01   06.67515000e+01   03.62566000e+01   01.17160000e-04
  08.95865000e+01   06.50372000e+01   03.40407000e+01   07.94200000e-05
  08.81284000e+01   06.48308000e+01   03.31267000e+01  -07.78792000e-03
  07.34940000e+01   06.23789000e+01   04.08023000e+01   07.70140000e-04
  07.30032000e+01   06.38695000e+01   04.02277000e+01   07.99937000e-03
  07.46560000e+01   06.33561000e+01   03.99855000e+01  -03.55757000e-03
  07.03069000e+01   06.13457000e+01   04.36143000e+01  -07.15330000e-03
  07.08168000e+01   06.05383000e+01   04.51552000e+01   03.13430000e-03
  06.91337000e+01   06.11920000e+01   04.48944000e+01   01.47373000e-02
  06.67177000e+01   06.55784000e+01   04.76138000e+01  -01.94855000e-02
  06.83406000e+01   06.58001000e+01   04.72157000e+01   04.92255000e-03
  06.76832000e+01   06.44408000e+01   04.65497000e+01   04.33740000e-03
  06.97596000e+01   06.24626000e+01   05.21339000e+01   04.35178000e-03
  07.09606000e+01   06.30803000e+01   05.10240000e+01   02.18100000e-05
  06.93968000e+01   06.39692000e+01   05.14259000e+01  -05.02650000e-04
  06.91810000e+01   06.02645000e+01   04.93086000e+01  -01.43048000e-03
  07.07895000e+01   06.12069000e+01   04.95122000e+01   02.03840000e-04
  06.98355000e+01   06.04195000e+01   05.08179000e+01   08.62995000e-03
  06.60002000e+01   06.41542000e+01   05.22551000e+01  -01.63629000e-03
  07.06054000e+01   06.42374000e+01   04.67982000e+01  -02.76705000e-03
  06.91291000e+01   06.15348000e+01   04.72336000e+01   01.41710000e-03
  06.63529000e+01   06.52095000e+01   04.98746000e+01  -03.85980000e-04
  06.77935000e+01   06.53004000e+01   05.04187000e+01  -04.81110000e-04
  07.77072000e+01   06.61150000e+01   04.24613000e+01  -02.06250000e-04
  07.85690000e+01   06.52094000e+01   03.95586000e+01   01.11427000e-03
  08.04784000e+01   06.56491000e+01   03.84689000e+01  -01.53420000e-04
  08.27765000e+01   06.72101000e+01   03.99532000e+01  -01.90280000e-04
  08.23398000e+01   06.58539000e+01   03.73062000e+01  -03.63060000e-04
  06.58391000e+01   06.29520000e+01   05.05832000e+01   08.59900000e-05
  08.41548000e+01   06.56688000e+01   03.60336000e+01  -01.01020000e-04
  08.61271000e+01   06.80565000e+01   03.58156000e+01   02.50540000e-04
  08.59464000e+01   06.54753000e+01   03.40775000e+01  -01.19075000e-03
  08.75646000e+01   06.80270000e+01   03.14460000e+01   03.14160000e-04
  08.96381000e+01   06.74115000e+01   03.31251000e+01  -01.11070000e-04
  06.71967000e+01   06.15602000e+01   04.97995000e+01   03.13480000e-04
  06.77490000e+01   06.15327000e+01   05.14201000e+01   01.25001000e-03
  07.64150000e+01   06.47553000e+01   04.00969000e+01   04.27500000e-05
  07.53748000e+01   06.56945000e+01   04.29385000e+01  -04.51238000e-03
  07.34626000e+01   06.48909000e+01   04.38331000e+01   04.22636000e-03
  07.20826000e+01   06.27722000e+01   04.24967000e+01  -09.78060000e-04
  07.16499000e+01   06.45978000e+01   04.49805000e+01  -08.33290000e-04
  08.92835000e+01   06.58361000e+01   03.09740000e+01  -01.05330000e-03
