  06.82716000e+01   06.12958000e+01   05.12150000e+01  -02.53405000e-03
  06.68386000e+01   06.10493000e+01   05.16163000e+01   07.80610000e-04
  06.58930000e+01   06.22838000e+01   05.19371000e+01   06.83950000e-04
  06.61221000e+01   06.25824000e+01   05.32681000e+01   05.31930000e-04
  06.62156000e+01   06.34064000e+01   05.09811000e+01  -01.13880000e-03
  06.72340000e+01   06.31154000e+01   04.98120000e+01   05.01179000e-03
  06.81385000e+01   06.21193000e+01   04.99219000e+01  -01.30529000e-03
  06.86030000e+01   06.15180000e+01   04.86968000e+01  -01.54921000e-03
  06.92647000e+01   06.20603000e+01   04.76455000e+01  -09.64920000e-04
  06.95831000e+01   06.16386000e+01   04.63244000e+01  -02.95630000e-04
  07.05433000e+01   06.23952000e+01   04.55979000e+01  -02.57020000e-04
  07.12138000e+01   06.22108000e+01   04.43913000e+01   02.20720000e-04
  07.22948000e+01   06.29838000e+01   04.40777000e+01   02.85990000e-04
  07.32107000e+01   06.30558000e+01   04.29659000e+01   03.16900000e-05
  07.44082000e+01   06.36585000e+01   04.31167000e+01  -01.12020000e-04
  07.53937000e+01   06.38262000e+01   04.20397000e+01   03.40000000e-06
  06.89406000e+01   05.99331000e+01   05.11211000e+01   03.83030000e-04
  06.90583000e+01   06.19890000e+01   05.24304000e+01   01.30100000e-05
  06.67219000e+01   06.38507000e+01   04.85267000e+01  -01.34690000e-04
  06.90889000e+01   06.02414000e+01   04.58831000e+01  -08.35400000e-05
  07.27995000e+01   06.23251000e+01   04.16718000e+01   01.43700000e-03
  08.71996000e+01   06.47938000e+01   03.62200000e+01  -05.62820000e-04
  08.80179000e+01   06.43665000e+01   03.50083000e+01  -02.06960000e-04
  08.80069000e+01   06.53041000e+01   03.37541000e+01  -02.30470000e-04
  08.86231000e+01   06.44657000e+01   03.27515000e+01   01.43786000e-03
  08.65971000e+01   06.59505000e+01   03.36118000e+01   03.20417000e-03
  08.56099000e+01   06.57855000e+01   03.44569000e+01  -08.05080000e-04
  08.56562000e+01   06.50858000e+01   03.58407000e+01  -01.76788000e-03
  08.48057000e+01   06.55491000e+01   03.70105000e+01   07.22800000e-05
  08.35105000e+01   06.53415000e+01   03.73151000e+01   01.59105000e-02
  08.29157000e+01   06.58521000e+01   03.85065000e+01  -02.33693000e-02
  08.16945000e+01   06.53423000e+01   03.89307000e+01   05.37835000e-03
  08.09142000e+01   06.55527000e+01   04.01209000e+01   05.38182000e-03
  07.96629000e+01   06.52406000e+01   04.01866000e+01   05.79556000e-03
  07.89006000e+01   06.53094000e+01   04.14124000e+01  -06.99068000e-03
  07.76850000e+01   06.47123000e+01   04.13300000e+01   02.95799000e-03
  07.65519000e+01   06.44663000e+01   04.22978000e+01   08.80642000e-03
  08.79384000e+01   06.60215000e+01   03.67346000e+01  -03.71955000e-03
  08.73167000e+01   06.37091000e+01   03.72591000e+01  -01.20585000e-02
  08.42652000e+01   06.63046000e+01   03.41707000e+01   01.97011000e-03
  08.36784000e+01   06.69434000e+01   03.93260000e+01   08.37962000e-03
  07.93282000e+01   06.62596000e+01   04.25340000e+01  -01.14162000e-03
  07.94585000e+01   06.72974000e+01   04.22263000e+01   05.31110000e-04
  07.85648000e+01   06.62755000e+01   04.32794000e+01   06.44190000e-04
  08.02654000e+01   06.58599000e+01   04.29917000e+01  -01.18537000e-03
  08.30062000e+01   06.73820000e+01   04.00149000e+01  -09.86263000e-03
  08.45072000e+01   06.65801000e+01   03.98874000e+01   04.83486000e-03
  08.39381000e+01   06.77827000e+01   03.86456000e+01  -06.05704000e-03
  08.40787000e+01   06.65848000e+01   03.30806000e+01   01.25782000e-03
  08.35978000e+01   06.54454000e+01   03.43746000e+01  -04.29459000e-03
  08.39684000e+01   06.71750000e+01   03.47473000e+01   07.41250000e-04
  08.67824000e+01   06.40495000e+01   03.81585000e+01  -09.05833000e-03
  08.67762000e+01   06.27964000e+01   03.69841000e+01   05.11703000e-03
  08.83250000e+01   06.34204000e+01   03.75291000e+01   05.28601000e-03
  08.89292000e+01   06.56725000e+01   03.68736000e+01   06.61730000e-04
  08.78906000e+01   06.68654000e+01   03.59819000e+01  -01.43313000e-03
  08.75040000e+01   06.63179000e+01   03.76778000e+01   01.17160000e-04
  08.90424000e+01   06.42164000e+01   03.53403000e+01   07.94200000e-05
  08.74879000e+01   06.34994000e+01   03.45839000e+01  -07.78792000e-03
  07.22976000e+01   06.28836000e+01   04.09758000e+01   07.70140000e-04
  07.36029000e+01   06.18828000e+01   04.11333000e+01   07.99937000e-03
  07.22481000e+01   06.14502000e+01   04.19366000e+01  -03.55757000e-03
  06.91603000e+01   06.02365000e+01   04.48378000e+01  -07.15330000e-03
  06.98176000e+01   05.94763000e+01   04.62246000e+01   03.13430000e-03
  06.81287000e+01   05.99868000e+01   04.61590000e+01   01.47373000e-02
  06.62120000e+01   06.47575000e+01   04.87736000e+01  -01.94855000e-02
  06.74873000e+01   06.42904000e+01   04.78509000e+01   04.92255000e-03
  06.60856000e+01   06.32096000e+01   04.78082000e+01   04.33740000e-03
  06.91117000e+01   06.14310000e+01   05.33331000e+01   04.35178000e-03
  07.01228000e+01   06.21538000e+01   05.21503000e+01   02.18100000e-05
  06.84934000e+01   06.28559000e+01   05.27535000e+01  -05.02650000e-04
  06.81586000e+01   05.92986000e+01   05.06304000e+01  -01.43048000e-03
  06.98198000e+01   05.99787000e+01   05.04249000e+01   02.03840000e-04
  06.91141000e+01   05.95424000e+01   05.21306000e+01   08.62995000e-03
  06.53416000e+01   06.22608000e+01   05.38057000e+01  -01.63629000e-03
  06.95702000e+01   06.30668000e+01   04.78851000e+01  -02.76705000e-03
  06.83396000e+01   06.05097000e+01   04.85085000e+01   01.41710000e-03
  06.53177000e+01   06.39339000e+01   05.06351000e+01  -03.85980000e-04
  06.67078000e+01   06.41849000e+01   05.15490000e+01  -04.81110000e-04
  07.65359000e+01   06.47725000e+01   04.33789000e+01  -02.06250000e-04
  07.74463000e+01   06.43692000e+01   04.03020000e+01   01.11427000e-03
  07.92608000e+01   06.46711000e+01   03.93526000e+01  -01.53420000e-04
  08.13513000e+01   06.59579000e+01   04.09536000e+01  -01.90280000e-04
  08.12944000e+01   06.47395000e+01   03.81533000e+01  -03.63060000e-04
  06.48479000e+01   06.21760000e+01   05.17517000e+01   08.59900000e-05
  08.29212000e+01   06.47117000e+01   03.66685000e+01  -01.01020000e-04
  08.52016000e+01   06.61541000e+01   03.77463000e+01   02.50540000e-04
  08.53367000e+01   06.41414000e+01   03.54321000e+01  -01.19075000e-03
  08.64745000e+01   06.64391000e+01   03.26769000e+01   03.14160000e-04
  08.86455000e+01   06.62196000e+01   03.38842000e+01  -01.11070000e-04
  06.63944000e+01   06.05911000e+01   05.07520000e+01   03.13480000e-04
  06.67618000e+01   06.03001000e+01   05.23828000e+01   01.25001000e-03
  07.51873000e+01   06.33741000e+01   04.10899000e+01   04.27500000e-05
  07.46594000e+01   06.39758000e+01   04.41873000e+01  -04.51238000e-03
  07.25881000e+01   06.35975000e+01   04.50039000e+01   04.22636000e-03
  07.08145000e+01   06.15142000e+01   04.35728000e+01  -09.78060000e-04
  07.08617000e+01   06.32871000e+01   04.61185000e+01  -08.33290000e-04
  08.85089000e+01   06.49520000e+01   03.19192000e+01  -01.05330000e-03
