  06.80984000e+01   06.05356000e+01   05.00472000e+01  -02.53405000e-03
  06.67887000e+01   06.05852000e+01   05.09310000e+01   07.80610000e-04
  06.61326000e+01   06.19918000e+01   05.12991000e+01   06.83950000e-04
  06.65228000e+01   06.24485000e+01   05.26257000e+01   05.31930000e-04
  06.63310000e+01   06.30091000e+01   05.02930000e+01  -01.13880000e-03
  06.69568000e+01   06.26130000e+01   04.89361000e+01   05.01179000e-03
  06.77489000e+01   06.15020000e+01   04.87889000e+01  -01.30529000e-03
  06.81166000e+01   06.08477000e+01   04.75131000e+01  -01.54921000e-03
  06.90940000e+01   06.14132000e+01   04.67566000e+01  -09.64920000e-04
  06.95130000e+01   06.10114000e+01   04.53904000e+01  -02.95630000e-04
  07.05610000e+01   06.17695000e+01   04.47979000e+01  -02.57020000e-04
  07.11829000e+01   06.15869000e+01   04.35168000e+01   02.20720000e-04
  07.22921000e+01   06.22800000e+01   04.31619000e+01   02.85990000e-04
  07.31497000e+01   06.21952000e+01   04.20467000e+01   03.16900000e-05
  07.43792000e+01   06.28824000e+01   04.21057000e+01  -01.12020000e-04
  07.55447000e+01   06.28078000e+01   04.12487000e+01   03.40000000e-06
  06.85709000e+01   05.90930000e+01   04.99164000e+01   03.83030000e-04
  06.91795000e+01   06.12625000e+01   05.08975000e+01   01.30100000e-05
  06.64078000e+01   06.33661000e+01   04.78190000e+01  -01.34690000e-04
  06.90210000e+01   05.97265000e+01   04.47568000e+01  -08.35400000e-05
  07.30846000e+01   06.10250000e+01   04.11346000e+01   01.43700000e-03
  08.68806000e+01   06.44274000e+01   03.53444000e+01  -05.62820000e-04
  08.77845000e+01   06.39794000e+01   03.41980000e+01  -02.06960000e-04
  08.80155000e+01   06.50863000e+01   03.31994000e+01  -02.30470000e-04
  08.88272000e+01   06.45427000e+01   03.21951000e+01   01.43786000e-03
  08.67309000e+01   06.58497000e+01   03.28990000e+01   03.20417000e-03
  08.55650000e+01   06.58045000e+01   03.35649000e+01  -08.05080000e-04
  08.54941000e+01   06.50311000e+01   03.48451000e+01  -01.76788000e-03
  08.46782000e+01   06.56393000e+01   03.59826000e+01   07.22800000e-05
  08.37433000e+01   06.50081000e+01   03.66291000e+01   01.59105000e-02
  08.29270000e+01   06.54502000e+01   03.77191000e+01  -02.33693000e-02
  08.19077000e+01   06.46855000e+01   03.81844000e+01   05.37835000e-03
  08.10849000e+01   06.49059000e+01   03.93485000e+01   05.38182000e-03
  07.99321000e+01   06.42858000e+01   03.95338000e+01   05.79556000e-03
  07.89214000e+01   06.43312000e+01   04.06154000e+01  -06.99068000e-03
  07.77535000e+01   06.35916000e+01   04.05155000e+01   02.95799000e-03
  07.66089000e+01   06.36238000e+01   04.14649000e+01   08.80642000e-03
  08.76146000e+01   06.55197000e+01   03.61195000e+01  -03.71955000e-03
  08.68199000e+01   06.30943000e+01   03.61891000e+01  -01.20585000e-02
  08.43743000e+01   06.66611000e+01   03.30182000e+01   01.97011000e-03
  08.32103000e+01   06.68133000e+01   03.84696000e+01   08.37962000e-03
  07.92873000e+01   06.50593000e+01   04.19172000e+01  -01.14162000e-03
  07.95827000e+01   06.43844000e+01   04.27255000e+01   05.31110000e-04
  08.01610000e+01   06.55951000e+01   04.18723000e+01   06.44190000e-04
  07.86334000e+01   06.57798000e+01   04.23894000e+01  -01.18537000e-03
  08.37693000e+01   06.67346000e+01   03.94130000e+01  -09.86263000e-03
  08.37626000e+01   06.74347000e+01   03.78234000e+01   04.83486000e-03
  08.23216000e+01   06.73571000e+01   03.87879000e+01  -06.05704000e-03
  08.37757000e+01   06.69193000e+01   03.39311000e+01   01.25782000e-03
  08.46149000e+01   06.77156000e+01   03.26530000e+01  -04.29459000e-03
  08.37111000e+01   06.61704000e+01   03.23201000e+01   07.41250000e-04
  08.78350000e+01   06.28011000e+01   03.65537000e+01  -09.05833000e-03
  08.61743000e+01   06.31192000e+01   03.71113000e+01   05.11703000e-03
  08.63147000e+01   06.22733000e+01   03.56166000e+01   05.28601000e-03
  08.71304000e+01   06.56914000e+01   03.71292000e+01   06.61730000e-04
  08.86947000e+01   06.53483000e+01   03.63114000e+01  -01.43313000e-03
  08.75606000e+01   06.63850000e+01   03.55211000e+01   01.17160000e-04
  08.87383000e+01   06.36817000e+01   03.46359000e+01   07.94200000e-05
  08.73427000e+01   06.31433000e+01   03.36790000e+01  -07.78792000e-03
  07.23727000e+01   06.02353000e+01   04.13847000e+01   07.70140000e-04
  07.27871000e+01   06.13237000e+01   04.01252000e+01   07.99937000e-03
  07.39960000e+01   06.04852000e+01   04.10193000e+01  -03.55757000e-03
  06.97070000e+01   05.93595000e+01   04.40543000e+01  -07.15330000e-03
  06.87722000e+01   05.89457000e+01   04.54748000e+01   03.13430000e-03
  06.80490000e+01   05.99185000e+01   04.42253000e+01   01.47373000e-02
  06.65209000e+01   06.44271000e+01   04.81094000e+01  -01.94855000e-02
  06.69391000e+01   06.31079000e+01   04.68856000e+01   04.92255000e-03
  06.53481000e+01   06.31927000e+01   04.77178000e+01   04.33740000e-03
  06.94622000e+01   06.07190000e+01   05.18083000e+01   04.35178000e-03
  07.01118000e+01   06.13729000e+01   05.03090000e+01   02.18100000e-05
  06.89598000e+01   06.22657000e+01   05.12343000e+01  -05.02650000e-04
  06.86503000e+01   05.84384000e+01   05.07847000e+01  -01.43048000e-03
  06.79708000e+01   05.84886000e+01   04.91734000e+01   02.03840000e-04
  06.96883000e+01   05.90323000e+01   04.97457000e+01   08.62995000e-03
  06.60908000e+01   06.19260000e+01   05.32709000e+01  -01.63629000e-03
  06.96462000e+01   06.22973000e+01   04.72057000e+01  -02.76705000e-03
  06.75218000e+01   06.00235000e+01   04.71124000e+01   01.41710000e-03
  06.53032000e+01   06.34034000e+01   05.01028000e+01  -03.85980000e-04
  06.67931000e+01   06.38894000e+01   05.07521000e+01  -04.81110000e-04
  07.65678000e+01   06.42847000e+01   04.23742000e+01  -02.06250000e-04
  07.74990000e+01   06.30884000e+01   03.95596000e+01   01.11427000e-03
  07.96111000e+01   06.36959000e+01   03.86536000e+01  -01.53420000e-04
  08.15076000e+01   06.56791000e+01   04.00879000e+01  -01.90280000e-04
  08.17754000e+01   06.37620000e+01   03.76500000e+01  -03.63060000e-04
  06.50610000e+01   06.17363000e+01   05.12781000e+01   08.59900000e-05
  08.34955000e+01   06.40255000e+01   03.63475000e+01  -01.01020000e-04
  08.49152000e+01   06.66379000e+01   03.61526000e+01   02.50540000e-04
  08.49176000e+01   06.42100000e+01   03.44428000e+01  -01.19075000e-03
  08.68389000e+01   06.64413000e+01   03.20030000e+01   03.14160000e-04
  08.85651000e+01   06.58400000e+01   03.36866000e+01  -01.11070000e-04
  06.59455000e+01   05.99028000e+01   05.06133000e+01   03.13480000e-04
  06.70610000e+01   06.00923000e+01   05.18348000e+01   01.25001000e-03
  07.55360000e+01   06.22351000e+01   04.03312000e+01   04.27500000e-05
  07.44521000e+01   06.34975000e+01   04.29332000e+01  -04.51238000e-03
  07.27603000e+01   06.29583000e+01   04.39600000e+01   04.22636000e-03
  07.07610000e+01   06.08604000e+01   04.28237000e+01  -09.78060000e-04
  07.08073000e+01   06.27253000e+01   04.53320000e+01  -08.33290000e-04
  08.82815000e+01   06.43168000e+01   03.14209000e+01  -01.05330000e-03
