  06.72015000e+01   06.14172000e+01   04.96735000e+01  -02.53405000e-03
  06.72544000e+01   06.26781000e+01   05.04973000e+01   07.80610000e-04
  06.58548000e+01   06.34373000e+01   05.06439000e+01   06.83950000e-04
  06.60148000e+01   06.47964000e+01   05.11564000e+01   05.31930000e-04
  06.52538000e+01   06.36104000e+01   04.92403000e+01  -01.13880000e-03
  06.57981000e+01   06.28488000e+01   04.80881000e+01   05.01179000e-03
  06.67043000e+01   06.19284000e+01   04.82453000e+01  -01.30529000e-03
  06.74985000e+01   06.13848000e+01   04.70835000e+01  -01.54921000e-03
  06.82870000e+01   06.21677000e+01   04.62152000e+01  -09.64920000e-04
  06.88751000e+01   06.16843000e+01   04.49943000e+01  -02.95630000e-04
  06.98080000e+01   06.25048000e+01   04.43462000e+01  -02.57020000e-04
  07.04216000e+01   06.22941000e+01   04.30698000e+01   02.20720000e-04
  07.17271000e+01   06.27677000e+01   04.27257000e+01   02.85990000e-04
  07.25789000e+01   06.25661000e+01   04.15635000e+01   03.16900000e-05
  07.37035000e+01   06.33051000e+01   04.15526000e+01  -01.12020000e-04
  07.47339000e+01   06.33530000e+01   04.05846000e+01   03.40000000e-06
  06.62780000e+01   06.04093000e+01   05.04106000e+01   03.83030000e-04
  06.85951000e+01   06.06841000e+01   04.97125000e+01   01.30100000e-05
  06.53962000e+01   06.35316000e+01   04.67870000e+01  -01.34690000e-04
  06.84616000e+01   06.03297000e+01   04.44723000e+01  -08.35400000e-05
  07.19525000e+01   06.20541000e+01   04.02327000e+01   01.43700000e-03
  08.59630000e+01   06.48116000e+01   03.40393000e+01  -05.62820000e-04
  08.67248000e+01   06.42825000e+01   03.28765000e+01  -02.06960000e-04
  08.71078000e+01   06.53264000e+01   03.17798000e+01  -02.30470000e-04
  08.78212000e+01   06.45559000e+01   03.07739000e+01   01.43786000e-03
  08.58308000e+01   06.61091000e+01   03.14025000e+01   03.20417000e-03
  08.47753000e+01   06.62228000e+01   03.22306000e+01  -08.05080000e-04
  08.46083000e+01   06.53040000e+01   03.34765000e+01  -01.76788000e-03
  08.37705000e+01   06.59922000e+01   03.45625000e+01   07.22800000e-05
  08.27327000e+01   06.54229000e+01   03.52645000e+01   01.59105000e-02
  08.20067000e+01   06.60810000e+01   03.64747000e+01  -02.33693000e-02
  08.09422000e+01   06.53341000e+01   03.69906000e+01   05.37835000e-03
  08.00715000e+01   06.55517000e+01   03.81156000e+01   05.38182000e-03
  07.88702000e+01   06.49059000e+01   03.84012000e+01   05.79556000e-03
  07.79541000e+01   06.50926000e+01   03.96205000e+01  -06.99068000e-03
  07.68306000e+01   06.42135000e+01   03.97525000e+01   02.95799000e-03
  07.58471000e+01   06.41356000e+01   04.07323000e+01   08.80642000e-03
  08.68607000e+01   06.58765000e+01   03.46398000e+01  -03.71955000e-03
  08.57541000e+01   06.36307000e+01   03.50138000e+01  -01.20585000e-02
  08.35229000e+01   06.70109000e+01   03.19045000e+01   01.97011000e-03
  08.26274000e+01   06.72685000e+01   03.70366000e+01   08.37962000e-03
  07.82582000e+01   06.61668000e+01   04.07005000e+01  -01.14162000e-03
  07.82054000e+01   06.71040000e+01   04.02467000e+01   05.31110000e-04
  07.75282000e+01   06.62543000e+01   04.15262000e+01   06.44190000e-04
  07.92205000e+01   06.60778000e+01   04.10907000e+01  -01.18537000e-03
  08.29338000e+01   06.79904000e+01   03.63002000e+01  -09.86263000e-03
  08.21052000e+01   06.78130000e+01   03.78385000e+01   04.83486000e-03
  08.35456000e+01   06.68829000e+01   03.74177000e+01  -06.05704000e-03
  08.35738000e+01   06.74463000e+01   03.09661000e+01   01.25782000e-03
  08.27303000e+01   06.62134000e+01   03.18470000e+01  -04.29459000e-03
  08.33190000e+01   06.78103000e+01   03.26311000e+01   07.41250000e-04
  08.53115000e+01   06.27918000e+01   03.45253000e+01  -09.05833000e-03
  08.66589000e+01   06.32476000e+01   03.54375000e+01   05.11703000e-03
  08.50831000e+01   06.38158000e+01   03.58384000e+01   05.28601000e-03
  08.77226000e+01   06.54929000e+01   03.50261000e+01   06.61730000e-04
  08.70773000e+01   06.67805000e+01   03.40548000e+01  -01.43313000e-03
  08.64585000e+01   06.61926000e+01   03.56089000e+01   01.17160000e-04
  08.77113000e+01   06.38343000e+01   03.31841000e+01   07.94200000e-05
  08.61234000e+01   06.34714000e+01   03.23883000e+01  -07.78792000e-03
  07.12099000e+01   06.27052000e+01   03.97949000e+01   07.70140000e-04
  07.26400000e+01   06.18904000e+01   03.94317000e+01   07.99937000e-03
  07.14070000e+01   06.11201000e+01   04.03552000e+01  -03.55757000e-03
  06.74141000e+01   06.00745000e+01   04.47444000e+01  -07.15330000e-03
  06.84942000e+01   06.02108000e+01   04.33493000e+01   03.13430000e-03
  06.91713000e+01   05.95531000e+01   04.49354000e+01   01.47373000e-02
  06.43030000e+01   06.36301000e+01   04.66040000e+01  -01.94855000e-02
  06.57844000e+01   06.45793000e+01   04.67513000e+01   04.92255000e-03
  06.58076000e+01   06.29727000e+01   04.58809000e+01   04.33740000e-03
  06.93636000e+01   06.13027000e+01   04.93369000e+01   04.35178000e-03
  06.90055000e+01   06.06880000e+01   05.07461000e+01   02.18100000e-05
  06.84646000e+01   05.97041000e+01   04.93096000e+01  -05.02650000e-04
  06.65537000e+01   06.02363000e+01   05.14863000e+01  -01.43048000e-03
  06.52450000e+01   06.09325000e+01   05.02740000e+01   02.03840000e-04
  06.61665000e+01   05.94067000e+01   04.98721000e+01   08.62995000e-03
  06.51620000e+01   06.51181000e+01   05.15646000e+01  -01.63629000e-03
  06.83150000e+01   06.32384000e+01   04.64131000e+01  -02.76705000e-03
  06.73609000e+01   06.03183000e+01   04.69003000e+01   01.41710000e-03
  06.42389000e+01   06.32980000e+01   04.93443000e+01  -03.85980000e-04
  06.52944000e+01   06.46659000e+01   04.89143000e+01  -04.81110000e-04
  07.59236000e+01   06.45809000e+01   04.17569000e+01  -02.06250000e-04
  07.68333000e+01   06.32948000e+01   03.90023000e+01   01.11427000e-03
  07.85058000e+01   06.41087000e+01   03.77422000e+01  -01.53420000e-04
  08.04465000e+01   06.63318000e+01   03.87875000e+01  -01.90280000e-04
  08.05790000e+01   06.44740000e+01   03.64278000e+01  -03.63060000e-04
  06.51291000e+01   06.27410000e+01   05.12085000e+01   08.59900000e-05
  08.23695000e+01   06.44460000e+01   03.49524000e+01  -01.01020000e-04
  08.42633000e+01   06.69619000e+01   03.47526000e+01   02.50540000e-04
  08.39872000e+01   06.45250000e+01   03.30362000e+01  -01.19075000e-03
  08.59490000e+01   06.68276000e+01   03.06397000e+01   03.14160000e-04
  08.79348000e+01   06.59590000e+01   03.21631000e+01  -01.11070000e-04
  06.77280000e+01   06.25603000e+01   05.15033000e+01   03.13480000e-04
  06.79324000e+01   06.33391000e+01   05.00401000e+01   01.25001000e-03
  07.46485000e+01   06.28777000e+01   03.96138000e+01   04.27500000e-05
  07.38629000e+01   06.40067000e+01   04.23328000e+01  -04.51238000e-03
  07.21178000e+01   06.33848000e+01   04.35534000e+01   04.22636000e-03
  07.00271000e+01   06.16081000e+01   04.22878000e+01  -09.78060000e-04
  07.01817000e+01   06.34270000e+01   04.47984000e+01  -08.33290000e-04
  08.73328000e+01   06.44477000e+01   02.99446000e+01  -01.05330000e-03
