  06.79950000e+01   06.08683000e+01   04.95720000e+01  -02.53405000e-03
  06.67404000e+01   06.06121000e+01   05.04641000e+01   07.80610000e-04
  06.57203000e+01   06.16506000e+01   05.07586000e+01   06.83950000e-04
  06.58295000e+01   06.20080000e+01   05.21407000e+01   05.31930000e-04
  06.58669000e+01   06.28393000e+01   04.97719000e+01  -01.13880000e-03
  06.64241000e+01   06.25886000e+01   04.83722000e+01   05.01179000e-03
  06.75059000e+01   06.17177000e+01   04.82858000e+01  -01.30529000e-03
  06.79291000e+01   06.12081000e+01   04.70603000e+01  -01.54921000e-03
  06.88532000e+01   06.18318000e+01   04.63484000e+01  -09.64920000e-04
  06.93734000e+01   06.14012000e+01   04.49930000e+01  -02.95630000e-04
  07.04159000e+01   06.21902000e+01   04.45283000e+01  -02.57020000e-04
  07.12740000e+01   06.20702000e+01   04.33250000e+01   02.20720000e-04
  07.22793000e+01   06.30004000e+01   04.30587000e+01   02.85990000e-04
  07.33253000e+01   06.27595000e+01   04.20827000e+01   03.16900000e-05
  07.44337000e+01   06.35303000e+01   04.21624000e+01  -01.12020000e-04
  07.57108000e+01   06.32812000e+01   04.15780000e+01   03.40000000e-06
  06.88487000e+01   05.95909000e+01   04.92786000e+01   03.83030000e-04
  06.89687000e+01   06.17346000e+01   05.04158000e+01   01.30100000e-05
  06.58143000e+01   06.34976000e+01   04.73219000e+01  -01.34690000e-04
  06.87155000e+01   06.02393000e+01   04.42488000e+01  -08.35400000e-05
  07.30135000e+01   06.20309000e+01   04.08148000e+01   01.43700000e-03
  08.68965000e+01   06.38392000e+01   03.56852000e+01  -05.62820000e-04
  08.78038000e+01   06.34123000e+01   03.45317000e+01  -02.06960000e-04
  08.83642000e+01   06.45233000e+01   03.36051000e+01  -02.30470000e-04
  08.92590000e+01   06.39907000e+01   03.26498000e+01   01.43786000e-03
  08.72969000e+01   06.54931000e+01   03.32127000e+01   03.20417000e-03
  08.60466000e+01   06.55309000e+01   03.37879000e+01  -08.05080000e-04
  08.56631000e+01   06.46462000e+01   03.49735000e+01  -01.76788000e-03
  08.48863000e+01   06.55214000e+01   03.59726000e+01   07.22800000e-05
  08.38981000e+01   06.49882000e+01   03.66635000e+01   01.59105000e-02
  08.32201000e+01   06.55785000e+01   03.78808000e+01  -02.33693000e-02
  08.21083000e+01   06.49274000e+01   03.83218000e+01   05.37835000e-03
  08.11003000e+01   06.52558000e+01   03.92747000e+01   05.38182000e-03
  08.00277000e+01   06.44347000e+01   03.95864000e+01   05.79556000e-03
  07.90914000e+01   06.47103000e+01   04.06576000e+01  -06.99068000e-03
  07.79914000e+01   06.38660000e+01   04.08122000e+01   02.95799000e-03
  07.68529000e+01   06.39892000e+01   04.16632000e+01   08.80642000e-03
  08.77036000e+01   06.46450000e+01   03.66115000e+01  -03.71955000e-03
  08.64910000e+01   06.25225000e+01   03.63678000e+01  -01.20585000e-02
  08.49775000e+01   06.64163000e+01   03.32004000e+01   01.97011000e-03
  08.36935000e+01   06.69115000e+01   03.85235000e+01   08.37962000e-03
  07.92757000e+01   06.60017000e+01   04.14211000e+01  -01.14162000e-03
  08.02397000e+01   06.60663000e+01   04.19043000e+01   05.31110000e-04
  07.90331000e+01   06.67883000e+01   04.07073000e+01   06.44190000e-04
  07.85079000e+01   06.61321000e+01   04.22221000e+01  -01.18537000e-03
  08.34111000e+01   06.78472000e+01   03.79823000e+01  -09.86263000e-03
  08.33066000e+01   06.71098000e+01   03.95298000e+01   04.83486000e-03
  08.47331000e+01   06.69267000e+01   03.85440000e+01  -06.05704000e-03
  08.53232000e+01   06.70449000e+01   03.23425000e+01   01.25782000e-03
  08.41566000e+01   06.57211000e+01   03.28337000e+01  -04.29459000e-03
  08.43986000e+01   06.70616000e+01   03.39258000e+01   07.41250000e-04
  08.73073000e+01   06.19846000e+01   03.68838000e+01  -09.05833000e-03
  08.57764000e+01   06.27048000e+01   03.71924000e+01   05.11703000e-03
  08.60922000e+01   06.17845000e+01   03.56752000e+01   05.28601000e-03
  08.71509000e+01   06.48281000e+01   03.75327000e+01   06.61730000e-04
  08.87012000e+01   06.42830000e+01   03.68806000e+01  -01.43313000e-03
  08.78607000e+01   06.56533000e+01   03.62458000e+01   01.17160000e-04
  08.86316000e+01   06.27483000e+01   03.48222000e+01   07.94200000e-05
  08.72387000e+01   06.27672000e+01   03.38878000e+01  -07.78792000e-03
  07.35902000e+01   06.11504000e+01   04.09096000e+01   07.70140000e-04
  07.19216000e+01   06.18384000e+01   04.06786000e+01   07.99937000e-03
  07.33163000e+01   06.25476000e+01   03.99566000e+01  -03.55757000e-03
  06.93597000e+01   05.97710000e+01   04.34169000e+01  -07.15330000e-03
  06.83061000e+01   05.95129000e+01   04.50024000e+01   03.13430000e-03
  06.77907000e+01   06.06026000e+01   04.37418000e+01   01.47373000e-02
  06.60089000e+01   06.30595000e+01   04.62967000e+01  -01.94855000e-02
  06.46919000e+01   06.35015000e+01   04.74023000e+01   04.92255000e-03
  06.62321000e+01   06.45208000e+01   04.74734000e+01   04.33740000e-03
  06.97917000e+01   06.20662000e+01   04.98776000e+01   04.35178000e-03
  06.84462000e+01   06.25684000e+01   05.08718000e+01   02.18100000e-05
  06.93835000e+01   06.12061000e+01   05.13146000e+01  -05.02650000e-04
  06.94953000e+01   05.93074000e+01   05.00835000e+01  -01.43048000e-03
  06.82376000e+01   05.88537000e+01   04.88895000e+01   02.03840000e-04
  06.94762000e+01   05.97373000e+01   04.84451000e+01   08.62995000e-03
  06.50506000e+01   06.17886000e+01   05.27554000e+01  -01.63629000e-03
  06.93809000e+01   06.26521000e+01   04.68757000e+01  -02.76705000e-03
  06.73549000e+01   06.03347000e+01   04.67232000e+01   01.41710000e-03
  06.50058000e+01   06.33796000e+01   04.96362000e+01  -03.85980000e-04
  06.65927000e+01   06.36167000e+01   05.02462000e+01  -04.81110000e-04
  07.67113000e+01   06.48954000e+01   04.22676000e+01  -02.06250000e-04
  07.80015000e+01   06.30074000e+01   04.00581000e+01   01.11427000e-03
  07.98951000e+01   06.35887000e+01   03.90123000e+01  -01.53420000e-04
  08.12886000e+01   06.61519000e+01   03.98834000e+01  -01.90280000e-04
  08.19385000e+01   06.40577000e+01   03.76987000e+01  -03.63060000e-04
  06.47733000e+01   06.11759000e+01   05.06057000e+01   08.59900000e-05
  08.35190000e+01   06.40023000e+01   03.63098000e+01  -01.01020000e-04
  08.54180000e+01   06.64891000e+01   03.61859000e+01   02.50540000e-04
  08.50760000e+01   06.38572000e+01   03.45934000e+01  -01.19075000e-03
  08.74633000e+01   06.61420000e+01   03.23569000e+01   03.14160000e-04
  08.91277000e+01   06.50916000e+01   03.42206000e+01  -01.11070000e-04
  06.61429000e+01   05.98641000e+01   04.99002000e+01   03.13480000e-04
  06.70164000e+01   05.98830000e+01   05.12671000e+01   01.25001000e-03
  07.56907000e+01   06.25443000e+01   04.07375000e+01   04.27500000e-05
  07.44450000e+01   06.42482000e+01   04.29541000e+01  -04.51238000e-03
  07.23090000e+01   06.37701000e+01   04.38373000e+01   04.22636000e-03
  07.10293000e+01   06.11716000e+01   04.27641000e+01  -09.78060000e-04
  07.06043000e+01   06.29894000e+01   04.51916000e+01  -08.33290000e-04
  08.88003000e+01   06.37894000e+01   03.17879000e+01  -01.05330000e-03
