  06.78378000e+01   06.04011000e+01   05.01677000e+01  -02.53405000e-03
  06.64377000e+01   06.03441000e+01   05.07631000e+01   07.80610000e-04
  06.58842000e+01   06.17711000e+01   05.10994000e+01   06.83950000e-04
  06.62963000e+01   06.23209000e+01   05.23684000e+01   05.31930000e-04
  06.61891000e+01   06.28073000e+01   04.99648000e+01  -01.13880000e-03
  06.70929000e+01   06.23628000e+01   04.88137000e+01   05.01179000e-03
  06.78936000e+01   06.13294000e+01   04.89440000e+01  -01.30529000e-03
  06.83591000e+01   06.07882000e+01   04.76551000e+01  -01.54921000e-03
  06.93599000e+01   06.14600000e+01   04.69894000e+01  -09.64920000e-04
  06.99595000e+01   06.10642000e+01   04.57951000e+01  -02.95630000e-04
  07.09763000e+01   06.18612000e+01   04.52899000e+01  -02.57020000e-04
  07.17853000e+01   06.16933000e+01   04.41130000e+01   02.20720000e-04
  07.29853000e+01   06.23394000e+01   04.37958000e+01   02.85990000e-04
  07.38531000e+01   06.21346000e+01   04.26455000e+01   03.16900000e-05
  07.49829000e+01   06.28920000e+01   04.26840000e+01  -01.12020000e-04
  07.61043000e+01   06.29326000e+01   04.17380000e+01   03.40000000e-06
  06.83362000e+01   05.89700000e+01   04.98719000e+01   03.83030000e-04
  06.88069000e+01   06.09493000e+01   05.12798000e+01   01.30100000e-05
  06.66087000e+01   06.30610000e+01   04.75370000e+01  -01.34690000e-04
  06.94945000e+01   05.98410000e+01   04.50401000e+01  -08.35400000e-05
  07.32824000e+01   06.14381000e+01   04.14168000e+01   01.43700000e-03
  08.79323000e+01   06.48386000e+01   03.59204000e+01  -05.62820000e-04
  08.89019000e+01   06.44637000e+01   03.47784000e+01  -02.06960000e-04
  08.89777000e+01   06.54593000e+01   03.36331000e+01  -02.30470000e-04
  08.96126000e+01   06.46907000e+01   03.25666000e+01   01.43786000e-03
  08.76043000e+01   06.62136000e+01   03.33657000e+01   03.20417000e-03
  08.64311000e+01   06.61106000e+01   03.40687000e+01  -08.05080000e-04
  08.64486000e+01   06.53037000e+01   03.53656000e+01  -01.76788000e-03
  08.55375000e+01   06.59325000e+01   03.63745000e+01   07.22800000e-05
  08.43903000e+01   06.54114000e+01   03.68558000e+01   01.59105000e-02
  08.34288000e+01   06.58618000e+01   03.79082000e+01  -02.33693000e-02
  08.24063000e+01   06.50533000e+01   03.82040000e+01   05.37835000e-03
  08.13846000e+01   06.52042000e+01   03.92618000e+01   05.38182000e-03
  08.03706000e+01   06.43399000e+01   03.95367000e+01   05.79556000e-03
  07.93534000e+01   06.45542000e+01   04.05998000e+01  -06.99068000e-03
  07.81703000e+01   06.37964000e+01   04.06834000e+01   02.95799000e-03
  07.71420000e+01   06.38145000e+01   04.16818000e+01   08.80642000e-03
  08.87120000e+01   06.60203000e+01   03.67295000e+01  -03.71955000e-03
  08.79133000e+01   06.36736000e+01   03.69432000e+01  -01.20585000e-02
  08.51844000e+01   06.69521000e+01   03.36964000e+01   01.97011000e-03
  08.37174000e+01   06.72585000e+01   03.85944000e+01   08.37962000e-03
  07.97556000e+01   06.53473000e+01   04.18676000e+01  -01.14162000e-03
  07.93539000e+01   06.63702000e+01   04.17720000e+01   05.31110000e-04
  07.93193000e+01   06.49494000e+01   04.28193000e+01   06.44190000e-04
  08.07945000e+01   06.52663000e+01   04.21052000e+01  -01.18537000e-03
  08.47243000e+01   06.77000000e+01   03.84275000e+01  -09.86263000e-03
  08.31264000e+01   06.80770000e+01   03.83693000e+01   04.83486000e-03
  08.35508000e+01   06.72193000e+01   03.96285000e+01  -06.05704000e-03
  08.42759000e+01   06.63599000e+01   03.34806000e+01   01.25782000e-03
  08.48343000e+01   06.74720000e+01   03.46168000e+01  -04.29459000e-03
  08.54630000e+01   06.76493000e+01   03.28855000e+01   07.41250000e-04
  08.88810000e+01   06.34753000e+01   03.73748000e+01  -09.05833000e-03
  08.71405000e+01   06.38033000e+01   03.76654000e+01   05.11703000e-03
  08.74644000e+01   06.28029000e+01   03.64211000e+01   05.28601000e-03
  08.88504000e+01   06.68770000e+01   03.60834000e+01   06.61730000e-04
  08.81100000e+01   06.64002000e+01   03.75815000e+01  -01.43313000e-03
  08.96504000e+01   06.57163000e+01   03.71626000e+01   01.17160000e-04
  08.99482000e+01   06.45005000e+01   03.50945000e+01   07.94200000e-05
  08.86517000e+01   06.34939000e+01   03.43295000e+01  -07.78792000e-03
  07.23541000e+01   06.08461000e+01   04.15310000e+01   07.70140000e-04
  07.31415000e+01   06.21684000e+01   04.05774000e+01   07.99937000e-03
  07.40041000e+01   06.07278000e+01   04.11540000e+01  -03.55757000e-03
  06.97267000e+01   05.90041000e+01   04.57057000e+01  -07.15330000e-03
  06.84210000e+01   05.97968000e+01   04.48674000e+01   03.13430000e-03
  07.00104000e+01   05.96003000e+01   04.40974000e+01   01.47373000e-02
  06.71288000e+01   06.40008000e+01   04.74195000e+01  -01.94855000e-02
  06.67854000e+01   06.24262000e+01   04.66879000e+01   04.92255000e-03
  06.55724000e+01   06.32061000e+01   04.74990000e+01   04.33740000e-03
  06.87043000e+01   06.04330000e+01   05.22828000e+01   04.35178000e-03
  06.97732000e+01   06.09124000e+01   05.09080000e+01   02.18100000e-05
  06.86528000e+01   06.19819000e+01   05.14372000e+01  -05.02650000e-04
  06.80100000e+01   05.82684000e+01   05.07169000e+01  -01.43048000e-03
  06.77835000e+01   05.85004000e+01   04.89971000e+01   02.03840000e-04
  06.94889000e+01   05.89350000e+01   04.96352000e+01   08.62995000e-03
  06.61263000e+01   06.16551000e+01   05.30719000e+01  -01.63629000e-03
  06.98513000e+01   06.23326000e+01   04.73943000e+01  -02.76705000e-03
  06.78542000e+01   05.98268000e+01   04.73362000e+01   01.41710000e-03
  06.52869000e+01   06.32097000e+01   04.96147000e+01  -03.85980000e-04
  06.65936000e+01   06.37108000e+01   05.04408000e+01  -04.81110000e-04
  07.71427000e+01   06.47104000e+01   04.23191000e+01  -02.06250000e-04
  07.80940000e+01   06.30253000e+01   03.99713000e+01   01.11427000e-03
  08.02267000e+01   06.34942000e+01   03.89046000e+01  -01.53420000e-04
  08.13821000e+01   06.60853000e+01   03.98935000e+01  -01.90280000e-04
  08.23091000e+01   06.41409000e+01   03.76648000e+01  -03.63060000e-04
  06.48099000e+01   06.16914000e+01   05.12325000e+01   08.59900000e-05
  08.40136000e+01   06.45654000e+01   03.62924000e+01  -01.01020000e-04
  08.58631000e+01   06.68263000e+01   03.68615000e+01   02.50540000e-04
  08.59258000e+01   06.43094000e+01   03.51740000e+01  -01.19075000e-03
  08.76495000e+01   06.68744000e+01   03.25250000e+01   03.14160000e-04
  08.97214000e+01   06.62185000e+01   03.41010000e+01  -01.11070000e-04
  06.57073000e+01   05.98652000e+01   05.00731000e+01   03.13480000e-04
  06.64484000e+01   05.97061000e+01   05.16743000e+01   01.25001000e-03
  07.60844000e+01   06.21074000e+01   04.09457000e+01   04.27500000e-05
  07.50354000e+01   06.36357000e+01   04.34323000e+01  -04.51238000e-03
  07.33356000e+01   06.31151000e+01   04.45047000e+01   04.22636000e-03
  07.14597000e+01   06.08806000e+01   04.34871000e+01  -09.78060000e-04
  07.13077000e+01   06.26554000e+01   04.59127000e+01  -08.33290000e-04
  08.89455000e+01   06.44876000e+01   03.19096000e+01  -01.05330000e-03
