  06.96709000e+01   06.18275000e+01   05.01156000e+01  -02.53405000e-03
  06.84442000e+01   06.14663000e+01   05.09917000e+01   07.80610000e-04
  06.74676000e+01   06.25469000e+01   05.15367000e+01   06.83950000e-04
  06.79152000e+01   06.28980000e+01   05.28474000e+01   05.31930000e-04
  06.75071000e+01   06.37804000e+01   05.06050000e+01  -01.13880000e-03
  06.81289000e+01   06.36066000e+01   04.92128000e+01   05.01179000e-03
  06.91309000e+01   06.26776000e+01   04.89443000e+01  -01.30529000e-03
  06.95056000e+01   06.22129000e+01   04.76004000e+01  -01.54921000e-03
  07.03812000e+01   06.28956000e+01   04.68019000e+01  -09.64920000e-04
  07.08748000e+01   06.25057000e+01   04.55333000e+01  -02.95630000e-04
  07.18763000e+01   06.32317000e+01   04.50067000e+01  -02.57020000e-04
  07.24806000e+01   06.31114000e+01   04.37721000e+01   02.20720000e-04
  07.37727000e+01   06.35631000e+01   04.35918000e+01   02.85990000e-04
  07.46402000e+01   06.34559000e+01   04.24907000e+01   03.16900000e-05
  07.57906000e+01   06.42823000e+01   04.24210000e+01  -01.12020000e-04
  07.68240000e+01   06.42251000e+01   04.14329000e+01   03.40000000e-06
  07.04250000e+01   06.05612000e+01   04.97322000e+01   03.83030000e-04
  07.06081000e+01   06.26726000e+01   05.09950000e+01   01.30100000e-05
  06.73703000e+01   06.42598000e+01   04.81139000e+01  -01.34690000e-04
  07.01102000e+01   06.14560000e+01   04.47508000e+01  -08.35400000e-05
  07.42081000e+01   06.26254000e+01   04.13109000e+01   01.43700000e-03
  08.83828000e+01   06.54506000e+01   03.53347000e+01  -05.62820000e-04
  08.89060000e+01   06.47200000e+01   03.40664000e+01  -02.06960000e-04
  08.88657000e+01   06.53777000e+01   03.26841000e+01  -02.30470000e-04
  08.91119000e+01   06.43120000e+01   03.17417000e+01   01.43786000e-03
  08.75086000e+01   06.60124000e+01   03.25335000e+01   03.20417000e-03
  08.66830000e+01   06.63221000e+01   03.35272000e+01  -08.05080000e-04
  08.68765000e+01   06.56967000e+01   03.49539000e+01  -01.76788000e-03
  08.61584000e+01   06.64538000e+01   03.60322000e+01   07.22800000e-05
  08.49070000e+01   06.61384000e+01   03.65096000e+01   01.59105000e-02
  08.41947000e+01   06.67155000e+01   03.76627000e+01  -02.33693000e-02
  08.31190000e+01   06.58839000e+01   03.79921000e+01   05.37835000e-03
  08.21396000e+01   06.61524000e+01   03.90528000e+01   05.38182000e-03
  08.11007000e+01   06.53239000e+01   03.94380000e+01   05.79556000e-03
  08.01371000e+01   06.55433000e+01   04.04703000e+01  -06.99068000e-03
  07.89720000e+01   06.48418000e+01   04.04917000e+01   02.95799000e-03
  07.78986000e+01   06.50597000e+01   04.14459000e+01   08.80642000e-03
  08.92148000e+01   06.67696000e+01   03.55372000e+01  -03.71955000e-03
  08.86995000e+01   06.43274000e+01   03.63709000e+01  -01.20585000e-02
  08.55411000e+01   06.72810000e+01   03.32974000e+01   01.97011000e-03
  08.45709000e+01   06.80164000e+01   03.83087000e+01   08.37962000e-03
  08.07106000e+01   06.63437000e+01   04.15822000e+01  -01.14162000e-03
  08.17464000e+01   06.65800000e+01   04.15953000e+01   05.31110000e-04
  08.01770000e+01   06.72912000e+01   04.17990000e+01   06.44190000e-04
  08.04961000e+01   06.56695000e+01   04.24695000e+01  -01.18537000e-03
  08.56210000e+01   06.80691000e+01   03.85407000e+01  -09.86263000e-03
  08.43722000e+01   06.89831000e+01   03.77193000e+01   04.83486000e-03
  08.40217000e+01   06.81048000e+01   03.92261000e+01  -06.05704000e-03
  08.55986000e+01   06.79031000e+01   03.23977000e+01   01.25782000e-03
  08.46036000e+01   06.67753000e+01   03.31743000e+01  -04.29459000e-03
  08.53759000e+01   06.79817000e+01   03.41483000e+01   07.41250000e-04
  08.82776000e+01   06.34245000e+01   03.60974000e+01  -09.05833000e-03
  08.98245000e+01   06.41996000e+01   03.64096000e+01   05.11703000e-03
  08.83968000e+01   06.45815000e+01   03.74066000e+01   05.28601000e-03
  08.88639000e+01   06.74447000e+01   03.62874000e+01   06.61730000e-04
  09.02306000e+01   06.66605000e+01   03.56990000e+01  -01.43313000e-03
  08.91156000e+01   06.74234000e+01   03.46254000e+01   01.17160000e-04
  08.99632000e+01   06.45303000e+01   03.42778000e+01   07.94200000e-05
  08.84189000e+01   06.37631000e+01   03.40582000e+01  -07.78792000e-03
  07.49970000e+01   06.20479000e+01   04.07525000e+01   07.70140000e-04
  07.34600000e+01   06.18676000e+01   04.15372000e+01   07.99937000e-03
  07.37678000e+01   06.32057000e+01   04.04874000e+01  -03.55757000e-03
  06.91728000e+01   06.10775000e+01   04.52507000e+01  -07.15330000e-03
  06.99231000e+01   06.17324000e+01   04.37895000e+01   03.13430000e-03
  07.08313000e+01   06.05748000e+01   04.46067000e+01   01.47373000e-02
  06.63060000e+01   06.43455000e+01   04.83358000e+01  -01.94855000e-02
  06.78570000e+01   06.52406000e+01   04.79967000e+01   04.92255000e-03
  06.74316000e+01   06.37167000e+01   04.71925000e+01   04.33740000e-03
  07.00724000e+01   06.34432000e+01   05.15703000e+01   04.35178000e-03
  07.10507000e+01   06.20349000e+01   05.17323000e+01   02.18100000e-05
  07.13727000e+01   06.32188000e+01   05.03770000e+01  -05.02650000e-04
  07.08812000e+01   06.00157000e+01   05.05431000e+01  -01.43048000e-03
  06.97865000e+01   05.98550000e+01   04.91599000e+01   02.03840000e-04
  07.12618000e+01   06.08991000e+01   04.91282000e+01   08.62995000e-03
  06.71938000e+01   06.29130000e+01   05.35625000e+01  -01.63629000e-03
  07.07181000e+01   06.38714000e+01   04.72271000e+01  -02.76705000e-03
  06.91515000e+01   06.12390000e+01   04.74734000e+01   01.41710000e-03
  06.64235000e+01   06.41293000e+01   05.06245000e+01  -03.85980000e-04
  06.80330000e+01   06.45688000e+01   05.11027000e+01  -04.81110000e-04
  07.78635000e+01   06.59379000e+01   04.21058000e+01  -02.06250000e-04
  07.87711000e+01   06.41623000e+01   03.97483000e+01   01.11427000e-03
  08.08975000e+01   06.45221000e+01   03.87888000e+01  -01.53420000e-04
  08.23374000e+01   06.70778000e+01   03.96422000e+01  -01.90280000e-04
  08.30817000e+01   06.49298000e+01   03.73930000e+01  -03.63060000e-04
  06.64499000e+01   06.20842000e+01   05.13540000e+01   08.59900000e-05
  08.44809000e+01   06.52356000e+01   03.59762000e+01  -01.01020000e-04
  08.65780000e+01   06.73222000e+01   03.64457000e+01   02.50540000e-04
  08.63665000e+01   06.46793000e+01   03.48112000e+01  -01.19075000e-03
  08.74649000e+01   06.64186000e+01   03.15426000e+01   03.14160000e-04
  08.97129000e+01   06.61291000e+01   03.25881000e+01  -01.11070000e-04
  06.77382000e+01   06.07826000e+01   05.04526000e+01   03.13480000e-04
  06.88287000e+01   06.09872000e+01   05.18868000e+01   01.25001000e-03
  07.67660000e+01   06.35773000e+01   04.05728000e+01   04.27500000e-05
  07.59629000e+01   06.51317000e+01   04.30864000e+01  -04.51238000e-03
  07.40618000e+01   06.42088000e+01   04.44037000e+01   04.22636000e-03
  07.19488000e+01   06.25197000e+01   04.30545000e+01  -09.78060000e-04
  07.23110000e+01   06.40132000e+01   04.56143000e+01  -08.33290000e-04
  08.94513000e+01   06.47482000e+01   03.09213000e+01  -01.05330000e-03
