  06.96014000e+01   06.21518000e+01   05.01702000e+01  -02.53405000e-03
  06.83275000e+01   06.16770000e+01   05.08821000e+01   07.80610000e-04
  06.71152000e+01   06.26208000e+01   05.10676000e+01   06.83950000e-04
  06.68259000e+01   06.29656000e+01   05.24206000e+01   05.31930000e-04
  06.72317000e+01   06.39035000e+01   05.01148000e+01  -01.13880000e-03
  06.81252000e+01   06.36580000e+01   04.88653000e+01   05.01179000e-03
  06.91857000e+01   06.28397000e+01   04.88696000e+01  -01.30529000e-03
  06.97905000e+01   06.22497000e+01   04.76281000e+01  -01.54921000e-03
  07.09729000e+01   06.25600000e+01   04.69828000e+01  -09.64920000e-04
  07.15347000e+01   06.20173000e+01   04.56908000e+01  -02.95630000e-04
  07.25862000e+01   06.27502000e+01   04.51302000e+01  -02.57020000e-04
  07.32767000e+01   06.25331000e+01   04.38955000e+01   02.20720000e-04
  07.42871000e+01   06.33364000e+01   04.34884000e+01   02.85990000e-04
  07.50428000e+01   06.32635000e+01   04.22352000e+01   03.16900000e-05
  07.62014000e+01   06.40788000e+01   04.20689000e+01  -01.12020000e-04
  07.72463000e+01   06.41881000e+01   04.10326000e+01   03.40000000e-06
  07.07016000e+01   06.11018000e+01   05.01357000e+01   03.83030000e-04
  07.00174000e+01   06.30306000e+01   05.13073000e+01   01.30100000e-05
  06.74185000e+01   06.41844000e+01   04.76140000e+01  -01.34690000e-04
  07.08213000e+01   06.08348000e+01   04.50822000e+01  -08.35400000e-05
  07.44396000e+01   06.25175000e+01   04.10762000e+01   01.43700000e-03
  08.90314000e+01   06.58870000e+01   03.55655000e+01  -05.62820000e-04
  08.97687000e+01   06.51834000e+01   03.44186000e+01  -02.06960000e-04
  08.99491000e+01   06.59989000e+01   03.31124000e+01  -02.30470000e-04
  09.03104000e+01   06.50765000e+01   03.20908000e+01   01.43786000e-03
  08.86131000e+01   06.66572000e+01   03.28048000e+01   03.20417000e-03
  08.75761000e+01   06.68885000e+01   03.35847000e+01  -08.05080000e-04
  08.76109000e+01   06.62363000e+01   03.50321000e+01  -01.76788000e-03
  08.66768000e+01   06.69346000e+01   03.59853000e+01   07.22800000e-05
  08.56212000e+01   06.64409000e+01   03.66983000e+01   01.59105000e-02
  08.48364000e+01   06.69929000e+01   03.77725000e+01  -02.33693000e-02
  08.37944000e+01   06.62989000e+01   03.82897000e+01   05.37835000e-03
  08.30175000e+01   06.63074000e+01   03.95150000e+01   05.38182000e-03
  08.18698000e+01   06.55354000e+01   03.97406000e+01   05.79556000e-03
  08.07823000e+01   06.56819000e+01   04.07677000e+01  -06.99068000e-03
  07.96176000e+01   06.49449000e+01   04.06183000e+01   02.95799000e-03
  07.84159000e+01   06.48380000e+01   04.14516000e+01   08.80642000e-03
  08.98973000e+01   06.70742000e+01   03.59501000e+01  -03.71955000e-03
  08.89747000e+01   06.49255000e+01   03.67860000e+01  -01.20585000e-02
  08.63903000e+01   06.76558000e+01   03.30384000e+01   01.97011000e-03
  08.53684000e+01   06.82145000e+01   03.85122000e+01   08.37962000e-03
  08.10283000e+01   06.64411000e+01   04.20514000e+01  -01.14162000e-03
  08.05718000e+01   06.59854000e+01   04.29274000e+01   05.31110000e-04
  08.20355000e+01   06.66260000e+01   04.22041000e+01   06.44190000e-04
  08.04835000e+01   06.74041000e+01   04.19939000e+01  -01.18537000e-03
  08.54289000e+01   06.91579000e+01   03.79352000e+01  -09.86263000e-03
  08.47879000e+01   06.85954000e+01   03.93069000e+01   04.83486000e-03
  08.63838000e+01   06.80767000e+01   03.89071000e+01  -06.05704000e-03
  08.56311000e+01   06.70691000e+01   03.25046000e+01   01.25782000e-03
  08.58896000e+01   06.82150000e+01   03.38492000e+01  -04.29459000e-03
  08.66980000e+01   06.83631000e+01   03.22401000e+01   07.41250000e-04
  08.98821000e+01   06.45613000e+01   03.72639000e+01  -09.05833000e-03
  08.83447000e+01   06.54675000e+01   03.75203000e+01   05.11703000e-03
  08.84371000e+01   06.40605000e+01   03.64575000e+01   05.28601000e-03
  09.08992000e+01   06.68471000e+01   03.63355000e+01   06.61730000e-04
  09.00368000e+01   06.77843000e+01   03.51878000e+01  -01.43313000e-03
  08.95720000e+01   06.75729000e+01   03.68590000e+01   01.17160000e-04
  09.07576000e+01   06.48157000e+01   03.48003000e+01   07.94200000e-05
  08.92166000e+01   06.42545000e+01   03.41765000e+01  -07.78792000e-03
  07.33393000e+01   06.26957000e+01   04.09499000e+01   07.70140000e-04
  07.50181000e+01   06.25708000e+01   04.00994000e+01   07.99937000e-03
  07.44505000e+01   06.14526000e+01   04.12432000e+01  -03.55757000e-03
  06.97508000e+01   06.09770000e+01   04.49360000e+01  -07.15330000e-03
  07.11496000e+01   06.07033000e+01   04.40800000e+01   03.13430000e-03
  07.10218000e+01   05.98870000e+01   04.55305000e+01   01.47373000e-02
  06.66070000e+01   06.49547000e+01   04.78829000e+01  -01.94855000e-02
  06.81940000e+01   06.45732000e+01   04.68910000e+01   04.92255000e-03
  06.70605000e+01   06.33338000e+01   04.70308000e+01   04.33740000e-03
  06.93291000e+01   06.37668000e+01   05.16784000e+01   04.35178000e-03
  07.03454000e+01   06.24413000e+01   05.21973000e+01   02.18100000e-05
  07.09004000e+01   06.35970000e+01   05.11216000e+01  -05.02650000e-04
  07.09081000e+01   06.06287000e+01   05.10750000e+01  -01.43048000e-03
  07.05754000e+01   06.02824000e+01   04.93402000e+01   02.03840000e-04
  07.15860000e+01   06.16113000e+01   04.98275000e+01   08.62995000e-03
  06.67492000e+01   06.22131000e+01   05.30224000e+01  -01.63629000e-03
  07.14261000e+01   06.34209000e+01   04.74417000e+01  -02.76705000e-03
  06.92700000e+01   06.15085000e+01   04.71402000e+01   01.41710000e-03
  06.61717000e+01   06.42086000e+01   04.97997000e+01  -03.85980000e-04
  06.75639000e+01   06.48655000e+01   05.06396000e+01  -04.81110000e-04
  07.84462000e+01   06.53562000e+01   04.24410000e+01  -02.06250000e-04
  07.95572000e+01   06.42927000e+01   03.97476000e+01   01.11427000e-03
  08.15203000e+01   06.48619000e+01   03.89713000e+01  -01.53420000e-04
  08.31661000e+01   06.70928000e+01   04.02958000e+01  -01.90280000e-04
  08.34720000e+01   06.54003000e+01   03.76454000e+01  -03.63060000e-04
  06.62861000e+01   06.20228000e+01   05.06786000e+01   08.59900000e-05
  08.52941000e+01   06.55748000e+01   03.61966000e+01  -01.01020000e-04
  08.70514000e+01   06.79272000e+01   03.63045000e+01   02.50540000e-04
  08.71847000e+01   06.52259000e+01   03.49334000e+01  -01.19075000e-03
  08.86215000e+01   06.69277000e+01   03.18039000e+01   03.14160000e-04
  09.07048000e+01   06.68065000e+01   03.33674000e+01  -01.11070000e-04
  06.79066000e+01   06.10266000e+01   05.01128000e+01   03.13480000e-04
  06.85901000e+01   06.10909000e+01   05.17377000e+01   01.25001000e-03
  07.71996000e+01   06.36725000e+01   04.01291000e+01   04.27500000e-05
  07.65549000e+01   06.44071000e+01   04.30429000e+01  -04.51238000e-03
  07.45641000e+01   06.41211000e+01   04.40748000e+01   04.22636000e-03
  07.30421000e+01   06.17366000e+01   04.32413000e+01  -09.78060000e-04
  07.28297000e+01   06.35752000e+01   04.56625000e+01  -08.33290000e-04
  09.08812000e+01   06.54562000e+01   03.13914000e+01  -01.05330000e-03
