  06.82103000e+01   06.16013000e+01   04.94315000e+01  -02.53405000e-03
  06.67836000e+01   06.13774000e+01   04.98704000e+01   07.80610000e-04
  06.59538000e+01   06.25152000e+01   05.04192000e+01   06.83950000e-04
  06.64214000e+01   06.29199000e+01   05.17581000e+01   05.31930000e-04
  06.61909000e+01   06.37246000e+01   04.95069000e+01  -01.13880000e-03
  06.70659000e+01   06.35160000e+01   04.82461000e+01   05.01179000e-03
  06.80810000e+01   06.25998000e+01   04.83150000e+01  -01.30529000e-03
  06.87454000e+01   06.22790000e+01   04.69627000e+01  -01.54921000e-03
  06.98288000e+01   06.27998000e+01   04.62960000e+01  -09.64920000e-04
  07.03596000e+01   06.23845000e+01   04.49789000e+01  -02.95630000e-04
  07.14111000e+01   06.31945000e+01   04.43988000e+01  -02.57020000e-04
  07.21023000e+01   06.29955000e+01   04.31829000e+01   02.20720000e-04
  07.31369000e+01   06.38290000e+01   04.27986000e+01   02.85990000e-04
  07.39602000e+01   06.36610000e+01   04.16431000e+01   03.16900000e-05
  07.51252000e+01   06.44586000e+01   04.15397000e+01  -01.12020000e-04
  07.61995000e+01   06.45220000e+01   04.05820000e+01   03.40000000e-06
  06.87817000e+01   06.02557000e+01   04.90624000e+01   03.83030000e-04
  06.91455000e+01   06.21132000e+01   05.04585000e+01   01.30100000e-05
  06.68037000e+01   06.45143000e+01   04.71469000e+01  -01.34690000e-04
  06.99017000e+01   06.10557000e+01   04.43781000e+01  -08.35400000e-05
  07.33316000e+01   06.30028000e+01   04.04515000e+01   01.43700000e-03
  08.74882000e+01   06.60556000e+01   03.41379000e+01  -05.62820000e-04
  08.81383000e+01   06.55857000e+01   03.28429000e+01  -02.06960000e-04
  08.84340000e+01   06.66190000e+01   03.17677000e+01  -02.30470000e-04
  08.88704000e+01   06.58228000e+01   03.06628000e+01   01.43786000e-03
  08.71433000e+01   06.74228000e+01   03.15546000e+01   03.20417000e-03
  08.60943000e+01   06.74264000e+01   03.24094000e+01  -08.05080000e-04
  08.60879000e+01   06.66458000e+01   03.37242000e+01  -01.76788000e-03
  08.52619000e+01   06.72466000e+01   03.48898000e+01   07.22800000e-05
  08.42728000e+01   06.65523000e+01   03.54614000e+01   01.59105000e-02
  08.35429000e+01   06.68508000e+01   03.67186000e+01  -02.33693000e-02
  08.25328000e+01   06.60085000e+01   03.71587000e+01   05.37835000e-03
  08.17483000e+01   06.61893000e+01   03.83701000e+01   05.38182000e-03
  08.06642000e+01   06.54855000e+01   03.88472000e+01   05.79556000e-03
  07.97431000e+01   06.57275000e+01   03.99302000e+01  -06.99068000e-03
  07.84852000e+01   06.51031000e+01   03.97989000e+01   02.95799000e-03
  07.74333000e+01   06.51145000e+01   04.07418000e+01   08.80642000e-03
  08.83970000e+01   06.72176000e+01   03.47987000e+01  -03.71955000e-03
  08.73905000e+01   06.49882000e+01   03.52586000e+01  -01.20585000e-02
  08.48224000e+01   06.82100000e+01   03.21572000e+01   01.97011000e-03
  08.41448000e+01   06.80453000e+01   03.74685000e+01   08.37962000e-03
  08.02722000e+01   06.64036000e+01   04.12408000e+01  -01.14162000e-03
  07.99388000e+01   06.74200000e+01   04.13333000e+01   05.31110000e-04
  07.99157000e+01   06.58802000e+01   04.21025000e+01   06.44190000e-04
  08.13320000e+01   06.63907000e+01   04.14341000e+01  -01.18537000e-03
  08.40968000e+01   06.90193000e+01   03.68884000e+01  -09.86263000e-03
  08.37599000e+01   06.81528000e+01   03.84867000e+01   04.83486000e-03
  08.52252000e+01   06.78682000e+01   03.75982000e+01  -06.05704000e-03
  08.47275000e+01   06.86561000e+01   03.11809000e+01   01.25782000e-03
  08.39568000e+01   06.75411000e+01   03.22834000e+01  -04.29459000e-03
  08.46482000e+01   06.90832000e+01   03.28814000e+01   07.41250000e-04
  08.68266000e+01   06.41458000e+01   03.47914000e+01  -09.05833000e-03
  08.83912000e+01   06.47928000e+01   03.56116000e+01   05.11703000e-03
  08.68327000e+01   06.53831000e+01   03.60423000e+01   05.28601000e-03
  08.83117000e+01   06.82314000e+01   03.43109000e+01   06.61730000e-04
  08.81676000e+01   06.73780000e+01   03.58612000e+01  -01.43313000e-03
  08.94662000e+01   06.70286000e+01   03.46765000e+01   01.17160000e-04
  08.91320000e+01   06.51489000e+01   03.31120000e+01   07.94200000e-05
  08.76405000e+01   06.47592000e+01   03.24410000e+01  -07.78792000e-03
  07.33388000e+01   06.18969000e+01   04.04128000e+01   07.70140000e-04
  07.23692000e+01   06.34155000e+01   04.02999000e+01   07.99937000e-03
  07.39279000e+01   06.33468000e+01   03.95708000e+01  -03.55757000e-03
  07.01962000e+01   06.08156000e+01   04.32986000e+01  -07.15330000e-03
  07.02047000e+01   06.01638000e+01   04.48994000e+01   03.13430000e-03
  06.88217000e+01   06.11440000e+01   04.43776000e+01   01.47373000e-02
  06.59785000e+01   06.51964000e+01   04.74446000e+01  -01.94855000e-02
  06.76891000e+01   06.51323000e+01   04.70257000e+01   04.92255000e-03
  06.65949000e+01   06.39494000e+01   04.62034000e+01   04.33740000e-03
  06.91693000e+01   06.13634000e+01   05.13039000e+01   04.35178000e-03
  07.01737000e+01   06.21605000e+01   05.00077000e+01   02.18100000e-05
  06.88370000e+01   06.30306000e+01   05.09276000e+01  -05.02650000e-04
  06.81196000e+01   05.96519000e+01   04.84459000e+01  -01.43048000e-03
  06.96000000e+01   06.02987000e+01   04.83506000e+01   02.03840000e-04
  06.89614000e+01   05.97179000e+01   04.99976000e+01   08.62995000e-03
  06.63422000e+01   06.21816000e+01   05.23680000e+01  -01.63629000e-03
  07.03332000e+01   06.34375000e+01   04.69543000e+01  -02.76705000e-03
  06.81745000e+01   06.14717000e+01   04.64881000e+01   01.41710000e-03
  06.51956000e+01   06.39085000e+01   04.90893000e+01  -03.85980000e-04
  06.63617000e+01   06.46557000e+01   05.00688000e+01  -04.81110000e-04
  07.76729000e+01   06.56327000e+01   04.16662000e+01  -02.06250000e-04
  07.83551000e+01   06.44486000e+01   03.89011000e+01   01.11427000e-03
  08.03115000e+01   06.46944000e+01   03.81089000e+01  -01.53420000e-04
  08.19330000e+01   06.70598000e+01   03.90035000e+01  -01.90280000e-04
  08.22396000e+01   06.51535000e+01   03.64363000e+01  -03.63060000e-04
  06.49089000e+01   06.22183000e+01   05.03935000e+01   08.59900000e-05
  08.39289000e+01   06.56506000e+01   03.48731000e+01  -01.01020000e-04
  08.57001000e+01   06.81369000e+01   03.54290000e+01   02.50540000e-04
  08.54662000e+01   06.58234000e+01   03.32211000e+01  -01.19075000e-03
  08.71116000e+01   06.80496000e+01   03.06823000e+01   03.14160000e-04
  08.90948000e+01   06.73847000e+01   03.21978000e+01  -01.11070000e-04
  06.61651000e+01   06.09773000e+01   04.91307000e+01   03.13480000e-04
  06.67002000e+01   06.05887000e+01   05.06221000e+01   01.25001000e-03
  07.60405000e+01   06.39080000e+01   03.97330000e+01   04.27500000e-05
  07.51904000e+01   06.51913000e+01   04.23304000e+01  -04.51238000e-03
  07.34295000e+01   06.45960000e+01   04.35709000e+01   04.22636000e-03
  07.19268000e+01   06.21952000e+01   04.24651000e+01  -09.78060000e-04
  07.16202000e+01   06.41685000e+01   04.48355000e+01  -08.33290000e-04
  08.87325000e+01   06.62544000e+01   02.97543000e+01  -01.05330000e-03
