  06.74406000e+01   06.03775000e+01   04.88714000e+01  -02.53405000e-03
  06.70119000e+01   06.11125000e+01   05.01306000e+01   07.80610000e-04
  06.55587000e+01   06.14435000e+01   05.02302000e+01   06.83950000e-04
  06.55340000e+01   06.20796000e+01   05.14675000e+01   05.31930000e-04
  06.52702000e+01   06.24169000e+01   04.91203000e+01  -01.13880000e-03
  06.58726000e+01   06.19986000e+01   04.77624000e+01   05.01179000e-03
  06.67314000e+01   06.09658000e+01   04.75394000e+01  -01.30529000e-03
  06.74396000e+01   06.08866000e+01   04.62988000e+01  -01.54921000e-03
  06.85858000e+01   06.15003000e+01   04.59044000e+01  -09.64920000e-04
  06.92689000e+01   06.12578000e+01   04.45725000e+01  -02.95630000e-04
  07.04117000e+01   06.19633000e+01   04.42689000e+01  -02.57020000e-04
  07.10249000e+01   06.19346000e+01   04.30101000e+01   02.20720000e-04
  07.22243000e+01   06.24952000e+01   04.28134000e+01   02.85990000e-04
  07.28389000e+01   06.26591000e+01   04.15110000e+01   03.16900000e-05
  07.39998000e+01   06.33323000e+01   04.14837000e+01  -01.12020000e-04
  07.50565000e+01   06.34720000e+01   04.04500000e+01   03.40000000e-06
  06.70200000e+01   05.88991000e+01   04.91642000e+01   03.83030000e-04
  06.89836000e+01   06.02988000e+01   04.88767000e+01   01.30100000e-05
  06.55424000e+01   06.30123000e+01   04.66899000e+01  -01.34690000e-04
  06.85567000e+01   06.02209000e+01   04.36819000e+01  -08.35400000e-05
  07.21936000e+01   06.19765000e+01   04.03725000e+01   01.43700000e-03
  08.64165000e+01   06.44948000e+01   03.41966000e+01  -05.62820000e-04
  08.70044000e+01   06.37908000e+01   03.30194000e+01  -02.06960000e-04
  08.68937000e+01   06.46142000e+01   03.17002000e+01  -02.30470000e-04
  08.72452000e+01   06.36992000e+01   03.06755000e+01   01.43786000e-03
  08.55533000e+01   06.53354000e+01   03.16467000e+01   03.20417000e-03
  08.46922000e+01   06.55096000e+01   03.26209000e+01  -08.05080000e-04
  08.49127000e+01   06.49627000e+01   03.39653000e+01  -01.76788000e-03
  08.42653000e+01   06.56827000e+01   03.51087000e+01   07.22800000e-05
  08.30884000e+01   06.53120000e+01   03.56621000e+01   01.59105000e-02
  08.24945000e+01   06.58434000e+01   03.68659000e+01  -02.33693000e-02
  08.14930000e+01   06.50386000e+01   03.73816000e+01   05.37835000e-03
  08.07052000e+01   06.52275000e+01   03.85721000e+01   05.38182000e-03
  07.95537000e+01   06.44640000e+01   03.87799000e+01   05.79556000e-03
  07.84685000e+01   06.47465000e+01   03.96948000e+01  -06.99068000e-03
  07.73107000e+01   06.40614000e+01   03.96118000e+01   02.95799000e-03
  07.61699000e+01   06.41559000e+01   04.05800000e+01   08.80642000e-03
  08.72520000e+01   06.57308000e+01   03.44904000e+01  -03.71955000e-03
  08.62599000e+01   06.35534000e+01   03.54297000e+01  -01.20585000e-02
  08.33649000e+01   06.61904000e+01   03.23247000e+01   01.97011000e-03
  08.29948000e+01   06.70910000e+01   03.75710000e+01   08.37962000e-03
  07.86839000e+01   06.59166000e+01   04.06240000e+01  -01.14162000e-03
  07.86113000e+01   06.69089000e+01   04.00923000e+01   05.31110000e-04
  07.79179000e+01   06.60083000e+01   04.13960000e+01   06.44190000e-04
  07.96568000e+01   06.58516000e+01   04.11953000e+01  -01.18537000e-03
  08.35559000e+01   06.69541000e+01   03.85189000e+01  -09.86263000e-03
  08.35061000e+01   06.78472000e+01   03.69549000e+01   04.83486000e-03
  08.20936000e+01   06.75884000e+01   03.79033000e+01  -06.05704000e-03
  08.34458000e+01   06.72693000e+01   03.26104000e+01   01.25782000e-03
  08.29736000e+01   06.61933000e+01   03.12190000e+01  -04.29459000e-03
  08.25700000e+01   06.57356000e+01   03.29246000e+01   07.41250000e-04
  08.56119000e+01   06.27433000e+01   03.51347000e+01  -09.05833000e-03
  08.72436000e+01   06.32147000e+01   03.57136000e+01   05.11703000e-03
  08.59789000e+01   06.40716000e+01   03.63970000e+01   05.28601000e-03
  08.82069000e+01   06.55316000e+01   03.47906000e+01   06.61730000e-04
  08.74522000e+01   06.64664000e+01   03.36179000e+01  -01.43313000e-03
  08.68770000e+01   06.63550000e+01   03.52738000e+01   01.17160000e-04
  08.80537000e+01   06.34915000e+01   03.32064000e+01   07.94200000e-05
  08.64930000e+01   06.28094000e+01   03.27983000e+01  -07.78792000e-03
  07.26764000e+01   06.21470000e+01   03.93880000e+01   07.70140000e-04
  07.19736000e+01   06.08877000e+01   04.04208000e+01   07.99937000e-03
  07.12401000e+01   06.24240000e+01   04.01973000e+01  -03.55757000e-03
  06.82327000e+01   05.92528000e+01   04.41280000e+01  -07.15330000e-03
  06.77190000e+01   06.05871000e+01   04.30843000e+01   03.13430000e-03
  06.93416000e+01   05.97829000e+01   04.30140000e+01   01.47373000e-02
  06.62597000e+01   06.38585000e+01   04.67896000e+01  -01.94855000e-02
  06.56028000e+01   06.26281000e+01   04.56463000e+01   04.92255000e-03
  06.45318000e+01   06.34145000e+01   04.68464000e+01   04.33740000e-03
  06.94115000e+01   06.13363000e+01   04.88741000e+01   04.35178000e-03
  06.94693000e+01   05.97556000e+01   04.97601000e+01   02.18100000e-05
  06.93034000e+01   05.97851000e+01   04.78636000e+01  -05.02650000e-04
  06.74521000e+01   05.84996000e+01   05.00818000e+01  -01.43048000e-03
  06.59144000e+01   05.88104000e+01   04.92701000e+01   02.03840000e-04
  06.74269000e+01   05.83449000e+01   04.82689000e+01   08.62995000e-03
  06.53332000e+01   06.14803000e+01   05.22152000e+01  -01.63629000e-03
  06.90312000e+01   06.23171000e+01   04.65633000e+01  -02.76705000e-03
  06.70043000e+01   06.01074000e+01   04.56322000e+01   01.41710000e-03
  06.41395000e+01   06.25447000e+01   04.89955000e+01  -03.85980000e-04
  06.55684000e+01   06.34453000e+01   04.94865000e+01  -04.81110000e-04
  07.63049000e+01   06.45940000e+01   04.15732000e+01  -02.06250000e-04
  07.70910000e+01   06.34496000e+01   03.87137000e+01   01.11427000e-03
  07.93157000e+01   06.36853000e+01   03.80710000e+01  -01.53420000e-04
  08.08460000e+01   06.60343000e+01   03.92442000e+01  -01.90280000e-04
  08.11259000e+01   06.41665000e+01   03.67890000e+01  -03.63060000e-04
  06.48285000e+01   06.05849000e+01   05.02097000e+01   08.59900000e-05
  08.25531000e+01   06.44683000e+01   03.51429000e+01  -01.01020000e-04
  08.47463000e+01   06.64992000e+01   03.56066000e+01   02.50540000e-04
  08.43228000e+01   06.40849000e+01   03.37738000e+01  -01.19075000e-03
  08.52201000e+01   06.58386000e+01   03.06767000e+01   03.14160000e-04
  08.77314000e+01   06.53605000e+01   03.17725000e+01  -01.11070000e-04
  06.73102000e+01   06.04382000e+01   05.09790000e+01   03.13480000e-04
  06.75849000e+01   06.20456000e+01   05.04074000e+01   01.25001000e-03
  07.49496000e+01   06.28694000e+01   03.94350000e+01   04.27500000e-05
  07.44041000e+01   06.37600000e+01   04.23922000e+01  -04.51238000e-03
  07.27193000e+01   06.29033000e+01   04.36866000e+01   04.22636000e-03
  07.05075000e+01   06.14750000e+01   04.21626000e+01  -09.78060000e-04
  07.07320000e+01   06.27736000e+01   04.49837000e+01  -08.33290000e-04
  08.75406000e+01   06.40893000e+01   02.98020000e+01  -01.05330000e-03
