  06.97465000e+01   06.10837000e+01   05.00930000e+01  -02.53405000e-03
  06.93117000e+01   06.19277000e+01   05.13150000e+01   07.80610000e-04
  06.78996000e+01   06.23528000e+01   05.13136000e+01   06.83950000e-04
  06.75732000e+01   06.29852000e+01   05.25250000e+01   05.31930000e-04
  06.76778000e+01   06.33215000e+01   05.01900000e+01  -01.13880000e-03
  06.83061000e+01   06.28699000e+01   04.88676000e+01   05.01179000e-03
  06.91757000e+01   06.17672000e+01   04.88062000e+01  -01.30529000e-03
  06.99136000e+01   06.14472000e+01   04.75861000e+01  -01.54921000e-03
  07.07733000e+01   06.21900000e+01   04.68267000e+01  -09.64920000e-04
  07.12078000e+01   06.19163000e+01   04.54869000e+01  -02.95630000e-04
  07.22050000e+01   06.26970000e+01   04.49921000e+01  -02.57020000e-04
  07.29024000e+01   06.26278000e+01   04.37780000e+01   02.20720000e-04
  07.40732000e+01   06.33126000e+01   04.35257000e+01   02.85990000e-04
  07.48469000e+01   06.31904000e+01   04.22601000e+01   03.16900000e-05
  07.61031000e+01   06.37299000e+01   04.22069000e+01  -01.12020000e-04
  07.71168000e+01   06.36522000e+01   04.11922000e+01   03.40000000e-06
  06.91378000e+01   05.96727000e+01   05.01592000e+01   03.83030000e-04
  07.12517000e+01   06.07128000e+01   05.02540000e+01   01.30100000e-05
  06.81292000e+01   06.38224000e+01   04.77233000e+01  -01.34690000e-04
  07.06791000e+01   06.07354000e+01   04.47619000e+01  -08.35400000e-05
  07.43057000e+01   06.24066000e+01   04.11031000e+01   01.43700000e-03
  08.87130000e+01   06.55241000e+01   03.51973000e+01  -05.62820000e-04
  08.94004000e+01   06.49528000e+01   03.39409000e+01  -02.06960000e-04
  08.95834000e+01   06.59764000e+01   03.27870000e+01  -02.30470000e-04
  08.96360000e+01   06.52495000e+01   03.15332000e+01   01.43786000e-03
  08.83562000e+01   06.68349000e+01   03.26209000e+01   03.20417000e-03
  08.73170000e+01   06.68998000e+01   03.34621000e+01  -08.05080000e-04
  08.71985000e+01   06.60420000e+01   03.46304000e+01  -01.76788000e-03
  08.63384000e+01   06.65400000e+01   03.57660000e+01   07.22800000e-05
  08.50076000e+01   06.61213000e+01   03.60532000e+01   01.59105000e-02
  08.42821000e+01   06.65277000e+01   03.72830000e+01  -02.33693000e-02
  08.31621000e+01   06.58388000e+01   03.76138000e+01   05.37835000e-03
  08.23755000e+01   06.58170000e+01   03.87665000e+01   05.38182000e-03
  08.12031000e+01   06.50760000e+01   03.90426000e+01   05.79556000e-03
  08.04399000e+01   06.51545000e+01   04.03240000e+01  -06.99068000e-03
  07.93138000e+01   06.43209000e+01   04.03936000e+01   02.95799000e-03
  07.83442000e+01   06.42048000e+01   04.14548000e+01   08.80642000e-03
  08.96469000e+01   06.66146000e+01   03.57387000e+01  -03.71955000e-03
  08.87117000e+01   06.43594000e+01   03.62412000e+01  -01.20585000e-02
  08.60864000e+01   06.77428000e+01   03.31099000e+01   01.97011000e-03
  08.48620000e+01   06.76304000e+01   03.81431000e+01   08.37962000e-03
  08.10463000e+01   06.58331000e+01   04.15640000e+01  -01.14162000e-03
  08.07078000e+01   06.68267000e+01   04.15769000e+01   05.31110000e-04
  08.06729000e+01   06.53744000e+01   04.25301000e+01   06.44190000e-04
  08.21577000e+01   06.58162000e+01   04.15910000e+01  -01.18537000e-03
  08.57882000e+01   06.72866000e+01   03.85101000e+01  -09.86263000e-03
  08.51341000e+01   06.85113000e+01   03.76477000e+01   04.83486000e-03
  08.42653000e+01   06.79273000e+01   03.90001000e+01  -06.05704000e-03
  08.60293000e+01   06.82510000e+01   03.21541000e+01   01.25782000e-03
  08.51855000e+01   06.71426000e+01   03.32885000e+01  -04.29459000e-03
  08.59946000e+01   06.85433000e+01   03.38514000e+01   07.41250000e-04
  08.96502000e+01   06.41670000e+01   03.66697000e+01  -09.05833000e-03
  08.81316000e+01   06.46431000e+01   03.70489000e+01   05.11703000e-03
  08.83031000e+01   06.34467000e+01   03.58175000e+01   05.28601000e-03
  08.94829000e+01   06.68320000e+01   03.67592000e+01   06.61730000e-04
  09.06248000e+01   06.61171000e+01   03.57465000e+01  -01.43313000e-03
  08.95708000e+01   06.76062000e+01   03.51769000e+01   01.17160000e-04
  09.02936000e+01   06.45221000e+01   03.41432000e+01   07.94200000e-05
  08.87361000e+01   06.42194000e+01   03.34974000e+01  -07.78792000e-03
  07.38650000e+01   06.30546000e+01   04.03608000e+01   07.70140000e-04
  07.50520000e+01   06.18177000e+01   04.06141000e+01   07.99937000e-03
  07.35603000e+01   06.16762000e+01   04.12875000e+01  -03.55757000e-03
  07.10764000e+01   05.98710000e+01   04.51702000e+01  -07.15330000e-03
  06.95795000e+01   06.06092000e+01   04.48574000e+01   03.13430000e-03
  07.08632000e+01   06.06345000e+01   04.37019000e+01   01.47373000e-02
  06.88693000e+01   06.47301000e+01   04.77921000e+01  -01.94855000e-02
  06.81139000e+01   06.33407000e+01   04.66873000e+01   04.92255000e-03
  06.71322000e+01   06.41823000e+01   04.78971000e+01   04.33740000e-03
  07.17806000e+01   06.16830000e+01   05.03417000e+01   04.35178000e-03
  07.15386000e+01   06.00360000e+01   05.11330000e+01   02.18100000e-05
  07.17433000e+01   06.01444000e+01   04.94235000e+01  -05.02650000e-04
  06.95323000e+01   05.90452000e+01   04.93104000e+01  -01.43048000e-03
  06.92919000e+01   05.91272000e+01   05.10871000e+01   02.03840000e-04
  06.80660000e+01   05.97129000e+01   05.00967000e+01   08.62995000e-03
  06.74082000e+01   06.24490000e+01   05.32680000e+01  -01.63629000e-03
  07.11911000e+01   06.31082000e+01   04.73530000e+01  -02.76705000e-03
  06.95950000e+01   06.05244000e+01   04.71671000e+01   01.41710000e-03
  06.65841000e+01   06.35031000e+01   04.99601000e+01  -03.85980000e-04
  06.81007000e+01   06.42334000e+01   05.05496000e+01  -04.81110000e-04
  07.85331000e+01   06.46824000e+01   04.23871000e+01  -02.06250000e-04
  07.92004000e+01   06.37169000e+01   03.95010000e+01   01.11427000e-03
  08.08122000e+01   06.43817000e+01   03.82952000e+01  -01.53420000e-04
  08.27979000e+01   06.64795000e+01   03.95470000e+01  -01.90280000e-04
  08.28538000e+01   06.51054000e+01   03.68884000e+01  -03.63060000e-04
  06.70615000e+01   06.16344000e+01   05.12859000e+01   08.59900000e-05
  08.44354000e+01   06.54717000e+01   03.53857000e+01  -01.01020000e-04
  08.68309000e+01   06.72225000e+01   03.64859000e+01   02.50540000e-04
  08.65960000e+01   06.51964000e+01   03.42402000e+01  -01.19075000e-03
  08.84155000e+01   06.75851000e+01   03.17967000e+01   03.14160000e-04
  09.04350000e+01   06.66282000e+01   03.31139000e+01  -01.11070000e-04
  06.94808000e+01   06.12792000e+01   05.22240000e+01   03.13480000e-04
  06.98924000e+01   06.28357000e+01   05.13320000e+01   01.25001000e-03
  07.69102000e+01   06.31138000e+01   04.02570000e+01   04.27500000e-05
  07.65763000e+01   06.42291000e+01   04.30213000e+01  -04.51238000e-03
  07.43848000e+01   06.40584000e+01   04.42329000e+01   04.22636000e-03
  07.25297000e+01   06.18016000e+01   04.31475000e+01  -09.78060000e-04
  07.25595000e+01   06.35036000e+01   04.56560000e+01  -08.33290000e-04
  09.01227000e+01   06.56910000e+01   03.08235000e+01  -01.05330000e-03
