  06.91707000e+01   06.13964000e+01   05.07264000e+01  -02.53405000e-03
  06.77551000e+01   06.12789000e+01   05.12497000e+01   07.80610000e-04
  06.70849000e+01   06.25431000e+01   05.16417000e+01   06.83950000e-04
  06.76500000e+01   06.27341000e+01   05.29455000e+01   05.31930000e-04
  06.74359000e+01   06.36981000e+01   05.06944000e+01  -01.13880000e-03
  06.82143000e+01   06.33801000e+01   04.94368000e+01   05.01179000e-03
  06.91531000e+01   06.24469000e+01   04.95331000e+01  -01.30529000e-03
  06.98004000e+01   06.19547000e+01   04.82335000e+01  -01.54921000e-03
  07.04709000e+01   06.28126000e+01   04.73662000e+01  -09.64920000e-04
  07.11320000e+01   06.23789000e+01   04.61098000e+01  -02.95630000e-04
  07.19213000e+01   06.32812000e+01   04.54435000e+01  -02.57020000e-04
  07.26740000e+01   06.31662000e+01   04.42273000e+01   02.20720000e-04
  07.38067000e+01   06.38395000e+01   04.39077000e+01   02.85990000e-04
  07.45661000e+01   06.36772000e+01   04.27338000e+01   03.16900000e-05
  07.57774000e+01   06.43238000e+01   04.26551000e+01  -01.12020000e-04
  07.68384000e+01   06.43840000e+01   04.15895000e+01   03.40000000e-06
  06.96094000e+01   05.99808000e+01   05.04572000e+01   03.83030000e-04
  07.01095000e+01   06.20097000e+01   05.18221000e+01   01.30100000e-05
  06.77976000e+01   06.42452000e+01   04.81754000e+01  -01.34690000e-04
  07.08136000e+01   06.10594000e+01   04.54480000e+01  -08.35400000e-05
  07.41097000e+01   06.25861000e+01   04.17353000e+01   01.43700000e-03
  08.80459000e+01   06.62162000e+01   03.47346000e+01  -05.62820000e-04
  08.86494000e+01   06.55040000e+01   03.34603000e+01  -02.06960000e-04
  08.83108000e+01   06.62333000e+01   03.21515000e+01  -02.30470000e-04
  08.88230000e+01   06.54113000e+01   03.10711000e+01   01.43786000e-03
  08.69003000e+01   06.69095000e+01   03.21612000e+01   03.20417000e-03
  08.61339000e+01   06.70744000e+01   03.32481000e+01  -08.05080000e-04
  08.64553000e+01   06.63085000e+01   03.45216000e+01  -01.76788000e-03
  08.57015000e+01   06.69808000e+01   03.56853000e+01   07.22800000e-05
  08.47729000e+01   06.63428000e+01   03.64220000e+01   01.59105000e-02
  08.41577000e+01   06.67552000e+01   03.77186000e+01  -02.33693000e-02
  08.28883000e+01   06.62306000e+01   03.80968000e+01   05.37835000e-03
  08.21553000e+01   06.64291000e+01   03.93225000e+01   05.38182000e-03
  08.09783000e+01   06.58738000e+01   03.95993000e+01   05.79556000e-03
  08.02365000e+01   06.58573000e+01   04.08131000e+01  -06.99068000e-03
  07.90869000e+01   06.51288000e+01   04.07959000e+01   02.95799000e-03
  07.80029000e+01   06.50984000e+01   04.17143000e+01   08.80642000e-03
  08.86113000e+01   06.76404000e+01   03.48294000e+01  -03.71955000e-03
  08.84450000e+01   06.54186000e+01   03.59350000e+01  -01.20585000e-02
  08.47883000e+01   06.77369000e+01   03.31079000e+01   01.97011000e-03
  08.49301000e+01   06.76346000e+01   03.86637000e+01   08.37962000e-03
  08.08294000e+01   06.65148000e+01   04.19994000e+01  -01.14162000e-03
  08.05130000e+01   06.60024000e+01   04.29230000e+01   05.31110000e-04
  08.18615000e+01   06.64270000e+01   04.18843000e+01   06.44190000e-04
  08.06150000e+01   06.75817000e+01   04.20806000e+01  -01.18537000e-03
  08.44146000e+01   06.85830000e+01   03.88457000e+01  -09.86263000e-03
  08.50366000e+01   06.71673000e+01   03.96521000e+01   04.83486000e-03
  08.59511000e+01   06.78967000e+01   03.83853000e+01  -06.05704000e-03
  08.40124000e+01   06.71410000e+01   03.36894000e+01   01.25782000e-03
  08.47545000e+01   06.87620000e+01   03.35601000e+01  -04.29459000e-03
  08.43416000e+01   06.78765000e+01   03.20668000e+01   07.41250000e-04
  08.81930000e+01   06.43494000e+01   03.57336000e+01  -09.05833000e-03
  08.95263000e+01   06.54021000e+01   03.61819000e+01   05.11703000e-03
  08.79455000e+01   06.57765000e+01   03.68624000e+01   05.28601000e-03
  08.84462000e+01   06.82614000e+01   03.39999000e+01   06.61730000e-04
  08.82871000e+01   06.81309000e+01   03.58226000e+01  -01.43313000e-03
  08.97342000e+01   06.76536000e+01   03.48482000e+01   01.17160000e-04
  08.97820000e+01   06.54166000e+01   03.34999000e+01   07.94200000e-05
  08.83154000e+01   06.44517000e+01   03.33752000e+01  -07.78792000e-03
  07.30790000e+01   06.28194000e+01   04.13651000e+01   07.70140000e-04
  07.48285000e+01   06.23310000e+01   04.09661000e+01   07.99937000e-03
  07.40515000e+01   06.16256000e+01   04.22478000e+01  -03.55757000e-03
  07.14025000e+01   06.07684000e+01   04.45924000e+01  -07.15330000e-03
  07.09736000e+01   06.01244000e+01   04.60616000e+01   03.13430000e-03
  06.97549000e+01   06.09226000e+01   04.52087000e+01   01.47373000e-02
  06.85884000e+01   06.49704000e+01   04.79083000e+01  -01.94855000e-02
  06.73806000e+01   06.36389000e+01   04.73618000e+01   04.92255000e-03
  06.70249000e+01   06.48260000e+01   04.84036000e+01   04.33740000e-03
  06.98239000e+01   06.17059000e+01   05.28285000e+01   04.35178000e-03
  07.11704000e+01   06.17725000e+01   05.15963000e+01   02.18100000e-05
  07.00629000e+01   06.31021000e+01   05.18111000e+01  -05.02650000e-04
  06.90504000e+01   05.95124000e+01   04.95626000e+01  -01.43048000e-03
  07.06015000e+01   06.01259000e+01   05.01606000e+01   02.03840000e-04
  06.95159000e+01   05.92672000e+01   05.12803000e+01   08.62995000e-03
  06.70554000e+01   06.32715000e+01   05.34902000e+01  -01.63629000e-03
  07.06148000e+01   06.38417000e+01   04.75291000e+01  -02.76705000e-03
  06.95901000e+01   06.09104000e+01   04.80182000e+01   01.41710000e-03
  06.63991000e+01   06.40911000e+01   05.03772000e+01  -03.85980000e-04
  06.78710000e+01   06.46163000e+01   05.11819000e+01  -04.81110000e-04
  07.80358000e+01   06.56776000e+01   04.26354000e+01  -02.06250000e-04
  07.88296000e+01   06.44528000e+01   03.99190000e+01   01.11427000e-03
  08.05495000e+01   06.52488000e+01   03.88006000e+01  -01.53420000e-04
  08.25651000e+01   06.70449000e+01   04.01087000e+01  -01.90280000e-04
  08.23598000e+01   06.55223000e+01   03.74432000e+01  -03.63060000e-04
  06.60198000e+01   06.23668000e+01   05.15933000e+01   08.59900000e-05
  08.41709000e+01   06.55498000e+01   03.59527000e+01  -01.01020000e-04
  08.61285000e+01   06.79676000e+01   03.59806000e+01   02.50540000e-04
  08.60533000e+01   06.53026000e+01   03.43699000e+01  -01.19075000e-03
  08.66813000e+01   06.75021000e+01   03.12409000e+01   03.14160000e-04
  08.90841000e+01   06.70125000e+01   03.22096000e+01  -01.11070000e-04
  06.70871000e+01   06.09348000e+01   05.04189000e+01   03.13480000e-04
  06.76713000e+01   06.05655000e+01   05.20367000e+01   01.25001000e-03
  07.66068000e+01   06.37597000e+01   04.06901000e+01   04.27500000e-05
  07.60815000e+01   06.49069000e+01   04.35238000e+01  -04.51238000e-03
  07.41382000e+01   06.45275000e+01   04.46450000e+01   04.22636000e-03
  07.23316000e+01   06.24279000e+01   04.35177000e+01  -09.78060000e-04
  07.20855000e+01   06.42836000e+01   04.59432000e+01  -08.33290000e-04
  08.87946000e+01   06.58647000e+01   03.02140000e+01  -01.05330000e-03
