  06.79783000e+01   06.19014000e+01   04.98022000e+01  -02.53405000e-03
  06.66374000e+01   06.17345000e+01   05.04622000e+01   07.80610000e-04
  06.57667000e+01   06.29636000e+01   05.07121000e+01   06.83950000e-04
  06.59743000e+01   06.35365000e+01   05.19997000e+01   05.31930000e-04
  06.60457000e+01   06.40351000e+01   04.96894000e+01  -01.13880000e-03
  06.68181000e+01   06.37027000e+01   04.84144000e+01   05.01179000e-03
  06.77505000e+01   06.27111000e+01   04.84614000e+01  -01.30529000e-03
  06.84240000e+01   06.22581000e+01   04.72045000e+01  -01.54921000e-03
  06.92806000e+01   06.29938000e+01   04.64531000e+01  -09.64920000e-04
  06.99438000e+01   06.27214000e+01   04.51297000e+01  -02.95630000e-04
  07.08775000e+01   06.36508000e+01   04.46418000e+01  -02.57020000e-04
  07.16633000e+01   06.35087000e+01   04.34955000e+01   02.20720000e-04
  07.27264000e+01   06.43082000e+01   04.32417000e+01   02.85990000e-04
  07.35953000e+01   06.39964000e+01   04.21294000e+01   03.16900000e-05
  07.47717000e+01   06.47013000e+01   04.21239000e+01  -01.12020000e-04
  07.59133000e+01   06.47760000e+01   04.12157000e+01   03.40000000e-06
  06.86389000e+01   06.04621000e+01   04.97687000e+01   03.83030000e-04
  06.88127000e+01   06.29582000e+01   05.06206000e+01   01.30100000e-05
  06.64291000e+01   06.46453000e+01   04.73014000e+01  -01.34690000e-04
  06.95652000e+01   06.14772000e+01   04.44638000e+01  -08.35400000e-05
  07.32211000e+01   06.32661000e+01   04.08945000e+01   01.43700000e-03
  08.73604000e+01   06.50141000e+01   03.49983000e+01  -05.62820000e-04
  08.82091000e+01   06.46339000e+01   03.37137000e+01  -02.06960000e-04
  08.86280000e+01   06.58179000e+01   03.28955000e+01  -02.30470000e-04
  08.94726000e+01   06.54158000e+01   03.17758000e+01   01.43786000e-03
  08.74052000e+01   06.66440000e+01   03.26039000e+01   03.20417000e-03
  08.62394000e+01   06.66715000e+01   03.33333000e+01  -08.05080000e-04
  08.60358000e+01   06.58226000e+01   03.45798000e+01  -01.76788000e-03
  08.54118000e+01   06.65087000e+01   03.57793000e+01   07.22800000e-05
  08.44621000e+01   06.58982000e+01   03.64685000e+01   01.59105000e-02
  08.38033000e+01   06.62764000e+01   03.77142000e+01  -02.33693000e-02
  08.26262000e+01   06.56821000e+01   03.80890000e+01   05.37835000e-03
  08.17199000e+01   06.60478000e+01   03.91680000e+01   05.38182000e-03
  08.04704000e+01   06.55344000e+01   03.94172000e+01   05.79556000e-03
  07.95588000e+01   06.59021000e+01   04.05068000e+01  -06.99068000e-03
  07.83091000e+01   06.52626000e+01   04.05588000e+01   02.95799000e-03
  07.71858000e+01   06.52700000e+01   04.14439000e+01   08.80642000e-03
  08.82095000e+01   06.59906000e+01   03.59164000e+01  -03.71955000e-03
  08.72203000e+01   06.37410000e+01   03.58508000e+01  -01.20585000e-02
  08.52774000e+01   06.78369000e+01   03.30273000e+01   01.97011000e-03
  08.43424000e+01   06.75570000e+01   03.82954000e+01   08.37962000e-03
  07.99334000e+01   06.68443000e+01   04.15815000e+01  -01.14162000e-03
  07.98056000e+01   06.64015000e+01   04.26233000e+01   05.31110000e-04
  08.10121000e+01   06.70085000e+01   04.16026000e+01   06.44190000e-04
  07.94396000e+01   06.78393000e+01   04.14382000e+01  -01.18537000e-03
  08.37563000e+01   06.80304000e+01   03.91248000e+01  -09.86263000e-03
  08.53837000e+01   06.73269000e+01   03.85473000e+01   04.83486000e-03
  08.43186000e+01   06.83664000e+01   03.75504000e+01  -06.05704000e-03
  08.43930000e+01   06.74523000e+01   03.25207000e+01   01.25782000e-03
  08.49774000e+01   06.84735000e+01   03.38523000e+01  -04.29459000e-03
  08.58484000e+01   06.86378000e+01   03.23536000e+01   07.41250000e-04
  08.66944000e+01   06.39895000e+01   03.67494000e+01  -09.05833000e-03
  08.67342000e+01   06.29160000e+01   03.53131000e+01   05.11703000e-03
  08.81668000e+01   06.33989000e+01   03.61995000e+01   05.28601000e-03
  08.77598000e+01   06.61627000e+01   03.68961000e+01   06.61730000e-04
  08.92521000e+01   06.56456000e+01   03.60290000e+01  -01.43313000e-03
  08.81840000e+01   06.69917000e+01   03.54410000e+01   01.17160000e-04
  08.91335000e+01   06.41497000e+01   03.39744000e+01   07.94200000e-05
  08.75971000e+01   06.38877000e+01   03.31712000e+01  -07.78792000e-03
  07.37382000e+01   06.36115000e+01   04.00408000e+01   07.70140000e-04
  07.35233000e+01   06.22778000e+01   04.08932000e+01   07.99937000e-03
  07.21533000e+01   06.31635000e+01   04.07024000e+01  -03.55757000e-03
  07.04077000e+01   06.07833000e+01   04.45162000e+01  -07.15330000e-03
  06.87543000e+01   06.08410000e+01   04.48999000e+01   03.13430000e-03
  06.93771000e+01   06.16531000e+01   04.33698000e+01   01.47373000e-02
  06.69226000e+01   06.56244000e+01   04.73551000e+01  -01.94855000e-02
  06.65288000e+01   06.42138000e+01   04.62465000e+01   04.92255000e-03
  06.53286000e+01   06.47902000e+01   04.73956000e+01   04.33740000e-03
  06.85178000e+01   06.40306000e+01   05.05694000e+01   04.35178000e-03
  06.88380000e+01   06.26458000e+01   05.16693000e+01   02.18100000e-05
  06.98658000e+01   06.29711000e+01   05.03436000e+01  -05.02650000e-04
  06.96085000e+01   06.05452000e+01   04.92287000e+01  -01.43048000e-03
  06.87443000e+01   06.00755000e+01   05.07986000e+01   02.03840000e-04
  06.80924000e+01   05.97897000e+01   04.91703000e+01   08.62995000e-03
  06.58494000e+01   06.29708000e+01   05.27716000e+01  -01.63629000e-03
  06.97830000e+01   06.38948000e+01   04.68632000e+01  -02.76705000e-03
  06.82503000e+01   06.12531000e+01   04.68230000e+01   01.41710000e-03
  06.49778000e+01   06.41930000e+01   04.93732000e+01  -03.85980000e-04
  06.63876000e+01   06.50033000e+01   05.00681000e+01  -04.81110000e-04
  07.74970000e+01   06.58409000e+01   04.23321000e+01  -02.06250000e-04
  07.80738000e+01   06.46351000e+01   03.96560000e+01   01.11427000e-03
  08.01464000e+01   06.47337000e+01   03.87839000e+01  -01.53420000e-04
  08.20692000e+01   06.68150000e+01   03.98629000e+01  -01.90280000e-04
  08.23656000e+01   06.47953000e+01   03.75591000e+01  -03.63060000e-04
  06.46494000e+01   06.27965000e+01   05.05746000e+01   08.59900000e-05
  08.41360000e+01   06.48926000e+01   03.62287000e+01  -01.01020000e-04
  08.56593000e+01   06.75043000e+01   03.59955000e+01   02.50540000e-04
  08.53182000e+01   06.51005000e+01   03.41868000e+01  -01.19075000e-03
  08.75910000e+01   06.74613000e+01   03.19152000e+01   03.14160000e-04
  08.92827000e+01   06.63231000e+01   03.35728000e+01  -01.11070000e-04
  06.61499000e+01   06.09963000e+01   04.98333000e+01   03.13480000e-04
  06.67041000e+01   06.12089000e+01   05.13961000e+01   01.25001000e-03
  07.58170000e+01   06.43327000e+01   04.03001000e+01   04.27500000e-05
  07.48556000e+01   06.53633000e+01   04.29418000e+01  -04.51238000e-03
  07.30037000e+01   06.51022000e+01   04.39730000e+01   04.22636000e-03
  07.15191000e+01   06.25344000e+01   04.29416000e+01  -09.78060000e-04
  07.10060000e+01   06.45885000e+01   04.53233000e+01  -08.33290000e-04
  08.89239000e+01   06.52298000e+01   03.10239000e+01  -01.05330000e-03
