  06.93329000e+01   06.11474000e+01   05.00898000e+01  -02.53405000e-03
  06.78887000e+01   06.10343000e+01   05.06510000e+01   07.80610000e-04
  06.72303000e+01   06.23851000e+01   05.09411000e+01   06.83950000e-04
  06.75671000e+01   06.30173000e+01   05.21474000e+01   05.31930000e-04
  06.73614000e+01   06.32884000e+01   04.97959000e+01  -01.13880000e-03
  06.83889000e+01   06.30709000e+01   04.87430000e+01   05.01179000e-03
  06.92359000e+01   06.20422000e+01   04.88347000e+01  -01.30529000e-03
  06.98793000e+01   06.15898000e+01   04.76515000e+01  -01.54921000e-03
  07.10795000e+01   06.21165000e+01   04.71796000e+01  -09.64920000e-04
  07.15332000e+01   06.18956000e+01   04.57823000e+01  -02.95630000e-04
  07.25523000e+01   06.26715000e+01   04.52067000e+01  -02.57020000e-04
  07.31297000e+01   06.27061000e+01   04.38493000e+01   02.20720000e-04
  07.42289000e+01   06.35221000e+01   04.36744000e+01   02.85990000e-04
  07.50822000e+01   06.35621000e+01   04.24744000e+01   03.16900000e-05
  07.63011000e+01   06.42328000e+01   04.24600000e+01  -01.12020000e-04
  07.74186000e+01   06.41790000e+01   04.15171000e+01   03.40000000e-06
  06.99752000e+01   05.97750000e+01   04.99140000e+01   03.83030000e-04
  07.02233000e+01   06.18056000e+01   05.11719000e+01   01.30100000e-05
  06.81906000e+01   06.39815000e+01   04.76050000e+01  -01.34690000e-04
  07.08235000e+01   06.08299000e+01   04.49540000e+01  -08.35400000e-05
  07.46285000e+01   06.27614000e+01   04.12750000e+01   01.43700000e-03
  08.92389000e+01   06.53465000e+01   03.60470000e+01  -05.62820000e-04
  08.98442000e+01   06.45739000e+01   03.48474000e+01  -02.06960000e-04
  08.97750000e+01   06.53477000e+01   03.35253000e+01  -02.30470000e-04
  09.03653000e+01   06.45753000e+01   03.24439000e+01   01.43786000e-03
  08.85704000e+01   06.62329000e+01   03.33870000e+01   03.20417000e-03
  08.76424000e+01   06.64176000e+01   03.42697000e+01  -08.05080000e-04
  08.77915000e+01   06.57809000e+01   03.56554000e+01  -01.76788000e-03
  08.70514000e+01   06.65265000e+01   03.67729000e+01   07.22800000e-05
  08.58465000e+01   06.61831000e+01   03.73410000e+01   01.59105000e-02
  08.52339000e+01   06.66620000e+01   03.85942000e+01  -02.33693000e-02
  08.39943000e+01   06.61408000e+01   03.87846000e+01   05.37835000e-03
  08.31651000e+01   06.62110000e+01   03.99051000e+01   05.38182000e-03
  08.20706000e+01   06.54090000e+01   03.99558000e+01   05.79556000e-03
  08.10335000e+01   06.54035000e+01   04.09918000e+01  -06.99068000e-03
  07.98076000e+01   06.47993000e+01   04.07925000e+01   02.95799000e-03
  07.86518000e+01   06.47905000e+01   04.17555000e+01   08.80642000e-03
  09.02279000e+01   06.64891000e+01   03.64449000e+01  -03.71955000e-03
  08.92398000e+01   06.42749000e+01   03.72343000e+01  -01.20585000e-02
  08.63791000e+01   06.71235000e+01   03.39287000e+01   01.97011000e-03
  08.59807000e+01   06.75181000e+01   03.96155000e+01   08.37962000e-03
  08.13762000e+01   06.61643000e+01   04.21796000e+01  -01.14162000e-03
  08.09811000e+01   06.71446000e+01   04.20505000e+01   05.31110000e-04
  08.08428000e+01   06.58365000e+01   04.30131000e+01   06.44190000e-04
  08.24140000e+01   06.61772000e+01   04.24592000e+01  -01.18537000e-03
  08.63374000e+01   06.68774000e+01   04.03875000e+01  -09.86263000e-03
  08.67964000e+01   06.80406000e+01   03.90902000e+01   04.83486000e-03
  08.53782000e+01   06.83334000e+01   04.00412000e+01  -06.05704000e-03
  08.55109000e+01   06.64600000e+01   03.37531000e+01   01.25782000e-03
  08.60371000e+01   06.78211000e+01   03.47606000e+01  -04.29459000e-03
  08.65300000e+01   06.77347000e+01   03.29099000e+01   07.41250000e-04
  09.02157000e+01   06.39511000e+01   03.76683000e+01  -09.05833000e-03
  08.87903000e+01   06.46958000e+01   03.81291000e+01   05.11703000e-03
  08.87743000e+01   06.33227000e+01   03.70181000e+01   05.28601000e-03
  09.00510000e+01   06.68637000e+01   03.74444000e+01   06.61730000e-04
  09.12587000e+01   06.61616000e+01   03.64757000e+01  -01.43313000e-03
  09.01131000e+01   06.72712000e+01   03.57460000e+01   01.17160000e-04
  09.08443000e+01   06.43035000e+01   03.50439000e+01   07.94200000e-05
  08.93737000e+01   06.35965000e+01   03.47847000e+01  -07.78792000e-03
  07.52053000e+01   06.30420000e+01   04.04658000e+01   07.70140000e-04
  07.46799000e+01   06.16727000e+01   04.13883000e+01   07.99937000e-03
  07.36085000e+01   06.31415000e+01   04.10157000e+01  -03.55757000e-03
  06.98319000e+01   06.11028000e+01   04.47368000e+01  -07.15330000e-03
  07.13014000e+01   06.06842000e+01   04.40035000e+01   03.13430000e-03
  07.08684000e+01   05.98366000e+01   04.53915000e+01   01.47373000e-02
  06.87528000e+01   06.37000000e+01   04.67003000e+01  -01.94855000e-02
  06.71058000e+01   06.39709000e+01   04.72427000e+01   04.92255000e-03
  06.83438000e+01   06.50017000e+01   04.78592000e+01   04.33740000e-03
  06.98168000e+01   06.28336000e+01   05.12189000e+01   04.35178000e-03
  07.00481000e+01   06.12434000e+01   05.21419000e+01   02.18100000e-05
  07.12580000e+01   06.19684000e+01   05.08986000e+01  -05.02650000e-04
  07.10294000e+01   06.01037000e+01   04.96561000e+01  -01.43048000e-03
  06.98788000e+01   05.92296000e+01   05.08648000e+01   02.03840000e-04
  06.94680000e+01   05.92350000e+01   04.91737000e+01   08.62995000e-03
  06.74212000e+01   06.24318000e+01   05.29083000e+01  -01.63629000e-03
  07.16231000e+01   06.28333000e+01   04.77746000e+01  -02.76705000e-03
  06.92789000e+01   06.10826000e+01   04.69577000e+01   01.41710000e-03
  06.62985000e+01   06.34324000e+01   04.94461000e+01  -03.85980000e-04
  06.77636000e+01   06.42489000e+01   05.01863000e+01  -04.81110000e-04
  07.87620000e+01   06.54692000e+01   04.26392000e+01  -02.06250000e-04
  07.96965000e+01   06.43445000e+01   03.97798000e+01   01.11427000e-03
  08.18458000e+01   06.47005000e+01   03.91888000e+01  -01.53420000e-04
  08.33494000e+01   06.68963000e+01   04.07294000e+01  -01.90280000e-04
  08.36287000e+01   06.54786000e+01   03.79789000e+01  -03.63060000e-04
  06.61249000e+01   06.22160000e+01   05.10518000e+01   08.59900000e-05
  08.53383000e+01   06.54350000e+01   03.68033000e+01  -01.01020000e-04
  08.74828000e+01   06.74145000e+01   03.70978000e+01   02.50540000e-04
  08.71913000e+01   06.48287000e+01   03.56647000e+01  -01.19075000e-03
  08.83724000e+01   06.65730000e+01   03.24129000e+01   03.14160000e-04
  09.05599000e+01   06.61207000e+01   03.37787000e+01  -01.11070000e-04
  06.73158000e+01   06.04817000e+01   04.99469000e+01   03.13480000e-04
  06.80553000e+01   06.04183000e+01   05.15503000e+01   01.25001000e-03
  07.73096000e+01   06.35179000e+01   04.05816000e+01   04.27500000e-05
  07.65220000e+01   06.48047000e+01   04.33966000e+01  -04.51238000e-03
  07.46732000e+01   06.41398000e+01   04.44871000e+01   04.22636000e-03
  07.28033000e+01   06.20669000e+01   04.29748000e+01  -09.78060000e-04
  07.28386000e+01   06.35171000e+01   04.58633000e+01  -08.33290000e-04
  08.97330000e+01   06.40873000e+01   03.19470000e+01  -01.05330000e-03
