  06.91053000e+01   06.17832000e+01   05.03681000e+01  -02.53405000e-03
  06.76614000e+01   06.16240000e+01   05.09173000e+01   07.80610000e-04
  06.67716000e+01   06.28624000e+01   05.09122000e+01   06.83950000e-04
  06.63789000e+01   06.30327000e+01   05.22341000e+01   05.31930000e-04
  06.75261000e+01   06.41348000e+01   05.04064000e+01  -01.13880000e-03
  06.84219000e+01   06.38689000e+01   04.92002000e+01   05.01179000e-03
  06.92362000e+01   06.27605000e+01   04.92149000e+01  -01.30529000e-03
  06.96133000e+01   06.22238000e+01   04.78864000e+01  -01.54921000e-03
  07.05227000e+01   06.29128000e+01   04.70951000e+01  -09.64920000e-04
  07.09693000e+01   06.26305000e+01   04.57262000e+01  -02.95630000e-04
  07.20384000e+01   06.33452000e+01   04.52133000e+01  -02.57020000e-04
  07.27198000e+01   06.32870000e+01   04.39210000e+01   02.20720000e-04
  07.38983000e+01   06.39797000e+01   04.36745000e+01   02.85990000e-04
  07.47109000e+01   06.40229000e+01   04.24735000e+01   03.16900000e-05
  07.58974000e+01   06.47685000e+01   04.24768000e+01  -01.12020000e-04
  07.70150000e+01   06.48306000e+01   04.15672000e+01   03.40000000e-06
  06.95755000e+01   06.03713000e+01   05.00680000e+01   03.83030000e-04
  06.97903000e+01   06.23121000e+01   05.16216000e+01   01.30100000e-05
  06.77882000e+01   06.46103000e+01   04.80135000e+01  -01.34690000e-04
  07.01622000e+01   06.16728000e+01   04.48974000e+01  -08.35400000e-05
  07.42497000e+01   06.33522000e+01   04.11797000e+01   01.43700000e-03
  08.87121000e+01   06.64639000e+01   03.52998000e+01  -05.62820000e-04
  08.93010000e+01   06.58269000e+01   03.39760000e+01  -02.06960000e-04
  08.93107000e+01   06.67014000e+01   03.27812000e+01  -02.30470000e-04
  08.97829000e+01   06.59002000e+01   03.16646000e+01   01.43786000e-03
  08.79893000e+01   06.74434000e+01   03.26901000e+01   03.20417000e-03
  08.70420000e+01   06.76247000e+01   03.36426000e+01  -08.05080000e-04
  08.71933000e+01   06.69000000e+01   03.50251000e+01  -01.76788000e-03
  08.65020000e+01   06.74942000e+01   03.61808000e+01   07.22800000e-05
  08.53255000e+01   06.70194000e+01   03.66755000e+01   01.59105000e-02
  08.45940000e+01   06.73521000e+01   03.79278000e+01  -02.33693000e-02
  08.33978000e+01   06.66889000e+01   03.81946000e+01   05.37835000e-03
  08.25152000e+01   06.66590000e+01   03.94097000e+01   05.38182000e-03
  08.13521000e+01   06.59775000e+01   03.96683000e+01   05.79556000e-03
  08.04640000e+01   06.61778000e+01   04.08328000e+01  -06.99068000e-03
  07.92438000e+01   06.54773000e+01   04.08522000e+01   02.95799000e-03
  07.82075000e+01   06.54206000e+01   04.18778000e+01   08.80642000e-03
  08.95573000e+01   06.76778000e+01   03.56194000e+01  -03.71955000e-03
  08.89046000e+01   06.54747000e+01   03.64605000e+01  -01.20585000e-02
  08.56443000e+01   06.81948000e+01   03.33212000e+01   01.97011000e-03
  08.53082000e+01   06.82603000e+01   03.89694000e+01   08.37962000e-03
  08.10697000e+01   06.67279000e+01   04.20839000e+01  -01.14162000e-03
  08.08198000e+01   06.78215000e+01   04.22236000e+01   05.31110000e-04
  08.06801000e+01   06.64081000e+01   04.30306000e+01   06.44190000e-04
  08.21412000e+01   06.67045000e+01   04.22287000e+01  -01.18537000e-03
  08.48664000e+01   06.81853000e+01   03.99578000e+01  -09.86263000e-03
  08.63992000e+01   06.81896000e+01   03.90214000e+01   04.83486000e-03
  08.51287000e+01   06.92863000e+01   03.86799000e+01  -06.05704000e-03
  08.53591000e+01   06.91196000e+01   03.39077000e+01   01.25782000e-03
  08.56959000e+01   06.85071000e+01   03.22652000e+01  -04.29459000e-03
  08.48849000e+01   06.73489000e+01   03.33207000e+01   07.41250000e-04
  08.84823000e+01   06.44334000e+01   03.62758000e+01  -09.05833000e-03
  08.99604000e+01   06.53087000e+01   03.67042000e+01   05.11703000e-03
  08.83558000e+01   06.57241000e+01   03.73884000e+01   05.28601000e-03
  08.93734000e+01   06.80173000e+01   03.65826000e+01   06.61730000e-04
  09.06274000e+01   06.74618000e+01   03.54660000e+01  -01.43313000e-03
  08.92929000e+01   06.85032000e+01   03.49695000e+01   01.17160000e-04
  09.02565000e+01   06.53226000e+01   03.41406000e+01   07.94200000e-05
  08.85398000e+01   06.50456000e+01   03.37763000e+01  -07.78792000e-03
  07.35963000e+01   06.40343000e+01   04.06050000e+01   07.70140000e-04
  07.50889000e+01   06.28672000e+01   04.07212000e+01   07.99937000e-03
  07.35517000e+01   06.25607000e+01   04.14017000e+01  -03.55757000e-03
  07.05367000e+01   06.06566000e+01   04.49133000e+01  -07.15330000e-03
  06.91240000e+01   06.16224000e+01   04.53103000e+01   03.13430000e-03
  06.99748000e+01   06.19943000e+01   04.38922000e+01   01.47373000e-02
  06.79527000e+01   06.56909000e+01   04.81380000e+01  -01.94855000e-02
  06.82223000e+01   06.43472000e+01   04.70430000e+01   04.92255000e-03
  06.67177000e+01   06.43495000e+01   04.79023000e+01   04.33740000e-03
  06.98198000e+01   06.15579000e+01   05.23711000e+01   04.35178000e-03
  07.08098000e+01   06.26846000e+01   05.14289000e+01   02.18100000e-05
  06.93299000e+01   06.32061000e+01   05.20829000e+01  -05.02650000e-04
  07.06031000e+01   06.03328000e+01   04.99411000e+01  -01.43048000e-03
  06.93937000e+01   05.97923000e+01   05.09482000e+01   02.03840000e-04
  06.91045000e+01   05.97990000e+01   04.92281000e+01   08.62995000e-03
  06.54845000e+01   06.27341000e+01   05.23960000e+01  -01.63629000e-03
  07.08947000e+01   06.38549000e+01   04.74475000e+01  -02.76705000e-03
  06.93365000e+01   06.11869000e+01   04.75782000e+01   01.41710000e-03
  06.68594000e+01   06.49682000e+01   05.01090000e+01  -03.85980000e-04
  06.80292000e+01   06.46625000e+01   05.12079000e+01  -04.81110000e-04
  07.83882000e+01   06.58531000e+01   04.28274000e+01  -02.06250000e-04
  07.89425000e+01   06.50333000e+01   03.99160000e+01   01.11427000e-03
  08.09174000e+01   06.53386000e+01   03.88771000e+01  -01.53420000e-04
  08.27959000e+01   06.73283000e+01   04.03210000e+01  -01.90280000e-04
  08.31229000e+01   06.60466000e+01   03.73894000e+01  -03.63060000e-04
  06.59705000e+01   06.27102000e+01   05.02384000e+01   08.59900000e-05
  08.48738000e+01   06.62879000e+01   03.60572000e+01  -01.01020000e-04
  08.71877000e+01   06.81539000e+01   03.67172000e+01   02.50540000e-04
  08.65981000e+01   06.60178000e+01   03.47739000e+01  -01.19075000e-03
  08.78436000e+01   06.78787000e+01   03.17154000e+01   03.14160000e-04
  09.01598000e+01   06.73377000e+01   03.31333000e+01  -01.11070000e-04
  06.71205000e+01   06.09372000e+01   05.02360000e+01   03.13480000e-04
  06.75070000e+01   06.10242000e+01   05.18350000e+01   01.25001000e-03
  07.68854000e+01   06.43348000e+01   04.06370000e+01   04.27500000e-05
  07.61050000e+01   06.52824000e+01   04.34666000e+01  -04.51238000e-03
  07.43652000e+01   06.45657000e+01   04.45262000e+01   04.22636000e-03
  07.23138000e+01   06.25924000e+01   04.31742000e+01  -09.78060000e-04
  07.25167000e+01   06.41317000e+01   04.57984000e+01  -08.33290000e-04
  09.00108000e+01   06.64407000e+01   03.08837000e+01  -01.05330000e-03
