  06.79255000e+01   06.16828000e+01   04.95666000e+01  -02.53405000e-03
  06.66682000e+01   06.17264000e+01   05.04020000e+01   07.80610000e-04
  06.61329000e+01   06.30525000e+01   05.09900000e+01   06.83950000e-04
  06.68564000e+01   06.34845000e+01   05.21513000e+01   05.31930000e-04
  06.62521000e+01   06.41186000e+01   04.98851000e+01  -01.13880000e-03
  06.68811000e+01   06.37176000e+01   04.85756000e+01   05.01179000e-03
  06.76334000e+01   06.25790000e+01   04.84085000e+01  -01.30529000e-03
  06.81974000e+01   06.21511000e+01   04.70658000e+01  -01.54921000e-03
  06.92112000e+01   06.27421000e+01   04.63908000e+01  -09.64920000e-04
  06.97880000e+01   06.24311000e+01   04.50318000e+01  -02.95630000e-04
  07.07660000e+01   06.33171000e+01   04.45311000e+01  -02.57020000e-04
  07.15539000e+01   06.31523000e+01   04.32964000e+01   02.20720000e-04
  07.25416000e+01   06.40657000e+01   04.29840000e+01   02.85990000e-04
  07.34816000e+01   06.38910000e+01   04.19418000e+01   03.16900000e-05
  07.46102000e+01   06.46398000e+01   04.18300000e+01  -01.12020000e-04
  07.58095000e+01   06.45856000e+01   04.09542000e+01   03.40000000e-06
  06.84419000e+01   06.02354000e+01   04.93121000e+01   03.83030000e-04
  06.90371000e+01   06.23259000e+01   05.03479000e+01   01.30100000e-05
  06.65236000e+01   06.46838000e+01   04.74821000e+01  -01.34690000e-04
  06.92345000e+01   06.12843000e+01   04.42714000e+01  -08.35400000e-05
  07.31159000e+01   06.30208000e+01   04.07978000e+01   01.43700000e-03
  08.71361000e+01   06.59093000e+01   03.51690000e+01  -05.62820000e-04
  08.79386000e+01   06.54723000e+01   03.39237000e+01  -02.06960000e-04
  08.81059000e+01   06.64099000e+01   03.27766000e+01  -02.30470000e-04
  08.85696000e+01   06.55916000e+01   03.17299000e+01   01.43786000e-03
  08.68020000e+01   06.71621000e+01   03.25058000e+01   03.20417000e-03
  08.57957000e+01   06.72026000e+01   03.33060000e+01  -08.05080000e-04
  08.57875000e+01   06.62838000e+01   03.46485000e+01  -01.76788000e-03
  08.49509000e+01   06.69596000e+01   03.57079000e+01   07.22800000e-05
  08.36871000e+01   06.67093000e+01   03.61604000e+01   01.59105000e-02
  08.32139000e+01   06.70378000e+01   03.74615000e+01  -02.33693000e-02
  08.20304000e+01   06.64776000e+01   03.78366000e+01   05.37835000e-03
  08.13728000e+01   06.65802000e+01   03.90747000e+01   05.38182000e-03
  08.01238000e+01   06.60196000e+01   03.92169000e+01   05.79556000e-03
  07.91562000e+01   06.60503000e+01   04.02999000e+01  -06.99068000e-03
  07.79210000e+01   06.53062000e+01   04.01090000e+01   02.95799000e-03
  07.68283000e+01   06.54122000e+01   04.10078000e+01   08.80642000e-03
  08.79649000e+01   06.70118000e+01   03.58880000e+01  -03.71955000e-03
  08.70476000e+01   06.46969000e+01   03.61024000e+01  -01.20585000e-02
  08.45579000e+01   06.81022000e+01   03.30495000e+01   01.97011000e-03
  08.40660000e+01   06.79037000e+01   03.83865000e+01   08.37962000e-03
  07.96286000e+01   06.68163000e+01   04.15425000e+01  -01.14162000e-03
  07.90396000e+01   06.77806000e+01   04.16059000e+01   05.31110000e-04
  07.93398000e+01   06.61852000e+01   04.23763000e+01   06.44190000e-04
  08.07168000e+01   06.69518000e+01   04.14795000e+01  -01.18537000e-03
  08.40015000e+01   06.89489000e+01   03.82269000e+01  -09.86263000e-03
  08.38146000e+01   06.77999000e+01   03.94308000e+01   04.83486000e-03
  08.51050000e+01   06.76572000e+01   03.83127000e+01  -06.05704000e-03
  08.45139000e+01   06.88931000e+01   03.37520000e+01   01.25782000e-03
  08.45624000e+01   06.85423000e+01   03.20394000e+01  -04.29459000e-03
  08.36790000e+01   06.75821000e+01   03.31085000e+01   07.41250000e-04
  08.67083000e+01   06.49382000e+01   03.70833000e+01  -09.05833000e-03
  08.63876000e+01   06.38683000e+01   03.57703000e+01   05.11703000e-03
  08.80474000e+01   06.41246000e+01   03.62561000e+01   05.28601000e-03
  08.75537000e+01   06.72102000e+01   03.68938000e+01   06.61730000e-04
  08.89534000e+01   06.67091000e+01   03.58661000e+01  -01.43313000e-03
  08.78138000e+01   06.79175000e+01   03.52705000e+01   01.17160000e-04
  08.89044000e+01   06.51321000e+01   03.41363000e+01   07.94200000e-05
  08.74133000e+01   06.45923000e+01   03.35197000e+01  -07.78792000e-03
  07.27427000e+01   06.35385000e+01   03.99342000e+01   07.70140000e-04
  07.39538000e+01   06.24239000e+01   04.04409000e+01   07.99937000e-03
  07.23626000e+01   06.22642000e+01   04.09502000e+01  -03.55757000e-03
  06.97509000e+01   06.03541000e+01   04.45162000e+01  -07.15330000e-03
  06.81548000e+01   06.12224000e+01   04.43328000e+01   03.13430000e-03
  06.93884000e+01   06.14443000e+01   04.32072000e+01   01.47373000e-02
  06.56000000e+01   06.51396000e+01   04.77241000e+01  -01.94855000e-02
  06.73002000e+01   06.54051000e+01   04.73320000e+01   04.92255000e-03
  06.62647000e+01   06.41707000e+01   04.66432000e+01   04.33740000e-03
  06.99796000e+01   06.21354000e+01   04.98250000e+01   04.35178000e-03
  06.89080000e+01   06.34080000e+01   05.04696000e+01   02.18100000e-05
  06.91025000e+01   06.18787000e+01   05.12627000e+01  -05.02650000e-04
  06.92979000e+01   06.01395000e+01   04.86073000e+01  -01.43048000e-03
  06.87250000e+01   05.97405000e+01   05.02575000e+01   02.03840000e-04
  06.77351000e+01   05.95950000e+01   04.87427000e+01   08.62995000e-03
  06.66209000e+01   06.28675000e+01   05.28549000e+01  -01.63629000e-03
  06.95719000e+01   06.36340000e+01   04.69015000e+01  -02.76705000e-03
  06.75942000e+01   06.13185000e+01   04.66451000e+01   01.41710000e-03
  06.51744000e+01   06.44255000e+01   04.96872000e+01  -03.85980000e-04
  06.67827000e+01   06.50248000e+01   05.02267000e+01  -04.81110000e-04
  07.67747000e+01   06.62063000e+01   04.17301000e+01  -02.06250000e-04
  07.78436000e+01   06.46375000e+01   03.93067000e+01   01.11427000e-03
  07.98171000e+01   06.54838000e+01   03.83666000e+01  -01.53420000e-04
  08.17657000e+01   06.72761000e+01   03.98311000e+01  -01.90280000e-04
  08.15329000e+01   06.59452000e+01   03.70583000e+01  -03.63060000e-04
  06.50271000e+01   06.28996000e+01   05.12119000e+01   08.59900000e-05
  08.31796000e+01   06.59489000e+01   03.56304000e+01  -01.01020000e-04
  08.55462000e+01   06.76322000e+01   03.63619000e+01   02.50540000e-04
  08.52036000e+01   06.53416000e+01   03.44817000e+01  -01.19075000e-03
  08.68623000e+01   06.76415000e+01   03.15084000e+01   03.14160000e-04
  08.88440000e+01   06.71957000e+01   03.29992000e+01  -01.11070000e-04
  06.58411000e+01   06.13654000e+01   04.97271000e+01   03.13480000e-04
  06.67514000e+01   06.09985000e+01   05.12237000e+01   01.25001000e-03
  07.58959000e+01   06.39206000e+01   04.01310000e+01   04.27500000e-05
  07.46051000e+01   06.55033000e+01   04.25611000e+01  -04.51238000e-03
  07.28082000e+01   06.47751000e+01   04.37457000e+01   04.22636000e-03
  07.14227000e+01   06.22559000e+01   04.27272000e+01  -09.78060000e-04
  07.11037000e+01   06.40472000e+01   04.51786000e+01  -08.33290000e-04
  08.91417000e+01   06.60668000e+01   03.10485000e+01  -01.05330000e-03
