  06.94495000e+01   06.16011000e+01   05.04340000e+01  -02.53405000e-03
  06.81451000e+01   06.15966000e+01   05.12241000e+01   07.80610000e-04
  06.72268000e+01   06.28774000e+01   05.12737000e+01   06.83950000e-04
  06.71489000e+01   06.34608000e+01   05.25730000e+01   05.31930000e-04
  06.76628000e+01   06.39203000e+01   05.02761000e+01  -01.13880000e-03
  06.82882000e+01   06.34439000e+01   04.90045000e+01   05.01179000e-03
  06.91872000e+01   06.23925000e+01   04.91107000e+01  -01.30529000e-03
  06.96095000e+01   06.17873000e+01   04.78721000e+01  -01.54921000e-03
  07.04511000e+01   06.24433000e+01   04.70333000e+01  -09.64920000e-04
  07.09395000e+01   06.21353000e+01   04.56978000e+01  -02.95630000e-04
  07.18336000e+01   06.30505000e+01   04.50657000e+01  -02.57020000e-04
  07.24746000e+01   06.31076000e+01   04.37994000e+01   02.20720000e-04
  07.36773000e+01   06.37240000e+01   04.35738000e+01   02.85990000e-04
  07.46338000e+01   06.36026000e+01   04.25012000e+01   03.16900000e-05
  07.58774000e+01   06.41630000e+01   04.25403000e+01  -01.12020000e-04
  07.68802000e+01   06.43665000e+01   04.15582000e+01   03.40000000e-06
  06.99673000e+01   06.01278000e+01   05.04027000e+01   03.83030000e-04
  07.04269000e+01   06.24205000e+01   05.13118000e+01   01.30100000e-05
  06.75933000e+01   06.39938000e+01   04.77987000e+01  -01.34690000e-04
  07.03584000e+01   06.09707000e+01   04.49882000e+01  -08.35400000e-05
  07.40877000e+01   06.31102000e+01   04.11821000e+01   01.43700000e-03
  08.80248000e+01   06.64216000e+01   03.55982000e+01  -05.62820000e-04
  08.86677000e+01   06.55324000e+01   03.44057000e+01  -02.06960000e-04
  08.85707000e+01   06.61027000e+01   03.30144000e+01  -02.30470000e-04
  08.86367000e+01   06.49760000e+01   03.21372000e+01   01.43786000e-03
  08.73144000e+01   06.68661000e+01   03.28230000e+01   03.20417000e-03
  08.64124000e+01   06.71722000e+01   03.37835000e+01  -08.05080000e-04
  08.65711000e+01   06.66105000e+01   03.52192000e+01  -01.76788000e-03
  08.57900000e+01   06.74802000e+01   03.62624000e+01   07.22800000e-05
  08.47003000e+01   06.70275000e+01   03.68780000e+01   01.59105000e-02
  08.41701000e+01   06.73543000e+01   03.81538000e+01  -02.33693000e-02
  08.31305000e+01   06.65372000e+01   03.84336000e+01   05.37835000e-03
  08.22898000e+01   06.65747000e+01   03.96474000e+01   05.38182000e-03
  08.11720000e+01   06.57946000e+01   03.98109000e+01   05.79556000e-03
  08.03142000e+01   06.58995000e+01   04.09284000e+01  -06.99068000e-03
  07.91333000e+01   06.52493000e+01   04.09024000e+01   02.95799000e-03
  07.79555000e+01   06.51873000e+01   04.17846000e+01   08.80642000e-03
  08.88906000e+01   06.76983000e+01   03.58116000e+01  -03.71955000e-03
  08.81090000e+01   06.55857000e+01   03.68216000e+01  -01.20585000e-02
  08.50885000e+01   06.77971000e+01   03.33185000e+01   01.97011000e-03
  08.47119000e+01   06.85078000e+01   03.90020000e+01   08.37962000e-03
  08.07191000e+01   06.67847000e+01   04.21255000e+01  -01.14162000e-03
  08.16802000e+01   06.65632000e+01   04.25927000e+01   05.31110000e-04
  08.07360000e+01   06.78549000e+01   04.18596000e+01   06.44190000e-04
  08.00502000e+01   06.67957000e+01   04.30090000e+01  -01.18537000e-03
  08.44340000e+01   06.95274000e+01   03.85538000e+01  -09.86263000e-03
  08.42766000e+01   06.85409000e+01   04.00335000e+01   04.83486000e-03
  08.58007000e+01   06.84863000e+01   03.90851000e+01  -06.05704000e-03
  08.51224000e+01   06.84386000e+01   03.24597000e+01   01.25782000e-03
  08.44295000e+01   06.69556000e+01   03.30632000e+01  -04.29459000e-03
  08.47806000e+01   06.84695000e+01   03.41483000e+01   07.41250000e-04
  08.77499000e+01   06.60703000e+01   03.77252000e+01  -09.05833000e-03
  08.75401000e+01   06.46943000e+01   03.66863000e+01   05.11703000e-03
  08.91121000e+01   06.51774000e+01   03.70305000e+01   05.28601000e-03
  08.83732000e+01   06.84042000e+01   03.65047000e+01   06.61730000e-04
  08.99248000e+01   06.75675000e+01   03.63064000e+01  -01.43313000e-03
  08.92581000e+01   06.81297000e+01   03.49739000e+01   01.17160000e-04
  08.96467000e+01   06.52291000e+01   03.46904000e+01   07.94200000e-05
  08.80906000e+01   06.45511000e+01   03.43100000e+01  -07.78792000e-03
  07.34499000e+01   06.38340000e+01   04.05463000e+01   07.70140000e-04
  07.48636000e+01   06.29205000e+01   04.03974000e+01   07.99937000e-03
  07.35071000e+01   06.22052000e+01   04.11513000e+01  -03.55757000e-03
  07.09309000e+01   06.06242000e+01   04.41399000e+01  -07.15330000e-03
  07.02057000e+01   06.01373000e+01   04.56970000e+01   03.13430000e-03
  06.93880000e+01   06.12874000e+01   04.45940000e+01   01.47373000e-02
  06.64974000e+01   06.42114000e+01   04.79550000e+01  -01.94855000e-02
  06.80653000e+01   06.50465000e+01   04.77137000e+01   04.92255000e-03
  06.77490000e+01   06.34224000e+01   04.68884000e+01   04.33740000e-03
  07.02792000e+01   06.35170000e+01   05.14034000e+01   04.35178000e-03
  07.01956000e+01   06.21575000e+01   05.23395000e+01   02.18100000e-05
  07.15172000e+01   06.22218000e+01   05.10703000e+01  -05.02650000e-04
  06.91487000e+01   05.94604000e+01   05.01369000e+01  -01.43048000e-03
  07.07129000e+01   05.99702000e+01   04.96214000e+01   02.03840000e-04
  07.03776000e+01   05.98321000e+01   05.13528000e+01   08.62995000e-03
  06.68309000e+01   06.28548000e+01   05.32574000e+01  -01.63629000e-03
  07.08340000e+01   06.34111000e+01   04.74150000e+01  -02.76705000e-03
  06.89569000e+01   06.09047000e+01   04.76057000e+01   01.41710000e-03
  06.67563000e+01   06.45711000e+01   05.00477000e+01  -03.85980000e-04
  06.84334000e+01   06.45474000e+01   05.07707000e+01  -04.81110000e-04
  07.80547000e+01   06.56614000e+01   04.27591000e+01  -02.06250000e-04
  07.88366000e+01   06.46659000e+01   03.99958000e+01   01.11427000e-03
  08.08047000e+01   06.50179000e+01   03.90896000e+01  -01.53420000e-04
  08.25242000e+01   06.73474000e+01   04.04319000e+01  -01.90280000e-04
  08.28090000e+01   06.57055000e+01   03.77213000e+01  -03.63060000e-04
  06.61362000e+01   06.26305000e+01   05.10598000e+01   08.59900000e-05
  08.43971000e+01   06.60183000e+01   03.64153000e+01  -01.01020000e-04
  08.63401000e+01   06.82381000e+01   03.68008000e+01   02.50540000e-04
  08.60620000e+01   06.56913000e+01   03.51029000e+01  -01.19075000e-03
  08.72055000e+01   06.71553000e+01   03.17679000e+01   03.14160000e-04
  08.92933000e+01   06.69404000e+01   03.28555000e+01  -01.11070000e-04
  06.75102000e+01   06.09409000e+01   05.06911000e+01   03.13480000e-04
  06.82378000e+01   06.10379000e+01   05.21197000e+01   01.25001000e-03
  07.68921000e+01   06.37581000e+01   04.07072000e+01   04.27500000e-05
  07.60262000e+01   06.48025000e+01   04.34510000e+01  -04.51238000e-03
  07.40953000e+01   06.41461000e+01   04.45598000e+01   04.22636000e-03
  07.20440000e+01   06.24491000e+01   04.30051000e+01  -09.78060000e-04
  07.20312000e+01   06.38856000e+01   04.56913000e+01  -08.33290000e-04
  08.89146000e+01   06.52299000e+01   03.12587000e+01  -01.05330000e-03
