  06.88335000e+01   06.17778000e+01   04.98022000e+01  -02.53405000e-03
  06.83733000e+01   06.25353000e+01   05.10387000e+01   07.80610000e-04
  06.68953000e+01   06.27989000e+01   05.10878000e+01   06.83950000e-04
  06.66910000e+01   06.37571000e+01   05.20882000e+01   05.31930000e-04
  06.64527000e+01   06.34196000e+01   04.97848000e+01  -01.13880000e-03
  06.71093000e+01   06.30175000e+01   04.85025000e+01   05.01179000e-03
  06.81474000e+01   06.22048000e+01   04.84826000e+01  -01.30529000e-03
  06.88993000e+01   06.20311000e+01   04.71821000e+01  -01.54921000e-03
  07.01718000e+01   06.22814000e+01   04.67118000e+01  -09.64920000e-04
  07.06692000e+01   06.21791000e+01   04.53630000e+01  -02.95630000e-04
  07.17649000e+01   06.29173000e+01   04.50047000e+01  -02.57020000e-04
  07.25545000e+01   06.29096000e+01   04.37527000e+01   02.20720000e-04
  07.38176000e+01   06.34850000e+01   04.36451000e+01   02.85990000e-04
  07.46142000e+01   06.35188000e+01   04.23698000e+01   03.16900000e-05
  07.58472000e+01   06.42354000e+01   04.24424000e+01  -01.12020000e-04
  07.67898000e+01   06.43635000e+01   04.13598000e+01   03.40000000e-06
  06.83170000e+01   06.03242000e+01   05.00609000e+01   03.83030000e-04
  07.03915000e+01   06.16874000e+01   04.97898000e+01   01.30100000e-05
  06.67897000e+01   06.39012000e+01   04.73557000e+01  -01.34690000e-04
  07.00798000e+01   06.11978000e+01   04.43582000e+01  -08.35400000e-05
  07.40681000e+01   06.28330000e+01   04.10754000e+01   01.43700000e-03
  08.73601000e+01   06.62835000e+01   03.48105000e+01  -05.62820000e-04
  08.82096000e+01   06.58929000e+01   03.35826000e+01  -02.06960000e-04
  08.84249000e+01   06.70378000e+01   03.25413000e+01  -02.30470000e-04
  08.92269000e+01   06.65837000e+01   03.15371000e+01   01.43786000e-03
  08.71269000e+01   06.76912000e+01   03.21501000e+01   03.20417000e-03
  08.60660000e+01   06.76534000e+01   03.29390000e+01  -08.05080000e-04
  08.60397000e+01   06.68701000e+01   03.42845000e+01  -01.76788000e-03
  08.52598000e+01   06.76711000e+01   03.53188000e+01   07.22800000e-05
  08.42708000e+01   06.72007000e+01   03.61290000e+01   01.59105000e-02
  08.37599000e+01   06.76279000e+01   03.74148000e+01  -02.33693000e-02
  08.26989000e+01   06.68234000e+01   03.78886000e+01   05.37835000e-03
  08.20255000e+01   06.67965000e+01   03.91987000e+01   05.38182000e-03
  08.08617000e+01   06.61118000e+01   03.94032000e+01   05.79556000e-03
  08.01477000e+01   06.60813000e+01   04.06108000e+01  -06.99068000e-03
  07.89264000e+01   06.53525000e+01   04.05724000e+01   02.95799000e-03
  07.79724000e+01   06.50965000e+01   04.15356000e+01   08.80642000e-03
  08.82295000e+01   06.71426000e+01   03.57503000e+01  -03.71955000e-03
  08.71288000e+01   06.48984000e+01   03.55156000e+01  -01.20585000e-02
  08.48455000e+01   06.84403000e+01   03.24912000e+01   01.97011000e-03
  08.44375000e+01   06.86524000e+01   03.82668000e+01   08.37962000e-03
  08.05052000e+01   06.70468000e+01   04.17227000e+01  -01.14162000e-03
  08.09104000e+01   06.79780000e+01   04.13203000e+01   05.31110000e-04
  07.95764000e+01   06.72560000e+01   04.23402000e+01   06.44190000e-04
  08.12568000e+01   06.66164000e+01   04.24183000e+01  -01.18537000e-03
  08.36745000e+01   06.92153000e+01   03.88491000e+01  -09.86263000e-03
  08.50779000e+01   06.81230000e+01   03.90001000e+01   04.83486000e-03
  08.50003000e+01   06.94352000e+01   03.77617000e+01  -06.05704000e-03
  08.41491000e+01   06.77754000e+01   03.20178000e+01   01.25782000e-03
  08.44715000e+01   06.90869000e+01   03.32869000e+01  -04.29459000e-03
  08.51955000e+01   06.91306000e+01   03.17123000e+01   07.41250000e-04
  08.65084000e+01   06.50165000e+01   03.63679000e+01  -09.05833000e-03
  08.66010000e+01   06.42157000e+01   03.48232000e+01   05.11703000e-03
  08.80444000e+01   06.44312000e+01   03.58263000e+01   05.28601000e-03
  08.77336000e+01   06.72592000e+01   03.67073000e+01   06.61730000e-04
  08.91624000e+01   06.66056000e+01   03.60252000e+01  -01.43313000e-03
  08.84913000e+01   06.80881000e+01   03.52694000e+01   01.17160000e-04
  08.91455000e+01   06.55025000e+01   03.37566000e+01   07.94200000e-05
  08.78493000e+01   06.50688000e+01   03.29378000e+01  -07.78792000e-03
  07.48333000e+01   06.26902000e+01   04.04002000e+01   07.70140000e-04
  07.37474000e+01   06.18163000e+01   04.13985000e+01   07.99937000e-03
  07.33070000e+01   06.33774000e+01   04.05533000e+01  -03.55757000e-03
  07.09027000e+01   06.07815000e+01   04.38346000e+01  -07.15330000e-03
  06.95118000e+01   06.03857000e+01   04.47357000e+01   03.13430000e-03
  06.94428000e+01   06.17248000e+01   04.36737000e+01   01.47373000e-02
  06.75026000e+01   06.46608000e+01   04.75268000e+01  -01.94855000e-02
  06.69188000e+01   06.33881000e+01   04.64184000e+01   04.92255000e-03
  06.58215000e+01   06.43453000e+01   04.74445000e+01   04.33740000e-03
  07.09555000e+01   06.15804000e+01   05.07948000e+01   04.35178000e-03
  07.08065000e+01   06.09449000e+01   04.91550000e+01   02.18100000e-05
  07.08160000e+01   06.26129000e+01   04.94180000e+01  -05.02650000e-04
  06.88509000e+01   05.95921000e+01   04.93908000e+01  -01.43048000e-03
  06.85490000e+01   06.00976000e+01   05.10861000e+01   02.03840000e-04
  06.72597000e+01   06.02792000e+01   04.99591000e+01   08.62995000e-03
  06.62303000e+01   06.33645000e+01   05.28559000e+01  -01.63629000e-03
  07.08807000e+01   06.26082000e+01   04.74491000e+01  -02.76705000e-03
  06.82317000e+01   06.16340000e+01   04.63628000e+01   01.41710000e-03
  06.54060000e+01   06.31284000e+01   04.96577000e+01  -03.85980000e-04
  06.65376000e+01   06.45022000e+01   04.99031000e+01  -04.81110000e-04
  07.80452000e+01   06.55688000e+01   04.24702000e+01  -02.06250000e-04
  07.86471000e+01   06.49119000e+01   03.95974000e+01   01.11427000e-03
  08.05094000e+01   06.55728000e+01   03.85866000e+01  -01.53420000e-04
  08.24443000e+01   06.73930000e+01   03.99780000e+01  -01.90280000e-04
  08.23546000e+01   06.60915000e+01   03.71448000e+01  -03.63060000e-04
  06.63531000e+01   06.18435000e+01   05.12783000e+01   08.59900000e-05
  08.37654000e+01   06.62958000e+01   03.56983000e+01  -01.01020000e-04
  08.58044000e+01   06.85947000e+01   03.55277000e+01   02.50540000e-04
  08.55178000e+01   06.60157000e+01   03.38923000e+01  -01.19075000e-03
  08.70357000e+01   06.82680000e+01   03.12345000e+01   03.14160000e-04
  08.90465000e+01   06.78010000e+01   03.31173000e+01  -01.11070000e-04
  06.87079000e+01   06.21833000e+01   05.20019000e+01   03.13480000e-04
  06.89606000e+01   06.35089000e+01   05.11022000e+01   01.25001000e-03
  07.67691000e+01   06.38370000e+01   04.04451000e+01   04.27500000e-05
  07.61228000e+01   06.45798000e+01   04.34222000e+01  -04.51238000e-03
  07.42933000e+01   06.39791000e+01   04.44674000e+01   04.22636000e-03
  07.22002000e+01   06.23142000e+01   04.28613000e+01  -09.78060000e-04
  07.20586000e+01   06.36414000e+01   04.57560000e+01  -08.33290000e-04
  08.87534000e+01   06.60652000e+01   03.08828000e+01  -01.05330000e-03
