  06.71279000e+01   06.17718000e+01   05.09750000e+01  -02.53405000e-03
  06.70191000e+01   06.31045000e+01   05.17658000e+01   07.80610000e-04
  06.56319000e+01   06.37358000e+01   05.19152000e+01   06.83950000e-04
  06.58029000e+01   06.50319000e+01   05.24993000e+01   05.31930000e-04
  06.49219000e+01   06.37089000e+01   05.05883000e+01  -01.13880000e-03
  06.57061000e+01   06.31435000e+01   04.93987000e+01   05.01179000e-03
  06.66114000e+01   06.20938000e+01   04.95428000e+01  -01.30529000e-03
  06.75851000e+01   06.17797000e+01   04.84132000e+01  -01.54921000e-03
  06.83736000e+01   06.25635000e+01   04.76209000e+01  -09.64920000e-04
  06.91495000e+01   06.22391000e+01   04.64185000e+01  -02.95630000e-04
  07.00978000e+01   06.31454000e+01   04.59603000e+01  -02.57020000e-04
  07.08076000e+01   06.30654000e+01   04.47739000e+01   02.20720000e-04
  07.18325000e+01   06.38876000e+01   04.43492000e+01   02.85990000e-04
  07.25858000e+01   06.36712000e+01   04.31731000e+01   03.16900000e-05
  07.37163000e+01   06.44478000e+01   04.29784000e+01  -01.12020000e-04
  07.47658000e+01   06.43188000e+01   04.19644000e+01   03.40000000e-06
  06.62667000e+01   06.07194000e+01   05.16079000e+01   03.83030000e-04
  06.86964000e+01   06.14409000e+01   05.10548000e+01   01.30100000e-05
  06.54934000e+01   06.39460000e+01   04.81150000e+01  -01.34690000e-04
  06.88828000e+01   06.08962000e+01   04.57833000e+01  -08.35400000e-05
  07.21475000e+01   06.27146000e+01   04.21532000e+01   01.43700000e-03
  08.60667000e+01   06.54367000e+01   03.56909000e+01  -05.62820000e-04
  08.69467000e+01   06.49947000e+01   03.44444000e+01  -02.06960000e-04
  08.70390000e+01   06.59522000e+01   03.32885000e+01  -02.30470000e-04
  08.76894000e+01   06.53988000e+01   03.21270000e+01   01.43786000e-03
  08.56620000e+01   06.66103000e+01   03.29986000e+01   03.20417000e-03
  08.46016000e+01   06.66137000e+01   03.37720000e+01  -08.05080000e-04
  08.46093000e+01   06.59598000e+01   03.52234000e+01  -01.76788000e-03
  08.38317000e+01   06.67258000e+01   03.63054000e+01   07.22800000e-05
  08.27246000e+01   06.61979000e+01   03.69254000e+01   01.59105000e-02
  08.20275000e+01   06.66525000e+01   03.81242000e+01  -02.33693000e-02
  08.09260000e+01   06.59025000e+01   03.85539000e+01   05.37835000e-03
  08.01765000e+01   06.60901000e+01   03.97279000e+01   05.38182000e-03
  07.89981000e+01   06.54950000e+01   03.99581000e+01   05.79556000e-03
  07.81977000e+01   06.56249000e+01   04.11625000e+01  -06.99068000e-03
  07.69659000e+01   06.49763000e+01   04.12036000e+01   02.95799000e-03
  07.59177000e+01   06.50231000e+01   04.21334000e+01   08.80642000e-03
  08.69947000e+01   06.63877000e+01   03.65466000e+01  -03.71955000e-03
  08.60477000e+01   06.41808000e+01   03.65469000e+01  -01.20585000e-02
  08.33042000e+01   06.73257000e+01   03.33604000e+01   01.97011000e-03
  08.25874000e+01   06.77899000e+01   03.90260000e+01   08.37962000e-03
  07.87403000e+01   06.62914000e+01   04.23689000e+01  -01.14162000e-03
  07.80460000e+01   06.62433000e+01   04.32172000e+01   05.31110000e-04
  07.96217000e+01   06.57700000e+01   04.27595000e+01   06.44190000e-04
  07.90707000e+01   06.73126000e+01   04.22225000e+01  -01.18537000e-03
  08.22314000e+01   06.77451000e+01   04.00523000e+01  -09.86263000e-03
  08.36338000e+01   06.77147000e+01   03.92287000e+01   04.83486000e-03
  08.23602000e+01   06.87813000e+01   03.87113000e+01  -06.05704000e-03
  08.23290000e+01   06.68127000e+01   03.35794000e+01   01.25782000e-03
  08.33809000e+01   06.83682000e+01   03.38681000e+01  -04.29459000e-03
  08.32738000e+01   06.75159000e+01   03.22576000e+01   07.41250000e-04
  08.70630000e+01   06.36858000e+01   03.66451000e+01  -09.05833000e-03
  08.56430000e+01   06.43770000e+01   03.75724000e+01   05.11703000e-03
  08.55229000e+01   06.33306000e+01   03.61893000e+01   05.28601000e-03
  08.79344000e+01   06.57949000e+01   03.65380000e+01   06.61730000e-04
  08.72711000e+01   06.73013000e+01   03.60306000e+01  -01.43313000e-03
  08.66913000e+01   06.65009000e+01   03.76201000e+01   01.17160000e-04
  08.79762000e+01   06.46826000e+01   03.47163000e+01   07.94200000e-05
  08.64715000e+01   06.40506000e+01   03.40693000e+01  -07.78792000e-03
  07.17333000e+01   06.17665000e+01   04.25390000e+01   07.70140000e-04
  07.13640000e+01   06.31681000e+01   04.15154000e+01   07.99937000e-03
  07.29343000e+01   06.24143000e+01   04.14438000e+01  -03.55757000e-03
  06.78302000e+01   06.07079000e+01   04.55209000e+01  -07.15330000e-03
  06.94747000e+01   06.05592000e+01   04.48971000e+01   03.13430000e-03
  06.91022000e+01   06.01027000e+01   04.64555000e+01   01.47373000e-02
  06.59204000e+01   06.33584000e+01   04.72052000e+01  -01.94855000e-02
  06.43589000e+01   06.41017000e+01   04.79678000e+01   04.92255000e-03
  06.59669000e+01   06.49225000e+01   04.82771000e+01   04.33740000e-03
  06.91943000e+01   06.22208000e+01   05.05243000e+01   04.35178000e-03
  06.89578000e+01   06.15583000e+01   05.20938000e+01   02.18100000e-05
  06.89037000e+01   06.04148000e+01   05.06806000e+01  -05.02650000e-04
  06.63886000e+01   05.97103000e+01   05.12362000e+01  -01.43048000e-03
  06.65469000e+01   06.06984000e+01   05.26958000e+01   02.03840000e-04
  06.52220000e+01   06.10094000e+01   05.14955000e+01   08.62995000e-03
  06.51254000e+01   06.52091000e+01   05.31560000e+01  -01.63629000e-03
  06.82775000e+01   06.36374000e+01   04.78001000e+01  -02.76705000e-03
  06.75728000e+01   06.06814000e+01   04.82254000e+01   01.41710000e-03
  06.40699000e+01   06.30246000e+01   05.07048000e+01  -03.85980000e-04
  06.44637000e+01   06.46983000e+01   05.03701000e+01  -04.81110000e-04
  07.60487000e+01   06.56777000e+01   04.29597000e+01  -02.06250000e-04
  07.67948000e+01   06.44817000e+01   04.02400000e+01   01.11427000e-03
  07.85985000e+01   06.47923000e+01   03.92457000e+01  -01.53420000e-04
  08.04481000e+01   06.68629000e+01   04.03721000e+01  -01.90280000e-04
  08.05434000e+01   06.50899000e+01   03.78833000e+01  -03.63060000e-04
  06.50004000e+01   06.32000000e+01   05.25360000e+01   08.59900000e-05
  08.20954000e+01   06.54969000e+01   03.63896000e+01  -01.01020000e-04
  08.42746000e+01   06.75602000e+01   03.68269000e+01   02.50540000e-04
  08.40468000e+01   06.50448000e+01   03.48766000e+01  -01.19075000e-03
  08.56651000e+01   06.71536000e+01   03.20286000e+01   03.14160000e-04
  08.76904000e+01   06.67378000e+01   03.35802000e+01  -01.11070000e-04
  06.74689000e+01   06.29711000e+01   05.28219000e+01   03.13480000e-04
  06.76420000e+01   06.38138000e+01   05.13103000e+01   01.25001000e-03
  07.47301000e+01   06.36390000e+01   04.11204000e+01   04.27500000e-05
  07.41236000e+01   06.50727000e+01   04.38032000e+01  -04.51238000e-03
  07.20857000e+01   06.46847000e+01   04.49675000e+01   04.22636000e-03
  07.04649000e+01   06.22698000e+01   04.41314000e+01  -09.78060000e-04
  07.02080000e+01   06.40738000e+01   04.65102000e+01  -08.33290000e-04
  08.70931000e+01   06.47392000e+01   03.16969000e+01  -01.05330000e-03
