  06.93196000e+01   06.13568000e+01   04.89354000e+01  -02.53405000e-03
  06.78042000e+01   06.10110000e+01   04.92172000e+01   07.80610000e-04
  06.68596000e+01   06.22083000e+01   04.95437000e+01   06.83950000e-04
  06.67937000e+01   06.22859000e+01   05.09681000e+01   05.31930000e-04
  06.72300000e+01   06.34925000e+01   04.88468000e+01  -01.13880000e-03
  06.82827000e+01   06.34106000e+01   04.77954000e+01   05.01179000e-03
  06.92932000e+01   06.24652000e+01   04.78648000e+01  -01.30529000e-03
  07.00753000e+01   06.21296000e+01   04.66364000e+01  -01.54921000e-03
  07.08246000e+01   06.28646000e+01   04.57550000e+01  -09.64920000e-04
  07.12871000e+01   06.24067000e+01   04.44748000e+01  -02.95630000e-04
  07.22038000e+01   06.32176000e+01   04.37758000e+01  -02.57020000e-04
  07.29804000e+01   06.29973000e+01   04.25261000e+01   02.20720000e-04
  07.40040000e+01   06.37992000e+01   04.21572000e+01   02.85990000e-04
  07.49951000e+01   06.36413000e+01   04.11145000e+01   03.16900000e-05
  07.60577000e+01   06.45408000e+01   04.11503000e+01  -01.12020000e-04
  07.72773000e+01   06.45628000e+01   04.03356000e+01   03.40000000e-06
  07.00448000e+01   05.99926000e+01   04.87296000e+01   03.83030000e-04
  07.00686000e+01   06.19574000e+01   05.01537000e+01   01.30100000e-05
  06.77413000e+01   06.40873000e+01   04.65553000e+01  -01.34690000e-04
  07.07778000e+01   06.11004000e+01   04.38807000e+01  -08.35400000e-05
  07.46853000e+01   06.28020000e+01   03.99448000e+01   01.43700000e-03
  08.85674000e+01   06.60310000e+01   03.40665000e+01  -05.62820000e-04
  08.90768000e+01   06.55620000e+01   03.27124000e+01  -02.06960000e-04
  08.91210000e+01   06.66102000e+01   03.15741000e+01  -02.30470000e-04
  08.91367000e+01   06.57507000e+01   03.04170000e+01   01.43786000e-03
  08.78464000e+01   06.73939000e+01   03.15590000e+01   03.20417000e-03
  08.68461000e+01   06.72297000e+01   03.24532000e+01  -08.05080000e-04
  08.70167000e+01   06.65349000e+01   03.37574000e+01  -01.76788000e-03
  08.63236000e+01   06.71741000e+01   03.49324000e+01   07.22800000e-05
  08.51725000e+01   06.67266000e+01   03.55688000e+01   01.59105000e-02
  08.47184000e+01   06.70715000e+01   03.69356000e+01  -02.33693000e-02
  08.35139000e+01   06.65563000e+01   03.73396000e+01   05.37835000e-03
  08.27501000e+01   06.67537000e+01   03.85003000e+01   05.38182000e-03
  08.15497000e+01   06.60527000e+01   03.88065000e+01   05.79556000e-03
  08.05761000e+01   06.61545000e+01   03.98736000e+01  -06.99068000e-03
  07.94691000e+01   06.53825000e+01   03.97047000e+01   02.95799000e-03
  07.83300000e+01   06.53580000e+01   04.05763000e+01   08.80642000e-03
  08.96113000e+01   06.71921000e+01   03.44619000e+01  -03.71955000e-03
  08.86953000e+01   06.49585000e+01   03.52212000e+01  -01.20585000e-02
  08.55326000e+01   06.80022000e+01   03.22267000e+01   01.97011000e-03
  08.55909000e+01   06.80374000e+01   03.78127000e+01   08.37962000e-03
  08.09940000e+01   06.68917000e+01   04.10770000e+01  -01.14162000e-03
  08.18864000e+01   06.64255000e+01   04.14340000e+01   05.31110000e-04
  08.13706000e+01   06.77958000e+01   04.07987000e+01   06.44190000e-04
  08.02836000e+01   06.71862000e+01   04.18610000e+01  -01.18537000e-03
  08.53298000e+01   06.90616000e+01   03.75812000e+01  -09.86263000e-03
  08.53482000e+01   06.78547000e+01   03.88107000e+01   04.83486000e-03
  08.66787000e+01   06.79411000e+01   03.77986000e+01  -06.05704000e-03
  08.55420000e+01   06.88358000e+01   03.28775000e+01   01.25782000e-03
  08.53103000e+01   06.83903000e+01   03.12107000e+01  -04.29459000e-03
  08.47311000e+01   06.73004000e+01   03.24246000e+01   07.41250000e-04
  08.97202000e+01   06.47462000e+01   03.55347000e+01  -09.05833000e-03
  08.81834000e+01   06.52573000e+01   03.61581000e+01   05.11703000e-03
  08.81275000e+01   06.41022000e+01   03.48157000e+01   05.28601000e-03
  08.96362000e+01   06.80642000e+01   03.37626000e+01   06.61730000e-04
  08.93535000e+01   06.75313000e+01   03.54377000e+01  -01.43313000e-03
  09.06022000e+01   06.67023000e+01   03.45357000e+01   01.17160000e-04
  09.00911000e+01   06.50206000e+01   03.27699000e+01   07.94200000e-05
  08.83417000e+01   06.48108000e+01   03.23646000e+01  -07.78792000e-03
  07.42259000e+01   06.18335000e+01   04.01996000e+01   07.70140000e-04
  07.40785000e+01   06.33112000e+01   03.91922000e+01   07.99937000e-03
  07.55001000e+01   06.23887000e+01   03.94167000e+01  -03.55757000e-03
  07.08632000e+01   06.11415000e+01   04.27881000e+01  -07.15330000e-03
  07.12811000e+01   06.01261000e+01   04.41722000e+01   03.13430000e-03
  06.97320000e+01   06.09174000e+01   04.40042000e+01   01.47373000e-02
  06.67264000e+01   06.37019000e+01   04.63275000e+01  -01.94855000e-02
  06.76272000e+01   06.51733000e+01   04.66921000e+01   04.92255000e-03
  06.84436000e+01   06.39249000e+01   04.57138000e+01   04.33740000e-03
  07.00870000e+01   06.13066000e+01   05.09739000e+01   04.35178000e-03
  07.11318000e+01   06.21287000e+01   04.98947000e+01   02.18100000e-05
  06.96702000e+01   06.29273000e+01   05.03579000e+01  -05.02650000e-04
  06.96099000e+01   05.94625000e+01   04.78816000e+01  -01.43048000e-03
  07.11311000e+01   06.01168000e+01   04.85773000e+01   02.03840000e-04
  07.00467000e+01   05.94381000e+01   04.96536000e+01   08.62995000e-03
  06.59475000e+01   06.25951000e+01   05.12328000e+01  -01.63629000e-03
  07.09501000e+01   06.39369000e+01   04.60777000e+01  -02.76705000e-03
  06.99134000e+01   06.11059000e+01   04.63734000e+01   01.41710000e-03
  06.62553000e+01   06.40656000e+01   04.85374000e+01  -03.85980000e-04
  06.77588000e+01   06.41362000e+01   04.95719000e+01  -04.81110000e-04
  07.82800000e+01   06.60068000e+01   04.14453000e+01  -02.06250000e-04
  07.93802000e+01   06.48423000e+01   03.88408000e+01   01.11427000e-03
  08.12588000e+01   06.53650000e+01   03.80905000e+01  -01.53420000e-04
  08.31642000e+01   06.73716000e+01   03.93410000e+01  -01.90280000e-04
  08.30816000e+01   06.58318000e+01   03.66378000e+01  -03.63060000e-04
  06.58321000e+01   06.18376000e+01   04.92092000e+01   08.59900000e-05
  08.45935000e+01   06.58938000e+01   03.51405000e+01  -01.01020000e-04
  08.69080000e+01   06.79482000e+01   03.54901000e+01   02.50540000e-04
  08.64476000e+01   06.55694000e+01   03.35448000e+01  -01.19075000e-03
  08.77383000e+01   06.80875000e+01   03.06475000e+01   03.14160000e-04
  09.00098000e+01   06.72503000e+01   03.15606000e+01  -01.11070000e-04
  06.74447000e+01   06.06415000e+01   04.82233000e+01   03.13480000e-04
  06.76576000e+01   06.01897000e+01   04.99809000e+01   01.25001000e-03
  07.72064000e+01   06.39500000e+01   03.94987000e+01   04.27500000e-05
  07.61270000e+01   06.51743000e+01   04.20570000e+01  -04.51238000e-03
  07.43539000e+01   06.46120000e+01   04.28474000e+01   04.22636000e-03
  07.27876000e+01   06.20743000e+01   04.20614000e+01  -09.78060000e-04
  07.25533000e+01   06.41544000e+01   04.42665000e+01  -08.33290000e-04
  08.93686000e+01   06.61628000e+01   02.95617000e+01  -01.05330000e-03
