  06.95069000e+01   06.14711000e+01   05.04979000e+01  -02.53405000e-03
  06.80749000e+01   06.14942000e+01   05.10210000e+01   07.80610000e-04
  06.74368000e+01   06.28211000e+01   05.14463000e+01   06.83950000e-04
  06.77010000e+01   06.32361000e+01   05.27999000e+01   05.31930000e-04
  06.78949000e+01   06.40269000e+01   05.05841000e+01  -01.13880000e-03
  06.87291000e+01   06.36211000e+01   04.93817000e+01   05.01179000e-03
  06.95173000e+01   06.25225000e+01   04.93895000e+01  -01.30529000e-03
  06.98666000e+01   06.20592000e+01   04.80487000e+01  -01.54921000e-03
  07.06367000e+01   06.27210000e+01   04.71576000e+01  -09.64920000e-04
  07.10277000e+01   06.22721000e+01   04.58022000e+01  -02.95630000e-04
  07.20269000e+01   06.29578000e+01   04.51403000e+01  -02.57020000e-04
  07.26651000e+01   06.26824000e+01   04.38238000e+01   02.20720000e-04
  07.37861000e+01   06.32838000e+01   04.33706000e+01   02.85990000e-04
  07.45546000e+01   06.31192000e+01   04.20959000e+01   03.16900000e-05
  07.57437000e+01   06.38008000e+01   04.19799000e+01  -01.12020000e-04
  07.67638000e+01   06.37014000e+01   04.09258000e+01   03.40000000e-06
  06.99418000e+01   06.00194000e+01   05.01711000e+01   03.83030000e-04
  07.04228000e+01   06.19254000e+01   05.16801000e+01   01.30100000e-05
  06.82804000e+01   06.44350000e+01   04.81263000e+01  -01.34690000e-04
  07.04355000e+01   06.10330000e+01   04.51429000e+01  -08.35400000e-05
  07.38097000e+01   06.25060000e+01   04.08403000e+01   01.43700000e-03
  08.82553000e+01   06.55442000e+01   03.48330000e+01  -05.62820000e-04
  08.89564000e+01   06.51756000e+01   03.34966000e+01  -02.06960000e-04
  08.88704000e+01   06.63064000e+01   03.23502000e+01  -02.30470000e-04
  08.96138000e+01   06.57729000e+01   03.11760000e+01   01.43786000e-03
  08.73955000e+01   06.67347000e+01   03.21629000e+01   03.20417000e-03
  08.64302000e+01   06.65115000e+01   03.30644000e+01  -08.05080000e-04
  08.67031000e+01   06.59499000e+01   03.45323000e+01  -01.76788000e-03
  08.60003000e+01   06.67066000e+01   03.56475000e+01   07.22800000e-05
  08.49445000e+01   06.62371000e+01   03.63240000e+01   01.59105000e-02
  08.42589000e+01   06.65288000e+01   03.75469000e+01  -02.33693000e-02
  08.31780000e+01   06.57242000e+01   03.77758000e+01   05.37835000e-03
  08.23640000e+01   06.56793000e+01   03.89533000e+01   05.38182000e-03
  08.11907000e+01   06.50715000e+01   03.91550000e+01   05.79556000e-03
  08.02779000e+01   06.51009000e+01   04.02119000e+01  -06.99068000e-03
  07.90863000e+01   06.44585000e+01   04.00663000e+01   02.95799000e-03
  07.80341000e+01   06.42994000e+01   04.10655000e+01   08.80642000e-03
  08.91240000e+01   06.67770000e+01   03.53974000e+01  -03.71955000e-03
  08.83668000e+01   06.44310000e+01   03.58340000e+01  -01.20585000e-02
  08.50641000e+01   06.70895000e+01   03.28853000e+01   01.97011000e-03
  08.49263000e+01   06.74476000e+01   03.85139000e+01   08.37962000e-03
  08.07527000e+01   06.58623000e+01   04.14606000e+01  -01.14162000e-03
  08.17735000e+01   06.56701000e+01   04.17449000e+01   05.31110000e-04
  08.08155000e+01   06.69271000e+01   04.13104000e+01   06.44190000e-04
  08.01122000e+01   06.56391000e+01   04.22422000e+01  -01.18537000e-03
  08.56891000e+01   06.79800000e+01   03.79638000e+01  -09.86263000e-03
  08.41935000e+01   06.80564000e+01   03.89931000e+01   04.83486000e-03
  08.53718000e+01   06.69110000e+01   03.93334000e+01  -06.05704000e-03
  08.43087000e+01   06.68419000e+01   03.36824000e+01   01.25782000e-03
  08.50954000e+01   06.81653000e+01   03.28192000e+01  -04.29459000e-03
  08.47114000e+01   06.66531000e+01   03.19683000e+01   07.41250000e-04
  08.93606000e+01   06.43436000e+01   03.60697000e+01  -09.05833000e-03
  08.78094000e+01   06.46109000e+01   03.67595000e+01   05.11703000e-03
  08.81115000e+01   06.34270000e+01   03.54235000e+01   05.28601000e-03
  08.87389000e+01   06.71641000e+01   03.63236000e+01   06.61730000e-04
  09.02083000e+01   06.64618000e+01   03.53500000e+01  -01.43313000e-03
  08.90030000e+01   06.76635000e+01   03.47719000e+01   01.17160000e-04
  09.00209000e+01   06.48861000e+01   03.35834000e+01   07.94200000e-05
  08.84983000e+01   06.43391000e+01   03.31018000e+01  -07.78792000e-03
  07.31679000e+01   06.16345000e+01   04.11418000e+01   07.70140000e-04
  07.31949000e+01   06.32321000e+01   04.03658000e+01   07.99937000e-03
  07.45350000e+01   06.20887000e+01   04.01758000e+01  -03.55757000e-03
  07.00939000e+01   06.12179000e+01   04.40995000e+01  -07.15330000e-03
  07.10942000e+01   06.02293000e+01   04.50686000e+01   03.13430000e-03
  06.96700000e+01   06.04677000e+01   04.56763000e+01   01.47373000e-02
  06.78420000e+01   06.37312000e+01   04.73970000e+01  -01.94855000e-02
  06.74826000e+01   06.52147000e+01   04.82406000e+01   04.92255000e-03
  06.91250000e+01   06.49903000e+01   04.77201000e+01   04.33740000e-03
  07.14951000e+01   06.16840000e+01   05.16097000e+01   04.35178000e-03
  07.02906000e+01   06.30624000e+01   05.18561000e+01   02.18100000e-05
  07.01449000e+01   06.15038000e+01   05.26670000e+01  -05.02650000e-04
  07.02099000e+01   05.94451000e+01   05.10925000e+01  -01.43048000e-03
  06.91444000e+01   05.94696000e+01   04.96580000e+01   02.03840000e-04
  07.07679000e+01   06.01544000e+01   04.94986000e+01   08.62995000e-03
  06.73353000e+01   06.26630000e+01   05.34567000e+01  -01.63629000e-03
  07.10119000e+01   06.37070000e+01   04.75127000e+01  -02.76705000e-03
  06.95443000e+01   06.10593000e+01   04.77553000e+01   01.41710000e-03
  06.69886000e+01   06.47436000e+01   05.03678000e+01  -03.85980000e-04
  06.84784000e+01   06.46894000e+01   05.11983000e+01  -04.81110000e-04
  07.81584000e+01   06.47088000e+01   04.20574000e+01  -02.06250000e-04
  07.88081000e+01   06.40024000e+01   03.91077000e+01   01.11427000e-03
  08.09057000e+01   06.45587000e+01   03.82665000e+01  -01.53420000e-04
  08.28680000e+01   06.61321000e+01   03.97974000e+01  -01.90280000e-04
  08.28212000e+01   06.50801000e+01   03.69761000e+01  -03.63060000e-04
  06.63645000e+01   06.26790000e+01   05.13220000e+01   08.59900000e-05
  08.44934000e+01   06.54458000e+01   03.57139000e+01  -01.01020000e-04
  08.64341000e+01   06.76240000e+01   03.60567000e+01   02.50540000e-04
  08.62861000e+01   06.49400000e+01   03.43577000e+01  -01.19075000e-03
  08.72175000e+01   06.70224000e+01   03.11249000e+01   03.14160000e-04
  08.95304000e+01   06.70484000e+01   03.28199000e+01  -01.11070000e-04
  06.73182000e+01   06.10247000e+01   05.04054000e+01   03.13480000e-04
  06.81827000e+01   06.08408000e+01   05.19838000e+01   01.25001000e-03
  07.64847000e+01   06.33104000e+01   04.00162000e+01   04.27500000e-05
  07.59379000e+01   06.45736000e+01   04.27201000e+01  -04.51238000e-03
  07.43411000e+01   06.39239000e+01   04.40534000e+01   04.22636000e-03
  07.23470000e+01   06.19303000e+01   04.31814000e+01  -09.78060000e-04
  07.23893000e+01   06.38226000e+01   04.57377000e+01  -08.33290000e-04
  08.90779000e+01   06.51273000e+01   03.06329000e+01  -01.05330000e-03
