  06.92077000e+01   06.23859000e+01   04.93104000e+01  -02.53405000e-03
  06.78619000e+01   06.22141000e+01   04.98971000e+01   07.80610000e-04
  06.72126000e+01   06.34987000e+01   05.04913000e+01   06.83950000e-04
  06.73681000e+01   06.35948000e+01   05.18734000e+01   05.31930000e-04
  06.75550000e+01   06.46946000e+01   04.97179000e+01  -01.13880000e-03
  06.83189000e+01   06.45786000e+01   04.84798000e+01   05.01179000e-03
  06.91287000e+01   06.34743000e+01   04.83096000e+01  -01.30529000e-03
  06.95757000e+01   06.31018000e+01   04.69566000e+01  -01.54921000e-03
  07.05106000e+01   06.37359000e+01   04.62006000e+01  -09.64920000e-04
  07.11330000e+01   06.32169000e+01   04.49356000e+01  -02.95630000e-04
  07.20287000e+01   06.40547000e+01   04.42943000e+01  -02.57020000e-04
  07.28572000e+01   06.38773000e+01   04.30332000e+01   02.20720000e-04
  07.40250000e+01   06.45327000e+01   04.27493000e+01   02.85990000e-04
  07.49948000e+01   06.42585000e+01   04.16469000e+01   03.16900000e-05
  07.62278000e+01   06.49292000e+01   04.17280000e+01  -01.12020000e-04
  07.72185000e+01   06.49150000e+01   04.07339000e+01   03.40000000e-06
  06.96410000e+01   06.09317000e+01   04.89679000e+01   03.83030000e-04
  07.02052000e+01   06.27977000e+01   05.04686000e+01   01.30100000e-05
  06.77937000e+01   06.55196000e+01   04.73504000e+01  -01.34690000e-04
  07.07223000e+01   06.18425000e+01   04.43754000e+01  -08.35400000e-05
  07.46576000e+01   06.32709000e+01   04.04583000e+01   01.43700000e-03
  08.89516000e+01   06.60714000e+01   03.49213000e+01  -05.62820000e-04
  08.98165000e+01   06.56804000e+01   03.35953000e+01  -02.06960000e-04
  08.98878000e+01   06.67948000e+01   03.24910000e+01  -02.30470000e-04
  09.06815000e+01   06.64114000e+01   03.13124000e+01   01.43786000e-03
  08.85230000e+01   06.74696000e+01   03.23170000e+01   03.20417000e-03
  08.74981000e+01   06.74559000e+01   03.31977000e+01  -08.05080000e-04
  08.74725000e+01   06.64771000e+01   03.44667000e+01  -01.76788000e-03
  08.65984000e+01   06.70860000e+01   03.55761000e+01   07.22800000e-05
  08.53342000e+01   06.68220000e+01   03.59485000e+01   01.59105000e-02
  08.44775000e+01   06.73682000e+01   03.70187000e+01  -02.33693000e-02
  08.33092000e+01   06.66674000e+01   03.72172000e+01   05.37835000e-03
  08.25626000e+01   06.68386000e+01   03.84509000e+01   05.38182000e-03
  08.13069000e+01   06.62967000e+01   03.86135000e+01   05.79556000e-03
  08.05001000e+01   06.62604000e+01   03.98437000e+01  -06.99068000e-03
  07.93841000e+01   06.54953000e+01   03.98040000e+01   02.95799000e-03
  07.84685000e+01   06.53332000e+01   04.08816000e+01   08.80642000e-03
  08.97883000e+01   06.71963000e+01   03.56814000e+01  -03.71955000e-03
  08.88236000e+01   06.49019000e+01   03.58958000e+01  -01.20585000e-02
  08.62413000e+01   06.82874000e+01   03.28661000e+01   01.97011000e-03
  08.48913000e+01   06.84932000e+01   03.80237000e+01   08.37962000e-03
  08.09384000e+01   06.70857000e+01   04.10394000e+01  -01.14162000e-03
  08.06809000e+01   06.80751000e+01   04.08403000e+01   05.31110000e-04
  08.06484000e+01   06.68136000e+01   04.20345000e+01   06.44190000e-04
  08.20461000e+01   06.70411000e+01   04.11468000e+01  -01.18537000e-03
  08.51773000e+01   06.81055000e+01   03.90427000e+01  -09.86263000e-03
  08.57789000e+01   06.90312000e+01   03.76421000e+01   04.83486000e-03
  08.41218000e+01   06.92568000e+01   03.81721000e+01  -06.05704000e-03
  08.66252000e+01   06.91611000e+01   03.22702000e+01   01.25782000e-03
  08.56304000e+01   06.76608000e+01   03.22640000e+01  -04.29459000e-03
  08.57051000e+01   06.85763000e+01   03.37331000e+01   07.41250000e-04
  08.97574000e+01   06.46505000e+01   03.63792000e+01  -09.05833000e-03
  08.81777000e+01   06.52551000e+01   03.67139000e+01   05.11703000e-03
  08.83203000e+01   06.40522000e+01   03.53278000e+01   05.28601000e-03
  08.99819000e+01   06.81328000e+01   03.50180000e+01   06.61730000e-04
  08.92133000e+01   06.77053000e+01   03.63972000e+01  -01.43313000e-03
  09.07368000e+01   06.67539000e+01   03.60980000e+01   01.17160000e-04
  09.08954000e+01   06.54602000e+01   03.38482000e+01   07.94200000e-05
  08.92993000e+01   06.49090000e+01   03.30273000e+01  -07.78792000e-03
  07.54807000e+01   06.24552000e+01   04.03670000e+01   07.70140000e-04
  07.37253000e+01   06.27966000e+01   04.07133000e+01   07.99937000e-03
  07.43502000e+01   06.38433000e+01   03.96068000e+01  -03.55757000e-03
  07.14037000e+01   06.15495000e+01   04.35019000e+01  -07.15330000e-03
  07.07433000e+01   06.10200000e+01   04.51023000e+01   03.13430000e-03
  06.96980000e+01   06.19779000e+01   04.39263000e+01   01.47373000e-02
  06.66956000e+01   06.56433000e+01   04.74050000e+01  -01.94855000e-02
  06.84163000e+01   06.63452000e+01   04.73146000e+01   04.92255000e-03
  06.78670000e+01   06.49591000e+01   04.64087000e+01   04.33740000e-03
  07.11925000e+01   06.29707000e+01   05.00132000e+01   04.35178000e-03
  06.98205000e+01   06.36275000e+01   05.11003000e+01   02.18100000e-05
  07.03345000e+01   06.19967000e+01   05.12298000e+01  -05.02650000e-04
  07.07318000e+01   06.10246000e+01   04.87132000e+01  -01.43048000e-03
  06.96205000e+01   06.02029000e+01   04.97527000e+01   02.03840000e-04
  06.91470000e+01   06.04450000e+01   04.80946000e+01   08.62995000e-03
  06.68408000e+01   06.29266000e+01   05.23104000e+01  -01.63629000e-03
  07.07633000e+01   06.47232000e+01   04.65510000e+01  -02.76705000e-03
  06.94535000e+01   06.21348000e+01   04.66479000e+01   01.41710000e-03
  06.66152000e+01   06.51722000e+01   04.93873000e+01  -03.85980000e-04
  06.79135000e+01   06.54770000e+01   05.04276000e+01  -04.81110000e-04
  07.87183000e+01   06.57528000e+01   04.18810000e+01  -02.06250000e-04
  07.91290000e+01   06.49524000e+01   03.88274000e+01   01.11427000e-03
  08.09414000e+01   06.56906000e+01   03.77704000e+01  -01.53420000e-04
  08.29420000e+01   06.75372000e+01   03.92426000e+01  -01.90280000e-04
  08.29917000e+01   06.58735000e+01   03.65691000e+01  -03.63060000e-04
  06.61624000e+01   06.33681000e+01   05.02792000e+01   08.59900000e-05
  08.47276000e+01   06.62601000e+01   03.52057000e+01  -01.01020000e-04
  08.70796000e+01   06.77494000e+01   03.62607000e+01   02.50540000e-04
  08.68966000e+01   06.56626000e+01   03.40310000e+01  -01.19075000e-03
  08.84318000e+01   06.80401000e+01   03.13610000e+01   03.14160000e-04
  09.05127000e+01   06.75124000e+01   03.30128000e+01  -01.11070000e-04
  06.71892000e+01   06.17449000e+01   04.92247000e+01   03.13480000e-04
  06.78086000e+01   06.15032000e+01   05.07208000e+01   01.25001000e-03
  07.68480000e+01   06.44121000e+01   03.98157000e+01   04.27500000e-05
  07.63984000e+01   06.54624000e+01   04.26499000e+01  -04.51238000e-03
  07.43468000e+01   06.52381000e+01   04.35168000e+01   04.22636000e-03
  07.25234000e+01   06.31346000e+01   04.23021000e+01  -09.78060000e-04
  07.24185000e+01   06.49389000e+01   04.48541000e+01  -08.33290000e-04
  09.00349000e+01   06.59746000e+01   03.07113000e+01  -01.05330000e-03
