  06.91077000e+01   06.18456000e+01   05.06908000e+01  -02.53405000e-03
  06.84926000e+01   06.24638000e+01   05.18376000e+01   07.80610000e-04
  06.70977000e+01   06.29682000e+01   05.15998000e+01   06.83950000e-04
  06.65597000e+01   06.35849000e+01   05.27302000e+01   05.31930000e-04
  06.72220000e+01   06.40198000e+01   05.05085000e+01  -01.13880000e-03
  06.79206000e+01   06.34052000e+01   04.92794000e+01   05.01179000e-03
  06.87432000e+01   06.23688000e+01   04.93496000e+01  -01.30529000e-03
  06.95415000e+01   06.20033000e+01   04.81853000e+01  -01.54921000e-03
  07.02420000e+01   06.26740000e+01   04.72544000e+01  -09.64920000e-04
  07.08743000e+01   06.21430000e+01   04.59711000e+01  -02.95630000e-04
  07.17492000e+01   06.30372000e+01   04.53511000e+01  -02.57020000e-04
  07.24582000e+01   06.27900000e+01   04.41258000e+01   02.20720000e-04
  07.34374000e+01   06.36145000e+01   04.37191000e+01   02.85990000e-04
  07.42969000e+01   06.34117000e+01   04.26085000e+01   03.16900000e-05
  07.55297000e+01   06.40320000e+01   04.26152000e+01  -01.12020000e-04
  07.66495000e+01   06.39466000e+01   04.16470000e+01   03.40000000e-06
  06.86405000e+01   06.03871000e+01   05.07458000e+01   03.83030000e-04
  07.06258000e+01   06.17506000e+01   05.08894000e+01   01.30100000e-05
  06.77679000e+01   06.43708000e+01   04.81483000e+01  -01.34690000e-04
  07.05174000e+01   06.07221000e+01   04.53351000e+01  -08.35400000e-05
  07.37137000e+01   06.26527000e+01   04.14148000e+01   01.43700000e-03
  08.77050000e+01   06.51045000e+01   03.48000000e+01  -05.62820000e-04
  08.84081000e+01   06.46118000e+01   03.35040000e+01  -02.06960000e-04
  08.84004000e+01   06.56697000e+01   03.24084000e+01  -02.30470000e-04
  08.86741000e+01   06.50575000e+01   03.11281000e+01   01.43786000e-03
  08.70708000e+01   06.63530000e+01   03.23431000e+01   03.20417000e-03
  08.60675000e+01   06.63654000e+01   03.32335000e+01  -08.05080000e-04
  08.62182000e+01   06.55232000e+01   03.45568000e+01  -01.76788000e-03
  08.55156000e+01   06.62346000e+01   03.57196000e+01   07.22800000e-05
  08.43294000e+01   06.59433000e+01   03.62640000e+01   01.59105000e-02
  08.37543000e+01   06.64019000e+01   03.74932000e+01  -02.33693000e-02
  08.28423000e+01   06.55102000e+01   03.80636000e+01   05.37835000e-03
  08.21189000e+01   06.55828000e+01   03.93633000e+01   05.38182000e-03
  08.09905000e+01   06.49538000e+01   03.97531000e+01   05.79556000e-03
  08.01501000e+01   06.50366000e+01   04.09323000e+01  -06.99068000e-03
  07.89624000e+01   06.43830000e+01   04.09212000e+01   02.95799000e-03
  07.78642000e+01   06.45575000e+01   04.18204000e+01   08.80642000e-03
  08.87579000e+01   06.61309000e+01   03.54038000e+01  -03.71955000e-03
  08.77979000e+01   06.39133000e+01   03.57910000e+01  -01.20585000e-02
  08.47684000e+01   06.71567000e+01   03.30352000e+01   01.97011000e-03
  08.43140000e+01   06.76957000e+01   03.81308000e+01   08.37962000e-03
  08.05626000e+01   06.60219000e+01   04.20041000e+01  -01.14162000e-03
  08.06072000e+01   06.70175000e+01   04.17018000e+01   05.31110000e-04
  07.99591000e+01   06.60268000e+01   04.28834000e+01   06.44190000e-04
  08.15463000e+01   06.57648000e+01   04.24269000e+01  -01.18537000e-03
  08.51915000e+01   06.76522000e+01   03.87732000e+01  -09.86263000e-03
  08.45553000e+01   06.84380000e+01   03.73328000e+01   04.83486000e-03
  08.35406000e+01   06.82207000e+01   03.87212000e+01  -06.05704000e-03
  08.39548000e+01   06.64470000e+01   03.30709000e+01   01.25782000e-03
  08.46186000e+01   06.78760000e+01   03.38580000e+01  -04.29459000e-03
  08.48085000e+01   06.75670000e+01   03.20586000e+01   07.41250000e-04
  08.73462000e+01   06.29676000e+01   03.54721000e+01  -09.05833000e-03
  08.88233000e+01   06.37890000e+01   03.60607000e+01   05.11703000e-03
  08.72345000e+01   06.41714000e+01   03.67254000e+01   05.28601000e-03
  08.97627000e+01   06.58257000e+01   03.52857000e+01   06.61730000e-04
  08.85035000e+01   06.71395000e+01   03.49365000e+01  -01.43313000e-03
  08.86387000e+01   06.61293000e+01   03.64238000e+01   01.17160000e-04
  08.94192000e+01   06.43400000e+01   03.37107000e+01   07.94200000e-05
  08.79600000e+01   06.37164000e+01   03.31027000e+01  -07.78792000e-03
  07.26592000e+01   06.28789000e+01   04.13801000e+01   07.70140000e-04
  07.40959000e+01   06.29767000e+01   04.04403000e+01   07.99937000e-03
  07.38202000e+01   06.16222000e+01   04.15065000e+01  -03.55757000e-03
  07.12968000e+01   05.99452000e+01   04.55395000e+01  -07.15330000e-03
  06.95723000e+01   06.03269000e+01   04.57518000e+01   03.13430000e-03
  07.04076000e+01   06.06231000e+01   04.42769000e+01   01.47373000e-02
  06.86349000e+01   06.50573000e+01   04.80712000e+01  -01.94855000e-02
  06.76636000e+01   06.37940000e+01   04.71716000e+01   04.92255000e-03
  06.69129000e+01   06.49564000e+01   04.82210000e+01   04.33740000e-03
  07.11201000e+01   06.26730000e+01   05.05510000e+01   04.35178000e-03
  07.08822000e+01   06.14531000e+01   05.19104000e+01   02.18100000e-05
  07.10835000e+01   06.09510000e+01   05.02142000e+01  -05.02650000e-04
  06.90537000e+01   05.98159000e+01   05.16313000e+01  -01.43048000e-03
  06.75162000e+01   06.02287000e+01   05.06580000e+01   02.03840000e-04
  06.91478000e+01   05.98573000e+01   04.99337000e+01   08.62995000e-03
  06.61591000e+01   06.29163000e+01   05.33504000e+01  -01.63629000e-03
  07.03547000e+01   06.37482000e+01   04.74000000e+01  -02.76705000e-03
  06.95003000e+01   06.08710000e+01   04.80696000e+01   01.41710000e-03
  06.62450000e+01   06.43838000e+01   05.02129000e+01  -03.85980000e-04
  06.76377000e+01   06.50036000e+01   05.07424000e+01  -04.81110000e-04
  07.79380000e+01   06.51433000e+01   04.27647000e+01  -02.06250000e-04
  07.88205000e+01   06.38799000e+01   03.99477000e+01   01.11427000e-03
  08.06261000e+01   06.42413000e+01   03.90363000e+01  -01.53420000e-04
  08.24969000e+01   06.65105000e+01   03.98340000e+01  -01.90280000e-04
  08.25293000e+01   06.46106000e+01   03.75487000e+01  -03.63060000e-04
  06.64796000e+01   06.20972000e+01   05.12630000e+01   08.59900000e-05
  08.38165000e+01   06.51172000e+01   03.57351000e+01  -01.01020000e-04
  08.61552000e+01   06.69439000e+01   03.61664000e+01   02.50540000e-04
  08.56415000e+01   06.45958000e+01   03.46036000e+01  -01.19075000e-03
  08.68493000e+01   06.70749000e+01   03.14977000e+01   03.14160000e-04
  08.91479000e+01   06.65447000e+01   03.26144000e+01  -01.11070000e-04
  06.85844000e+01   06.17270000e+01   05.26071000e+01   03.13480000e-04
  06.89219000e+01   06.34148000e+01   05.20613000e+01   01.25001000e-03
  07.65782000e+01   06.32819000e+01   04.08250000e+01   04.27500000e-05
  07.58012000e+01   06.46142000e+01   04.35148000e+01  -04.51238000e-03
  07.38621000e+01   06.43853000e+01   04.43498000e+01   04.22636000e-03
  07.20672000e+01   06.19215000e+01   04.35628000e+01  -09.78060000e-04
  07.20121000e+01   06.39190000e+01   04.58388000e+01  -08.33290000e-04
  08.95694000e+01   06.49206000e+01   03.08476000e+01  -01.05330000e-03
