  06.82366000e+01   06.07140000e+01   05.09964000e+01  -02.53405000e-03
  06.69629000e+01   06.04045000e+01   05.16604000e+01   07.80610000e-04
  06.59236000e+01   06.15454000e+01   05.17543000e+01   06.83950000e-04
  06.56264000e+01   06.18889000e+01   05.31301000e+01   05.31930000e-04
  06.61946000e+01   06.27565000e+01   05.08785000e+01  -01.13880000e-03
  06.68679000e+01   06.23998000e+01   04.96750000e+01   05.01179000e-03
  06.79391000e+01   06.15315000e+01   04.96886000e+01  -01.30529000e-03
  06.84886000e+01   06.10743000e+01   04.83778000e+01  -01.54921000e-03
  06.92824000e+01   06.17608000e+01   04.75236000e+01  -09.64920000e-04
  06.96999000e+01   06.13041000e+01   04.62013000e+01  -02.95630000e-04
  07.06986000e+01   06.20378000e+01   04.56307000e+01  -02.57020000e-04
  07.14619000e+01   06.16009000e+01   04.44736000e+01   02.20720000e-04
  07.26552000e+01   06.20918000e+01   04.40721000e+01   02.85990000e-04
  07.34649000e+01   06.18399000e+01   04.29186000e+01   03.16900000e-05
  07.46859000e+01   06.25548000e+01   04.26372000e+01  -01.12020000e-04
  07.57089000e+01   06.24169000e+01   04.16057000e+01   03.40000000e-06
  06.89604000e+01   05.93925000e+01   05.07896000e+01   03.83030000e-04
  06.90199000e+01   06.15215000e+01   05.21466000e+01   01.30100000e-05
  06.61928000e+01   06.30861000e+01   04.85110000e+01  -01.34690000e-04
  06.90200000e+01   06.01206000e+01   04.55328000e+01  -08.35400000e-05
  07.29539000e+01   06.10087000e+01   04.17151000e+01   01.43700000e-03
  08.71495000e+01   06.41433000e+01   03.54804000e+01  -05.62820000e-04
  08.79445000e+01   06.35412000e+01   03.42866000e+01  -02.06960000e-04
  08.80961000e+01   06.45253000e+01   03.31261000e+01  -02.30470000e-04
  08.89703000e+01   06.38099000e+01   03.22139000e+01   01.43786000e-03
  08.68061000e+01   06.52278000e+01   03.28063000e+01   03.20417000e-03
  08.57511000e+01   06.53774000e+01   03.36503000e+01  -08.05080000e-04
  08.56917000e+01   06.45730000e+01   03.49685000e+01  -01.76788000e-03
  08.48792000e+01   06.54457000e+01   03.60531000e+01   07.22800000e-05
  08.37073000e+01   06.49256000e+01   03.66754000e+01   01.59105000e-02
  08.30347000e+01   06.53877000e+01   03.78571000e+01  -02.33693000e-02
  08.19280000e+01   06.46839000e+01   03.82803000e+01   05.37835000e-03
  08.10809000e+01   06.47852000e+01   03.94479000e+01   05.38182000e-03
  07.99895000e+01   06.39773000e+01   03.97484000e+01   05.79556000e-03
  07.91836000e+01   06.39420000e+01   04.10104000e+01  -06.99068000e-03
  07.80233000e+01   06.30561000e+01   04.09064000e+01   02.95799000e-03
  07.68900000e+01   06.31105000e+01   04.18226000e+01   08.80642000e-03
  08.80254000e+01   06.52529000e+01   03.61909000e+01  -03.71955000e-03
  08.69055000e+01   06.30977000e+01   03.66363000e+01  -01.20585000e-02
  08.45720000e+01   06.60443000e+01   03.30335000e+01   01.97011000e-03
  08.37031000e+01   06.65407000e+01   03.85712000e+01   08.37962000e-03
  07.94762000e+01   06.48012000e+01   04.21669000e+01  -01.14162000e-03
  08.03072000e+01   06.43612000e+01   04.27065000e+01   05.31110000e-04
  07.96781000e+01   06.58003000e+01   04.18887000e+01   06.44190000e-04
  07.86560000e+01   06.47362000e+01   04.28356000e+01  -01.18537000e-03
  08.45893000e+01   06.61782000e+01   03.90473000e+01  -09.86263000e-03
  08.39051000e+01   06.73583000e+01   03.78996000e+01   04.83486000e-03
  08.30638000e+01   06.71443000e+01   03.92946000e+01  -06.05704000e-03
  08.36483000e+01   06.54797000e+01   03.29923000e+01   01.25782000e-03
  08.44252000e+01   06.69632000e+01   03.35286000e+01  -04.29459000e-03
  08.47472000e+01   06.63469000e+01   03.19664000e+01   07.41250000e-04
  08.77807000e+01   06.27592000e+01   03.71216000e+01  -09.05833000e-03
  08.62914000e+01   06.35371000e+01   03.74442000e+01   05.11703000e-03
  08.64884000e+01   06.22294000e+01   03.61864000e+01   05.28601000e-03
  08.80894000e+01   06.61032000e+01   03.55327000e+01   06.61730000e-04
  08.75621000e+01   06.56880000e+01   03.70436000e+01  -01.43313000e-03
  08.89963000e+01   06.47861000e+01   03.63783000e+01   01.17160000e-04
  08.89389000e+01   06.33021000e+01   03.46956000e+01   07.94200000e-05
  08.75227000e+01   06.26248000e+01   03.38871000e+01  -07.78792000e-03
  07.38114000e+01   06.05792000e+01   04.12670000e+01   07.70140000e-04
  07.24117000e+01   06.01794000e+01   04.21218000e+01   07.99937000e-03
  07.22743000e+01   06.15703000e+01   04.10817000e+01  -03.55757000e-03
  06.79233000e+01   06.01788000e+01   04.55159000e+01  -07.15330000e-03
  06.93534000e+01   05.99321000e+01   04.45733000e+01   03.13430000e-03
  06.90805000e+01   05.91436000e+01   04.60102000e+01   01.47373000e-02
  06.67216000e+01   06.40005000e+01   04.82688000e+01  -01.94855000e-02
  06.62710000e+01   06.24328000e+01   04.77038000e+01   04.92255000e-03
  06.51028000e+01   06.32844000e+01   04.87310000e+01   04.33740000e-03
  06.99737000e+01   06.16739000e+01   05.17522000e+01   04.35178000e-03
  06.85245000e+01   06.24214000e+01   05.22595000e+01   02.18100000e-05
  06.91796000e+01   06.08944000e+01   05.30570000e+01  -05.02650000e-04
  06.89711000e+01   05.88408000e+01   05.17289000e+01  -01.43048000e-03
  06.83997000e+01   05.87523000e+01   05.00277000e+01   02.03840000e-04
  07.00016000e+01   05.96110000e+01   05.04353000e+01   08.62995000e-03
  06.63676000e+01   06.22836000e+01   05.35785000e+01  -01.63629000e-03
  06.97615000e+01   06.26593000e+01   04.78841000e+01  -02.76705000e-03
  06.80935000e+01   06.01504000e+01   04.80790000e+01   01.41710000e-03
  06.52386000e+01   06.32995000e+01   05.06977000e+01  -03.85980000e-04
  06.67746000e+01   06.35979000e+01   05.13962000e+01  -04.81110000e-04
  07.71322000e+01   06.36692000e+01   04.27369000e+01  -02.06250000e-04
  07.79917000e+01   06.24599000e+01   04.00455000e+01   01.11427000e-03
  07.97133000e+01   06.33144000e+01   03.89160000e+01  -01.53420000e-04
  08.13943000e+01   06.54012000e+01   04.02831000e+01  -01.90280000e-04
  08.15135000e+01   06.39636000e+01   03.75402000e+01  -03.63060000e-04
  06.50362000e+01   06.10491000e+01   05.14121000e+01   08.59900000e-05
  08.31829000e+01   06.41519000e+01   03.61317000e+01  -01.01020000e-04
  08.54206000e+01   06.63149000e+01   03.64915000e+01   02.50540000e-04
  08.50804000e+01   06.36960000e+01   03.46969000e+01  -01.19075000e-03
  08.68827000e+01   06.56224000e+01   03.17579000e+01   03.14160000e-04
  08.86150000e+01   06.53365000e+01   03.35975000e+01  -01.11070000e-04
  06.65952000e+01   05.95148000e+01   05.11650000e+01   03.13480000e-04
  06.70328000e+01   06.00512000e+01   05.26450000e+01   01.25001000e-03
  07.54541000e+01   06.18863000e+01   04.06858000e+01   04.27500000e-05
  07.50478000e+01   06.32933000e+01   04.34031000e+01  -04.51238000e-03
  07.31216000e+01   06.28422000e+01   04.46724000e+01   04.22636000e-03
  07.10225000e+01   06.08197000e+01   04.39041000e+01  -09.78060000e-04
  07.11907000e+01   06.28739000e+01   04.61480000e+01  -08.33290000e-04
  08.84786000e+01   06.33453000e+01   03.14834000e+01  -01.05330000e-03
