  06.89858000e+01   06.14347000e+01   04.96200000e+01  -02.53405000e-03
  06.76154000e+01   06.13639000e+01   05.02231000e+01   07.80610000e-04
  06.67685000e+01   06.26599000e+01   05.03730000e+01   06.83950000e-04
  06.66600000e+01   06.30650000e+01   05.17238000e+01   05.31930000e-04
  06.72519000e+01   06.37878000e+01   04.94713000e+01  -01.13880000e-03
  06.81394000e+01   06.34283000e+01   04.82842000e+01   05.01179000e-03
  06.89764000e+01   06.23645000e+01   04.83473000e+01  -01.30529000e-03
  06.94869000e+01   06.18505000e+01   04.69881000e+01  -01.54921000e-03
  07.04868000e+01   06.23273000e+01   04.61406000e+01  -09.64920000e-04
  07.11971000e+01   06.17702000e+01   04.49622000e+01  -02.95630000e-04
  07.20415000e+01   06.26192000e+01   04.42347000e+01  -02.57020000e-04
  07.28350000e+01   06.23712000e+01   04.30586000e+01   02.20720000e-04
  07.38907000e+01   06.32849000e+01   04.27938000e+01   02.85990000e-04
  07.49854000e+01   06.32360000e+01   04.17714000e+01   03.16900000e-05
  07.60430000e+01   06.40830000e+01   04.18516000e+01  -01.12020000e-04
  07.71910000e+01   06.41205000e+01   04.10903000e+01   03.40000000e-06
  06.94451000e+01   05.99842000e+01   04.93340000e+01   03.83030000e-04
  06.99058000e+01   06.20994000e+01   05.06750000e+01   01.30100000e-05
  06.77481000e+01   06.42945000e+01   04.70854000e+01  -01.34690000e-04
  07.08986000e+01   06.03220000e+01   04.44860000e+01  -08.35400000e-05
  07.46946000e+01   06.22970000e+01   04.05368000e+01   01.43700000e-03
  08.87899000e+01   06.60255000e+01   03.56882000e+01  -05.62820000e-04
  08.95773000e+01   06.54314000e+01   03.45181000e+01  -02.06960000e-04
  08.98170000e+01   06.63770000e+01   03.33886000e+01  -02.30470000e-04
  09.06879000e+01   06.56707000e+01   03.25072000e+01   01.43786000e-03
  08.84225000e+01   06.70688000e+01   03.30350000e+01   03.20417000e-03
  08.73783000e+01   06.72662000e+01   03.38658000e+01  -08.05080000e-04
  08.73219000e+01   06.64652000e+01   03.51880000e+01  -01.76788000e-03
  08.65399000e+01   06.72123000e+01   03.62866000e+01   07.22800000e-05
  08.55118000e+01   06.66333000e+01   03.69377000e+01   01.59105000e-02
  08.47132000e+01   06.71588000e+01   03.80031000e+01  -02.33693000e-02
  08.35749000e+01   06.65054000e+01   03.83942000e+01   05.37835000e-03
  08.26000000e+01   06.66441000e+01   03.93845000e+01   05.38182000e-03
  08.14688000e+01   06.59034000e+01   03.94958000e+01   05.79556000e-03
  08.06098000e+01   06.57551000e+01   04.06475000e+01  -06.99068000e-03
  07.96178000e+01   06.48111000e+01   04.05996000e+01   02.95799000e-03
  07.83819000e+01   06.48005000e+01   04.13703000e+01   08.80642000e-03
  08.96129000e+01   06.71630000e+01   03.63120000e+01  -03.71955000e-03
  08.88278000e+01   06.49488000e+01   03.67870000e+01  -01.20585000e-02
  08.60994000e+01   06.80488000e+01   03.35132000e+01   01.97011000e-03
  08.52835000e+01   06.83033000e+01   03.87370000e+01   08.37962000e-03
  08.07933000e+01   06.68768000e+01   04.16797000e+01  -01.14162000e-03
  07.99347000e+01   06.70872000e+01   04.23345000e+01   05.31110000e-04
  08.15571000e+01   06.65385000e+01   04.23981000e+01   06.44190000e-04
  08.10468000e+01   06.78572000e+01   04.11860000e+01  -01.18537000e-03
  08.57891000e+01   06.91036000e+01   03.81394000e+01  -09.86263000e-03
  08.45799000e+01   06.87641000e+01   03.94789000e+01   04.83486000e-03
  08.61258000e+01   06.79588000e+01   03.92641000e+01  -06.05704000e-03
  08.50903000e+01   06.76434000e+01   03.36626000e+01   01.25782000e-03
  08.61648000e+01   06.89812000e+01   03.41074000e+01  -04.29459000e-03
  08.61740000e+01   06.83363000e+01   03.24006000e+01   07.41250000e-04
  08.98070000e+01   06.46790000e+01   03.72268000e+01  -09.05833000e-03
  08.81960000e+01   06.52571000e+01   03.76067000e+01   05.11703000e-03
  08.84337000e+01   06.39725000e+01   03.64670000e+01   05.28601000e-03
  09.00135000e+01   06.80162000e+01   03.57763000e+01   06.61730000e-04
  08.91457000e+01   06.74935000e+01   03.71687000e+01  -01.43313000e-03
  09.05717000e+01   06.67584000e+01   03.67384000e+01   01.17160000e-04
  09.04871000e+01   06.50816000e+01   03.49758000e+01   07.94200000e-05
  08.90179000e+01   06.46172000e+01   03.41501000e+01  -07.78792000e-03
  07.53540000e+01   06.25888000e+01   03.97099000e+01   07.70140000e-04
  07.48246000e+01   06.12615000e+01   04.08351000e+01   07.99937000e-03
  07.37130000e+01   06.23580000e+01   04.01457000e+01  -03.55757000e-03
  07.14675000e+01   05.98747000e+01   04.37491000e+01  -07.15330000e-03
  07.10449000e+01   05.95982000e+01   04.52527000e+01   03.13430000e-03
  06.98646000e+01   06.03237000e+01   04.41602000e+01   01.47373000e-02
  06.83639000e+01   06.51540000e+01   04.69497000e+01  -01.94855000e-02
  06.80715000e+01   06.36734000e+01   04.61764000e+01   04.92255000e-03
  06.67196000e+01   06.46119000e+01   04.69386000e+01   04.33740000e-03
  06.93911000e+01   06.28524000e+01   05.12576000e+01   04.35178000e-03
  07.03465000e+01   06.13615000e+01   05.13109000e+01   02.18100000e-05
  07.07763000e+01   06.25841000e+01   05.01661000e+01  -05.02650000e-04
  07.05022000e+01   05.99557000e+01   04.90323000e+01  -01.43048000e-03
  06.95635000e+01   05.94038000e+01   05.02687000e+01   02.03840000e-04
  06.88757000e+01   05.94307000e+01   04.85867000e+01   08.62995000e-03
  06.58552000e+01   06.26646000e+01   05.20923000e+01  -01.63629000e-03
  07.08578000e+01   06.33416000e+01   04.64716000e+01  -02.76705000e-03
  06.91261000e+01   06.08433000e+01   04.67908000e+01   01.41710000e-03
  06.63658000e+01   06.43658000e+01   04.91855000e+01  -03.85980000e-04
  06.77636000e+01   06.45352000e+01   05.00015000e+01  -04.81110000e-04
  07.83509000e+01   06.53158000e+01   04.23848000e+01  -02.06250000e-04
  07.93862000e+01   06.42126000e+01   03.96744000e+01   01.11427000e-03
  08.12473000e+01   06.51476000e+01   03.87034000e+01  -01.53420000e-04
  08.28575000e+01   06.73123000e+01   04.02266000e+01  -01.90280000e-04
  08.32922000e+01   06.57285000e+01   03.77547000e+01  -03.63060000e-04
  06.57494000e+01   06.22980000e+01   05.00109000e+01   08.59900000e-05
  08.51996000e+01   06.57365000e+01   03.64809000e+01  -01.01020000e-04
  08.68595000e+01   06.82380000e+01   03.65484000e+01   02.50540000e-04
  08.69458000e+01   06.54650000e+01   03.50199000e+01  -01.19075000e-03
  08.84539000e+01   06.76844000e+01   03.20499000e+01   03.14160000e-04
  09.05281000e+01   06.71374000e+01   03.37746000e+01  -01.11070000e-04
  06.70645000e+01   06.08069000e+01   04.94176000e+01   03.13480000e-04
  06.75354000e+01   06.08427000e+01   05.11367000e+01   01.25001000e-03
  07.72721000e+01   06.35024000e+01   04.02532000e+01   04.27500000e-05
  07.59299000e+01   06.47928000e+01   04.26430000e+01  -04.51238000e-03
  07.40571000e+01   06.40895000e+01   04.34733000e+01   04.22636000e-03
  07.27020000e+01   06.14737000e+01   04.24531000e+01  -09.78060000e-04
  07.22616000e+01   06.35546000e+01   04.46861000e+01  -08.33290000e-04
  09.02096000e+01   06.56606000e+01   03.17038000e+01  -01.05330000e-03
