  06.80988000e+01   06.05502000e+01   04.89114000e+01  -02.53405000e-03
  06.67271000e+01   06.03143000e+01   04.95413000e+01   07.80610000e-04
  06.59049000e+01   06.15342000e+01   04.99294000e+01   06.83950000e-04
  06.60368000e+01   06.18775000e+01   05.12980000e+01   05.31930000e-04
  06.61718000e+01   06.27570000e+01   04.89833000e+01  -01.13880000e-03
  06.68796000e+01   06.24324000e+01   04.77317000e+01   05.01179000e-03
  06.78070000e+01   06.14130000e+01   04.76929000e+01  -01.30529000e-03
  06.81603000e+01   06.07808000e+01   04.63353000e+01  -01.54921000e-03
  06.93042000e+01   06.09637000e+01   04.56117000e+01  -09.64920000e-04
  06.95678000e+01   06.07486000e+01   04.41188000e+01  -02.95630000e-04
  07.04841000e+01   06.15679000e+01   04.35662000e+01  -02.57020000e-04
  07.09155000e+01   06.16098000e+01   04.21947000e+01   02.20720000e-04
  07.19039000e+01   06.23947000e+01   04.16861000e+01   02.85990000e-04
  07.26421000e+01   06.23877000e+01   04.04563000e+01   03.16900000e-05
  07.37787000e+01   06.32304000e+01   04.03621000e+01  -01.12020000e-04
  07.48443000e+01   06.31546000e+01   03.92885000e+01   03.40000000e-06
  06.86114000e+01   05.91032000e+01   04.87574000e+01   03.83030000e-04
  06.90183000e+01   06.12636000e+01   04.98610000e+01   01.30100000e-05
  06.63702000e+01   06.31707000e+01   04.65426000e+01  -01.34690000e-04
  06.88401000e+01   05.96896000e+01   04.33164000e+01  -08.35400000e-05
  07.19769000e+01   06.18424000e+01   03.92825000e+01   01.43700000e-03
  08.65024000e+01   06.48387000e+01   03.36806000e+01  -05.62820000e-04
  08.73650000e+01   06.43704000e+01   03.24950000e+01  -02.06960000e-04
  08.76042000e+01   06.53968000e+01   03.14116000e+01  -02.30470000e-04
  08.85282000e+01   06.48226000e+01   03.04998000e+01   01.43786000e-03
  08.62924000e+01   06.60357000e+01   03.10168000e+01   03.20417000e-03
  08.51897000e+01   06.60527000e+01   03.18209000e+01  -08.05080000e-04
  08.51037000e+01   06.53301000e+01   03.31480000e+01  -01.76788000e-03
  08.41309000e+01   06.58483000e+01   03.42066000e+01   07.22800000e-05
  08.34223000e+01   06.50040000e+01   03.49812000e+01   01.59105000e-02
  08.26742000e+01   06.53223000e+01   03.61986000e+01  -02.33693000e-02
  08.15312000e+01   06.45247000e+01   03.64158000e+01   05.37835000e-03
  08.06529000e+01   06.46211000e+01   03.75612000e+01   05.38182000e-03
  07.94350000e+01   06.41092000e+01   03.76660000e+01   05.79556000e-03
  07.85029000e+01   06.42775000e+01   03.87191000e+01  -06.99068000e-03
  07.72416000e+01   06.36860000e+01   03.85900000e+01   02.95799000e-03
  07.60902000e+01   06.38310000e+01   03.94824000e+01   08.80642000e-03
  08.72004000e+01   06.60200000e+01   03.43658000e+01  -03.71955000e-03
  08.64416000e+01   06.37066000e+01   03.47720000e+01  -01.20585000e-02
  08.38994000e+01   06.68397000e+01   03.13954000e+01   01.97011000e-03
  08.31587000e+01   06.64909000e+01   03.70739000e+01   08.37962000e-03
  07.88464000e+01   06.51066000e+01   03.99908000e+01  -01.14162000e-03
  07.82551000e+01   06.47188000e+01   04.08745000e+01   05.31110000e-04
  07.99233000e+01   06.51486000e+01   04.01253000e+01   06.44190000e-04
  07.86241000e+01   06.61557000e+01   03.98747000e+01  -01.18537000e-03
  08.28660000e+01   06.65375000e+01   03.81064000e+01  -09.86263000e-03
  08.42518000e+01   06.66080000e+01   03.71305000e+01   04.83486000e-03
  08.27770000e+01   06.74745000e+01   03.67791000e+01  -06.05704000e-03
  08.30784000e+01   06.61394000e+01   03.11895000e+01   01.25782000e-03
  08.34623000e+01   06.75125000e+01   03.20918000e+01  -04.29459000e-03
  08.41347000e+01   06.74306000e+01   03.04939000e+01   07.41250000e-04
  08.59256000e+01   06.28221000e+01   03.43708000e+01  -09.05833000e-03
  08.74684000e+01   06.34699000e+01   03.51599000e+01   05.11703000e-03
  08.58053000e+01   06.40129000e+01   03.55683000e+01   05.28601000e-03
  08.80380000e+01   06.55909000e+01   03.49435000e+01   06.61730000e-04
  08.74396000e+01   06.67401000e+01   03.36448000e+01  -01.43313000e-03
  08.64397000e+01   06.63828000e+01   03.50460000e+01   01.17160000e-04
  08.83206000e+01   06.40501000e+01   03.29510000e+01   07.94200000e-05
  08.69334000e+01   06.35011000e+01   03.20294000e+01  -07.78792000e-03
  07.08638000e+01   06.21257000e+01   03.92969000e+01   07.70140000e-04
  07.23889000e+01   06.22305000e+01   03.84073000e+01   07.99937000e-03
  07.21423000e+01   06.08159000e+01   03.91194000e+01  -03.55757000e-03
  06.94209000e+01   05.87632000e+01   04.33253000e+01  -07.15330000e-03
  06.79462000e+01   05.93282000e+01   04.38429000e+01   03.13430000e-03
  06.85515000e+01   05.99626000e+01   04.23390000e+01   01.47373000e-02
  06.62731000e+01   06.24830000e+01   04.56718000e+01  -01.94855000e-02
  06.53854000e+01   06.36898000e+01   04.67806000e+01   04.92255000e-03
  06.68559000e+01   06.40199000e+01   04.61839000e+01   04.33740000e-03
  06.85369000e+01   06.13330000e+01   05.08577000e+01   04.35178000e-03
  07.00519000e+01   06.08623000e+01   04.98127000e+01   02.18100000e-05
  06.93199000e+01   06.22865000e+01   04.95754000e+01  -05.02650000e-04
  06.96452000e+01   05.90775000e+01   04.84019000e+01  -01.43048000e-03
  06.87537000e+01   05.85930000e+01   04.97148000e+01   02.03840000e-04
  06.80101000e+01   05.84836000e+01   04.81480000e+01   08.62995000e-03
  06.57359000e+01   06.12582000e+01   05.20141000e+01  -01.63629000e-03
  07.01288000e+01   06.14732000e+01   04.60620000e+01  -02.76705000e-03
  06.73720000e+01   06.03952000e+01   04.57228000e+01   01.41710000e-03
  06.51691000e+01   06.31957000e+01   04.88581000e+01  -03.85980000e-04
  06.69096000e+01   06.33173000e+01   04.96152000e+01  -04.81110000e-04
  07.62303000e+01   06.43916000e+01   04.04013000e+01  -02.06250000e-04
  07.70696000e+01   06.30833000e+01   03.76254000e+01   01.11427000e-03
  07.90314000e+01   06.34179000e+01   03.69571000e+01  -01.53420000e-04
  08.09860000e+01   06.53110000e+01   03.82685000e+01  -01.90280000e-04
  08.13717000e+01   06.39163000e+01   03.55476000e+01  -03.63060000e-04
  06.49080000e+01   06.11521000e+01   04.97017000e+01   08.59900000e-05
  08.34675000e+01   06.39363000e+01   03.47821000e+01  -01.01020000e-04
  08.40681000e+01   06.69467000e+01   03.43186000e+01   02.50540000e-04
  08.46750000e+01   06.43855000e+01   03.28129000e+01  -01.19075000e-03
  08.62348000e+01   06.64570000e+01   03.00714000e+01   03.14160000e-04
  08.83182000e+01   06.61364000e+01   03.18275000e+01  -01.11070000e-04
  06.61280000e+01   05.97046000e+01   04.88954000e+01   03.13480000e-04
  06.68946000e+01   05.97146000e+01   05.04547000e+01   01.25001000e-03
  07.47252000e+01   06.25154000e+01   03.84167000e+01   04.27500000e-05
  07.40582000e+01   06.39686000e+01   04.11213000e+01  -04.51238000e-03
  07.22302000e+01   06.31213000e+01   04.23976000e+01   04.22636000e-03
  07.05046000e+01   06.08247000e+01   04.15953000e+01  -09.78060000e-04
  07.09399000e+01   06.23477000e+01   04.40785000e+01  -08.33290000e-04
  08.80303000e+01   06.42935000e+01   02.98322000e+01  -01.05330000e-03
