  06.89377000e+01   06.14136000e+01   05.02092000e+01  -02.53405000e-03
  06.73816000e+01   06.12938000e+01   05.05943000e+01   07.80610000e-04
  06.67053000e+01   06.25834000e+01   05.08920000e+01   06.83950000e-04
  06.66453000e+01   06.29052000e+01   05.22596000e+01   05.31930000e-04
  06.73792000e+01   06.38121000e+01   05.01534000e+01  -01.13880000e-03
  06.81849000e+01   06.34819000e+01   04.89658000e+01   05.01179000e-03
  06.89949000e+01   06.24219000e+01   04.90351000e+01  -01.30529000e-03
  06.94745000e+01   06.19825000e+01   04.77227000e+01  -01.54921000e-03
  07.05925000e+01   06.24043000e+01   04.70747000e+01  -09.64920000e-04
  07.11500000e+01   06.19254000e+01   04.58292000e+01  -02.95630000e-04
  07.22498000e+01   06.25159000e+01   04.53309000e+01  -02.57020000e-04
  07.30007000e+01   06.23719000e+01   04.41240000e+01   02.20720000e-04
  07.40693000e+01   06.31247000e+01   04.37416000e+01   02.85990000e-04
  07.48890000e+01   06.31193000e+01   04.25644000e+01   03.16900000e-05
  07.60619000e+01   06.38276000e+01   04.25638000e+01  -01.12020000e-04
  07.71210000e+01   06.37693000e+01   04.15602000e+01   03.40000000e-06
  06.94491000e+01   06.00237000e+01   04.97995000e+01   03.83030000e-04
  06.97408000e+01   06.16907000e+01   05.14550000e+01   01.30100000e-05
  06.78074000e+01   06.41805000e+01   04.76928000e+01  -01.34690000e-04
  07.03989000e+01   06.08881000e+01   04.49939000e+01  -08.35400000e-05
  07.42218000e+01   06.26332000e+01   04.13035000e+01   01.43700000e-03
  08.87268000e+01   06.48839000e+01   03.58493000e+01  -05.62820000e-04
  08.95722000e+01   06.40095000e+01   03.49427000e+01  -02.06960000e-04
  08.99249000e+01   06.45174000e+01   03.35770000e+01  -02.30470000e-04
  09.02048000e+01   06.33210000e+01   03.27681000e+01   01.43786000e-03
  08.88016000e+01   06.54845000e+01   03.30426000e+01   03.20417000e-03
  08.76805000e+01   06.58175000e+01   03.36550000e+01  -08.05080000e-04
  08.73648000e+01   06.52990000e+01   03.50564000e+01  -01.76788000e-03
  08.64310000e+01   06.61356000e+01   03.59025000e+01   07.22800000e-05
  08.53752000e+01   06.56059000e+01   03.65551000e+01   01.59105000e-02
  08.46167000e+01   06.61446000e+01   03.76694000e+01  -02.33693000e-02
  08.36247000e+01   06.53440000e+01   03.82257000e+01   05.37835000e-03
  08.26343000e+01   06.55943000e+01   03.92491000e+01   05.38182000e-03
  08.16034000e+01   06.47887000e+01   03.97100000e+01   05.79556000e-03
  08.06458000e+01   06.50280000e+01   04.07760000e+01  -06.99068000e-03
  07.94414000e+01   06.43552000e+01   04.06916000e+01   02.95799000e-03
  07.83598000e+01   06.44058000e+01   04.16615000e+01   08.80642000e-03
  08.95368000e+01   06.61709000e+01   03.62395000e+01  -03.71955000e-03
  08.84190000e+01   06.41699000e+01   03.71373000e+01  -01.20585000e-02
  08.66065000e+01   06.67078000e+01   03.30360000e+01   01.97011000e-03
  08.47919000e+01   06.75109000e+01   03.81585000e+01   08.37962000e-03
  08.11201000e+01   06.57249000e+01   04.20368000e+01  -01.14162000e-03
  08.09313000e+01   06.50292000e+01   04.28658000e+01   05.31110000e-04
  08.21545000e+01   06.59661000e+01   04.19476000e+01   06.44190000e-04
  08.06343000e+01   06.66515000e+01   04.21711000e+01  -01.18537000e-03
  08.54654000e+01   06.74935000e+01   03.90354000e+01  -09.86263000e-03
  08.52437000e+01   06.81957000e+01   03.74433000e+01   04.83486000e-03
  08.38582000e+01   06.78704000e+01   03.85230000e+01  -06.05704000e-03
  08.70623000e+01   06.77175000e+01   03.29218000e+01   01.25782000e-03
  08.62394000e+01   06.63358000e+01   03.20776000e+01  -04.29459000e-03
  08.56886000e+01   06.68216000e+01   03.36430000e+01   07.41250000e-04
  08.93210000e+01   06.38603000e+01   03.76077000e+01  -09.05833000e-03
  08.78254000e+01   06.48149000e+01   03.78091000e+01   05.11703000e-03
  08.79058000e+01   06.32656000e+01   03.68895000e+01   05.28601000e-03
  08.99422000e+01   06.68358000e+01   03.53655000e+01   06.61730000e-04
  08.90541000e+01   06.69353000e+01   03.69064000e+01  -01.43313000e-03
  09.03828000e+01   06.58855000e+01   03.67740000e+01   01.17160000e-04
  09.04695000e+01   06.36644000e+01   03.53900000e+01   07.94200000e-05
  08.90944000e+01   06.30571000e+01   03.46886000e+01  -07.78792000e-03
  07.31989000e+01   06.29683000e+01   04.11117000e+01   07.70140000e-04
  07.47807000e+01   06.28083000e+01   04.04311000e+01   07.99937000e-03
  07.41529000e+01   06.14953000e+01   04.14091000e+01  -03.55757000e-03
  06.98905000e+01   06.01314000e+01   04.56260000e+01  -07.15330000e-03
  06.96281000e+01   06.14370000e+01   04.43639000e+01   03.13430000e-03
  07.10385000e+01   06.03752000e+01   04.42695000e+01   01.47373000e-02
  06.84573000e+01   06.51234000e+01   04.75393000e+01  -01.94855000e-02
  06.78350000e+01   06.35937000e+01   04.67868000e+01   04.92255000e-03
  06.68797000e+01   06.46370000e+01   04.77022000e+01   04.33740000e-03
  06.95579000e+01   06.08556000e+01   05.20736000e+01   04.35178000e-03
  07.07637000e+01   06.17171000e+01   05.11358000e+01   02.18100000e-05
  06.94672000e+01   06.26037000e+01   05.19618000e+01  -05.02650000e-04
  07.05602000e+01   05.99212000e+01   04.98686000e+01  -01.43048000e-03
  06.90329000e+01   05.92807000e+01   05.04440000e+01   02.03840000e-04
  06.90954000e+01   05.96383000e+01   04.88415000e+01   08.62995000e-03
  06.61802000e+01   06.22952000e+01   05.28939000e+01  -01.63629000e-03
  07.12162000e+01   06.31544000e+01   04.75811000e+01  -02.76705000e-03
  06.89415000e+01   06.12417000e+01   04.71125000e+01   01.41710000e-03
  06.66296000e+01   06.45614000e+01   04.98434000e+01  -03.85980000e-04
  06.80961000e+01   06.43662000e+01   05.08963000e+01  -04.81110000e-04
  07.84789000e+01   06.51382000e+01   04.25557000e+01  -02.06250000e-04
  07.93060000e+01   06.36506000e+01   03.97582000e+01   01.11427000e-03
  08.14144000e+01   06.39081000e+01   03.91262000e+01  -01.53420000e-04
  08.27301000e+01   06.65515000e+01   03.97373000e+01  -01.90280000e-04
  08.34100000e+01   06.44038000e+01   03.77496000e+01  -03.63060000e-04
  06.57138000e+01   06.24425000e+01   05.03456000e+01   08.59900000e-05
  08.51257000e+01   06.45806000e+01   03.63125000e+01  -01.01020000e-04
  08.69486000e+01   06.70304000e+01   03.62304000e+01   02.50540000e-04
  08.68858000e+01   06.42701000e+01   03.48247000e+01  -01.19075000e-03
  08.89755000e+01   06.59766000e+01   03.21410000e+01   03.14160000e-04
  09.08360000e+01   06.51156000e+01   03.36084000e+01  -01.11070000e-04
  06.68140000e+01   06.08952000e+01   04.97494000e+01   03.13480000e-04
  06.72223000e+01   06.05712000e+01   05.14532000e+01   01.25001000e-03
  07.69058000e+01   06.30818000e+01   04.07301000e+01   04.27500000e-05
  07.63621000e+01   06.43790000e+01   04.34314000e+01  -04.51238000e-03
  07.43959000e+01   06.38214000e+01   04.44808000e+01   04.22636000e-03
  07.27417000e+01   06.16115000e+01   04.33694000e+01  -09.78060000e-04
  07.26398000e+01   06.32595000e+01   04.60075000e+01  -08.33290000e-04
  09.04330000e+01   06.35076000e+01   03.18540000e+01  -01.05330000e-03
