  06.70425000e+01   06.14020000e+01   04.98140000e+01  -02.53405000e-03
  06.71745000e+01   06.27537000e+01   05.05169000e+01   07.80610000e-04
  06.59866000e+01   06.36157000e+01   05.06842000e+01   06.83950000e-04
  06.64096000e+01   06.50021000e+01   05.08716000e+01   05.31930000e-04
  06.50549000e+01   06.34656000e+01   04.94970000e+01  -01.13880000e-03
  06.56377000e+01   06.28421000e+01   04.82900000e+01   05.01179000e-03
  06.64053000e+01   06.17024000e+01   04.83549000e+01  -01.30529000e-03
  06.71031000e+01   06.12410000e+01   04.71946000e+01  -01.54921000e-03
  06.83972000e+01   06.14180000e+01   04.66940000e+01  -09.64920000e-04
  06.88618000e+01   06.11275000e+01   04.53251000e+01  -02.95630000e-04
  06.98928000e+01   06.19309000e+01   04.49800000e+01  -02.57020000e-04
  07.04972000e+01   06.20464000e+01   04.36422000e+01   02.20720000e-04
  07.16464000e+01   06.26745000e+01   04.33508000e+01   02.85990000e-04
  07.24484000e+01   06.27491000e+01   04.21165000e+01   03.16900000e-05
  07.36556000e+01   06.33700000e+01   04.22076000e+01  -01.12020000e-04
  07.46054000e+01   06.36087000e+01   04.12039000e+01   03.40000000e-06
  06.61659000e+01   06.04622000e+01   05.07189000e+01   03.83030000e-04
  06.84752000e+01   06.07051000e+01   04.99359000e+01   01.30100000e-05
  06.57131000e+01   06.38658000e+01   04.72349000e+01  -01.34690000e-04
  06.82836000e+01   06.00451000e+01   04.44499000e+01  -08.35400000e-05
  07.20006000e+01   06.21203000e+01   04.08347000e+01   01.43700000e-03
  08.56829000e+01   06.39478000e+01   03.43396000e+01  -05.62820000e-04
  08.60490000e+01   06.32703000e+01   03.29872000e+01  -02.06960000e-04
  08.61725000e+01   06.42310000e+01   03.18538000e+01  -02.30470000e-04
  08.67511000e+01   06.35918000e+01   03.07208000e+01   01.43786000e-03
  08.49819000e+01   06.51270000e+01   03.16806000e+01   03.20417000e-03
  08.41255000e+01   06.53523000e+01   03.26859000e+01  -08.05080000e-04
  08.42633000e+01   06.45675000e+01   03.40677000e+01  -01.76788000e-03
  08.38144000e+01   06.53606000e+01   03.52228000e+01   07.22800000e-05
  08.26314000e+01   06.51046000e+01   03.58675000e+01   01.59105000e-02
  08.21107000e+01   06.54795000e+01   03.72627000e+01  -02.33693000e-02
  08.09619000e+01   06.49100000e+01   03.76257000e+01   05.37835000e-03
  08.03182000e+01   06.49463000e+01   03.89027000e+01   05.38182000e-03
  07.90859000e+01   06.44992000e+01   03.91965000e+01   05.79556000e-03
  07.82036000e+01   06.47271000e+01   04.03419000e+01  -06.99068000e-03
  07.68709000e+01   06.42081000e+01   04.03735000e+01   02.95799000e-03
  07.58254000e+01   06.42048000e+01   04.13421000e+01   08.80642000e-03
  08.68452000e+01   06.48858000e+01   03.47933000e+01  -03.71955000e-03
  08.55195000e+01   06.28547000e+01   03.53921000e+01  -01.20585000e-02
  08.28585000e+01   06.61875000e+01   03.25176000e+01   01.97011000e-03
  08.28915000e+01   06.64636000e+01   03.81708000e+01   08.37962000e-03
  07.87998000e+01   06.56163000e+01   04.14266000e+01  -01.14162000e-03
  07.91242000e+01   06.66097000e+01   04.09855000e+01   05.31110000e-04
  07.82021000e+01   06.57832000e+01   04.22557000e+01   06.44190000e-04
  07.97304000e+01   06.52072000e+01   04.17970000e+01  -01.18537000e-03
  08.37974000e+01   06.69109000e+01   03.76719000e+01  -09.86263000e-03
  08.23249000e+01   06.73561000e+01   03.84466000e+01   04.83486000e-03
  08.31866000e+01   06.60184000e+01   03.90937000e+01  -06.05704000e-03
  08.23783000e+01   06.60117000e+01   03.15299000e+01   01.25782000e-03
  08.21250000e+01   06.59730000e+01   03.33443000e+01  -04.29459000e-03
  08.30081000e+01   06.72366000e+01   03.25403000e+01   07.41250000e-04
  08.47478000e+01   06.21235000e+01   03.50812000e+01  -09.05833000e-03
  08.64642000e+01   06.23627000e+01   03.57341000e+01   05.11703000e-03
  08.52169000e+01   06.33656000e+01   03.62625000e+01   05.28601000e-03
  08.78111000e+01   06.45030000e+01   03.47241000e+01   06.61730000e-04
  08.69010000e+01   06.57586000e+01   03.41379000e+01  -01.43313000e-03
  08.66154000e+01   06.51869000e+01   03.58089000e+01   01.17160000e-04
  08.69743000e+01   06.26975000e+01   03.30638000e+01   07.94200000e-05
  08.52120000e+01   06.26005000e+01   03.27314000e+01  -07.78792000e-03
  07.28191000e+01   06.16318000e+01   04.03397000e+01   07.70140000e-04
  07.13564000e+01   06.13473000e+01   04.11745000e+01   07.99937000e-03
  07.14379000e+01   06.27547000e+01   04.01573000e+01  -03.55757000e-03
  06.80902000e+01   06.03656000e+01   04.34020000e+01  -07.15330000e-03
  06.89555000e+01   05.91921000e+01   04.45675000e+01   03.13430000e-03
  06.73448000e+01   05.97151000e+01   04.48272000e+01   01.47373000e-02
  06.66165000e+01   06.43956000e+01   04.74378000e+01  -01.94855000e-02
  06.58431000e+01   06.34885000e+01   04.62694000e+01   04.92255000e-03
  06.48916000e+01   06.45839000e+01   04.72683000e+01   04.33740000e-03
  06.92432000e+01   06.13363000e+01   04.94226000e+01   04.35178000e-03
  06.87693000e+01   06.04766000e+01   05.09271000e+01   02.18100000e-05
  06.85130000e+01   05.98135000e+01   04.93295000e+01  -05.02650000e-04
  06.65042000e+01   06.02939000e+01   05.17295000e+01  -01.43048000e-03
  06.51831000e+01   06.09484000e+01   05.07947000e+01   02.03840000e-04
  06.59927000e+01   05.94908000e+01   05.02640000e+01   08.62995000e-03
  06.58734000e+01   06.54412000e+01   05.14994000e+01  -01.63629000e-03
  06.91013000e+01   06.19491000e+01   04.73208000e+01  -02.76705000e-03
  06.63628000e+01   06.10193000e+01   04.63873000e+01   01.41710000e-03
  06.41370000e+01   06.28998000e+01   04.96409000e+01  -03.85980000e-04
  06.44506000e+01   06.44270000e+01   04.93116000e+01  -04.81110000e-04
  07.61210000e+01   06.46013000e+01   04.22975000e+01  -02.06250000e-04
  07.65397000e+01   06.36940000e+01   03.94690000e+01   01.11427000e-03
  07.85024000e+01   06.40879000e+01   03.84221000e+01  -01.53420000e-04
  08.08442000e+01   06.54714000e+01   03.96803000e+01  -01.90280000e-04
  08.05717000e+01   06.42443000e+01   03.68631000e+01  -03.63060000e-04
  06.53653000e+01   06.33334000e+01   05.14960000e+01   08.59900000e-05
  08.18914000e+01   06.44585000e+01   03.53601000e+01  -01.01020000e-04
  08.45576000e+01   06.59774000e+01   03.56414000e+01   02.50540000e-04
  08.35384000e+01   06.38052000e+01   03.38779000e+01  -01.19075000e-03
  08.49869000e+01   06.56068000e+01   03.06466000e+01   03.14160000e-04
  08.69499000e+01   06.49706000e+01   03.21714000e+01  -01.11070000e-04
  06.77732000e+01   06.27332000e+01   05.14377000e+01   03.13480000e-04
  06.77464000e+01   06.34345000e+01   04.98813000e+01   01.25001000e-03
  07.44003000e+01   06.33742000e+01   04.01094000e+01   04.27500000e-05
  07.39262000e+01   06.37604000e+01   04.31694000e+01  -04.51238000e-03
  07.20546000e+01   06.31024000e+01   04.43064000e+01   04.22636000e-03
  07.00496000e+01   06.15043000e+01   04.27856000e+01  -09.78060000e-04
  07.03036000e+01   06.27566000e+01   04.56474000e+01  -08.33290000e-04
  08.62479000e+01   06.29835000e+01   03.02497000e+01  -01.05330000e-03
