  06.88527000e+01   06.17332000e+01   04.90658000e+01  -02.53405000e-03
  06.75595000e+01   06.14813000e+01   04.98951000e+01   07.80610000e-04
  06.65958000e+01   06.26996000e+01   05.01588000e+01   06.83950000e-04
  06.62448000e+01   06.29802000e+01   05.15444000e+01   05.31930000e-04
  06.69045000e+01   06.38973000e+01   04.92621000e+01  -01.13880000e-03
  06.74710000e+01   06.35085000e+01   04.79311000e+01   05.01179000e-03
  06.84214000e+01   06.25701000e+01   04.78714000e+01  -01.30529000e-03
  06.89739000e+01   06.21659000e+01   04.66164000e+01  -01.54921000e-03
  06.97115000e+01   06.29543000e+01   04.58025000e+01  -09.64920000e-04
  07.02918000e+01   06.25192000e+01   04.45198000e+01  -02.95630000e-04
  07.13571000e+01   06.32321000e+01   04.39987000e+01  -02.57020000e-04
  07.21846000e+01   06.32168000e+01   04.28179000e+01   02.20720000e-04
  07.33311000e+01   06.39345000e+01   04.25809000e+01   02.85990000e-04
  07.41708000e+01   06.38643000e+01   04.13732000e+01   03.16900000e-05
  07.53463000e+01   06.46489000e+01   04.13501000e+01  -01.12020000e-04
  07.63257000e+01   06.47491000e+01   04.02757000e+01   03.40000000e-06
  06.94417000e+01   06.03223000e+01   04.87988000e+01   03.83030000e-04
  06.98188000e+01   06.23774000e+01   05.00994000e+01   01.30100000e-05
  06.70805000e+01   06.44087000e+01   04.67854000e+01  -01.34690000e-04
  06.98542000e+01   06.12488000e+01   04.38705000e+01  -08.35400000e-05
  07.36343000e+01   06.30707000e+01   04.01853000e+01   01.43700000e-03
  08.80356000e+01   06.63606000e+01   03.44221000e+01  -05.62820000e-04
  08.88035000e+01   06.57790000e+01   03.31120000e+01  -02.06960000e-04
  08.90069000e+01   06.68402000e+01   03.20292000e+01  -02.30470000e-04
  08.97739000e+01   06.63585000e+01   03.09571000e+01   01.43786000e-03
  08.76964000e+01   06.75542000e+01   03.17526000e+01   03.20417000e-03
  08.66164000e+01   06.76072000e+01   03.26086000e+01  -08.05080000e-04
  08.65813000e+01   06.68405000e+01   03.39731000e+01  -01.76788000e-03
  08.57255000e+01   06.74485000e+01   03.50932000e+01   07.22800000e-05
  08.46197000e+01   06.69453000e+01   03.56259000e+01   01.59105000e-02
  08.38133000e+01   06.73957000e+01   03.68250000e+01  -02.33693000e-02
  08.26686000e+01   06.67354000e+01   03.72204000e+01   05.37835000e-03
  08.18931000e+01   06.68332000e+01   03.84454000e+01   05.38182000e-03
  08.06886000e+01   06.61844000e+01   03.85816000e+01   05.79556000e-03
  07.97509000e+01   06.61480000e+01   03.96665000e+01  -06.99068000e-03
  07.85854000e+01   06.53948000e+01   03.95084000e+01   02.95799000e-03
  07.75697000e+01   06.53374000e+01   04.04859000e+01   08.80642000e-03
  08.87621000e+01   06.75142000e+01   03.50460000e+01  -03.71955000e-03
  08.81241000e+01   06.51355000e+01   03.54031000e+01  -01.20585000e-02
  08.53256000e+01   06.83458000e+01   03.22547000e+01   01.97011000e-03
  08.40688000e+01   06.86842000e+01   03.75083000e+01   08.37962000e-03
  08.02117000e+01   06.68720000e+01   04.09446000e+01  -01.14162000e-03
  07.95851000e+01   06.65250000e+01   04.17792000e+01   05.31110000e-04
  08.11726000e+01   06.64803000e+01   04.12776000e+01   06.44190000e-04
  08.02396000e+01   06.79305000e+01   04.09684000e+01  -01.18537000e-03
  08.46298000e+01   06.93584000e+01   03.67992000e+01  -09.86263000e-03
  08.32157000e+01   06.91632000e+01   03.79391000e+01   04.83486000e-03
  08.47855000e+01   06.85798000e+01   03.83332000e+01  -06.05704000e-03
  08.53109000e+01   06.92891000e+01   03.28397000e+01   01.25782000e-03
  08.55210000e+01   06.85944000e+01   03.11732000e+01  -04.29459000e-03
  08.43874000e+01   06.77652000e+01   03.24687000e+01   07.41250000e-04
  08.75877000e+01   06.43356000e+01   03.48962000e+01  -09.05833000e-03
  08.91993000e+01   06.48761000e+01   03.54981000e+01   05.11703000e-03
  08.76675000e+01   06.52677000e+01   03.63564000e+01   05.28601000e-03
  08.88471000e+01   06.84602000e+01   03.43968000e+01   06.61730000e-04
  08.82140000e+01   06.76791000e+01   03.59752000e+01  -01.43313000e-03
  08.97505000e+01   06.73115000e+01   03.53265000e+01   01.17160000e-04
  08.98793000e+01   06.55381000e+01   03.34518000e+01   07.94200000e-05
  08.82673000e+01   06.49321000e+01   03.26567000e+01  -07.78792000e-03
  07.27047000e+01   06.34932000e+01   03.98826000e+01   07.70140000e-04
  07.43394000e+01   06.31497000e+01   03.92988000e+01   07.99937000e-03
  07.34143000e+01   06.20161000e+01   04.04890000e+01  -03.55757000e-03
  07.01059000e+01   06.04533000e+01   04.45573000e+01  -07.15330000e-03
  06.87786000e+01   06.10912000e+01   04.38970000e+01   03.13430000e-03
  07.02210000e+01   06.11184000e+01   04.27908000e+01   01.47373000e-02
  06.79823000e+01   06.50040000e+01   04.66422000e+01  -01.94855000e-02
  06.69771000e+01   06.39025000e+01   04.58233000e+01   04.92255000e-03
  06.61420000e+01   06.50012000e+01   04.70017000e+01   04.33740000e-03
  06.93652000e+01   06.32016000e+01   05.05249000e+01   04.35178000e-03
  07.00549000e+01   06.16626000e+01   05.08776000e+01   02.18100000e-05
  07.07826000e+01   06.27332000e+01   04.96787000e+01  -05.02650000e-04
  06.86907000e+01   05.95843000e+01   04.86295000e+01  -01.43048000e-03
  07.00735000e+01   06.02810000e+01   04.79167000e+01   02.03840000e-04
  07.01400000e+01   06.00208000e+01   04.95804000e+01   08.62995000e-03
  06.70250000e+01   06.31071000e+01   05.21253000e+01  -01.63629000e-03
  06.99265000e+01   06.39276000e+01   04.61967000e+01  -02.76705000e-03
  06.88234000e+01   06.11472000e+01   04.62735000e+01   01.41710000e-03
  06.60777000e+01   06.46343000e+01   04.93060000e+01  -03.85980000e-04
  06.76265000e+01   06.45389000e+01   04.98310000e+01  -04.81110000e-04
  07.76801000e+01   06.55683000e+01   04.15285000e+01  -02.06250000e-04
  07.84496000e+01   06.47673000e+01   03.85720000e+01   01.11427000e-03
  08.04737000e+01   06.57157000e+01   03.76571000e+01  -01.53420000e-04
  08.22215000e+01   06.74818000e+01   03.92771000e+01  -01.90280000e-04
  08.25477000e+01   06.57738000e+01   03.67044000e+01  -03.63060000e-04
  06.56651000e+01   06.23143000e+01   04.97415000e+01   08.59900000e-05
  08.43598000e+01   06.60146000e+01   03.52080000e+01  -01.01020000e-04
  08.62366000e+01   06.83063000e+01   03.55743000e+01   02.50540000e-04
  08.60406000e+01   06.59508000e+01   03.37671000e+01  -01.19075000e-03
  08.76406000e+01   06.78853000e+01   03.07399000e+01   03.14160000e-04
  08.96060000e+01   06.77939000e+01   03.22608000e+01  -01.11070000e-04
  06.69700000e+01   06.09169000e+01   04.91789000e+01   03.13480000e-04
  06.77088000e+01   06.09001000e+01   05.08599000e+01   01.25001000e-03
  07.60296000e+01   06.43053000e+01   03.93859000e+01   04.27500000e-05
  07.55006000e+01   06.51674000e+01   04.22287000e+01  -04.51238000e-03
  07.37048000e+01   06.46754000e+01   04.32865000e+01   04.22636000e-03
  07.19211000e+01   06.24844000e+01   04.20294000e+01  -09.78060000e-04
  07.16481000e+01   06.40317000e+01   04.46398000e+01  -08.33290000e-04
  08.93838000e+01   06.56872000e+01   03.04166000e+01  -01.05330000e-03
