  06.75027000e+01   06.08599000e+01   04.90058000e+01  -02.53405000e-03
  06.61254000e+01   06.07571000e+01   04.97741000e+01   07.80610000e-04
  06.54481000e+01   06.20819000e+01   05.00679000e+01   06.83950000e-04
  06.59759000e+01   06.26324000e+01   05.12177000e+01   05.31930000e-04
  06.55381000e+01   06.30533000e+01   04.89135000e+01  -01.13880000e-03
  06.64283000e+01   06.27132000e+01   04.76992000e+01   05.01179000e-03
  06.73640000e+01   06.17343000e+01   04.77429000e+01  -01.30529000e-03
  06.80182000e+01   06.11464000e+01   04.65296000e+01  -01.54921000e-03
  06.88918000e+01   06.17322000e+01   04.56900000e+01  -09.64920000e-04
  06.93708000e+01   06.13112000e+01   04.43057000e+01  -02.95630000e-04
  07.02277000e+01   06.21425000e+01   04.36114000e+01  -02.57020000e-04
  07.08326000e+01   06.19398000e+01   04.22524000e+01   02.20720000e-04
  07.17908000e+01   06.28466000e+01   04.18471000e+01   02.85990000e-04
  07.27570000e+01   06.26862000e+01   04.07923000e+01   03.16900000e-05
  07.39808000e+01   06.32867000e+01   04.08076000e+01  -01.12020000e-04
  07.51485000e+01   06.33349000e+01   04.00134000e+01   03.40000000e-06
  06.81229000e+01   05.94372000e+01   04.88198000e+01   03.83030000e-04
  06.86326000e+01   06.14688000e+01   04.99740000e+01   01.30100000e-05
  06.59906000e+01   06.34542000e+01   04.64333000e+01  -01.34690000e-04
  06.87307000e+01   06.00814000e+01   04.37197000e+01  -08.35400000e-05
  07.23459000e+01   06.18778000e+01   03.95230000e+01   01.43700000e-03
  08.66095000e+01   06.48529000e+01   03.39144000e+01  -05.62820000e-04
  08.73855000e+01   06.42840000e+01   03.26465000e+01  -02.06960000e-04
  08.75241000e+01   06.53943000e+01   03.16410000e+01  -02.30470000e-04
  08.82647000e+01   06.48783000e+01   03.05023000e+01   01.43786000e-03
  08.62279000e+01   06.60417000e+01   03.13110000e+01   03.20417000e-03
  08.51629000e+01   06.59817000e+01   03.20720000e+01  -08.05080000e-04
  08.51642000e+01   06.52537000e+01   03.33808000e+01  -01.76788000e-03
  08.42189000e+01   06.57807000e+01   03.44341000e+01   07.22800000e-05
  08.33733000e+01   06.51051000e+01   03.52725000e+01   01.59105000e-02
  08.26469000e+01   06.56624000e+01   03.64150000e+01  -02.33693000e-02
  08.16362000e+01   06.50016000e+01   03.69555000e+01   05.37835000e-03
  08.07564000e+01   06.53300000e+01   03.80494000e+01   05.38182000e-03
  07.95647000e+01   06.46575000e+01   03.82939000e+01   05.79556000e-03
  07.85030000e+01   06.49775000e+01   03.92469000e+01  -06.99068000e-03
  07.73296000e+01   06.42309000e+01   03.93154000e+01   02.95799000e-03
  07.61633000e+01   06.42440000e+01   04.02082000e+01   08.80642000e-03
  08.74770000e+01   06.58888000e+01   03.46833000e+01  -03.71955000e-03
  08.65340000e+01   06.36616000e+01   03.50422000e+01  -01.20585000e-02
  08.39178000e+01   06.67047000e+01   03.16290000e+01   01.97011000e-03
  08.29868000e+01   06.70229000e+01   03.69727000e+01   08.37962000e-03
  07.86463000e+01   06.62664000e+01   03.99788000e+01  -01.14162000e-03
  07.84843000e+01   06.71338000e+01   03.93394000e+01   05.31110000e-04
  07.80846000e+01   06.62846000e+01   04.09249000e+01   06.44190000e-04
  07.96642000e+01   06.64634000e+01   04.03609000e+01  -01.18537000e-03
  08.33995000e+01   06.70492000e+01   03.80257000e+01  -09.86263000e-03
  08.37957000e+01   06.76126000e+01   03.64362000e+01   04.83486000e-03
  08.21284000e+01   06.76500000e+01   03.69900000e+01  -06.05704000e-03
  08.29924000e+01   06.61178000e+01   03.14998000e+01   01.25782000e-03
  08.36105000e+01   06.74468000e+01   03.24489000e+01  -04.29459000e-03
  08.39375000e+01   06.71845000e+01   03.07006000e+01   07.41250000e-04
  08.58912000e+01   06.29282000e+01   03.45583000e+01  -09.05833000e-03
  08.75526000e+01   06.32088000e+01   03.52235000e+01   05.11703000e-03
  08.60943000e+01   06.39477000e+01   03.59830000e+01   05.28601000e-03
  08.85551000e+01   06.55934000e+01   03.47987000e+01   06.61730000e-04
  08.74455000e+01   06.67961000e+01   03.40855000e+01  -01.43313000e-03
  08.71180000e+01   06.60577000e+01   03.56345000e+01   01.17160000e-04
  08.83384000e+01   06.38708000e+01   03.30723000e+01   07.94200000e-05
  08.68943000e+01   06.34435000e+01   03.21694000e+01  -07.78792000e-03
  07.14548000e+01   06.13265000e+01   03.97481000e+01   07.70140000e-04
  07.22367000e+01   06.24849000e+01   03.86506000e+01   07.99937000e-03
  07.31114000e+01   06.12132000e+01   03.91939000e+01  -03.55757000e-03
  06.94710000e+01   05.93320000e+01   04.35393000e+01  -07.15330000e-03
  06.79299000e+01   05.96764000e+01   04.42639000e+01   03.13430000e-03
  06.82826000e+01   06.03140000e+01   04.27439000e+01   01.47373000e-02
  06.66423000e+01   06.32299000e+01   04.56045000e+01  -01.94855000e-02
  06.49825000e+01   06.31261000e+01   04.61236000e+01   04.92255000e-03
  06.59950000e+01   06.45527000e+01   04.66267000e+01   04.33740000e-03
  06.86347000e+01   06.10413000e+01   05.09770000e+01   04.35178000e-03
  06.96126000e+01   06.13045000e+01   04.95921000e+01   02.18100000e-05
  06.83895000e+01   06.25418000e+01   05.01224000e+01  -05.02650000e-04
  06.91188000e+01   05.94980000e+01   04.82551000e+01  -01.43048000e-03
  06.83104000e+01   05.88769000e+01   04.96950000e+01   02.03840000e-04
  06.75079000e+01   05.87965000e+01   04.82318000e+01   08.62995000e-03
  06.57181000e+01   06.20747000e+01   05.19919000e+01  -01.63629000e-03
  06.91426000e+01   06.27584000e+01   04.60004000e+01  -02.76705000e-03
  06.76351000e+01   06.01707000e+01   04.63826000e+01   01.41710000e-03
  06.45721000e+01   06.31942000e+01   04.85645000e+01  -03.85980000e-04
  06.57535000e+01   06.40984000e+01   04.91479000e+01  -04.81110000e-04
  07.60476000e+01   06.48793000e+01   04.11029000e+01  -02.06250000e-04
  07.73161000e+01   06.34466000e+01   03.85645000e+01   01.11427000e-03
  07.93667000e+01   06.39115000e+01   03.74982000e+01  -01.53420000e-04
  08.10514000e+01   06.61731000e+01   03.86437000e+01  -01.90280000e-04
  08.13537000e+01   06.40829000e+01   03.65814000e+01  -03.63060000e-04
  06.43693000e+01   06.18700000e+01   05.02371000e+01   08.59900000e-05
  08.31513000e+01   06.40121000e+01   03.50132000e+01  -01.01020000e-04
  08.44325000e+01   06.67702000e+01   03.46291000e+01   02.50540000e-04
  08.48553000e+01   06.42057000e+01   03.31180000e+01  -01.19075000e-03
  08.60824000e+01   06.66288000e+01   03.03872000e+01   03.14160000e-04
  08.80613000e+01   06.61513000e+01   03.21152000e+01  -01.11070000e-04
  06.54710000e+01   06.00557000e+01   04.92169000e+01   03.13480000e-04
  06.62819000e+01   06.01075000e+01   05.06791000e+01   01.25001000e-03
  07.52203000e+01   06.25671000e+01   03.91552000e+01   04.27500000e-05
  07.39875000e+01   06.41045000e+01   04.16091000e+01  -04.51238000e-03
  07.20627000e+01   06.36744000e+01   04.24842000e+01   04.22636000e-03
  07.06657000e+01   06.09889000e+01   04.17794000e+01  -09.78060000e-04
  07.06386000e+01   06.30197000e+01   04.41490000e+01  -08.33290000e-04
  08.77245000e+01   06.43857000e+01   02.98578000e+01  -01.05330000e-03
