  06.86466000e+01   06.13039000e+01   05.01514000e+01  -02.53405000e-03
  06.73094000e+01   06.13931000e+01   05.09125000e+01   07.80610000e-04
  06.67878000e+01   06.27575000e+01   05.12278000e+01   06.83950000e-04
  06.71726000e+01   06.31517000e+01   05.25679000e+01   05.31930000e-04
  06.71413000e+01   06.38280000e+01   05.02680000e+01  -01.13880000e-03
  06.77900000e+01   06.33633000e+01   04.89687000e+01   05.01179000e-03
  06.86555000e+01   06.22885000e+01   04.90211000e+01  -01.30529000e-03
  06.91710000e+01   06.17544000e+01   04.77258000e+01  -01.54921000e-03
  06.98264000e+01   06.23680000e+01   04.66622000e+01  -09.64920000e-04
  07.03902000e+01   06.18462000e+01   04.54667000e+01  -02.95630000e-04
  07.11997000e+01   06.27318000e+01   04.47046000e+01  -02.57020000e-04
  07.19270000e+01   06.23540000e+01   04.35761000e+01   02.20720000e-04
  07.29289000e+01   06.31395000e+01   04.29810000e+01   02.85990000e-04
  07.38475000e+01   06.30022000e+01   04.19295000e+01   03.16900000e-05
  07.49919000e+01   06.38247000e+01   04.19526000e+01  -01.12020000e-04
  07.62011000e+01   06.38092000e+01   04.11367000e+01   03.40000000e-06
  06.88490000e+01   05.97678000e+01   04.98365000e+01   03.83030000e-04
  06.96575000e+01   06.17972000e+01   05.11770000e+01   01.30100000e-05
  06.73049000e+01   06.41883000e+01   04.77882000e+01  -01.34690000e-04
  07.01436000e+01   06.04218000e+01   04.51129000e+01  -08.35400000e-05
  07.34171000e+01   06.21778000e+01   04.07240000e+01   01.43700000e-03
  08.73279000e+01   06.53665000e+01   03.50006000e+01  -05.62820000e-04
  08.80531000e+01   06.49300000e+01   03.36674000e+01  -02.06960000e-04
  08.83068000e+01   06.61011000e+01   03.27954000e+01  -02.30470000e-04
  08.89551000e+01   06.56882000e+01   03.15886000e+01   01.43786000e-03
  08.70364000e+01   06.69039000e+01   03.27209000e+01   03.20417000e-03
  08.60225000e+01   06.71231000e+01   03.36165000e+01  -08.05080000e-04
  08.59992000e+01   06.62084000e+01   03.48074000e+01  -01.76788000e-03
  08.52685000e+01   06.67328000e+01   03.60387000e+01   07.22800000e-05
  08.42986000e+01   06.60724000e+01   03.66802000e+01   01.59105000e-02
  08.34739000e+01   06.65695000e+01   03.77896000e+01  -02.33693000e-02
  08.24426000e+01   06.58452000e+01   03.82366000e+01   05.37835000e-03
  08.15276000e+01   06.60687000e+01   03.93319000e+01   05.38182000e-03
  08.05074000e+01   06.52130000e+01   03.95946000e+01   05.79556000e-03
  07.95543000e+01   06.55307000e+01   04.05564000e+01  -06.99068000e-03
  07.84243000e+01   06.47849000e+01   04.05546000e+01   02.95799000e-03
  07.72030000e+01   06.47452000e+01   04.12748000e+01   08.80642000e-03
  08.84605000e+01   06.61328000e+01   03.59078000e+01  -03.71955000e-03
  08.69604000e+01   06.41539000e+01   03.58338000e+01  -01.20585000e-02
  08.47774000e+01   06.79706000e+01   03.31492000e+01   01.97011000e-03
  08.38589000e+01   06.78599000e+01   03.84774000e+01   08.37962000e-03
  07.98194000e+01   06.67355000e+01   04.14776000e+01  -01.14162000e-03
  07.97231000e+01   06.77499000e+01   04.10157000e+01   05.31110000e-04
  07.91438000e+01   06.66110000e+01   04.23652000e+01   06.44190000e-04
  08.08196000e+01   06.66626000e+01   04.19414000e+01  -01.18537000e-03
  08.36410000e+01   06.78630000e+01   03.96088000e+01  -09.86263000e-03
  08.48685000e+01   06.81710000e+01   03.84527000e+01   04.83486000e-03
  08.34125000e+01   06.87600000e+01   03.80363000e+01  -06.05704000e-03
  08.42930000e+01   06.84072000e+01   03.40653000e+01   01.25782000e-03
  08.49896000e+01   06.86857000e+01   03.24345000e+01  -04.29459000e-03
  08.39358000e+01   06.72557000e+01   03.26795000e+01   07.41250000e-04
  08.62679000e+01   06.34532000e+01   03.53574000e+01  -09.05833000e-03
  08.78496000e+01   06.35231000e+01   03.60744000e+01   05.11703000e-03
  08.66436000e+01   06.43124000e+01   03.69173000e+01   05.28601000e-03
  08.80792000e+01   06.64888000e+01   03.68484000e+01   06.61730000e-04
  08.92736000e+01   06.54853000e+01   03.61668000e+01  -01.43313000e-03
  08.88471000e+01   06.70595000e+01   03.54506000e+01   01.17160000e-04
  08.89421000e+01   06.44189000e+01   03.40308000e+01   07.94200000e-05
  08.74493000e+01   06.41562000e+01   03.30766000e+01  -07.78792000e-03
  07.26550000e+01   06.26777000e+01   04.01336000e+01   07.70140000e-04
  07.42810000e+01   06.19046000e+01   04.01173000e+01   07.99937000e-03
  07.29234000e+01   06.12599000e+01   04.09302000e+01  -03.55757000e-03
  07.10940000e+01   05.99355000e+01   04.51914000e+01  -07.15330000e-03
  06.93607000e+01   05.99355000e+01   04.56427000e+01   03.13430000e-03
  06.97879000e+01   06.03233000e+01   04.40903000e+01   01.47373000e-02
  06.78925000e+01   06.38471000e+01   04.68713000e+01  -01.94855000e-02
  06.63695000e+01   06.39289000e+01   04.74790000e+01   04.92255000e-03
  06.74151000e+01   06.52952000e+01   04.77730000e+01   04.33740000e-03
  06.95233000e+01   06.28309000e+01   05.15499000e+01   04.35178000e-03
  06.95780000e+01   06.12149000e+01   05.20920000e+01   02.18100000e-05
  07.06716000e+01   06.17161000e+01   05.07844000e+01  -05.02650000e-04
  06.79960000e+01   05.94796000e+01   04.92090000e+01  -01.43048000e-03
  06.96874000e+01   05.93734000e+01   04.92982000e+01   02.03840000e-04
  06.87619000e+01   05.92125000e+01   05.07366000e+01   08.62995000e-03
  06.68082000e+01   06.25211000e+01   05.32826000e+01  -01.63629000e-03
  07.01103000e+01   06.33974000e+01   04.67577000e+01  -02.76705000e-03
  06.90499000e+01   06.06867000e+01   04.74913000e+01   01.41710000e-03
  06.62208000e+01   06.44860000e+01   05.00714000e+01  -03.85980000e-04
  06.78855000e+01   06.44692000e+01   05.06837000e+01  -04.81110000e-04
  07.69855000e+01   06.55435000e+01   04.19930000e+01  -02.06250000e-04
  07.84017000e+01   06.40598000e+01   03.97039000e+01   01.11427000e-03
  08.04617000e+01   06.43203000e+01   03.90385000e+01  -01.53420000e-04
  08.17835000e+01   06.70135000e+01   03.98434000e+01  -01.90280000e-04
  08.22288000e+01   06.49543000e+01   03.77024000e+01  -03.63060000e-04
  06.57115000e+01   06.27352000e+01   05.12287000e+01   08.59900000e-05
  08.39517000e+01   06.51161000e+01   03.62272000e+01  -01.01020000e-04
  08.55209000e+01   06.77107000e+01   03.63860000e+01   02.50540000e-04
  08.52720000e+01   06.55262000e+01   03.43654000e+01  -01.19075000e-03
  08.69804000e+01   06.74398000e+01   03.18074000e+01   03.14160000e-04
  08.88885000e+01   06.68574000e+01   03.33299000e+01  -01.11070000e-04
  06.65548000e+01   06.09686000e+01   05.02012000e+01   03.13480000e-04
  06.73215000e+01   06.07093000e+01   05.17250000e+01   01.25001000e-03
  07.62793000e+01   06.30050000e+01   04.04872000e+01   04.27500000e-05
  07.50632000e+01   06.46539000e+01   04.26258000e+01  -04.51238000e-03
  07.31423000e+01   06.40444000e+01   04.35312000e+01   04.22636000e-03
  07.17395000e+01   06.13684000e+01   04.31724000e+01  -09.78060000e-04
  07.15124000e+01   06.36685000e+01   04.50641000e+01  -08.33290000e-04
  08.84147000e+01   06.51553000e+01   03.09900000e+01  -01.05330000e-03
