  06.77452000e+01   06.11241000e+01   04.97054000e+01  -02.53405000e-03
  06.64167000e+01   06.09508000e+01   05.04610000e+01   07.80610000e-04
  06.54309000e+01   06.21266000e+01   05.06895000e+01   06.83950000e-04
  06.54008000e+01   06.23168000e+01   05.21535000e+01   05.31930000e-04
  06.58655000e+01   06.32906000e+01   04.97937000e+01  -01.13880000e-03
  06.64890000e+01   06.29275000e+01   04.85047000e+01   05.01179000e-03
  06.75116000e+01   06.19878000e+01   04.84422000e+01  -01.30529000e-03
  06.80276000e+01   06.14452000e+01   04.72502000e+01  -01.54921000e-03
  06.91867000e+01   06.18110000e+01   04.66239000e+01  -09.64920000e-04
  06.96598000e+01   06.13628000e+01   04.52705000e+01  -02.95630000e-04
  07.06910000e+01   06.20899000e+01   04.47344000e+01  -02.57020000e-04
  07.14153000e+01   06.20035000e+01   04.35183000e+01   02.20720000e-04
  07.26055000e+01   06.26669000e+01   04.33593000e+01   02.85990000e-04
  07.34820000e+01   06.26393000e+01   04.21964000e+01   03.16900000e-05
  07.46386000e+01   06.33878000e+01   04.22706000e+01  -01.12020000e-04
  07.58526000e+01   06.34513000e+01   04.13884000e+01   03.40000000e-06
  06.83828000e+01   05.97044000e+01   04.93465000e+01   03.83030000e-04
  06.87763000e+01   06.18391000e+01   05.06429000e+01   01.30100000e-05
  06.60457000e+01   06.37996000e+01   04.73011000e+01  -01.34690000e-04
  06.90134000e+01   06.02572000e+01   04.44985000e+01  -08.35400000e-05
  07.30730000e+01   06.21204000e+01   04.08613000e+01   01.43700000e-03
  08.70648000e+01   06.41756000e+01   03.54799000e+01  -05.62820000e-04
  08.78506000e+01   06.35702000e+01   03.42275000e+01  -02.06960000e-04
  08.80881000e+01   06.45582000e+01   03.32036000e+01  -02.30470000e-04
  08.90019000e+01   06.39745000e+01   03.22739000e+01   01.43786000e-03
  08.68574000e+01   06.52910000e+01   03.27630000e+01   03.20417000e-03
  08.57672000e+01   06.54786000e+01   03.35638000e+01  -08.05080000e-04
  08.56859000e+01   06.48498000e+01   03.49776000e+01  -01.76788000e-03
  08.49546000e+01   06.57003000e+01   03.59511000e+01   07.22800000e-05
  08.38796000e+01   06.52113000e+01   03.66725000e+01   01.59105000e-02
  08.32265000e+01   06.58667000e+01   03.77875000e+01  -02.33693000e-02
  08.21740000e+01   06.51987000e+01   03.83156000e+01   05.37835000e-03
  08.13371000e+01   06.56220000e+01   03.94153000e+01   05.38182000e-03
  08.01623000e+01   06.49942000e+01   03.97002000e+01   05.79556000e-03
  07.90962000e+01   06.52404000e+01   04.07019000e+01  -06.99068000e-03
  07.80210000e+01   06.43312000e+01   04.07769000e+01   02.95799000e-03
  07.68410000e+01   06.43948000e+01   04.15602000e+01   08.80642000e-03
  08.79935000e+01   06.52608000e+01   03.61632000e+01  -03.71955000e-03
  08.68382000e+01   06.31289000e+01   03.65435000e+01  -01.20585000e-02
  08.46018000e+01   06.63187000e+01   03.30689000e+01   01.97011000e-03
  08.36873000e+01   06.71370000e+01   03.83701000e+01   08.37962000e-03
  07.92989000e+01   06.61375000e+01   04.19107000e+01  -01.14162000e-03
  07.88695000e+01   06.56887000e+01   04.27999000e+01   05.31110000e-04
  08.03476000e+01   06.63493000e+01   04.21567000e+01   06.44190000e-04
  07.88059000e+01   06.70667000e+01   04.17143000e+01  -01.18537000e-03
  08.41525000e+01   06.77206000e+01   03.75570000e+01  -09.86263000e-03
  08.29596000e+01   06.77902000e+01   03.87209000e+01   04.83486000e-03
  08.44264000e+01   06.69565000e+01   03.91441000e+01  -06.05704000e-03
  08.49272000e+01   06.70443000e+01   03.22403000e+01   01.25782000e-03
  08.39953000e+01   06.56087000e+01   03.25908000e+01  -04.29459000e-03
  08.40039000e+01   06.68761000e+01   03.37793000e+01   07.41250000e-04
  08.62171000e+01   06.23490000e+01   03.61340000e+01  -09.05833000e-03
  08.77802000e+01   06.26268000e+01   03.68767000e+01   05.11703000e-03
  08.64240000e+01   06.35784000e+01   03.74405000e+01   05.28601000e-03
  08.89973000e+01   06.49622000e+01   03.64054000e+01   06.61730000e-04
  08.81714000e+01   06.60807000e+01   03.54703000e+01  -01.43313000e-03
  08.75252000e+01   06.56286000e+01   03.70994000e+01   01.17160000e-04
  08.87306000e+01   06.30080000e+01   03.45949000e+01   07.94200000e-05
  08.72479000e+01   06.29184000e+01   03.36484000e+01  -07.78792000e-03
  07.20171000e+01   06.20743000e+01   04.08282000e+01   07.70140000e-04
  07.34127000e+01   06.27599000e+01   04.00805000e+01   07.99937000e-03
  07.35043000e+01   06.11401000e+01   04.06838000e+01  -03.55757000e-03
  06.79044000e+01   06.03359000e+01   04.45229000e+01  -07.15330000e-03
  06.92938000e+01   06.02112000e+01   04.34694000e+01   03.13430000e-03
  06.93410000e+01   05.93439000e+01   04.49691000e+01   01.47373000e-02
  06.68527000e+01   06.39653000e+01   04.65967000e+01  -01.94855000e-02
  06.51160000e+01   06.36026000e+01   04.67567000e+01   04.92255000e-03
  06.58542000e+01   06.47314000e+01   04.78091000e+01   04.33740000e-03
  06.91093000e+01   06.12083000e+01   05.14831000e+01   04.35178000e-03
  06.96074000e+01   06.20918000e+01   05.00677000e+01   02.18100000e-05
  06.82766000e+01   06.27484000e+01   05.09856000e+01  -05.02650000e-04
  06.86245000e+01   05.91011000e+01   05.02087000e+01  -01.43048000e-03
  06.76259000e+01   05.91790000e+01   04.88417000e+01   02.03840000e-04
  06.93204000e+01   05.98642000e+01   04.87649000e+01   08.62995000e-03
  06.61580000e+01   06.28670000e+01   05.23903000e+01  -01.63629000e-03
  06.97470000e+01   06.25596000e+01   04.71293000e+01  -02.76705000e-03
  06.74030000e+01   06.05827000e+01   04.68707000e+01   01.41710000e-03
  06.49018000e+01   06.37571000e+01   04.95766000e+01  -03.85980000e-04
  06.64385000e+01   06.41194000e+01   05.03070000e+01  -04.81110000e-04
  07.67884000e+01   06.51413000e+01   04.23162000e+01  -02.06250000e-04
  07.80365000e+01   06.35535000e+01   03.99921000e+01   01.11427000e-03
  07.99435000e+01   06.41794000e+01   03.89525000e+01  -01.53420000e-04
  08.15802000e+01   06.64492000e+01   04.00588000e+01  -01.90280000e-04
  08.18343000e+01   06.42606000e+01   03.78490000e+01  -03.63060000e-04
  06.43985000e+01   06.18076000e+01   05.04305000e+01   08.59900000e-05
  08.34146000e+01   06.43047000e+01   03.62474000e+01  -01.01020000e-04
  08.54558000e+01   06.66010000e+01   03.63666000e+01   02.50540000e-04
  08.50703000e+01   06.39946000e+01   03.46714000e+01  -01.19075000e-03
  08.69461000e+01   06.56588000e+01   03.17213000e+01   03.14160000e-04
  08.87044000e+01   06.53299000e+01   03.36854000e+01  -01.11070000e-04
  06.58163000e+01   06.03340000e+01   04.98394000e+01   03.13480000e-04
  06.65797000e+01   06.04208000e+01   05.13742000e+01   01.25001000e-03
  07.59807000e+01   06.26840000e+01   04.06354000e+01   04.27500000e-05
  07.47819000e+01   06.40088000e+01   04.31501000e+01  -04.51238000e-03
  07.29442000e+01   06.32908000e+01   04.42730000e+01   04.22636000e-03
  07.10701000e+01   06.14080000e+01   04.26808000e+01  -09.78060000e-04
  07.11239000e+01   06.28400000e+01   04.53750000e+01  -08.33290000e-04
  08.85245000e+01   06.36652000e+01   03.14480000e+01  -01.05330000e-03
