  06.94363000e+01   06.10067000e+01   05.03975000e+01  -02.53405000e-03
  06.80524000e+01   06.09219000e+01   05.09213000e+01   07.80610000e-04
  06.72474000e+01   06.22538000e+01   05.12502000e+01   06.83950000e-04
  06.75914000e+01   06.26820000e+01   05.25841000e+01   05.31930000e-04
  06.75435000e+01   06.33452000e+01   05.03085000e+01  -01.13880000e-03
  06.84925000e+01   06.30131000e+01   04.91345000e+01   05.01179000e-03
  06.93416000e+01   06.19867000e+01   04.91932000e+01  -01.30529000e-03
  06.99648000e+01   06.13879000e+01   04.79696000e+01  -01.54921000e-03
  07.08005000e+01   06.20657000e+01   04.71624000e+01  -09.64920000e-04
  07.14280000e+01   06.16949000e+01   04.58545000e+01  -02.95630000e-04
  07.23797000e+01   06.25699000e+01   04.52411000e+01  -02.57020000e-04
  07.31180000e+01   06.23459000e+01   04.40844000e+01   02.20720000e-04
  07.42736000e+01   06.30757000e+01   04.38718000e+01   02.85990000e-04
  07.52423000e+01   06.30152000e+01   04.27311000e+01   03.16900000e-05
  07.64164000e+01   06.36858000e+01   04.27807000e+01  -01.12020000e-04
  07.76479000e+01   06.37906000e+01   04.19134000e+01   03.40000000e-06
  06.99917000e+01   05.95553000e+01   05.02407000e+01   03.83030000e-04
  07.01926000e+01   06.18478000e+01   05.14722000e+01   01.30100000e-05
  06.82023000e+01   06.38935000e+01   04.79502000e+01  -01.34690000e-04
  07.10198000e+01   06.03559000e+01   04.51771000e+01  -08.35400000e-05
  07.48366000e+01   06.22597000e+01   04.14666000e+01   01.43700000e-03
  08.86613000e+01   06.46511000e+01   03.58423000e+01  -05.62820000e-04
  08.93787000e+01   06.38815000e+01   03.47508000e+01  -02.06960000e-04
  08.97435000e+01   06.47508000e+01   03.35524000e+01  -02.30470000e-04
  09.02329000e+01   06.36776000e+01   03.26328000e+01   01.43786000e-03
  08.85235000e+01   06.56073000e+01   03.30995000e+01   03.20417000e-03
  08.74007000e+01   06.57892000e+01   03.38291000e+01  -08.05080000e-04
  08.72732000e+01   06.52606000e+01   03.53206000e+01  -01.76788000e-03
  08.66743000e+01   06.61156000e+01   03.63411000e+01   07.22800000e-05
  08.56019000e+01   06.57140000e+01   03.70934000e+01   01.59105000e-02
  08.52106000e+01   06.60881000e+01   03.84105000e+01  -02.33693000e-02
  08.39665000e+01   06.56008000e+01   03.87279000e+01   05.37835000e-03
  08.32289000e+01   06.56267000e+01   04.00110000e+01   05.38182000e-03
  08.19595000e+01   06.51624000e+01   04.01957000e+01   05.79556000e-03
  08.11225000e+01   06.52543000e+01   04.13700000e+01  -06.99068000e-03
  07.99082000e+01   06.46891000e+01   04.13432000e+01   02.95799000e-03
  07.87577000e+01   06.45556000e+01   04.22712000e+01   08.80642000e-03
  08.96341000e+01   06.57345000e+01   03.64364000e+01  -03.71955000e-03
  08.85234000e+01   06.35389000e+01   03.69823000e+01  -01.20585000e-02
  08.62397000e+01   06.65971000e+01   03.33187000e+01   01.97011000e-03
  08.61126000e+01   06.69309000e+01   03.93205000e+01   08.37962000e-03
  08.15938000e+01   06.60297000e+01   04.25293000e+01  -01.14162000e-03
  08.11251000e+01   06.57173000e+01   04.34804000e+01   05.31110000e-04
  08.26747000e+01   06.59609000e+01   04.26378000e+01   06.44190000e-04
  08.13710000e+01   06.70379000e+01   04.23186000e+01  -01.18537000e-03
  08.60225000e+01   06.66049000e+01   04.03865000e+01  -09.86263000e-03
  08.70954000e+01   06.66992000e+01   03.90913000e+01   04.83486000e-03
  08.60302000e+01   06.80438000e+01   03.91909000e+01  -06.05704000e-03
  08.52571000e+01   06.62997000e+01   03.37023000e+01   01.25782000e-03
  08.62983000e+01   06.76195000e+01   03.37217000e+01  -04.29459000e-03
  08.62758000e+01   06.66729000e+01   03.22442000e+01   07.41250000e-04
  08.94546000e+01   06.31070000e+01   03.72873000e+01  -09.05833000e-03
  08.81486000e+01   06.39947000e+01   03.79491000e+01   05.11703000e-03
  08.77724000e+01   06.27219000e+01   03.66691000e+01   05.28601000e-03
  08.96435000e+01   06.67056000e+01   03.59318000e+01   06.61730000e-04
  08.92988000e+01   06.59663000e+01   03.74546000e+01  -01.43313000e-03
  09.06883000e+01   06.53722000e+01   03.65605000e+01   01.17160000e-04
  09.02708000e+01   06.34494000e+01   03.52007000e+01   07.94200000e-05
  08.87941000e+01   06.30311000e+01   03.44390000e+01  -07.78792000e-03
  07.56897000e+01   06.16622000e+01   04.12409000e+01   07.70140000e-04
  07.40430000e+01   06.15993000e+01   04.16299000e+01   07.99937000e-03
  07.46009000e+01   06.28286000e+01   04.05746000e+01  -03.55757000e-03
  07.16041000e+01   06.01942000e+01   04.42991000e+01  -07.15330000e-03
  07.13182000e+01   05.94519000e+01   04.58296000e+01   03.13430000e-03
  06.99355000e+01   06.01744000e+01   04.49710000e+01   01.47373000e-02
  06.82568000e+01   06.32456000e+01   04.70964000e+01  -01.94855000e-02
  06.72704000e+01   06.42999000e+01   04.79587000e+01   04.92255000e-03
  06.89400000e+01   06.46626000e+01   04.78205000e+01   04.33740000e-03
  07.01802000e+01   06.15125000e+01   05.25136000e+01   04.35178000e-03
  07.13069000e+01   06.17785000e+01   05.12673000e+01   02.18100000e-05
  06.99449000e+01   06.29146000e+01   05.14148000e+01  -05.02650000e-04
  07.10021000e+01   05.94699000e+01   04.98761000e+01  -01.43048000e-03
  06.97223000e+01   05.89194000e+01   05.11582000e+01   02.03840000e-04
  06.95418000e+01   05.90574000e+01   04.93781000e+01   08.62995000e-03
  06.72766000e+01   06.20060000e+01   05.32464000e+01  -01.63629000e-03
  07.11011000e+01   06.30290000e+01   04.75765000e+01  -02.76705000e-03
  06.97374000e+01   06.03689000e+01   04.76698000e+01   01.41710000e-03
  06.65961000e+01   06.38265000e+01   05.01246000e+01  -03.85980000e-04
  06.80090000e+01   06.42206000e+01   05.08709000e+01  -04.81110000e-04
  07.88335000e+01   06.49473000e+01   04.33039000e+01  -02.06250000e-04
  07.95947000e+01   06.43868000e+01   04.03200000e+01   01.11427000e-03
  08.16079000e+01   06.45180000e+01   03.94311000e+01  -01.53420000e-04
  08.36331000e+01   06.62887000e+01   04.07562000e+01  -01.90280000e-04
  08.33100000e+01   06.50618000e+01   03.80337000e+01  -03.63060000e-04
  06.61882000e+01   06.20507000e+01   05.11449000e+01   08.59900000e-05
  08.49769000e+01   06.48703000e+01   03.66767000e+01  -01.01020000e-04
  08.72847000e+01   06.69777000e+01   03.66288000e+01   02.50540000e-04
  08.66382000e+01   06.44112000e+01   03.51357000e+01  -01.19075000e-03
  08.85771000e+01   06.61672000e+01   03.20955000e+01   03.14160000e-04
  09.04651000e+01   06.55733000e+01   03.37026000e+01  -01.11070000e-04
  06.75130000e+01   06.06414000e+01   05.00118000e+01   03.13480000e-04
  06.79233000e+01   06.02536000e+01   05.17270000e+01   01.25001000e-03
  07.74623000e+01   06.35212000e+01   04.08940000e+01   04.27500000e-05
  07.64918000e+01   06.43001000e+01   04.36846000e+01  -04.51238000e-03
  07.46523000e+01   06.38458000e+01   04.45538000e+01   04.22636000e-03
  07.28111000e+01   06.15289000e+01   04.33984000e+01  -09.78060000e-04
  07.26841000e+01   06.34142000e+01   04.59213000e+01  -08.33290000e-04
  09.02601000e+01   06.38612000e+01   03.17157000e+01  -01.05330000e-03
