  06.67103000e+01   06.17925000e+01   04.98246000e+01  -02.53405000e-03
  06.70422000e+01   06.30845000e+01   05.06434000e+01   07.80610000e-04
  06.57665000e+01   06.39191000e+01   05.06962000e+01   06.83950000e-04
  06.61598000e+01   06.52459000e+01   05.10339000e+01   05.31930000e-04
  06.48762000e+01   06.38582000e+01   04.94320000e+01  -01.13880000e-03
  06.55567000e+01   06.33419000e+01   04.82150000e+01   05.01179000e-03
  06.63937000e+01   06.22402000e+01   04.82994000e+01  -01.30529000e-03
  06.71500000e+01   06.16633000e+01   04.71889000e+01  -01.54921000e-03
  06.78700000e+01   06.24109000e+01   04.62903000e+01  -09.64920000e-04
  06.83755000e+01   06.20655000e+01   04.49663000e+01  -02.95630000e-04
  06.93051000e+01   06.28853000e+01   04.43325000e+01  -02.57020000e-04
  06.98990000e+01   06.28849000e+01   04.30037000e+01   02.20720000e-04
  07.11029000e+01   06.34494000e+01   04.27723000e+01   02.85990000e-04
  07.19549000e+01   06.34849000e+01   04.15750000e+01   03.16900000e-05
  07.32504000e+01   06.39264000e+01   04.16082000e+01  -01.12020000e-04
  07.42918000e+01   06.40665000e+01   04.05884000e+01   03.40000000e-06
  06.57642000e+01   06.07630000e+01   05.04917000e+01   03.83030000e-04
  06.80557000e+01   06.10314000e+01   04.97517000e+01   01.30100000e-05
  06.52276000e+01   06.41237000e+01   04.69822000e+01  -01.34690000e-04
  06.77010000e+01   06.08470000e+01   04.42795000e+01  -08.35400000e-05
  07.12651000e+01   06.27282000e+01   04.04059000e+01   01.43700000e-03
  08.51845000e+01   06.49539000e+01   03.44369000e+01  -05.62820000e-04
  08.57507000e+01   06.40743000e+01   03.32692000e+01  -02.06960000e-04
  08.59795000e+01   06.47413000e+01   03.19383000e+01  -02.30470000e-04
  08.61624000e+01   06.36904000e+01   03.10038000e+01   01.43786000e-03
  08.48795000e+01   06.57034000e+01   03.15778000e+01   03.20417000e-03
  08.39704000e+01   06.61984000e+01   03.23536000e+01  -08.05080000e-04
  08.38246000e+01   06.56409000e+01   03.38190000e+01  -01.76788000e-03
  08.31554000e+01   06.65376000e+01   03.48049000e+01   07.22800000e-05
  08.21100000e+01   06.61392000e+01   03.55467000e+01   01.59105000e-02
  08.17873000e+01   06.66053000e+01   03.68413000e+01  -02.33693000e-02
  08.06009000e+01   06.60647000e+01   03.73994000e+01   05.37835000e-03
  07.98390000e+01   06.61545000e+01   03.85949000e+01   05.38182000e-03
  07.86562000e+01   06.55045000e+01   03.88813000e+01   05.79556000e-03
  07.78240000e+01   06.53433000e+01   04.00424000e+01  -06.99068000e-03
  07.66502000e+01   06.46133000e+01   03.98886000e+01   02.95799000e-03
  07.56026000e+01   06.44169000e+01   04.08757000e+01   08.80642000e-03
  08.62726000e+01   06.60370000e+01   03.48213000e+01  -03.71955000e-03
  08.49154000e+01   06.40610000e+01   03.57001000e+01  -01.20585000e-02
  08.28457000e+01   06.70347000e+01   03.19698000e+01   01.97011000e-03
  08.26086000e+01   06.74606000e+01   03.77630000e+01   08.37962000e-03
  07.85131000e+01   06.58019000e+01   04.13112000e+01  -01.14162000e-03
  07.83606000e+01   06.67852000e+01   04.16449000e+01   05.31110000e-04
  07.82748000e+01   06.50775000e+01   04.20747000e+01   06.44190000e-04
  07.95713000e+01   06.57073000e+01   04.12485000e+01  -01.18537000e-03
  08.34131000e+01   06.79341000e+01   03.71548000e+01  -09.86263000e-03
  08.21308000e+01   06.82449000e+01   03.83214000e+01   04.83486000e-03
  08.31165000e+01   06.67857000e+01   03.84816000e+01  -06.05704000e-03
  08.20577000e+01   06.63121000e+01   03.15303000e+01   01.25782000e-03
  08.23482000e+01   06.76120000e+01   03.27688000e+01  -04.29459000e-03
  08.31942000e+01   06.76306000e+01   03.10946000e+01   07.41250000e-04
  08.48212000e+01   06.46634000e+01   03.66128000e+01  -09.05833000e-03
  08.40106000e+01   06.34323000e+01   03.56422000e+01   05.11703000e-03
  08.57880000e+01   06.33728000e+01   03.59979000e+01   05.28601000e-03
  08.64982000e+01   06.67598000e+01   03.40471000e+01   06.61730000e-04
  08.60215000e+01   06.65149000e+01   03.57758000e+01  -01.43313000e-03
  08.72455000e+01   06.55673000e+01   03.49510000e+01   01.17160000e-04
  08.67096000e+01   06.36025000e+01   03.35233000e+01   07.94200000e-05
  08.50807000e+01   06.32969000e+01   03.29498000e+01  -07.78792000e-03
  07.10615000e+01   06.16609000e+01   04.05428000e+01   07.70140000e-04
  07.03234000e+01   06.31751000e+01   03.99836000e+01   07.99937000e-03
  07.18597000e+01   06.27334000e+01   03.94866000e+01  -03.55757000e-03
  06.66892000e+01   06.11381000e+01   04.39905000e+01  -07.15330000e-03
  06.82120000e+01   06.04673000e+01   04.34004000e+01   03.13430000e-03
  06.76209000e+01   05.99668000e+01   04.49011000e+01   01.47373000e-02
  06.59726000e+01   06.49262000e+01   04.70146000e+01  -01.94855000e-02
  06.54376000e+01   06.34363000e+01   04.60779000e+01   04.92255000e-03
  06.42570000e+01   06.44806000e+01   04.69111000e+01   04.33740000e-03
  06.89360000e+01   06.14802000e+01   04.92291000e+01   04.35178000e-03
  06.83667000e+01   06.07593000e+01   05.07019000e+01   02.18100000e-05
  06.80203000e+01   06.00617000e+01   04.92658000e+01  -05.02650000e-04
  06.61620000e+01   06.04244000e+01   05.14485000e+01  -01.43048000e-03
  06.47567000e+01   06.11887000e+01   05.06371000e+01   02.03840000e-04
  06.56449000e+01   05.97741000e+01   05.00032000e+01   08.62995000e-03
  06.54477000e+01   06.55591000e+01   05.16288000e+01  -01.63629000e-03
  06.80284000e+01   06.34437000e+01   04.66167000e+01  -02.76705000e-03
  06.69586000e+01   06.06336000e+01   04.69480000e+01   01.41710000e-03
  06.39110000e+01   06.32969000e+01   04.96741000e+01  -03.85980000e-04
  06.44448000e+01   06.48828000e+01   04.92475000e+01  -04.81110000e-04
  07.56897000e+01   06.47154000e+01   04.19614000e+01  -02.06250000e-04
  07.64588000e+01   06.41601000e+01   03.89006000e+01   01.11427000e-03
  07.82677000e+01   06.50716000e+01   03.79821000e+01  -01.53420000e-04
  08.04396000e+01   06.67420000e+01   03.92651000e+01  -01.90280000e-04
  08.01571000e+01   06.53855000e+01   03.66803000e+01  -03.63060000e-04
  06.51921000e+01   06.34314000e+01   05.15613000e+01   08.59900000e-05
  08.14160000e+01   06.54376000e+01   03.51399000e+01  -01.01020000e-04
  08.38260000e+01   06.72492000e+01   03.52406000e+01   02.50540000e-04
  08.31608000e+01   06.48346000e+01   03.35470000e+01  -01.19075000e-03
  08.48302000e+01   06.59795000e+01   03.05576000e+01   03.14160000e-04
  08.69136000e+01   06.53738000e+01   03.21239000e+01  -01.11070000e-04
  06.72861000e+01   06.27849000e+01   05.16204000e+01   03.13480000e-04
  06.78272000e+01   06.35855000e+01   05.00509000e+01   01.25001000e-03
  07.41497000e+01   06.37175000e+01   03.95317000e+01   04.27500000e-05
  07.35446000e+01   06.42485000e+01   04.25913000e+01  -04.51238000e-03
  07.15123000e+01   06.39027000e+01   04.36363000e+01   04.22636000e-03
  06.94542000e+01   06.22971000e+01   04.21861000e+01  -09.78060000e-04
  06.97308000e+01   06.37062000e+01   04.49050000e+01  -08.33290000e-04
  08.65911000e+01   06.39819000e+01   03.02234000e+01  -01.05330000e-03
