  06.85852000e+01   06.14665000e+01   04.90452000e+01  -02.53405000e-03
  06.71010000e+01   06.14873000e+01   04.94326000e+01   07.80610000e-04
  06.65731000e+01   06.28755000e+01   04.98891000e+01   06.83950000e-04
  06.65201000e+01   06.29530000e+01   05.13163000e+01   05.31930000e-04
  06.74218000e+01   06.40490000e+01   04.93064000e+01  -01.13880000e-03
  06.81459000e+01   06.36501000e+01   04.80161000e+01   05.01179000e-03
  06.88590000e+01   06.24753000e+01   04.79599000e+01  -01.30529000e-03
  06.93456000e+01   06.20370000e+01   04.66769000e+01  -01.54921000e-03
  07.02089000e+01   06.28849000e+01   04.59618000e+01  -09.64920000e-04
  07.08033000e+01   06.26482000e+01   04.46269000e+01  -02.95630000e-04
  07.16955000e+01   06.34549000e+01   04.40860000e+01  -02.57020000e-04
  07.23446000e+01   06.34183000e+01   04.28321000e+01   02.20720000e-04
  07.35077000e+01   06.40707000e+01   04.26159000e+01   02.85990000e-04
  07.44094000e+01   06.39645000e+01   04.14460000e+01   03.16900000e-05
  07.56468000e+01   06.45556000e+01   04.15112000e+01  -01.12020000e-04
  07.66043000e+01   06.45264000e+01   04.04553000e+01   03.40000000e-06
  06.87451000e+01   06.00671000e+01   04.84547000e+01   03.83030000e-04
  06.94572000e+01   06.16337000e+01   05.03499000e+01   01.30100000e-05
  06.75838000e+01   06.45360000e+01   04.68871000e+01  -01.34690000e-04
  07.02337000e+01   06.14902000e+01   04.37917000e+01  -08.35400000e-05
  07.39401000e+01   06.33439000e+01   04.01416000e+01   01.43700000e-03
  08.78973000e+01   06.58681000e+01   03.39127000e+01  -05.62820000e-04
  08.85692000e+01   06.55050000e+01   03.25742000e+01  -02.06960000e-04
  08.85928000e+01   06.67282000e+01   03.17004000e+01  -02.30470000e-04
  08.94212000e+01   06.65093000e+01   03.06277000e+01   01.43786000e-03
  08.72961000e+01   06.73873000e+01   03.15418000e+01   03.20417000e-03
  08.62328000e+01   06.72969000e+01   03.23740000e+01  -08.05080000e-04
  08.64075000e+01   06.64055000e+01   03.36569000e+01  -01.76788000e-03
  08.58181000e+01   06.70213000e+01   03.49254000e+01   07.22800000e-05
  08.45970000e+01   06.67897000e+01   03.54488000e+01   01.59105000e-02
  08.39149000e+01   06.73650000e+01   03.66168000e+01  -02.33693000e-02
  08.26987000e+01   06.68202000e+01   03.69835000e+01   05.37835000e-03
  08.18560000e+01   06.69495000e+01   03.81570000e+01   05.38182000e-03
  08.07740000e+01   06.61874000e+01   03.84314000e+01   05.79556000e-03
  07.98948000e+01   06.60876000e+01   03.95878000e+01  -06.99068000e-03
  07.86900000e+01   06.53480000e+01   03.94877000e+01   02.95799000e-03
  07.77552000e+01   06.52806000e+01   04.05597000e+01   08.80642000e-03
  08.88128000e+01   06.67923000e+01   03.47029000e+01  -03.71955000e-03
  08.80370000e+01   06.46680000e+01   03.47775000e+01  -01.20585000e-02
  08.48508000e+01   06.79832000e+01   03.20770000e+01   01.97011000e-03
  08.45477000e+01   06.84866000e+01   03.74563000e+01   08.37962000e-03
  08.03455000e+01   06.67816000e+01   04.08820000e+01  -01.14162000e-03
  08.09820000e+01   06.60441000e+01   04.13992000e+01   05.31110000e-04
  08.09769000e+01   06.76487000e+01   04.07056000e+01   06.44190000e-04
  07.95622000e+01   06.71266000e+01   04.15496000e+01  -01.18537000e-03
  08.52645000e+01   06.90599000e+01   03.69138000e+01  -09.86263000e-03
  08.38586000e+01   06.92182000e+01   03.78762000e+01   04.83486000e-03
  08.51133000e+01   06.81315000e+01   03.83097000e+01  -06.05704000e-03
  08.41187000e+01   06.71655000e+01   03.21421000e+01   01.25782000e-03
  08.45312000e+01   06.87490000e+01   03.27648000e+01  -04.29459000e-03
  08.47418000e+01   06.84436000e+01   03.11015000e+01   07.41250000e-04
  08.77150000e+01   06.37307000e+01   03.43125000e+01  -09.05833000e-03
  08.90643000e+01   06.45311000e+01   03.51212000e+01   05.11703000e-03
  08.74107000e+01   06.48455000e+01   03.55889000e+01   05.28601000e-03
  08.87528000e+01   06.78342000e+01   03.44190000e+01   06.61730000e-04
  08.87190000e+01   06.67242000e+01   03.57831000e+01  -01.43313000e-03
  08.99209000e+01   06.66733000e+01   03.44796000e+01   01.17160000e-04
  08.95874000e+01   06.50184000e+01   03.26433000e+01   07.94200000e-05
  08.78598000e+01   06.48164000e+01   03.21302000e+01  -07.78792000e-03
  07.29556000e+01   06.29005000e+01   04.02596000e+01   07.70140000e-04
  07.38053000e+01   06.41411000e+01   03.94385000e+01   07.99937000e-03
  07.46466000e+01   06.26835000e+01   03.96335000e+01  -03.55757000e-03
  06.91767000e+01   06.13298000e+01   04.40935000e+01  -07.15330000e-03
  07.01061000e+01   06.17354000e+01   04.27671000e+01   03.13430000e-03
  07.09049000e+01   06.05975000e+01   04.37310000e+01   01.47373000e-02
  06.79155000e+01   06.41063000e+01   04.58718000e+01  -01.94855000e-02
  06.64731000e+01   06.46468000e+01   04.68410000e+01   04.92255000e-03
  06.81078000e+01   06.55141000e+01   04.68655000e+01   04.33740000e-03
  06.91799000e+01   06.09603000e+01   05.12205000e+01   04.35178000e-03
  07.05197000e+01   06.13406000e+01   05.01410000e+01   02.18100000e-05
  06.95131000e+01   06.26293000e+01   05.07295000e+01  -05.02650000e-04
  06.80679000e+01   05.98591000e+01   04.75679000e+01  -01.43048000e-03
  06.97632000e+01   05.99388000e+01   04.81911000e+01   02.03840000e-04
  06.86064000e+01   05.92108000e+01   04.90999000e+01   08.62995000e-03
  06.58447000e+01   06.23641000e+01   05.17501000e+01  -01.63629000e-03
  07.05782000e+01   06.38520000e+01   04.64329000e+01  -02.76705000e-03
  06.88739000e+01   06.12450000e+01   04.60974000e+01   01.41710000e-03
  06.68693000e+01   06.49899000e+01   04.91742000e+01  -03.85980000e-04
  06.80756000e+01   06.43191000e+01   05.01247000e+01  -04.81110000e-04
  07.79675000e+01   06.59631000e+01   04.14351000e+01  -02.06250000e-04
  07.84410000e+01   06.48815000e+01   03.84990000e+01   01.11427000e-03
  08.04351000e+01   06.55009000e+01   03.75585000e+01  -01.53420000e-04
  08.20465000e+01   06.77061000e+01   03.89430000e+01  -01.90280000e-04
  08.23463000e+01   06.59387000e+01   03.63248000e+01  -03.63060000e-04
  06.55490000e+01   06.28986000e+01   04.94934000e+01   08.59900000e-05
  08.40091000e+01   06.60881000e+01   03.47988000e+01  -01.01020000e-04
  08.64008000e+01   06.77309000e+01   03.54784000e+01   02.50540000e-04
  08.58269000e+01   06.55439000e+01   03.31832000e+01  -01.19075000e-03
  08.71911000e+01   06.80749000e+01   03.06871000e+01   03.14160000e-04
  08.91877000e+01   06.74934000e+01   03.22596000e+01  -01.11070000e-04
  06.66844000e+01   06.11813000e+01   04.84998000e+01   03.13480000e-04
  06.68678000e+01   06.06620000e+01   05.01378000e+01   01.25001000e-03
  07.65388000e+01   06.40219000e+01   03.95357000e+01   04.27500000e-05
  07.60047000e+01   06.50257000e+01   04.24178000e+01  -04.51238000e-03
  07.39795000e+01   06.45536000e+01   04.34380000e+01   04.22636000e-03
  07.20269000e+01   06.27011000e+01   04.20306000e+01  -09.78060000e-04
  07.20333000e+01   06.42834000e+01   04.47102000e+01  -08.33290000e-04
  08.90459000e+01   06.58901000e+01   02.99771000e+01  -01.05330000e-03
