  07.06144000e+01   06.18308000e+01   04.93493000e+01  -02.53405000e-03
  06.92931000e+01   06.14810000e+01   05.00515000e+01   07.80610000e-04
  06.84689000e+01   06.26361000e+01   05.05354000e+01   06.83950000e-04
  06.90544000e+01   06.30585000e+01   05.18197000e+01   05.31930000e-04
  06.84894000e+01   06.37830000e+01   04.95793000e+01  -01.13880000e-03
  06.92945000e+01   06.36629000e+01   04.83257000e+01   05.01179000e-03
  07.02579000e+01   06.26977000e+01   04.81705000e+01  -01.30529000e-03
  07.07510000e+01   06.22544000e+01   04.68199000e+01  -01.54921000e-03
  07.16042000e+01   06.28848000e+01   04.59909000e+01  -09.64920000e-04
  07.17537000e+01   06.25880000e+01   04.45213000e+01  -02.95630000e-04
  07.26023000e+01   06.34029000e+01   04.38238000e+01  -02.57020000e-04
  07.33531000e+01   06.31039000e+01   04.26552000e+01   02.20720000e-04
  07.46148000e+01   06.36566000e+01   04.26067000e+01   02.85990000e-04
  07.55655000e+01   06.34194000e+01   04.14868000e+01   03.16900000e-05
  07.69010000e+01   06.38978000e+01   04.16760000e+01  -01.12020000e-04
  07.78870000e+01   06.39019000e+01   04.06802000e+01   03.40000000e-06
  07.12203000e+01   06.04664000e+01   04.89234000e+01   03.83030000e-04
  07.15274000e+01   06.25281000e+01   05.02995000e+01   01.30100000e-05
  06.85897000e+01   06.43786000e+01   04.71697000e+01  -01.34690000e-04
  07.12775000e+01   06.12372000e+01   04.41144000e+01  -08.35400000e-05
  07.50732000e+01   06.28177000e+01   04.01591000e+01   01.43700000e-03
  08.90850000e+01   06.48515000e+01   03.44651000e+01  -05.62820000e-04
  08.97800000e+01   06.42723000e+01   03.31662000e+01  -02.06960000e-04
  09.00648000e+01   06.53526000e+01   03.20854000e+01  -02.30470000e-04
  09.06565000e+01   06.46716000e+01   03.09428000e+01   01.43786000e-03
  08.87499000e+01   06.61004000e+01   03.18499000e+01   03.20417000e-03
  08.77658000e+01   06.62482000e+01   03.26933000e+01  -08.05080000e-04
  08.76944000e+01   06.54425000e+01   03.40210000e+01  -01.76788000e-03
  08.69221000e+01   06.62714000e+01   03.50595000e+01   07.22800000e-05
  08.58425000e+01   06.56692000e+01   03.57060000e+01   01.59105000e-02
  08.51931000e+01   06.60432000e+01   03.69216000e+01  -02.33693000e-02
  08.42010000e+01   06.52369000e+01   03.74352000e+01   05.37835000e-03
  08.35851000e+01   06.52936000e+01   03.87434000e+01   05.38182000e-03
  08.24266000e+01   06.46036000e+01   03.90282000e+01   05.79556000e-03
  08.15193000e+01   06.48750000e+01   04.01415000e+01  -06.99068000e-03
  08.02561000e+01   06.43927000e+01   04.00459000e+01   02.95799000e-03
  07.91138000e+01   06.45330000e+01   04.08770000e+01   08.80642000e-03
  09.00980000e+01   06.58225000e+01   03.52290000e+01  -03.71955000e-03
  08.89523000e+01   06.36479000e+01   03.54344000e+01  -01.20585000e-02
  08.64885000e+01   06.69303000e+01   03.22584000e+01   01.97011000e-03
  08.56897000e+01   06.73519000e+01   03.75556000e+01   08.37962000e-03
  08.18908000e+01   06.57388000e+01   04.13189000e+01  -01.14162000e-03
  08.19098000e+01   06.50692000e+01   04.21968000e+01   05.31110000e-04
  08.29480000e+01   06.61358000e+01   04.12780000e+01   06.44190000e-04
  08.12530000e+01   06.65233000e+01   04.16365000e+01  -01.18537000e-03
  08.58782000e+01   06.81367000e+01   03.68670000e+01  -09.86263000e-03
  08.50118000e+01   06.77127000e+01   03.83401000e+01   04.83486000e-03
  08.65318000e+01   06.72059000e+01   03.81574000e+01  -06.05704000e-03
  08.63672000e+01   06.69463000e+01   03.11742000e+01   01.25782000e-03
  08.57514000e+01   06.62972000e+01   03.26509000e+01  -04.29459000e-03
  08.63129000e+01   06.78415000e+01   03.26818000e+01   07.41250000e-04
  08.98975000e+01   06.32616000e+01   03.58140000e+01  -09.05833000e-03
  08.83020000e+01   06.39149000e+01   03.62599000e+01   05.11703000e-03
  08.83359000e+01   06.29128000e+01   03.49052000e+01   05.28601000e-03
  09.03940000e+01   06.67185000e+01   03.46164000e+01   06.61730000e-04
  08.97596000e+01   06.63256000e+01   03.61231000e+01  -01.43313000e-03
  09.10311000e+01   06.53722000e+01   03.55334000e+01   01.17160000e-04
  09.06899000e+01   06.36899000e+01   03.33758000e+01   07.94200000e-05
  08.91866000e+01   06.34933000e+01   03.27251000e+01  -07.78792000e-03
  07.54541000e+01   06.34484000e+01   03.93376000e+01   07.70140000e-04
  07.52798000e+01   06.17760000e+01   04.00191000e+01   07.99937000e-03
  07.40273000e+01   06.28639000e+01   04.00942000e+01  -03.55757000e-03
  07.15050000e+01   06.09834000e+01   04.30784000e+01  -07.15330000e-03
  07.17844000e+01   06.05024000e+01   04.47336000e+01   03.13430000e-03
  07.01773000e+01   06.11085000e+01   04.42543000e+01   01.47373000e-02
  06.86413000e+01   06.37686000e+01   04.62820000e+01  -01.94855000e-02
  06.75897000e+01   06.47139000e+01   04.73339000e+01   04.92255000e-03
  06.91855000e+01   06.52488000e+01   04.68976000e+01   04.33740000e-03
  07.11651000e+01   06.35287000e+01   05.04657000e+01   04.35178000e-03
  07.17793000e+01   06.20119000e+01   05.12086000e+01   02.18100000e-05
  07.25253000e+01   06.26801000e+01   04.98138000e+01  -05.02650000e-04
  07.21834000e+01   06.06540000e+01   04.84756000e+01  -01.43048000e-03
  07.14210000e+01   05.97629000e+01   04.97429000e+01   02.03840000e-04
  07.06001000e+01   05.98458000e+01   04.82113000e+01   08.62995000e-03
  06.86210000e+01   06.26566000e+01   05.26235000e+01  -01.63629000e-03
  07.20897000e+01   06.38584000e+01   04.63403000e+01  -02.76705000e-03
  07.02421000e+01   06.13169000e+01   04.65410000e+01   01.41710000e-03
  06.74685000e+01   06.41245000e+01   04.93648000e+01  -03.85980000e-04
  06.89797000e+01   06.46241000e+01   05.02137000e+01  -04.81110000e-04
  07.92226000e+01   06.50341000e+01   04.18321000e+01  -02.06250000e-04
  08.00407000e+01   06.36779000e+01   03.92564000e+01   01.11427000e-03
  08.18939000e+01   06.40753000e+01   03.81792000e+01  -01.53420000e-04
  08.40012000e+01   06.59756000e+01   03.94813000e+01  -01.90280000e-04
  08.39518000e+01   06.42940000e+01   03.69969000e+01  -03.63060000e-04
  06.74543000e+01   06.22161000e+01   05.07768000e+01   08.59900000e-05
  08.54953000e+01   06.47603000e+01   03.52659000e+01  -01.01020000e-04
  08.73381000e+01   06.71896000e+01   03.54352000e+01   02.50540000e-04
  08.71104000e+01   06.45678000e+01   03.38476000e+01  -01.19075000e-03
  08.87083000e+01   06.65397000e+01   03.08020000e+01   03.14160000e-04
  09.07556000e+01   06.61265000e+01   03.23217000e+01  -01.11070000e-04
  06.86224000e+01   06.09699000e+01   04.93146000e+01   03.13480000e-04
  06.94716000e+01   06.07835000e+01   05.08729000e+01   01.25001000e-03
  07.78574000e+01   06.34014000e+01   03.97409000e+01   04.27500000e-05
  07.71505000e+01   06.45214000e+01   04.25169000e+01  -04.51238000e-03
  07.50454000e+01   06.43573000e+01   04.33707000e+01   04.22636000e-03
  07.29624000e+01   06.24000000e+01   04.19298000e+01  -09.78060000e-04
  07.30367000e+01   06.41769000e+01   04.43777000e+01  -08.33290000e-04
  08.99603000e+01   06.44035000e+01   03.02668000e+01  -01.05330000e-03
