  06.81254000e+01   06.14442000e+01   05.06366000e+01  -02.53405000e-03
  06.68065000e+01   06.13271000e+01   05.14292000e+01   07.80610000e-04
  06.57913000e+01   06.24706000e+01   05.15130000e+01   06.83950000e-04
  06.59183000e+01   06.31479000e+01   05.27775000e+01   05.31930000e-04
  06.60395000e+01   06.36495000e+01   05.06015000e+01  -01.13880000e-03
  06.69410000e+01   06.33272000e+01   04.94026000e+01   05.01179000e-03
  06.78785000e+01   06.23389000e+01   04.93753000e+01  -01.30529000e-03
  06.82829000e+01   06.18400000e+01   04.80824000e+01  -01.54921000e-03
  06.93148000e+01   06.22855000e+01   04.72913000e+01  -09.64920000e-04
  06.98362000e+01   06.18068000e+01   04.60005000e+01  -02.95630000e-04
  07.08142000e+01   06.25545000e+01   04.53112000e+01  -02.57020000e-04
  07.14476000e+01   06.23834000e+01   04.40537000e+01   02.20720000e-04
  07.26042000e+01   06.31422000e+01   04.37623000e+01   02.85990000e-04
  07.35286000e+01   06.30775000e+01   04.26286000e+01   03.16900000e-05
  07.47474000e+01   06.37335000e+01   04.27626000e+01  -01.12020000e-04
  07.60177000e+01   06.36152000e+01   04.20012000e+01   03.40000000e-06
  06.86796000e+01   05.99567000e+01   05.05035000e+01   03.83030000e-04
  06.90118000e+01   06.22194000e+01   05.14908000e+01   01.30100000e-05
  06.65068000e+01   06.41854000e+01   04.82257000e+01  -01.34690000e-04
  06.93094000e+01   06.04845000e+01   04.54684000e+01  -08.35400000e-05
  07.31825000e+01   06.24542000e+01   04.13312000e+01   01.43700000e-03
  08.69375000e+01   06.51807000e+01   03.63056000e+01  -05.62820000e-04
  08.79030000e+01   06.46348000e+01   03.51927000e+01  -02.06960000e-04
  08.81639000e+01   06.54993000e+01   03.40220000e+01  -02.30470000e-04
  08.89096000e+01   06.47537000e+01   03.30410000e+01   01.43786000e-03
  08.69021000e+01   06.62004000e+01   03.35118000e+01   03.20417000e-03
  08.57642000e+01   06.62574000e+01   03.41498000e+01  -08.05080000e-04
  08.55601000e+01   06.55072000e+01   03.55528000e+01  -01.76788000e-03
  08.47174000e+01   06.63208000e+01   03.64261000e+01   07.22800000e-05
  08.38438000e+01   06.57638000e+01   03.73043000e+01   01.59105000e-02
  08.30851000e+01   06.64081000e+01   03.83403000e+01  -02.33693000e-02
  08.21415000e+01   06.56332000e+01   03.89209000e+01   05.37835000e-03
  08.13688000e+01   06.58910000e+01   04.01218000e+01   05.38182000e-03
  08.02143000e+01   06.51871000e+01   04.02933000e+01   05.79556000e-03
  07.92243000e+01   06.54613000e+01   04.13544000e+01  -06.99068000e-03
  07.81527000e+01   06.45964000e+01   04.14000000e+01   02.95799000e-03
  07.69763000e+01   06.45732000e+01   04.21856000e+01   08.80642000e-03
  08.77136000e+01   06.63761000e+01   03.69290000e+01  -03.71955000e-03
  08.68469000e+01   06.40374000e+01   03.72860000e+01  -01.20585000e-02
  08.45932000e+01   06.70693000e+01   03.35958000e+01   01.97011000e-03
  08.34601000e+01   06.78491000e+01   03.86653000e+01   08.37962000e-03
  07.93474000e+01   06.66527000e+01   04.21984000e+01  -01.14162000e-03
  08.03017000e+01   06.66661000e+01   04.26677000e+01   05.31110000e-04
  07.91660000e+01   06.75407000e+01   04.16748000e+01   06.44190000e-04
  07.86085000e+01   06.66809000e+01   04.29322000e+01  -01.18537000e-03
  08.35142000e+01   06.85628000e+01   03.77938000e+01  -09.86263000e-03
  08.27482000e+01   06.83821000e+01   03.93721000e+01   04.83486000e-03
  08.43955000e+01   06.79035000e+01   03.91521000e+01  -06.05704000e-03
  08.36527000e+01   06.64784000e+01   03.34984000e+01   01.25782000e-03
  08.43461000e+01   06.79938000e+01   03.41470000e+01  -04.29459000e-03
  08.47706000e+01   06.73775000e+01   03.25739000e+01   07.41250000e-04
  08.60997000e+01   06.41793000e+01   03.80547000e+01  -09.05833000e-03
  08.66912000e+01   06.30728000e+01   03.68290000e+01   05.11703000e-03
  08.78480000e+01   06.38623000e+01   03.78252000e+01   05.28601000e-03
  08.85032000e+01   06.60683000e+01   03.75822000e+01   06.61730000e-04
  08.81244000e+01   06.71046000e+01   03.61841000e+01  -01.43313000e-03
  08.70476000e+01   06.69240000e+01   03.76478000e+01   01.17160000e-04
  08.88689000e+01   06.42912000e+01   03.55706000e+01   07.94200000e-05
  08.75093000e+01   06.37270000e+01   03.47008000e+01  -07.78792000e-03
  07.36534000e+01   06.15158000e+01   04.13039000e+01   07.70140000e-04
  07.21332000e+01   06.24017000e+01   04.12219000e+01   07.99937000e-03
  07.35607000e+01   06.30358000e+01   04.04790000e+01  -03.55757000e-03
  06.94204000e+01   05.97788000e+01   04.62407000e+01  -07.15330000e-03
  06.82100000e+01   06.04970000e+01   04.52486000e+01   03.13430000e-03
  06.97395000e+01   06.02472000e+01   04.45463000e+01   01.47373000e-02
  06.54561000e+01   06.42485000e+01   04.81163000e+01  -01.94855000e-02
  06.69320000e+01   06.51847000e+01   04.83585000e+01   04.92255000e-03
  06.68061000e+01   06.37560000e+01   04.72428000e+01   04.33740000e-03
  06.99830000e+01   06.25222000e+01   05.10847000e+01   04.35178000e-03
  06.85866000e+01   06.31220000e+01   05.18969000e+01   02.18100000e-05
  06.91222000e+01   06.15565000e+01   05.24050000e+01  -05.02650000e-04
  06.80379000e+01   05.92795000e+01   04.98851000e+01  -01.43048000e-03
  06.97277000e+01   05.98625000e+01   05.01218000e+01   02.03840000e-04
  06.86599000e+01   05.94992000e+01   05.14889000e+01   08.62995000e-03
  06.55031000e+01   06.27139000e+01   05.35584000e+01  -01.63629000e-03
  06.99062000e+01   06.30805000e+01   04.77204000e+01  -02.76705000e-03
  06.78303000e+01   06.09213000e+01   04.78445000e+01   01.41710000e-03
  06.50157000e+01   06.40130000e+01   05.04641000e+01  -03.85980000e-04
  06.65622000e+01   06.44790000e+01   05.11527000e+01  -04.81110000e-04
  07.69030000e+01   06.53792000e+01   04.28938000e+01  -02.06250000e-04
  07.82287000e+01   06.36934000e+01   04.06722000e+01   01.11427000e-03
  08.00175000e+01   06.43872000e+01   03.95151000e+01  -01.53420000e-04
  08.17649000e+01   06.67362000e+01   04.07011000e+01  -01.90280000e-04
  08.19428000e+01   06.46496000e+01   03.84840000e+01  -03.63060000e-04
  06.47102000e+01   06.21229000e+01   05.14721000e+01   08.59900000e-05
  08.37425000e+01   06.46509000e+01   03.72569000e+01  -01.01020000e-04
  08.49068000e+01   06.74040000e+01   03.61773000e+01   02.50540000e-04
  08.49897000e+01   06.46227000e+01   03.53827000e+01  -01.19075000e-03
  08.69782000e+01   06.66587000e+01   03.25335000e+01   03.14160000e-04
  08.89008000e+01   06.62088000e+01   03.43403000e+01  -01.11070000e-04
  06.61612000e+01   06.05199000e+01   05.11162000e+01   03.13480000e-04
  06.71013000e+01   06.11517000e+01   05.25005000e+01   01.25001000e-03
  07.61726000e+01   06.29092000e+01   04.11415000e+01   04.27500000e-05
  07.47810000e+01   06.43501000e+01   04.36646000e+01  -04.51238000e-03
  07.29212000e+01   06.38030000e+01   04.44777000e+01   04.22636000e-03
  07.11080000e+01   06.17004000e+01   04.32955000e+01  -09.78060000e-04
  07.11989000e+01   06.33541000e+01   04.59305000e+01  -08.33290000e-04
  08.85752000e+01   06.46859000e+01   03.21596000e+01  -01.05330000e-03
