  06.81490000e+01   06.04771000e+01   04.96550000e+01  -02.53405000e-03
  06.68816000e+01   06.02821000e+01   05.05450000e+01   07.80610000e-04
  06.61255000e+01   06.16219000e+01   05.09267000e+01   06.83950000e-04
  06.64217000e+01   06.18982000e+01   05.22688000e+01   05.31930000e-04
  06.64014000e+01   06.28417000e+01   04.99987000e+01  -01.13880000e-03
  06.69557000e+01   06.25436000e+01   04.86369000e+01   05.01179000e-03
  06.78444000e+01   06.14969000e+01   04.84378000e+01  -01.30529000e-03
  06.81633000e+01   06.10237000e+01   04.71240000e+01  -01.54921000e-03
  06.92869000e+01   06.14944000e+01   04.65836000e+01  -09.64920000e-04
  06.98523000e+01   06.11443000e+01   04.52839000e+01  -02.95630000e-04
  07.09204000e+01   06.17718000e+01   04.47555000e+01  -02.57020000e-04
  07.15279000e+01   06.14427000e+01   04.35283000e+01   02.20720000e-04
  07.27142000e+01   06.19956000e+01   04.30706000e+01   02.85990000e-04
  07.35466000e+01   06.17760000e+01   04.19233000e+01   03.16900000e-05
  07.48591000e+01   06.22978000e+01   04.19573000e+01  -01.12020000e-04
  07.58790000e+01   06.22168000e+01   04.09796000e+01   03.40000000e-06
  06.86969000e+01   05.90886000e+01   04.92131000e+01   03.83030000e-04
  06.91395000e+01   06.11516000e+01   05.06208000e+01   01.30100000e-05
  06.63706000e+01   06.34460000e+01   04.75569000e+01  -01.34690000e-04
  06.92046000e+01   05.99207000e+01   04.45948000e+01  -08.35400000e-05
  07.31717000e+01   06.07461000e+01   04.08964000e+01   01.43700000e-03
  08.70735000e+01   06.44320000e+01   03.51366000e+01  -05.62820000e-04
  08.80160000e+01   06.40006000e+01   03.39694000e+01  -02.06960000e-04
  08.82948000e+01   06.49648000e+01   03.28145000e+01  -02.30470000e-04
  08.92750000e+01   06.43678000e+01   03.19448000e+01   01.43786000e-03
  08.71524000e+01   06.57661000e+01   03.24770000e+01   03.20417000e-03
  08.60008000e+01   06.57943000e+01   03.31461000e+01  -08.05080000e-04
  08.57149000e+01   06.49420000e+01   03.44193000e+01  -01.76788000e-03
  08.47484000e+01   06.56208000e+01   03.54496000e+01   07.22800000e-05
  08.37138000e+01   06.49746000e+01   03.60661000e+01   01.59105000e-02
  08.30241000e+01   06.54259000e+01   03.72995000e+01  -02.33693000e-02
  08.19690000e+01   06.46716000e+01   03.77345000e+01   05.37835000e-03
  08.10613000e+01   06.48792000e+01   03.87558000e+01   05.38182000e-03
  08.01628000e+01   06.38691000e+01   03.91328000e+01   05.79556000e-03
  07.91562000e+01   06.38921000e+01   04.01946000e+01  -06.99068000e-03
  07.81161000e+01   06.30127000e+01   04.02153000e+01   02.95799000e-03
  07.70022000e+01   06.29062000e+01   04.11493000e+01   08.80642000e-03
  08.78145000e+01   06.55920000e+01   03.59607000e+01  -03.71955000e-03
  08.67348000e+01   06.32789000e+01   03.61501000e+01  -01.20585000e-02
  08.49140000e+01   06.67322000e+01   03.28138000e+01   01.97011000e-03
  08.36067000e+01   06.65923000e+01   03.80958000e+01   08.37962000e-03
  07.93740000e+01   06.49389000e+01   04.11728000e+01  -01.14162000e-03
  07.88347000e+01   06.47189000e+01   04.20931000e+01   05.31110000e-04
  08.03801000e+01   06.52282000e+01   04.13799000e+01   06.44190000e-04
  07.87704000e+01   06.58171000e+01   04.09192000e+01  -01.18537000e-03
  08.44997000e+01   06.70945000e+01   03.76847000e+01  -09.86263000e-03
  08.28236000e+01   06.73207000e+01   03.82943000e+01   04.83486000e-03
  08.39336000e+01   06.62299000e+01   03.90719000e+01  -06.05704000e-03
  08.52052000e+01   06.76397000e+01   03.22400000e+01   01.25782000e-03
  08.41664000e+01   06.61998000e+01   03.21813000e+01  -04.29459000e-03
  08.44021000e+01   06.71439000e+01   03.36700000e+01   07.41250000e-04
  08.76039000e+01   06.31116000e+01   03.69298000e+01  -09.05833000e-03
  08.58126000e+01   06.33663000e+01   03.67104000e+01   05.11703000e-03
  08.67604000e+01   06.22991000e+01   03.56703000e+01   05.28601000e-03
  08.74784000e+01   06.55708000e+01   03.69767000e+01   06.61730000e-04
  08.88960000e+01   06.55662000e+01   03.60586000e+01  -01.43313000e-03
  08.75475000e+01   06.66101000e+01   03.56461000e+01   01.17160000e-04
  08.89809000e+01   06.37669000e+01   03.43951000e+01   07.94200000e-05
  08.76687000e+01   06.30761000e+01   03.33676000e+01  -07.78792000e-03
  07.26930000e+01   05.98733000e+01   04.12339000e+01   07.70140000e-04
  07.23528000e+01   06.12117000e+01   04.02483000e+01   07.99937000e-03
  07.39442000e+01   06.03082000e+01   04.02989000e+01  -03.55757000e-03
  06.94002000e+01   05.89368000e+01   04.50301000e+01  -07.15330000e-03
  06.81808000e+01   06.01147000e+01   04.45229000e+01   03.13430000e-03
  06.94122000e+01   05.99033000e+01   04.35390000e+01   01.47373000e-02
  06.69859000e+01   06.34051000e+01   04.66062000e+01  -01.94855000e-02
  06.52308000e+01   06.32651000e+01   04.74006000e+01   04.92255000e-03
  06.64898000e+01   06.44143000e+01   04.78923000e+01   04.33740000e-03
  07.00569000e+01   06.12858000e+01   05.00451000e+01   04.35178000e-03
  06.87886000e+01   06.21207000e+01   05.09471000e+01   02.18100000e-05
  06.93207000e+01   06.05396000e+01   05.15209000e+01  -05.02650000e-04
  06.91430000e+01   05.84295000e+01   04.99475000e+01  -01.43048000e-03
  06.80346000e+01   05.84129000e+01   04.86499000e+01   02.03840000e-04
  06.95306000e+01   05.93169000e+01   04.85034000e+01   08.62995000e-03
  06.58644000e+01   06.13016000e+01   05.27923000e+01  -01.63629000e-03
  06.98611000e+01   06.22560000e+01   04.71806000e+01  -02.76705000e-03
  06.75720000e+01   06.02949000e+01   04.65518000e+01   01.41710000e-03
  06.55059000e+01   06.34575000e+01   04.99104000e+01  -03.85980000e-04
  06.71515000e+01   06.34423000e+01   05.05862000e+01  -04.81110000e-04
  07.71886000e+01   06.34984000e+01   04.20547000e+01  -02.06250000e-04
  07.81080000e+01   06.23390000e+01   03.93887000e+01   01.11427000e-03
  08.01443000e+01   06.29206000e+01   03.85786000e+01  -01.53420000e-04
  08.09750000e+01   06.57939000e+01   03.92919000e+01  -01.90280000e-04
  08.18130000e+01   06.37896000e+01   03.71217000e+01  -03.63060000e-04
  06.50867000e+01   06.14806000e+01   05.07577000e+01   08.59900000e-05
  08.33868000e+01   06.39140000e+01   03.56839000e+01  -01.01020000e-04
  08.51419000e+01   06.66208000e+01   03.57243000e+01   02.50540000e-04
  08.51735000e+01   06.40275000e+01   03.40695000e+01  -01.19075000e-03
  08.74413000e+01   06.64471000e+01   03.16308000e+01   03.14160000e-04
  08.88813000e+01   06.57284000e+01   03.33400000e+01  -01.11070000e-04
  06.61616000e+01   05.96594000e+01   05.00038000e+01   03.13480000e-04
  06.70860000e+01   05.95775000e+01   05.14487000e+01   01.25001000e-03
  07.56888000e+01   06.17678000e+01   03.99857000e+01   04.27500000e-05
  07.52340000e+01   06.27544000e+01   04.28702000e+01  -04.51238000e-03
  07.33062000e+01   06.25520000e+01   04.37699000e+01   04.22636000e-03
  07.09683000e+01   06.07730000e+01   04.28821000e+01  -09.78060000e-04
  07.14464000e+01   06.25507000e+01   04.53695000e+01  -08.33290000e-04
  08.89160000e+01   06.39472000e+01   03.11841000e+01  -01.05330000e-03
