  06.74382000e+01   06.25454000e+01   05.07398000e+01  -02.53405000e-03
  06.72641000e+01   06.37977000e+01   05.15393000e+01   07.80610000e-04
  06.59837000e+01   06.45326000e+01   05.15372000e+01   06.83950000e-04
  06.62988000e+01   06.59134000e+01   05.18054000e+01   05.31930000e-04
  06.52459000e+01   06.43899000e+01   05.01940000e+01  -01.13880000e-03
  06.59891000e+01   06.37344000e+01   04.90764000e+01   05.01179000e-03
  06.69661000e+01   06.28200000e+01   04.92584000e+01  -01.30529000e-03
  06.78571000e+01   06.22726000e+01   04.82200000e+01  -01.54921000e-03
  06.83401000e+01   06.29743000e+01   04.71093000e+01  -09.64920000e-04
  06.87921000e+01   06.25656000e+01   04.57979000e+01  -02.95630000e-04
  06.97971000e+01   06.33585000e+01   04.51946000e+01  -02.57020000e-04
  07.04649000e+01   06.31402000e+01   04.40152000e+01   02.20720000e-04
  07.15965000e+01   06.37407000e+01   04.34940000e+01   02.85990000e-04
  07.24477000e+01   06.34778000e+01   04.23106000e+01   03.16900000e-05
  07.36319000e+01   06.42174000e+01   04.22540000e+01  -01.12020000e-04
  07.46635000e+01   06.40482000e+01   04.12348000e+01   03.40000000e-06
  06.65773000e+01   06.14622000e+01   05.13682000e+01   03.83030000e-04
  06.89150000e+01   06.20128000e+01   05.08984000e+01   01.30100000e-05
  06.57679000e+01   06.45034000e+01   04.77703000e+01  -01.34690000e-04
  06.82723000e+01   06.12422000e+01   04.52691000e+01  -08.35400000e-05
  07.18839000e+01   06.27983000e+01   04.11082000e+01   01.43700000e-03
  08.65539000e+01   06.53051000e+01   03.58881000e+01  -05.62820000e-04
  08.72098000e+01   06.44928000e+01   03.46808000e+01  -02.06960000e-04
  08.72681000e+01   06.52267000e+01   03.32838000e+01  -02.30470000e-04
  08.70217000e+01   06.41758000e+01   03.22689000e+01   01.43786000e-03
  08.61206000e+01   06.62149000e+01   03.31672000e+01   03.20417000e-03
  08.51043000e+01   06.64174000e+01   03.40601000e+01  -08.05080000e-04
  08.51065000e+01   06.57832000e+01   03.54182000e+01  -01.76788000e-03
  08.41890000e+01   06.64027000e+01   03.64551000e+01   07.22800000e-05
  08.30042000e+01   06.58816000e+01   03.68425000e+01   01.59105000e-02
  08.22188000e+01   06.63692000e+01   03.79552000e+01  -02.33693000e-02
  08.11640000e+01   06.56576000e+01   03.82835000e+01   05.37835000e-03
  08.02126000e+01   06.58367000e+01   03.93706000e+01   05.38182000e-03
  07.90932000e+01   06.51441000e+01   03.95545000e+01   05.79556000e-03
  07.81179000e+01   06.53039000e+01   04.06128000e+01  -06.99068000e-03
  07.69016000e+01   06.47359000e+01   04.04210000e+01   02.95799000e-03
  07.57964000e+01   06.48283000e+01   04.13561000e+01   08.80642000e-03
  08.74831000e+01   06.64704000e+01   03.63183000e+01  -03.71955000e-03
  08.65288000e+01   06.43220000e+01   03.71085000e+01  -01.20585000e-02
  08.39954000e+01   06.74736000e+01   03.37957000e+01   01.97011000e-03
  08.26438000e+01   06.76027000e+01   03.86986000e+01   08.37962000e-03
  07.83945000e+01   06.62260000e+01   04.17823000e+01  -01.14162000e-03
  07.84834000e+01   06.72191000e+01   04.14373000e+01   05.31110000e-04
  07.76644000e+01   06.62362000e+01   04.25735000e+01   06.44190000e-04
  07.92761000e+01   06.59162000e+01   04.22999000e+01  -01.18537000e-03
  08.34410000e+01   06.82867000e+01   03.82060000e+01  -09.86263000e-03
  08.18074000e+01   06.82598000e+01   03.89401000e+01   04.83486000e-03
  08.30146000e+01   06.73973000e+01   03.97631000e+01  -06.05704000e-03
  08.29582000e+01   06.70301000e+01   03.40379000e+01   01.25782000e-03
  08.40878000e+01   06.83527000e+01   03.45018000e+01  -04.29459000e-03
  08.41204000e+01   06.80123000e+01   03.28187000e+01   07.41250000e-04
  08.57820000e+01   06.46499000e+01   03.78627000e+01  -09.05833000e-03
  08.62052000e+01   06.33168000e+01   03.67254000e+01   05.11703000e-03
  08.74952000e+01   06.40093000e+01   03.75170000e+01   05.28601000e-03
  08.76520000e+01   06.70756000e+01   03.54091000e+01   06.61730000e-04
  08.70445000e+01   06.72217000e+01   03.69150000e+01  -01.43313000e-03
  08.84448000e+01   06.60394000e+01   03.66690000e+01   01.17160000e-04
  08.82281000e+01   06.42038000e+01   03.47862000e+01   07.94200000e-05
  08.67091000e+01   06.35323000e+01   03.44711000e+01  -07.78792000e-03
  07.25285000e+01   06.25737000e+01   04.01820000e+01   07.70140000e-04
  07.15002000e+01   06.17737000e+01   04.13543000e+01   07.99937000e-03
  07.10630000e+01   06.33676000e+01   04.07451000e+01  -03.55757000e-03
  06.89220000e+01   06.04021000e+01   04.55160000e+01  -07.15330000e-03
  06.72319000e+01   06.09427000e+01   04.55293000e+01   03.13430000e-03
  06.83644000e+01   06.13178000e+01   04.42226000e+01   01.47373000e-02
  06.47117000e+01   06.45850000e+01   04.76037000e+01  -01.94855000e-02
  06.61555000e+01   06.55807000e+01   04.77035000e+01   04.92255000e-03
  06.60565000e+01   06.39644000e+01   04.68854000e+01   04.33740000e-03
  06.90675000e+01   06.10950000e+01   05.03563000e+01   04.35178000e-03
  06.96500000e+01   06.27805000e+01   05.05613000e+01   02.18100000e-05
  06.91330000e+01   06.17988000e+01   05.19245000e+01  -05.02650000e-04
  06.64902000e+01   06.05559000e+01   05.06935000e+01  -01.43048000e-03
  06.69099000e+01   06.11552000e+01   05.23030000e+01   02.03840000e-04
  06.55270000e+01   06.17722000e+01   05.14684000e+01   08.62995000e-03
  06.55213000e+01   06.63608000e+01   05.21698000e+01  -01.63629000e-03
  06.83580000e+01   06.40828000e+01   04.72817000e+01  -02.76705000e-03
  06.79608000e+01   06.11542000e+01   04.81775000e+01   01.41710000e-03
  06.43425000e+01   06.37785000e+01   05.03346000e+01  -03.85980000e-04
  06.47294000e+01   06.52857000e+01   04.98835000e+01  -04.81110000e-04
  07.57783000e+01   06.57525000e+01   04.20267000e+01  -02.06250000e-04
  07.67632000e+01   06.42140000e+01   03.94374000e+01   01.11427000e-03
  07.88132000e+01   06.43918000e+01   03.87757000e+01  -01.53420000e-04
  08.04893000e+01   06.63178000e+01   04.02500000e+01  -01.90280000e-04
  08.09781000e+01   06.47749000e+01   03.75896000e+01  -03.63060000e-04
  06.52872000e+01   06.40360000e+01   05.22518000e+01   08.59900000e-05
  08.25082000e+01   06.50094000e+01   03.63465000e+01  -01.01020000e-04
  08.46157000e+01   06.73062000e+01   03.68537000e+01   02.50540000e-04
  08.46749000e+01   06.46831000e+01   03.52248000e+01  -01.19075000e-03
  08.62289000e+01   06.67095000e+01   03.22405000e+01   03.14160000e-04
  08.82345000e+01   06.57650000e+01   03.32779000e+01  -01.11070000e-04
  06.73195000e+01   06.35096000e+01   05.26333000e+01   03.13480000e-04
  06.79686000e+01   06.45491000e+01   05.12955000e+01   01.25001000e-03
  07.46476000e+01   06.32906000e+01   04.04271000e+01   04.27500000e-05
  07.38604000e+01   06.48831000e+01   04.30392000e+01  -04.51238000e-03
  07.20028000e+01   06.44921000e+01   04.41020000e+01   04.22636000e-03
  07.01409000e+01   06.22543000e+01   04.35763000e+01  -09.78060000e-04
  07.01693000e+01   06.42275000e+01   04.57608000e+01  -08.33290000e-04
  08.73101000e+01   06.44544000e+01   03.14154000e+01  -01.05330000e-03
