  06.69737000e+01   06.24673000e+01   05.03882000e+01  -02.53405000e-03
  06.70994000e+01   06.37760000e+01   05.11513000e+01   07.80610000e-04
  06.58351000e+01   06.46245000e+01   05.13399000e+01   06.83950000e-04
  06.61385000e+01   06.59370000e+01   05.16314000e+01   05.31930000e-04
  06.50373000e+01   06.44304000e+01   05.00679000e+01  -01.13880000e-03
  06.56491000e+01   06.37940000e+01   04.88447000e+01   05.01179000e-03
  06.64683000e+01   06.27257000e+01   04.89439000e+01  -01.30529000e-03
  06.73566000e+01   06.23137000e+01   04.78205000e+01  -01.54921000e-03
  06.82847000e+01   06.29379000e+01   04.70485000e+01  -09.64920000e-04
  06.89680000e+01   06.24270000e+01   04.58144000e+01  -02.95630000e-04
  06.97307000e+01   06.32948000e+01   04.50249000e+01  -02.57020000e-04
  07.03944000e+01   06.30419000e+01   04.38321000e+01   02.20720000e-04
  07.14347000e+01   06.37979000e+01   04.34420000e+01   02.85990000e-04
  07.23151000e+01   06.36589000e+01   04.22894000e+01   03.16900000e-05
  07.35359000e+01   06.43036000e+01   04.22466000e+01  -01.12020000e-04
  07.45633000e+01   06.43717000e+01   04.11909000e+01   03.40000000e-06
  06.61267000e+01   06.15108000e+01   05.13346000e+01   03.83030000e-04
  06.83732000e+01   06.18149000e+01   05.04021000e+01   01.30100000e-05
  06.54750000e+01   06.46168000e+01   04.76175000e+01  -01.34690000e-04
  06.84790000e+01   06.10740000e+01   04.53059000e+01  -08.35400000e-05
  07.17643000e+01   06.27156000e+01   04.11305000e+01   01.43700000e-03
  08.60716000e+01   06.57056000e+01   03.54042000e+01  -05.62820000e-04
  08.66314000e+01   06.50714000e+01   03.41364000e+01  -02.06960000e-04
  08.66176000e+01   06.59247000e+01   03.28437000e+01  -02.30470000e-04
  08.72584000e+01   06.51234000e+01   03.18696000e+01   01.43786000e-03
  08.52268000e+01   06.66339000e+01   03.26319000e+01   03.20417000e-03
  08.43548000e+01   06.68589000e+01   03.36641000e+01  -08.05080000e-04
  08.46567000e+01   06.62309000e+01   03.50389000e+01  -01.76788000e-03
  08.38846000e+01   06.68884000e+01   03.62028000e+01   07.22800000e-05
  08.28843000e+01   06.63224000e+01   03.69117000e+01   01.59105000e-02
  08.21355000e+01   06.68037000e+01   03.80480000e+01  -02.33693000e-02
  08.11103000e+01   06.60076000e+01   03.85351000e+01   05.37835000e-03
  08.02547000e+01   06.62056000e+01   03.96757000e+01   05.38182000e-03
  07.90382000e+01   06.55731000e+01   03.98227000e+01   05.79556000e-03
  07.80496000e+01   06.57640000e+01   04.08643000e+01  -06.99068000e-03
  07.68183000e+01   06.52223000e+01   04.06368000e+01   02.95799000e-03
  07.56827000e+01   06.51286000e+01   04.14469000e+01   08.80642000e-03
  08.70266000e+01   06.69633000e+01   03.56434000e+01  -03.71955000e-03
  08.61344000e+01   06.48125000e+01   03.65648000e+01  -01.20585000e-02
  08.31268000e+01   06.76322000e+01   03.34946000e+01   01.97011000e-03
  08.24804000e+01   06.81445000e+01   03.85989000e+01   08.37962000e-03
  07.84331000e+01   06.65622000e+01   04.20241000e+01  -01.14162000e-03
  07.94661000e+01   06.63450000e+01   04.23189000e+01   05.31110000e-04
  07.83550000e+01   06.75385000e+01   04.17873000e+01   06.44190000e-04
  07.77940000e+01   06.64425000e+01   04.28706000e+01  -01.18537000e-03
  08.22538000e+01   06.83624000e+01   03.96836000e+01  -09.86263000e-03
  08.35464000e+01   06.83282000e+01   03.85127000e+01   04.83486000e-03
  08.19567000e+01   06.88798000e+01   03.80776000e+01  -06.05704000e-03
  08.22047000e+01   06.70423000e+01   03.36103000e+01   01.25782000e-03
  08.31604000e+01   06.84971000e+01   03.42315000e+01  -04.29459000e-03
  08.31200000e+01   06.80854000e+01   03.25394000e+01   07.41250000e-04
  08.57102000e+01   06.54183000e+01   03.73956000e+01  -09.05833000e-03
  08.54539000e+01   06.39505000e+01   03.63905000e+01   05.11703000e-03
  08.71421000e+01   06.43634000e+01   03.68494000e+01   05.28601000e-03
  08.70672000e+01   06.76831000e+01   03.48875000e+01   06.61730000e-04
  08.68373000e+01   06.75424000e+01   03.65331000e+01  -01.43313000e-03
  08.81309000e+01   06.67528000e+01   03.56346000e+01   01.17160000e-04
  08.76199000e+01   06.47073000e+01   03.43138000e+01   07.94200000e-05
  08.58829000e+01   06.42986000e+01   03.39027000e+01  -07.78792000e-03
  07.26084000e+01   06.24349000e+01   04.04907000e+01   07.70140000e-04
  07.13182000e+01   06.17704000e+01   04.15227000e+01   07.99937000e-03
  07.09354000e+01   06.32527000e+01   04.06274000e+01  -03.55757000e-03
  06.74139000e+01   06.09917000e+01   04.54711000e+01  -07.15330000e-03
  06.86012000e+01   06.08687000e+01   04.42192000e+01   03.13430000e-03
  06.89726000e+01   06.02065000e+01   04.57610000e+01   01.47373000e-02
  06.63472000e+01   06.52257000e+01   04.74661000e+01  -01.94855000e-02
  06.55502000e+01   06.40616000e+01   04.66900000e+01   04.92255000e-03
  06.45773000e+01   06.52645000e+01   04.75239000e+01   04.33740000e-03
  06.84229000e+01   06.08126000e+01   04.99081000e+01   04.35178000e-03
  06.91277000e+01   06.24739000e+01   05.00297000e+01   02.18100000e-05
  06.87503000e+01   06.16380000e+01   05.14620000e+01  -05.02650000e-04
  06.60580000e+01   06.04563000e+01   05.10138000e+01  -01.43048000e-03
  06.65227000e+01   06.14979000e+01   05.23126000e+01   02.03840000e-04
  06.51234000e+01   06.18785000e+01   05.12643000e+01   08.62995000e-03
  06.53720000e+01   06.64622000e+01   05.19874000e+01  -01.63629000e-03
  06.85917000e+01   06.39471000e+01   04.73152000e+01  -02.76705000e-03
  06.71141000e+01   06.12746000e+01   04.75712000e+01   01.41710000e-03
  06.40561000e+01   06.39215000e+01   05.03358000e+01  -03.85980000e-04
  06.46568000e+01   06.54085000e+01   04.98241000e+01  -04.81110000e-04
  07.55078000e+01   06.57145000e+01   04.23075000e+01  -02.06250000e-04
  07.67300000e+01   06.44595000e+01   03.98549000e+01   01.11427000e-03
  07.86691000e+01   06.50428000e+01   03.89372000e+01  -01.53420000e-04
  08.05774000e+01   06.69810000e+01   04.03734000e+01  -01.90280000e-04
  08.09806000e+01   06.49844000e+01   03.80954000e+01  -03.63060000e-04
  06.54171000e+01   06.40660000e+01   05.22017000e+01   08.59900000e-05
  08.26783000e+01   06.53301000e+01   03.64916000e+01  -01.01020000e-04
  08.43930000e+01   06.77972000e+01   03.64903000e+01   02.50540000e-04
  08.42077000e+01   06.52146000e+01   03.50419000e+01  -01.19075000e-03
  08.50099000e+01   06.72208000e+01   03.17184000e+01   03.14160000e-04
  08.73512000e+01   06.67186000e+01   03.30205000e+01  -01.11070000e-04
  06.74193000e+01   06.36108000e+01   05.21858000e+01   03.13480000e-04
  06.80462000e+01   06.43178000e+01   05.07321000e+01   01.25001000e-03
  07.44460000e+01   06.37702000e+01   04.03043000e+01   04.27500000e-05
  07.37780000e+01   06.48683000e+01   04.31322000e+01  -04.51238000e-03
  07.16973000e+01   06.45925000e+01   04.40869000e+01   04.22636000e-03
  07.01717000e+01   06.22510000e+01   04.31804000e+01  -09.78060000e-04
  06.97352000e+01   06.43190000e+01   04.53727000e+01  -08.33290000e-04
  08.66002000e+01   06.47090000e+01   03.13031000e+01  -01.05330000e-03
