  06.97319000e+01   06.13688000e+01   04.98871000e+01  -02.53405000e-03
  06.85504000e+01   06.13813000e+01   05.09114000e+01   07.80610000e-04
  06.79174000e+01   06.26324000e+01   05.13038000e+01   06.83950000e-04
  06.83305000e+01   06.29773000e+01   05.26552000e+01   05.31930000e-04
  06.84085000e+01   06.38516000e+01   05.05314000e+01  -01.13880000e-03
  06.87607000e+01   06.35717000e+01   04.91270000e+01   05.01179000e-03
  06.94717000e+01   06.24407000e+01   04.88109000e+01  -01.30529000e-03
  06.97746000e+01   06.20356000e+01   04.74671000e+01  -01.54921000e-03
  07.08984000e+01   06.24723000e+01   04.68179000e+01  -09.64920000e-04
  07.14554000e+01   06.21996000e+01   04.54325000e+01  -02.95630000e-04
  07.25427000e+01   06.27830000e+01   04.49529000e+01  -02.57020000e-04
  07.32926000e+01   06.26391000e+01   04.37698000e+01   02.20720000e-04
  07.45259000e+01   06.31827000e+01   04.35247000e+01   02.85990000e-04
  07.53867000e+01   06.30249000e+01   04.24408000e+01   03.16900000e-05
  07.66250000e+01   06.36672000e+01   04.24578000e+01  -01.12020000e-04
  07.76403000e+01   06.37329000e+01   04.14641000e+01   03.40000000e-06
  06.98794000e+01   05.98365000e+01   04.95005000e+01   03.83030000e-04
  07.10380000e+01   06.16960000e+01   05.06991000e+01   01.30100000e-05
  06.78258000e+01   06.42480000e+01   04.80833000e+01  -01.34690000e-04
  07.07757000e+01   06.10553000e+01   04.47469000e+01  -08.35400000e-05
  07.49702000e+01   06.20795000e+01   04.13016000e+01   01.43700000e-03
  08.89533000e+01   06.51611000e+01   03.55193000e+01  -05.62820000e-04
  08.93756000e+01   06.42300000e+01   03.43102000e+01  -02.06960000e-04
  08.95489000e+01   06.50795000e+01   03.29985000e+01  -02.30470000e-04
  08.98873000e+01   06.41359000e+01   03.20231000e+01   01.43786000e-03
  08.83300000e+01   06.59846000e+01   03.26732000e+01   03.20417000e-03
  08.74291000e+01   06.63244000e+01   03.36265000e+01  -08.05080000e-04
  08.75284000e+01   06.58207000e+01   03.50864000e+01  -01.76788000e-03
  08.67653000e+01   06.66288000e+01   03.61276000e+01   07.22800000e-05
  08.54905000e+01   06.64869000e+01   03.64567000e+01   01.59105000e-02
  08.48774000e+01   06.68712000e+01   03.77326000e+01  -02.33693000e-02
  08.37483000e+01   06.61519000e+01   03.80864000e+01   05.37835000e-03
  08.30330000e+01   06.61194000e+01   03.93701000e+01   05.38182000e-03
  08.18108000e+01   06.55030000e+01   03.95046000e+01   05.79556000e-03
  08.09432000e+01   06.53367000e+01   04.06699000e+01  -06.99068000e-03
  07.97847000e+01   06.46196000e+01   04.06380000e+01   02.95799000e-03
  07.88056000e+01   06.44102000e+01   04.16641000e+01   08.80642000e-03
  09.01628000e+01   06.61833000e+01   03.57087000e+01  -03.71955000e-03
  08.88121000e+01   06.43201000e+01   03.67529000e+01  -01.20585000e-02
  08.62519000e+01   06.71966000e+01   03.32310000e+01   01.97011000e-03
  08.56415000e+01   06.78040000e+01   03.87306000e+01   08.37962000e-03
  08.12226000e+01   06.63971000e+01   04.17109000e+01  -01.14162000e-03
  08.05544000e+01   06.64649000e+01   04.26058000e+01   05.31110000e-04
  08.21748000e+01   06.61619000e+01   04.21955000e+01   06.44190000e-04
  08.12592000e+01   06.74028000e+01   04.12819000e+01  -01.18537000e-03
  08.64597000e+01   06.71773000e+01   03.90789000e+01  -09.86263000e-03
  08.60714000e+01   06.86178000e+01   03.82333000e+01   04.83486000e-03
  08.50529000e+01   06.82690000e+01   03.95288000e+01  -06.05704000e-03
  08.62243000e+01   06.80614000e+01   03.38254000e+01   01.25782000e-03
  08.64582000e+01   06.76135000e+01   03.22516000e+01  -04.29459000e-03
  08.53038000e+01   06.66032000e+01   03.31852000e+01   07.41250000e-04
  08.82692000e+01   06.48778000e+01   03.75560000e+01  -09.05833000e-03
  08.81152000e+01   06.34866000e+01   03.65947000e+01   05.11703000e-03
  08.98161000e+01   06.39951000e+01   03.70918000e+01   05.28601000e-03
  08.99918000e+01   06.69063000e+01   03.65540000e+01   06.61730000e-04
  09.11521000e+01   06.57479000e+01   03.57152000e+01  -01.43313000e-03
  09.03266000e+01   06.68584000e+01   03.48374000e+01   01.17160000e-04
  09.03006000e+01   06.37595000e+01   03.44439000e+01   07.94200000e-05
  08.85775000e+01   06.34845000e+01   03.42021000e+01  -07.78792000e-03
  07.40349000e+01   06.24408000e+01   04.07786000e+01   07.70140000e-04
  07.57316000e+01   06.20636000e+01   04.05173000e+01   07.99937000e-03
  07.47843000e+01   06.10410000e+01   04.16288000e+01  -03.55757000e-03
  07.03984000e+01   06.02579000e+01   04.54519000e+01  -07.15330000e-03
  06.99203000e+01   06.13860000e+01   04.42465000e+01   03.13430000e-03
  07.13331000e+01   06.04718000e+01   04.40329000e+01   01.47373000e-02
  06.77334000e+01   06.35805000e+01   04.71864000e+01  -01.94855000e-02
  06.68391000e+01   06.43158000e+01   04.85879000e+01   04.92255000e-03
  06.80850000e+01   06.52755000e+01   04.77359000e+01   04.33740000e-03
  07.19263000e+01   06.14489000e+01   05.00957000e+01   04.35178000e-03
  07.09169000e+01   06.27675000e+01   05.10510000e+01   02.18100000e-05
  07.12032000e+01   06.10591000e+01   05.16050000e+01  -05.02650000e-04
  07.08573000e+01   05.95134000e+01   04.91193000e+01  -01.43048000e-03
  06.96542000e+01   05.91856000e+01   05.03524000e+01   02.03840000e-04
  06.91002000e+01   05.95873000e+01   04.87674000e+01   08.62995000e-03
  06.75626000e+01   06.28393000e+01   05.32315000e+01  -01.63629000e-03
  07.12955000e+01   06.31929000e+01   04.74737000e+01  -02.76705000e-03
  06.91336000e+01   06.13026000e+01   04.70431000e+01   01.41710000e-03
  06.76034000e+01   06.46019000e+01   05.05232000e+01  -03.85980000e-04
  06.92262000e+01   06.42544000e+01   05.10703000e+01  -04.81110000e-04
  07.90642000e+01   06.48191000e+01   04.26303000e+01  -02.06250000e-04
  07.95940000e+01   06.42123000e+01   03.96799000e+01   01.11427000e-03
  08.14850000e+01   06.50235000e+01   03.86346000e+01  -01.53420000e-04
  08.34862000e+01   06.65693000e+01   04.02764000e+01  -01.90280000e-04
  08.33922000e+01   06.54132000e+01   03.74120000e+01  -03.63060000e-04
  06.67521000e+01   06.25347000e+01   05.11039000e+01   08.59900000e-05
  08.48429000e+01   06.59228000e+01   03.58714000e+01  -01.01020000e-04
  08.73613000e+01   06.69078000e+01   03.69468000e+01   02.50540000e-04
  08.69182000e+01   06.49223000e+01   03.48592000e+01  -01.19075000e-03
  08.82976000e+01   06.64739000e+01   03.17118000e+01   03.14160000e-04
  09.03760000e+01   06.57364000e+01   03.31342000e+01  -01.11070000e-04
  06.77447000e+01   06.08270000e+01   05.04176000e+01   03.13480000e-04
  06.89632000e+01   06.08731000e+01   05.17492000e+01   01.25001000e-03
  07.73687000e+01   06.32840000e+01   04.04900000e+01   04.27500000e-05
  07.67846000e+01   06.41591000e+01   04.33608000e+01  -04.51238000e-03
  07.48158000e+01   06.38495000e+01   04.43546000e+01   04.22636000e-03
  07.26634000e+01   06.19826000e+01   04.30886000e+01  -09.78060000e-04
  07.28464000e+01   06.36093000e+01   04.56071000e+01  -08.33290000e-04
  08.99595000e+01   06.45401000e+01   03.11134000e+01  -01.05330000e-03
