-1.647837006112352204e-02
-1.863691268361503811e-02
5.610565111932271261e-03
9.053530507590376152e-04
-1.309959498064404903e-03
5.985510266921744945e-05
1.099038610105287223e-02
-6.508131215832227423e-03
-1.060376814055132531e-02
-1.859043929727844302e-03
9.357067331009836023e-03
1.558806563140232963e-02
1.797159591994828068e-02
1.164144228672913534e-02
4.206048219181177973e-03
9.578936742822953890e-03
9.777784894489624165e-03
1.384303344606716002e-02
1.849640864947186755e-02
2.539677992540919499e-02
2.635234436616366860e-02
1.260018810703091886e-02
6.204701981597113454e-03
-2.236704531313473202e-03
5.871084433823969308e-03
1.076262414206453737e-02
2.643791578562640441e-03
-8.653041319018357075e-03
-1.042347035976122840e-02
-2.093230753537651725e-03
-2.054396283748643331e-02
-8.683958033118837835e-03
-8.998644702592926634e-03
1.725270494730738943e-02
1.557709296766904457e-02
-3.154925122007384928e-03
-7.433131274747342872e-03
-5.024904847961465110e-03
-1.992033493222647444e-03
-1.174917483399441978e-02
-4.725801963194903137e-03
4.165988603581563879e-03
-9.373189567438641734e-04
-4.149616786545628718e-04
-8.523758506006324717e-03
-8.240417384535816264e-03
6.647462184694847773e-03
-2.027653315801605446e-02
-1.506733938281121579e-02
-1.352865522291524063e-02
-2.283903809729411968e-02
-2.250010309774201286e-02
-2.258891772188606310e-03
-1.375663844663831126e-02
-2.381498577556532409e-02
-1.301551952401571940e-02
-1.931793890033713448e-02
-1.461733716281764066e-02
-1.322890051640912557e-02
-1.563588073276579379e-02
-3.310107889217568655e-02
-2.734153806103122031e-02
-1.406135290655348945e-02
-1.876698188837686368e-02
-1.336579729898847504e-02
-2.808700295202113967e-03
-1.490556407573870833e-02
-9.312056883329210971e-03
-2.584029090443004661e-02
-5.597479448988656840e-03
-1.917558999346509821e-02
-1.045710517666292687e-02
-1.936721838132608384e-02
-2.039580783867820865e-02
-1.226810743225175207e-02
-2.286127485107049273e-02
-2.284270713048066823e-02
-2.056587832225921161e-02
-2.330796087025764629e-02
-7.436814196939789921e-03
-4.865986968462045897e-03
-1.380352748587651557e-02
-5.049424650440210646e-03
-1.390518264082831953e-02
-5.499296247897972854e-03
6.711312186010350012e-03
-1.759853754421894338e-03
3.774606860717504876e-03
1.055637992465626070e-03
6.796713423823349317e-05
-9.192080469767820172e-03
2.076161999058122667e-04
2.329501302376813573e-03
-4.752514842773979294e-03
9.070954551021370021e-03
1.508386871054759586e-04
-8.374551955448614150e-04
-8.047422874752980376e-03
-2.769209055832467722e-02
-3.465995052180519120e-02
-3.285126886245216815e-02
-3.068962755409160303e-02
-2.663842772965410374e-02
-3.238411826262917875e-02
-3.378080332809867137e-02
-4.858833462072604387e-02
-2.752055027121440983e-02
-1.729964353163963853e-02
-2.370476769082087778e-02
-3.501294649175128865e-02
-2.050282217759284709e-02
-2.604177616822826724e-02
-2.627856547486174046e-02
-3.916387554925037512e-02
-2.202392318863785614e-02
-5.936207866070622105e-03
-1.945074451391350448e-02
-7.670981060684001554e-03
2.909704810168973078e-03
-2.162220436497129181e-02
-1.777337281357156337e-02
1.854244534662983016e-02
-1.296082326059223161e-02
2.453920442466233851e-03
-4.347165936567723606e-03
-2.258790914911134370e-03
2.708413290729523581e-03
-1.474514122604178752e-02
-1.277381234341905866e-03
-4.136992337289167659e-04
-5.699227879777298174e-03
2.820484502675599768e-03
-1.418963027944938112e-03
-2.233675831660672257e-03
-8.558925045823164920e-03
-1.285464243457224570e-02
-1.529419933349764234e-02
-2.215225538427105284e-04
2.124286432310613926e-03
-1.102112352325506327e-02
-1.941716988602966085e-02
-3.702882715807677243e-03
-6.096916960184855204e-03
3.965405008982536041e-03
-8.915076500984473601e-03
-2.339519581357818109e-02
-1.006999597039820102e-02
-2.125689718860196073e-02
-2.281008819931711062e-02
-2.689491113254551327e-02
-7.114938582813716030e-03
1.040589324483855507e-02
-2.744604347531332585e-03
-1.746696595993366477e-02
8.618683751109794400e-03
-3.926869230706318999e-03
-4.369584129514431439e-03
-8.690510688311678736e-03
-1.427827277680558671e-02
-1.122075185333249944e-02
-1.377196121874425805e-02
-1.677864975092392685e-02
-9.944883419788403539e-03
6.376746509728364746e-04
-2.805243811610146423e-02
-1.919601923567249013e-02
-2.236871712417857344e-02
-1.201053055639188238e-02
-1.868922284023137592e-02
-1.129815265036077619e-02
-2.129089740123032981e-02
-5.848226920072409525e-03
-1.913894482513819190e-02
-2.510611066461189683e-03
-2.173521476165704916e-02
-1.469711757204303186e-02
-2.789486321600680857e-02
-2.203482571702764653e-02
-1.856491552597392541e-02
-7.756555152308426335e-03
-5.799203215744070349e-03
-9.826563394935594609e-03
-5.559620482869107039e-03
1.997906259006805834e-03
5.855180966346702504e-04
-2.217139867969508682e-02
9.427920449786944893e-03
-2.318896524674447530e-03
-9.411632753200029761e-03
-2.067759742060727983e-04
-5.661127170389735697e-04
4.066452316547224111e-03
-2.373677201803573583e-02
-1.183513663386789698e-02
-1.367878285077642371e-02
-1.858689375542542724e-02
-1.087824268300623121e-02
-5.448244219924772494e-03
-1.189255314674517866e-02
7.704132986034983302e-04
-1.772494980976845394e-02
1.165055235935347211e-02
-6.764458628269991690e-03
-1.961724924530243094e-02
-1.218723328750339133e-03
8.284303346147506297e-03
2.189743587439852215e-02
2.150714642600647097e-02
2.120396728716080273e-02
-1.110290072608945871e-03
-1.423115377599907258e-03
2.113377579448595320e-02
-3.701488439379380709e-03
2.593675735424200157e-02
-9.853263628409528532e-03
1.700269670391169746e-02
1.098767787021720163e-02
8.877474019576165123e-03
8.400222488151089587e-03
7.689753440511209667e-03
2.102730520048566587e-02
1.005591851908957390e-02
1.308475261940255860e-02
1.095847444517221263e-02
-4.619578366690606751e-03
-3.857716226009260535e-03
-8.138168060499304662e-03
3.868932954496929252e-03
-1.256766768810138254e-03
1.162239530235118987e-02
2.472195985776957407e-03
-1.410243738275776927e-03
-8.027126984661740045e-03
-5.548142554951737172e-03
-1.585680591395924668e-02
-4.272321771193285378e-03
1.162593797926420383e-02
1.289702291160648231e-02
4.918912793378279850e-03
1.601481638066510477e-02
5.127704356754693785e-03
-1.541026712684747616e-03
-4.353761668075472810e-03
6.372485936831994574e-03
3.145321969578485609e-03
-8.257523607931858620e-03
7.368920450668339610e-03
1.337807030717193604e-02
1.296934487882962089e-02
2.218448508434041691e-02
1.838586766864772071e-02
1.153093260603115303e-02
1.063504488464755288e-02
1.219282426989279529e-02
7.666410604185203842e-03
-9.225023913443011064e-04
1.125157098825593609e-02
3.445642579231753878e-04
2.168436937428660019e-02
9.733474020916501809e-03
2.153005524208540661e-02
-4.550757978122306133e-03
1.524951578453755466e-02
-9.416036723867147670e-03
7.792366029240687351e-03
1.221147032029367904e-02
1.394553725154011603e-02
2.095124899123686560e-02
2.090481970686563357e-02
1.420344147845064957e-02
1.790870080256548938e-02
4.051585185872431071e-03
1.495721366016906874e-03
5.656479160888794322e-03
2.402166466369984321e-02
1.108733664501498038e-02
1.450169853285391587e-02
-4.420343737748877802e-03
-2.432658711346207502e-03
1.343451967778872339e-02
9.839003442582155631e-03
1.429590809760116106e-02
1.079397476415489346e-02
4.049123192019644067e-03
5.784605808195372560e-04
1.847236236635295924e-03
7.147674519505151482e-04
1.290493463599511406e-02
1.244033966059433609e-02
1.532450721839970220e-02
5.453325463786236164e-03
5.783068062855436717e-03
2.411985770681407404e-02
7.889788295833690887e-03
8.639732571152251156e-03
-6.715812621755346250e-04
1.468422194961233399e-02
9.209399456740844855e-03
6.001707877877693505e-03
7.011287068033103184e-03
1.660654864651699147e-02
1.602174790453296874e-02
2.538954995602213383e-02
2.057129094316644327e-02
7.817147539452132254e-03
1.428471562822901039e-02
2.564696432895884753e-02
3.345479220961865285e-02
2.645612393905286130e-02
2.894402417984979700e-02
1.887862730560987967e-02
2.805145389277091672e-02
2.613774181503070171e-02
7.017998470653522350e-03
2.154696107492388643e-02
1.788816011484357926e-02
1.165384465973896486e-02
9.185556428156552849e-03
2.786844136075990880e-02
2.499478818597614116e-02
1.602988110332229446e-02
1.723983028533719250e-02
8.348476784573892473e-03
4.728642326770976512e-03
1.223784096590155475e-02
5.742742036046162915e-03
2.501350213862322397e-02
2.499740707815216022e-03
-5.253812750902959669e-03
-7.483325798865184814e-03
1.319144256313764703e-02
9.205345298231655440e-05
-9.190122629716517000e-03
-1.462326029562576769e-02
9.115886369194495416e-04
-1.509187429803031432e-03
-1.862925691608798701e-02
1.116035525079916860e-03
-1.357950142866925450e-03
7.213972035847673707e-03
3.265315356928718757e-03
5.439472320421102729e-03
9.448704080553425519e-03
1.421432631729684440e-02
6.023434613552969968e-03
-7.875987100805267437e-04
1.430632635903842168e-02
4.335837070352614731e-03
2.238953809234300353e-03
5.455276998437268848e-03
7.485570893543139204e-03
1.426568354098252216e-02
1.469215530665855069e-03
-1.193024974909833065e-02
-2.024354014263851729e-03
-1.497903312069003533e-02
6.031752466869567779e-03
-8.312191987164934889e-03
-1.511435856168330885e-02
-1.880863140610721310e-02
-1.936007197660143033e-03
-5.706355454742236682e-03
1.104124475873354558e-03
3.045269071976280592e-03
-3.938239342834264078e-03
-1.094887001565874804e-02
-9.569033213340551181e-03
-4.849193319905577629e-03
-1.710762331248269486e-02
-7.812191307900443436e-03
-1.225560831365206382e-02
1.355415381053204295e-04
-1.346675375544535702e-02
-2.845895912907736580e-02
1.892708481538218912e-03
-7.801583984649458278e-03
-3.110431459576922832e-03
-1.011958616801113438e-02
-1.031258293197933121e-02
-1.664610076023259611e-02
-1.724834801330511020e-03
-4.627059344307713623e-03
-1.155529674215730095e-03
-1.828237122952002663e-02
-1.650766622884989807e-02
-2.341546515953352864e-02
-1.659700085884755275e-02
-1.326890112059990641e-02
-4.926060316104315800e-03
-5.302154419202830329e-03
-2.912841788680944552e-03
1.152067209801605667e-03
-4.397972823466443464e-03
-3.686061057633422365e-03
-1.326830699714731492e-02
-1.478873847034216978e-03
1.894429265753489735e-03
2.866903842927555953e-03
-1.335852477895692683e-02
-4.429314236222666595e-03
3.160802241750593385e-03
-7.625179300289833956e-04
-1.112728107982786756e-02
-2.390821761180668761e-02
-1.276322434718639778e-02
3.875972223424663850e-03
-5.557968277313800332e-03
-4.288673147703647714e-03
-2.574104612494538050e-02
-4.492619421535326389e-03
-1.218957010300912146e-03
3.664798215681911060e-03
1.448516665975449003e-03
-1.083208417753957903e-02
-8.457379332463642665e-03
-9.532909327687899169e-04
5.928410436141784423e-03
5.708192708590931544e-03
-1.291208535272851329e-02
-6.692719493681503415e-03
-8.391540239320319922e-03
-1.486061767051044882e-02
-2.725682063037951700e-03
-6.643642862307470170e-03
2.347083656433069168e-03
-1.181757319316154541e-02
1.921693744060415203e-03
-6.804931353853201255e-03
-1.084114954321651128e-02
-7.691460003934872183e-03
-4.059751921087497405e-03
-1.329380254391086466e-02
5.569604496424254459e-05
1.652488523601290671e-02
-1.735885687421218418e-02
7.598445949273989822e-03
-7.022524013504095886e-03
1.024593847678707814e-02
-1.353798795679906491e-02
-2.435147782103602374e-02
-7.094613860273785849e-03
-9.881610497823599057e-03
-1.924623610866383477e-02
-2.270776732525692579e-02
-1.116939804966072050e-02
-2.211766546687954360e-02
-1.706652813246784667e-02
-2.055388109548873452e-03
-2.085503949556995543e-02
-6.914482324742645541e-03
-3.964333896910134276e-03
-1.310667036080039038e-02
-1.879450552405407399e-02
-2.222903107733465583e-02
-1.371635453236500456e-02
-4.771457651525987456e-03
-2.077142488512078149e-03
-6.900493586192563839e-03
-1.591067656123083818e-02
-6.082015924227505803e-03
-2.616569443524950633e-02
-2.188294240916403496e-02
-1.745606386003153293e-02
-1.528044485849120414e-02
-9.431345185154095881e-03
-8.913666439705607639e-03
-5.238889622504211419e-03
-3.324153118186968289e-03
1.788155183222133035e-03
-3.092316864944480090e-03
-2.541715400624566801e-02
-1.681587774315090877e-02
-2.312417869982697632e-02
-1.838392417610532070e-02
-3.209261754686388440e-02
-8.588429953035620762e-03
-3.987776573950320425e-02
-3.069059482685997445e-02
-2.897466290372987044e-02
-2.843905368831157326e-02
-2.643024384869085974e-02
-1.090277732395338386e-02
-2.228835162990126101e-02
-3.112757548469383476e-02
-1.617511847469913985e-02
-2.202703606933419794e-02
-3.717437991039399675e-02
-4.217731407354920192e-02
-2.560605851049940415e-02
-3.119427644593858115e-02
-1.009013632512091932e-02
-1.992864632040840592e-02
2.037818932193261653e-03
-4.038425033950664329e-03
5.498253222422612267e-03
3.249001556507523716e-03
8.529897502421748129e-03
5.455501199484639498e-03
-1.345146389045339536e-02
-1.951611219691169394e-02
-4.381326201490951151e-03
2.034011228000687926e-02
-2.347206162813768229e-03
-1.486867161424058155e-03
-6.278414396706760714e-03
-1.378210540561794831e-02
-3.070367425039579115e-02
-1.226648077583783990e-02
-2.745248641708965959e-02
-2.558867656905315299e-02
-1.255388566437233566e-02
-1.610742150463595132e-02
1.777546267711610603e-04
-7.692195071566767899e-03
-2.343069385997962467e-02
9.583707462617198358e-03
2.397008955997164629e-03
-1.871692832461824968e-02
-1.387905565844851918e-03
-2.383749625080629209e-02
-1.649471354889765762e-02
-1.929478368828599008e-02
-1.129976864530158470e-02
-8.756676102954203886e-03
-3.456310797381902111e-02
-2.310811819872205658e-02
-5.674695366785973555e-03
-1.060603600211079862e-02
-7.259357031066469845e-03
-4.445802017001825729e-05
-2.060276417606582075e-02
-6.963459140977519557e-03
3.794988116160915095e-03
8.229111864650832595e-03
1.534057181464330497e-02
7.245755576427633264e-04
-1.400232475547758329e-02
4.496713520045446215e-03
1.093246312019379406e-02
-9.830059526042971701e-03
8.345156565596287962e-03
2.490217789352890208e-03
1.322130641936931569e-02
-1.658678172265822676e-02
-8.699321641621318019e-03
1.782803960235853843e-02
2.260322772219770706e-05
2.598828370116533851e-03
2.164725622796569507e-02
2.353734972315999277e-02
1.850453848729548614e-03
8.133094590155525794e-04
7.993619489458663255e-03
-5.411487676380958602e-04
-1.409841904707317441e-02
2.395211089986179921e-03
-5.937209986957574410e-04
8.520065345521085978e-03
1.036079569301532992e-02
2.576359584644130271e-02
1.577930964863909213e-02
-4.947121205175800465e-03
2.928089952738031909e-02
1.193879378284685641e-02
6.067882760385985216e-03
5.186122183285560815e-03
6.434104138393859258e-03
1.492773417556046353e-02
1.121711482668356907e-02
1.472825153258160678e-02
1.211298106541378906e-02
-2.029493104501020086e-03
1.089719611196812363e-02
2.228065103012392273e-02
2.111692684933502359e-02
7.410690533489481049e-03
2.046446148286612532e-02
3.016787898257085841e-03
1.126999133230388583e-02
1.273420784492417836e-02
2.109373398925251317e-02
7.945413670471851778e-03
2.039709744588577914e-02
2.452598749725978106e-02
1.499873628859515334e-02
3.587584649028251714e-03
2.373660701974422693e-02
2.172900451027148100e-02
9.343452618263676721e-03
2.367833210335681948e-02
2.166515457737432093e-02
3.216641339646141018e-02
1.935338721912696971e-02
2.794724736297657733e-02
1.531899201413338373e-02
1.049446507470878746e-02
2.208587095043816617e-02
4.336747340150774038e-03
3.119877849785504878e-02
2.253832982899096546e-02
2.566000938992446870e-02
1.064875385009942180e-02
-2.857219150068840852e-03
8.524012139668676880e-03
2.764194550204554859e-02
1.371571898770982539e-02
3.218170245297506671e-02
1.455852765595652513e-02
3.177594355469693516e-02
2.929604503455120537e-02
1.801481619503864789e-02
1.547991239284704978e-03
3.051222808555552335e-02
2.242672116078910788e-02
3.977284612718406248e-02
4.996298702082968557e-02
3.849028452078799567e-02
3.301637017201995011e-02
2.556518603794471350e-02
3.530660021543058358e-02
2.761202533526043931e-02
1.017222807941113236e-02
2.512228112133756477e-02
2.086270675538543992e-02
2.601059116713408392e-02
3.142892329454796685e-02
1.292032978017277137e-02
4.531988048256858394e-04
1.157400702153980540e-02
2.573353170086382230e-02
3.411600711474875591e-02
1.885028429509946757e-02
1.576823797690400306e-02
9.237900490580375212e-03
3.453701503873182754e-02
3.660953917135551655e-02
4.229788975628864800e-02
4.178730579766816444e-02
1.936119351191837104e-02
2.328860554215328796e-02
1.607209613739924228e-02
2.486415349471120945e-02
7.311520979318241256e-03
2.859336737009727375e-02
1.742939523873771393e-02
2.313507572086442518e-02
1.845533710836787938e-02
1.207403186442266782e-02
9.588659001637274762e-03
1.812001567692897788e-02
2.775400490688454888e-02
-2.538718286372238994e-03
-5.201583459255674363e-03
1.447777740025966205e-03
1.163365491424989649e-02
2.067416329571637387e-02
-4.864743279165560826e-03
9.349512648827950495e-03
1.194256353172050769e-02
-3.646623953565136019e-03
-1.587405588739280310e-02
-1.011821860755570540e-02
-5.405896755741311857e-03
-1.044616361397367015e-02
-1.228061598127672474e-02
2.042991796207425589e-02
5.417052507979733256e-03
2.606087629806412564e-02
1.352720752716217445e-03
-1.668128958280043830e-02
1.718145444196911916e-04
2.723676344923315132e-03
9.966738026651159738e-03
-1.863993159753523981e-04
-1.471503838645355638e-02
2.848248861736752541e-02
-4.635536395580347989e-03
-5.247504620136973080e-04
1.235480745631934753e-02
7.148050333150307231e-03
-1.951479814755136682e-02
7.637038168566532767e-03
6.043612222151759951e-03
-2.008260453171532151e-02
-2.768542597947751347e-03
2.498720449751856264e-03
5.149269952022998351e-03
-2.722121498778171632e-03
4.535997247261270432e-03
-1.045090393715249720e-02
1.101604380421551156e-02
7.226558435624886104e-03
-1.980278088384705357e-02
2.821580247348113094e-03
4.175377854353501221e-03
2.884021536133341695e-02
5.013264341898515490e-03
1.042920221695404874e-02
9.255011174906206325e-03
1.725903968237144743e-03
2.376355989090798981e-03
1.294716579719178140e-02
-1.015911231885326463e-02
-6.886359032394120255e-03
-1.501160617806241923e-02
-9.659680410829677918e-03
7.076424348782459073e-04
-2.909229859654935066e-02
9.190950044410410927e-03
-4.991343665069920658e-03
1.029109423862487049e-02
-6.082705225059899419e-03
8.962596215784176742e-03
3.108291157963450485e-02
-6.225383152150815516e-03
1.547842969777190637e-02
2.006684793508631270e-02
3.632073625748686446e-02
4.246457573242520128e-02
3.083402520166641028e-02
2.941409375219753916e-02
3.232170641047579784e-02
2.242009166736442377e-02
1.036957793815348507e-02
3.105326577494262053e-02
2.811453330809006793e-02
1.560828697642844317e-03
3.556876387300884901e-02
5.231122664242735844e-03
4.431711138129231647e-03
1.457069015754247111e-02
1.190921083460340368e-02
2.595129325665457547e-03
1.479629791971843848e-02
2.733456640202594837e-02
1.992034692232098544e-02
4.142148172477562625e-03
1.106779812689581179e-02
-1.025056454408108421e-02
2.174438519411356699e-02
-5.174367444173332692e-03
7.231869367346008791e-03
1.927750268987068333e-02
-7.574678945572606813e-03
-1.366650469795301472e-03
-4.372566167471923955e-03
8.179452008128000259e-03
1.687315831817359432e-02
-2.271065112687415885e-02
1.839065613491347451e-02
-7.123450196009259959e-03
2.402726489532922699e-02
3.471011239372309015e-02
1.435211472458227701e-02
1.540763850566692281e-02
1.759956354219057578e-02
1.625320995439448815e-02
3.853420319455984344e-02
1.858611196471197935e-02
2.382270395156544512e-02
1.117008432642172151e-02
1.024830306874165153e-02
1.527382272987296875e-02
2.675341172918617103e-02
1.247316318231145651e-02
6.168755818250417668e-03
2.703515684067327174e-02
2.596732322742340351e-02
7.859897965635360972e-03
3.080246726932657497e-02
3.611731252988494706e-02
6.116200603641660551e-03
2.230082384962411846e-02
2.698976652678592575e-02
2.884552232331344390e-02
2.521165780701771150e-02
2.977715065268292209e-03
4.003082613470995005e-02
2.305205371269873973e-02
5.912616733199166190e-03
6.328717101565712634e-05
7.987447902018791207e-03
-1.234806732027563664e-02
1.044718106209942439e-02
6.314822761876899559e-03
9.502793857047889953e-03
-9.008891427545852662e-03
2.508859479880209964e-02
-6.302254000559922307e-04
1.086095908122401872e-02
-8.534518954113733819e-03
-2.829474980171183332e-02
-2.381017216930603284e-03
-7.420950621621959578e-03
-1.145835378087869429e-02
-2.898525261968553073e-03
-2.480396511735894968e-02
-3.985024666943374344e-02
-9.885630919768186378e-03
-2.126937529942027512e-03
-1.747772366211429104e-02
-4.493372596798116819e-03
-2.890561074816764414e-02
-1.402277424725992608e-02
-1.213862822203192696e-03
9.598746642022356300e-04
-2.726587081142735000e-02
-1.309209182130038722e-02
-1.202869702307760372e-02
5.416055372896078947e-03
3.306122519143717044e-03
1.798253850181617819e-02
1.892241163252321792e-02
1.951988775502196474e-02
1.588524395479237045e-02
9.465499964373935357e-03
1.974824871787441913e-02
3.437316963588303576e-02
2.893645750640268244e-02
4.005034606281606541e-02
1.613152049007026204e-02
1.874509930087701545e-02
7.257819051333666907e-03
8.187694599273537613e-03
7.254926872821650975e-04
5.838718576429839310e-03
8.964497478902787309e-03
1.399014724244734657e-02
7.368699401456917444e-03
-2.664873470595758870e-04
-7.194447246345787167e-03
3.208477216361580505e-03
-4.144135737516918376e-03
3.491078737080395415e-04
1.867154199412540683e-02
1.312174292231637653e-02
1.590152576646455254e-03
5.422474059030351831e-03
-1.052151845234991327e-02
4.527893782063722658e-03
-1.933567412404341547e-03
-1.574227305268120075e-02
-1.720411122586785330e-02
-1.523274107504888307e-02
1.224497343161615528e-02
5.907879082419429349e-03
-9.152188812556723632e-03
5.747329652933758949e-03
-1.297565327676657339e-02
-1.385973683836469201e-03
-5.616325021539388465e-03
-1.795967603359712589e-02
9.897240806173098621e-03
1.591427347098934436e-02
-1.542056262922119171e-04
-6.839377924052909494e-03
1.554369329904914734e-02
1.614490638481473617e-02
-7.852992631092462622e-03
-1.316107932299061907e-03
-2.357252082564676669e-03
7.454181128507091948e-03
-1.640556816389918875e-04
-2.081946201671300983e-02
1.689451479207708384e-02
-3.334432441206714847e-03
1.009201988831856869e-02
2.430877555966876394e-02
2.089918099906351925e-03
1.211522796126900982e-02
9.575942292805625713e-03
1.568476217071802098e-02
5.421522622147417585e-03
3.915202067964687616e-02
2.502303621383971874e-02
2.259750396779180645e-02
5.349962992610436327e-03
1.891270484913742944e-02
5.108851579383470211e-03
1.617784837999638320e-02
3.142549199132756849e-02
3.760450742311603062e-02
4.543866741209053733e-02
5.351295345364887046e-02
2.510111058824396682e-02
2.191864741154634592e-03
3.005795977900680566e-02
7.477250549501069168e-03
2.217791588206870224e-02
3.029929423177177630e-02
2.159397077935375567e-02
2.715196753800037943e-02
1.828951923301452842e-02
3.504567937701985603e-02
2.988685683906966081e-02
2.838870680600085947e-02
4.514627097997134936e-02
1.400252463800029032e-02
2.711879177312164976e-02
7.969320662641022138e-03
3.003521011722547554e-02
4.016214349322157207e-02
3.552917576867112986e-02
2.729326198882498986e-02
3.309397432455047500e-02
3.112466924616283728e-02
2.975228794388425080e-02
4.873320567036617396e-02
5.327644828536153704e-02
6.237788111948016495e-02
3.691144064773994871e-02
4.259758703031863575e-02
3.454099871240955827e-02
3.134469417469940011e-02
5.143568602025843511e-02
5.343438120110024364e-02
5.385937818710952868e-02
5.227886657717303182e-02
5.270082598215899278e-02
4.889769526972104902e-02
4.358140011115242685e-02
1.114999755110360549e-02
1.793225816196525671e-02
2.498882948247066124e-02
4.488105300983966789e-02
3.546720851591319418e-02
5.895451052298340128e-02
4.321878995831596876e-02
5.437640619607340270e-02
4.020116864501062370e-02
2.280469154122349157e-02
1.777536348390967857e-02
3.661282163943048451e-02
3.694520338140692972e-02
1.949295297308320171e-02
3.656965425266657521e-02
2.551404795326796954e-02
4.183020185595882900e-02
3.766751303928620592e-02
2.546732254197304340e-02
4.459498940038457426e-02
2.250450429480557041e-02
3.997357943579484679e-02
3.696401962828325949e-02
6.437155152503412636e-02
4.413443147138100542e-02
3.819323584800930760e-02
2.773064974670929814e-02
3.705130843840405419e-02
3.324261800660739674e-02
1.226544009876644366e-02
2.992588088523332260e-02
2.310529988395296219e-02
1.756409030460237206e-02
3.701495423211390717e-02
3.141463290993944807e-02
2.537197478225285477e-02
2.278634540367790659e-02
6.315477847756482965e-02
4.210855132544943230e-02
4.003876395627405799e-02
4.906263528999609685e-02
3.132160639711666084e-02
3.740685183497163835e-02
1.559130973035368489e-02
3.150192605515402672e-02
3.847132108448541449e-02
3.937918470904618745e-02
2.879495156436401998e-02
2.150944633986108176e-02
4.096364185961191839e-02
2.270525205936772817e-02
1.375213454216091952e-02
2.000413544310100655e-02
2.045853650158716355e-02
3.311300042059602683e-02
2.533385990745095837e-02
1.485150500595024646e-02
1.149988258567547807e-02
9.910322272106333180e-04
1.911627517297986856e-02
3.460746598158035564e-02
2.499799041584475565e-02
1.867103104206980016e-02
2.622855628264322836e-02
6.706830202318800165e-03
1.323211453666038075e-02
2.507727498587366058e-02
2.933584738007731854e-02
1.756055878069430476e-02
3.268261592975309215e-02
9.218564878766022028e-03
2.509909409143023726e-02
4.582501840263162457e-02
3.914691392727578240e-02
1.859291445838176515e-02
2.649223011131710687e-02
-3.899777473997902231e-03
4.127184626347736585e-02
6.901762885596514178e-03
1.005789856358843895e-02
4.031662283547136384e-03
3.785676907709423222e-02
2.618619488695695524e-02
-1.976392618534606339e-03
3.106797671574308695e-02
1.573441832872911339e-02
2.133717894561135489e-02
2.347159575756253835e-02
9.792660423040196530e-03
2.204053111064287890e-02
1.907365112842024368e-02
4.525488260916193939e-02
2.690458217295034482e-02
4.026213075875814673e-02
2.899322733869474922e-02
3.078101353289350306e-02
1.132390606655177788e-02
2.156006208678800523e-02
1.237617988073457485e-02
8.107825284418971809e-03
1.923155277919624123e-02
1.308225071970628775e-02
3.629619073916259993e-04
1.832865563411366014e-02
2.257391407496096847e-02
8.713547766431607722e-03
9.022106945130224306e-03
9.783649406900071094e-03
4.998222370550490547e-03
1.478731330984661523e-02
9.523162981988523429e-03
-1.306583611709325951e-02
1.034713105324535504e-02
2.729716626214865466e-02
1.773888104490069922e-02
3.201445038759808976e-03
1.581819033599708713e-02
-2.133442111816740479e-03
1.547804031456794308e-02
5.810283657078261881e-03
1.755958778043358731e-02
1.241189560666762851e-02
6.337923816676901100e-03
-2.327759330069578692e-02
3.266268084394812008e-03
-2.658208536884653500e-03
1.167424423165112912e-02
8.916950748937346044e-03
-2.091234469280956604e-02
1.026773683239903812e-03
1.913698718408914437e-02
2.774578355471047156e-02
1.587154734735753137e-02
9.906365661847348070e-03
2.117894142349476764e-03
1.301510167533636089e-02
-5.429776715742543232e-03
1.479977138837372877e-02
2.432729454786107005e-03
3.178822640792840909e-02
2.416790269705153867e-03
1.718324993458418548e-02
4.452060565652261881e-02
-1.022488978894888455e-02
1.105260004312946971e-02
1.385559634832689985e-02
-1.121368745894334162e-02
-1.899073438656297477e-02
-5.590232783761996810e-02
-9.917403173071576150e-03
2.081026790014324848e-02
1.834229206554738312e-02
-1.229935901412478570e-02
-2.139133249864067464e-03
1.891869064443203741e-02
3.198000155526731225e-02
5.541888155004837113e-03
7.995235528548283108e-03
1.840988810485324687e-02
-2.070970239205134275e-02
8.032698135862338315e-03
-9.760174710118293961e-03
-1.570124393710993493e-02
2.259313072706327710e-03
6.553733754043103953e-03
-1.776482060936963869e-02
-6.655934531476130969e-03
2.386526528875985986e-02
1.809299359131564394e-02
8.826008884412863895e-03
-7.285799550478369406e-03
3.146193382561903590e-02
4.658110702236904765e-02
1.062613160631151708e-02
3.473074930473787209e-02
4.961562725452348804e-02
-6.403492327570326978e-03
1.945646108900890223e-02
4.230115401797040348e-02
1.580372636580289550e-02
1.460855442381426769e-02
2.672033970202742498e-02
4.734400507706456457e-02
3.226337448928302820e-02
2.395216824838737255e-02
6.814614178891464230e-03
3.391633218268467337e-02
7.898456515092444272e-03
4.668904485795241643e-02
5.014951131539040902e-02
2.288801795170444450e-02
5.085755988055248172e-02
2.690308147320281257e-02
2.555549255106146986e-02
3.868572815328970987e-02
5.121678253003648928e-02
3.687601023301353975e-02
5.738915312567854227e-02
3.937205769353068624e-02
3.844056346518458928e-02
5.734473409003770783e-02
5.210533177691842321e-02
2.095666691370609569e-02
3.367860791877200916e-02
2.656835870976637353e-03
1.601831992788564640e-02
2.678535007619850614e-03
3.246407251393283733e-02
2.422150829188477600e-02
4.291035574367566864e-03
6.165456699810380192e-02
1.804599012953277473e-02
5.149947813547382791e-02
2.707421799463879952e-02
4.795109672922179267e-02
3.073698735058161269e-02
2.809794360234120839e-02
3.996392490557456462e-02
4.022703098094383700e-02
3.924493261026921337e-02
3.983092015248473200e-02
2.869193897861936279e-02
5.292914789060636227e-02
4.647800116528633813e-02
1.356621117466599857e-02
1.638284587998655242e-02
4.126323742758195717e-02
7.477814401067338357e-02
5.353634877535901754e-02
4.940983943656680755e-02
4.582648004320501872e-02
5.007945586076573141e-02
4.069519473599299969e-02
5.025810953143142190e-02
5.965191310093152094e-02
5.746121117325778821e-02
5.311774219723332247e-02
3.324223893407328434e-02
2.692169468278993866e-02
4.949516626239874179e-02
2.781911152344034716e-02
1.686781337571330655e-02
4.779359535769212020e-02
6.041890803172896007e-02
5.282497726393146908e-02
2.760014160234988689e-02
2.650648252315070466e-02
4.643915176503552594e-02
1.117835188184474436e-02
2.980565670223004476e-02
4.841039805425150638e-02
5.624403415742942197e-02
3.170913678781959316e-02
6.504658013694505914e-02
2.163929734473463845e-02
1.182911512032398804e-02
1.987807470906982274e-02
4.849013730759114960e-02
3.174689651655341477e-02
5.094898927147449574e-02
5.904702105061363643e-02
7.916783517011312388e-02
6.293014742267401262e-02
5.771547475485915013e-02
5.806887170570448203e-02
4.707971033696772140e-02
7.689865562924266817e-02
7.162070112576016112e-02
6.797195490560267728e-02
6.257475845615587118e-02
3.904293517527808455e-02
5.724283236049812484e-02
5.371146220219345790e-02
6.489227709106527853e-02
5.434806237369346760e-02
6.662029349784774623e-02
4.148680880857839870e-02
5.956866732969543637e-02
6.010751876973065982e-02
8.406804083187195686e-02
6.258958498185410169e-02
5.574951917740686436e-02
6.083615819866728530e-02
5.729427172227596898e-02
4.836526498107904248e-02
3.354253382296525782e-02
5.720097860047669569e-02
7.781529801247820399e-02
6.904359670127170612e-02
7.636410335123146320e-02
4.557308258711471882e-02
7.451989244193833739e-02
9.040413253589474341e-02
8.319674714457116205e-02
5.504540770816843120e-02
7.023015787226188911e-02
7.505623737212407942e-02
6.992422272282741713e-02
8.275480656741585062e-02
7.988545356672166475e-02
6.452432606238972523e-02
5.739782521467145376e-02
6.915322505649679208e-02
5.544184626382280684e-02
5.204568268251622866e-03
5.353500123410588618e-02
3.673839604065875369e-02
4.908578620442353296e-02
2.796515457469956473e-02
5.423586046102279318e-02
3.486371572878672193e-02
8.271795252776451002e-02
4.972286146593847544e-02
4.202915625344340322e-02
6.625508502044220871e-02
2.453444459385748649e-02
2.084075965828688717e-02
3.570441672368594721e-02
3.351764144114192240e-02
3.601783717568395743e-02
2.602970025568577053e-02
4.950761561250072162e-02
5.901628652647422646e-02
5.926182964659543195e-02
4.853170954134339993e-02
3.837144127559879991e-02
4.025579774736101624e-02
5.318562025069234478e-02
6.815863252121619198e-02
2.246868100695242898e-02
5.425569414612873426e-02
5.058802652498384234e-02
3.216769954685351485e-02
4.924903185200023986e-02
1.866309367986239767e-02
6.606745261441253347e-02
3.570384089860579452e-02
6.648312567145893415e-02
6.919322280558090621e-02
5.237596143177403879e-02
9.724930570718118283e-03
2.672996827568737896e-02
2.684989243842369339e-02
2.873085581715769526e-02
4.327680765087400794e-02
1.592291773512689856e-02
3.908936710468664810e-02
5.045090433095750226e-02
3.835578797134828397e-06
4.745127713457290147e-02
3.633785229863723681e-02
4.261401902869962205e-02
1.293860629477241835e-02
3.321614530573659130e-02
4.453903180421849711e-02
4.028647343323189106e-02
4.149162428932076652e-02
3.104533724842584858e-02
4.269700232470281104e-02
3.248843196624558172e-02
4.948602039847205258e-02
3.873578098742962855e-02
7.098679382271990204e-03
4.808261069834701695e-02
2.792641394612228531e-02
-6.868436786363734010e-03
2.462847447741867493e-02
5.352089116603505475e-02
1.514098565039301118e-02
5.037599509552617011e-02
4.784291284282560924e-02
5.113068349529560630e-02
2.223220853511000475e-02
5.516628417575540622e-02
4.091222265827314242e-02
3.588331371106945333e-02
3.581445977400309760e-02
4.208921662960458249e-02
2.963192602748533980e-02
2.807046442780121789e-02
3.658295359843938971e-02
4.075534777912352691e-02
4.471987437947314015e-02
1.401224791421112545e-02
3.834788962342450952e-02
4.592939918731730325e-02
5.018132413241088025e-02
3.244778327227318838e-03
3.060947295858621950e-02
5.647271265622987729e-02
5.065157107951593490e-02
1.428701482330706207e-02
3.865627502747627509e-02
1.391048756371884160e-02
5.300118853737026403e-02
3.932721645797684906e-02
3.441650614814902032e-02
2.799827717771446317e-02
1.092189240506191358e-02
4.882058781748797177e-02
2.664185110069530044e-02
2.710238314357693926e-02
3.978566036594900074e-02
5.751721209153332764e-02
6.078578451718510967e-03
2.780668122992054417e-02
4.701480701177148530e-02
-8.167957761902064004e-03
3.931716089871682696e-02
4.375493493357603125e-02
4.126330982510780648e-02
6.492866249266877887e-02
2.682386344714681251e-02
4.735083458457181593e-02
3.240414477630215728e-02
6.912992487426695976e-02
4.415090982562666633e-02
3.398253254696823739e-02
6.038645194826133128e-02
2.705974749409595457e-03
1.912831435990883840e-03
4.216646951191508480e-03
2.203178628866376415e-02
2.368078869608757422e-02
1.397311539449532132e-02
3.763407151022993280e-02
4.221003888478747773e-02
1.212914166599693422e-02
4.764402497750887255e-02
2.887259573124506540e-02
1.832730689164236565e-02
7.891142749331244918e-03
4.303755796760159319e-02
4.781784319275680234e-02
4.390472799947545135e-02
2.857735533810877929e-02
3.621215175624785398e-02
4.817129402972740448e-02
1.008658897620286383e-02
2.087024814011927826e-02
4.778199616897731150e-02
2.650392837689452552e-02
4.392984519178966263e-03
1.273052536078592145e-02
-6.375315825498787704e-04
1.689856932428403236e-02
7.429467797515965088e-03
-2.755862412945744161e-02
-8.461333354027648912e-03
2.148129646284610214e-02
2.903051382494875252e-02
2.835899695705792686e-02
-2.758767867932237659e-04
7.879212956102206759e-04
2.128457544878929741e-02
-3.646642026133102565e-02
-6.056749794710680236e-03
-1.246777256823278918e-02
4.783747082392617554e-03
1.506272812740677182e-02
-1.252621127348134585e-02
-5.272748555759641277e-03
-2.675899942898046086e-02
7.614941077434808636e-03
2.901078699316988682e-02
1.493439135491289463e-03
1.498684412657576293e-02
7.285349971537397398e-03
2.878035848070822217e-02
1.762236696221523066e-03
1.742983031293410257e-02
1.388630469954632921e-02
6.971174588265290767e-03
7.690857303901960616e-03
2.334218159342855287e-02
6.645856588485975214e-02
2.738681875171894778e-02
3.648584305680586948e-02
-2.310707930595477105e-02
2.347654207398998730e-02
-5.730561459239330926e-03
2.364346030756889899e-02
4.569809466276460175e-02
4.909802460726656048e-02
2.266480808144132400e-02
2.538739869553766071e-02
-1.173187008395458301e-02
-7.716812811841187135e-03
2.497221608174914932e-03
1.559215012322690865e-02
-1.056175654239993079e-02
-8.671465826162870483e-03
1.431708999699032349e-02
1.254602918257140438e-02
-3.842277991521723945e-03
-3.151003972273561105e-02
-8.837015102621501722e-03
-5.742297601429739717e-03
-1.016271007123161624e-02
2.019996751183401971e-03
2.439481418629980622e-02
9.444109232763949618e-03
9.684103698787294850e-03
-3.736423857867049100e-03
1.381329062572297754e-03
1.887835500495562563e-02
-1.372557460484956707e-02
1.390590227705734185e-02
-4.703780508023247889e-03
6.763879757951407352e-04
1.090049747571612132e-02
-1.439733537488471771e-02
-2.273818680768310146e-02
-1.823637953325178262e-03
-2.934134655186912757e-02
-1.902018380171634562e-02
-2.451806435712790277e-02
-7.539838323832001241e-03
2.267816364340339425e-02
1.495290378555774909e-02
1.542872596954661217e-02
-2.338015112493827333e-03
8.448990030397802303e-03
1.256056382173815003e-02
3.509965639130623039e-02
1.873681350528069375e-02
-2.131491652294249112e-03
-2.018628746007354244e-02
3.899852987926138341e-04
-2.459335104662099813e-02
8.420832719644121694e-03
-2.385059786385513095e-02
-1.897421708292554299e-02
8.073812438992696017e-03
2.128775016568816569e-02
1.843997366086262343e-02
9.959148491926677477e-03
-1.589981147636284828e-02
-2.294056654241730109e-02
5.377123657692228298e-04
1.620710189840007462e-02
4.840432166330878305e-03
1.356666206409016563e-02
2.951646347455693861e-02
9.593516840718373240e-03
-6.705287216844459802e-03
-7.102898309770009841e-03
-3.443782395937140112e-02
1.293985393020401567e-02
-2.316881862416406146e-02
2.708586215941157643e-02
-2.790903471281076624e-03
1.027236132167357735e-02
-2.238623045450123875e-02
-1.662943574991126300e-02
-5.585661369009422070e-05
6.873705401035521551e-03
1.544173651349255161e-02
5.969945509845290058e-03
4.228494213743209246e-02
1.358398841628562573e-02
-1.045249775843382946e-02
8.846912264725196803e-03
2.416770579913690362e-02
3.304006895450531389e-02
2.152788172041620804e-02
1.813644429960745499e-02
2.264261069590681186e-02
2.878463338605618399e-02
2.432882298908259008e-02
1.749280296104889845e-02
2.570376679418482496e-03
-7.903876104463745597e-03
3.368991995509939413e-02
-1.475241461815639081e-02
1.210300208945656848e-04
6.132282286100996377e-03
-4.187716905534609457e-02
1.966700456430158298e-02
6.290457056101577543e-03
-1.896066097766517934e-04
2.965063192475688586e-02
2.738674968630735920e-03
1.761487227364033278e-02
1.470105977194474146e-02
1.430955411210750941e-02
5.573345364425882215e-03
-6.590805567220375631e-03
1.144320334489483046e-02
1.823856072330276579e-02
4.889355878120377891e-02
9.283637963340878388e-03
6.431939759655534022e-03
8.888017797260535161e-03
-5.803544611755036275e-03
1.558667665001123954e-03
2.835926215544305740e-02
-6.033487504926111043e-03
2.762688196402630914e-02
9.687943870436989055e-03
2.931299326176832823e-02
2.493611198105670848e-02
-2.617017788726495875e-02
8.692402175226154881e-03
4.498090774525079216e-03
-2.619684875965213808e-02
4.583397947197005717e-02
-7.627414599391670741e-03
1.210452425718050104e-03
-1.658977149791856717e-02
-4.253441598217619357e-02
-4.228126018618325738e-02
1.262179378594256891e-02
2.958320265816423086e-02
1.596776455535885847e-02
-1.711044625916370923e-02
1.373411141305875584e-02
3.147051928093155121e-02
1.594337266881609705e-02
1.330451179664635109e-02
4.365703843857361016e-02
4.173617725400081968e-02
6.066446513703058208e-02
1.926860052691298925e-02
3.345274078182083888e-02
2.284322352709715342e-02
1.511310038957118518e-02
3.642599398673213723e-02
2.571170228703335836e-02
4.151274513337358668e-02
2.218477056278264983e-02
9.183961660158513826e-03
5.427226771249767795e-02
2.727692229430669565e-02
1.278291976139277891e-02
5.885500572101827477e-02
2.127365374088973152e-02
4.067281502763303580e-02
5.495841411092597384e-02
6.763668581562745467e-03
4.648900113329199751e-02
5.418889201308459136e-02
5.492008918448230970e-02
4.165558353260743335e-02
3.740127038347592497e-02
6.635754231658391733e-02
2.068385983867313677e-02
5.721565755232265599e-02
2.774482768293513174e-02
2.569780352469358889e-02
3.577528582743788599e-02
-3.228404342218497980e-02
5.384781919811697237e-02
2.702128571945839122e-02
5.477679836576058309e-02
2.873232839211482814e-02
-2.899081452242485181e-03
-8.093543280671024534e-03
8.750410729803112606e-04
3.881659700643244615e-02
1.003358736755214850e-02
2.557926148810711880e-03
3.764479055406261265e-02
-1.737766897500216817e-02
1.239247077617614511e-02
6.897342105879969432e-02
4.082072071627367710e-02
1.063450320428200105e-02
4.831109819472099998e-02
2.803639041291963729e-02
5.517377600698825102e-02
8.408670133041331457e-03
-2.073917667772091911e-02
4.472283216111181542e-02
-4.778757990581106413e-04
2.961569656046995208e-02
3.939756814318301492e-02
4.851048506684490363e-02
2.623513357887322095e-02
-1.806861941993878617e-02
7.501357926274292674e-03
4.914856456812393554e-02
5.569291010216642634e-02
5.576645673887142135e-02
9.639164995733680297e-02
6.327486617077182629e-02
4.117652291983504159e-02
4.968889306528283950e-02
6.561377816907862370e-02
6.160778712602076740e-02
7.367778447127744379e-02
6.131245294003327684e-02
2.423627231778318139e-02
4.829798354351267503e-02
3.556945260823229926e-02
-2.899008522325849900e-03
2.907577240951139327e-02
1.311965660839932782e-02
1.342559077284798813e-02
7.431331201909805069e-03
1.283131569076993890e-02
4.365650398656237968e-02
7.476306444546027864e-03
4.619041427235572733e-02
4.918399897030724388e-02
4.610986807259878639e-02
4.075425293234594820e-02
6.742207372369478369e-02
2.780395407619529885e-02
4.130950139222194784e-02
4.565585508139472642e-02
4.675102701698849450e-02
2.643112198971936042e-02
4.215226028049133544e-02
4.198580015918729896e-02
4.245333035092167112e-02
6.938842387846828885e-02
2.888918130777274815e-02
8.521830330739495196e-02
4.935460746884646338e-02
3.968448788127415527e-02
6.687127195768405308e-02
2.050406327022260763e-02
3.995959727290897268e-02
3.959627830869650450e-02
5.874522036265130559e-02
3.713580627315499899e-02
7.432522416603269677e-02
3.934609631838816707e-02
6.603357531314758833e-02
6.776482131406651177e-02
9.084802060403282531e-02
8.385130306055327276e-02
7.718311777144956642e-02
6.957231825813590953e-02
6.861021375527423527e-02
9.072232950361210080e-02
7.082520908762250655e-02
6.053182594880791162e-02
6.163610137994038340e-02
6.730984629548637799e-02
3.218690868733961596e-02
2.832600522018793865e-02
5.378322954287517027e-02
6.522582954260279509e-02
3.255068608446306383e-02
5.995839842874826214e-02
7.132903752791061591e-02
5.622618578450350874e-02
3.816650717690344558e-02
6.783171217945521692e-02
1.002630265369819501e-01
9.077809767567585064e-02
5.887216087882694848e-02
9.262564867519620937e-02
4.412247802583579848e-02
1.007199199442125187e-01
4.770908100799243351e-02
7.901380744893385377e-02
9.567906253789815185e-02
6.202767033187358420e-02
1.034107109414992148e-01
7.246846809574250536e-02
9.864159458907431621e-02
8.142151682146328562e-02
1.127552008870752881e-01
9.561578170172808921e-02
1.034714136042889504e-01
9.608019884733177973e-02
9.778924003128748599e-02
8.825661564680570281e-02
8.622557433076330491e-02
9.659210700855055953e-02
1.225450392178015213e-01
1.088954933038362577e-01
8.725401034317038784e-02
9.859171680229449064e-02
1.240902554919451617e-01
1.047475664377964244e-01
1.236066622646312535e-01
1.154281376362552292e-01
1.124596227556079048e-01
8.841029570191007159e-02
8.699769801602587338e-02
9.269398874452212944e-02
6.612364661402610200e-02
8.593056706747023710e-02
8.649256090458050383e-02
1.133599205232827117e-01
9.930243049221214313e-02
8.973848136301375289e-02
6.375818868279543861e-02
5.991544520092307452e-02
8.912629907216566838e-02
8.489431398574286136e-02
8.526299289469280174e-02
8.884784753702765214e-02
8.819434566161986344e-02
6.824935198287533644e-02
9.938712354384483805e-02
9.042066198918215225e-02
6.975209173984514566e-02
5.652417534010463485e-02
6.732373826952331441e-02
7.902257212365478012e-02
8.479600577316721843e-02
6.552530821507655812e-02
7.362307251745139891e-02
9.552479078891698561e-02
7.698375301046109231e-02
8.236304140014992503e-02
6.002975108870448051e-02
6.679563029098255222e-02
7.074298788010653649e-02
6.168104557057305787e-02
6.139018672557481487e-02
9.500248520454480927e-02
8.948578712384257228e-02
4.861620881761124363e-02
4.978609228457392399e-02
8.739030992376610463e-02
9.042183931947246622e-02
5.600077260264160056e-02
9.025994634135243999e-02
5.594683378215155323e-02
6.393615107725611479e-02
7.532656279503462116e-02
4.912963391263251017e-02
6.799349824877153059e-02
5.871921044669521639e-02
2.902470291688475507e-02
5.850064928554772614e-02
5.576167083103737709e-02
2.198994976294722792e-02
6.050904190458650939e-02
3.971707543085362807e-02
5.762688852779057624e-02
6.761320024379034732e-02
1.742724764720370023e-02
6.045838105997777823e-02
7.366087641379362450e-02
5.759033897477471714e-02
6.213206974872922256e-02
1.010894805857214390e-01
9.951478349708958726e-02
6.398838956490755792e-02
5.369647779877719657e-02
6.155461669059537205e-02
7.065053407588627044e-02
6.648357652490914649e-02
5.808240903297401392e-02
6.084758178635876757e-02
6.408395884772734308e-02
7.930656046521168678e-02
6.558513548163578954e-02
6.696619646164420070e-02
6.362103757914243374e-02
9.366042522229628409e-02
6.246636928716851889e-02
4.147030935376385535e-02
5.470716338175683757e-02
4.802806150133580310e-02
4.713305503285693254e-02
6.024757693920369112e-02
4.327751583250912665e-02
7.212120000675180387e-02
7.272977004593818295e-02
5.504660792296424410e-02
4.916570110580239378e-02
7.552690311948882795e-02
6.842806521717360868e-02
5.506462698133025857e-02
6.257852344848112425e-02
5.442718782508246256e-02
6.226576472444594890e-02
5.815844254551964104e-02
4.743832201722457398e-02
9.659117599307691371e-02
7.168976614399021063e-02
1.011690999602656710e-01
8.487788803308300711e-02
7.184943068651121478e-02
1.025964577310593262e-01
1.009796043201831028e-01
9.767347979883399256e-02
8.391440832998550703e-02
1.015427250806556908e-01
7.768537591664620434e-02
9.020154058400166319e-02
6.608752668865128244e-02
9.473771085735537001e-02
1.062130658706457731e-01
9.204745613113003710e-02
1.089866065812380436e-01
8.360659076844081938e-02
6.386223238930331669e-02
6.627095776317371012e-02
9.111133309676827663e-02
1.018445747152999792e-01
9.913704540140083621e-02
9.778076793452904203e-02
8.647835182145559296e-02
1.017309488305876836e-01
1.239961697911307892e-01
1.228406045257863372e-01
1.045999488922096515e-01
9.700555338186296617e-02
9.038181504505338193e-02
1.139928361447127836e-01
1.057347418501516090e-01
9.278313444493412054e-02
1.051865385074005066e-01
1.025797684657045183e-01
1.013919686592256175e-01
9.520275383379570022e-02
7.378258085090269591e-02
1.174658540910873267e-01
8.954697277311186865e-02
1.035273586570043675e-01
9.925265288498850980e-02
9.379894043898545641e-02
8.802816883291375571e-02
1.220693445242676395e-01
9.252925727439684223e-02
1.006757181631887516e-01
1.142849712591068184e-01
9.617925152353949680e-02
8.960684416664782548e-02
9.415005954768967955e-02
6.524938562914041340e-02
8.397416677970301335e-02
1.060706837753538911e-01
9.044764024506561639e-02
1.066536260214420717e-01
7.364280967358570462e-02
9.136181598337145271e-02
9.004615331849977200e-02
8.949285333376776064e-02
4.396685350051243030e-02
6.275564447743645080e-02
1.062272929696620044e-01
1.058987096174009435e-01
9.224774726658484247e-02
1.018814224970988058e-01
1.063133337350575525e-01
8.748931954049876669e-02
9.619984850988023972e-02
9.095223876216930459e-02
9.202383845330605605e-02
9.998575059521951081e-02
8.424863438202161159e-02
1.000464806622489294e-01
9.548513253811272139e-02
1.053922193282992442e-01
8.422714981784182320e-02
1.061260506577488133e-01
9.700982137078056899e-02
8.768058946160411926e-02
1.027617978924630637e-01
8.045307312351601681e-02
9.535123577362006331e-02
9.445070314237108411e-02
9.298226312303045638e-02
1.045083041179867556e-01
6.306038483847428711e-02
9.759926297209968460e-02
9.313422529607867650e-02
1.011826896716487290e-01
1.008094697174991838e-01
8.552937748660967288e-02
1.077514285777424335e-01
1.101663437593294326e-01
8.574473241238268761e-02
9.798166538321921581e-02
8.850625259512955034e-02
4.099000019773137854e-02
9.075580908502285660e-02
1.047498917740502522e-01
8.691078586235366499e-02
6.706379537432145821e-02
7.399600668017208838e-02
1.028366159346083969e-01
8.378724410452040305e-02
7.652507916926026832e-02
8.983030916163065038e-02
8.399771630513344634e-02
9.246032873590921686e-02
1.054353108952851004e-01
9.400938782049271525e-02
8.356263361543658785e-02
1.096299760764957165e-01
9.991400906519376512e-02
1.078060760117709460e-01
6.698640056479691907e-02
9.162058810715821566e-02
6.778383170997612228e-02
7.494086024508077315e-02
7.577431375471457842e-02
7.732748832278607543e-02
9.445332095153391450e-02
7.540439533713234888e-02
8.502665983587059939e-02
9.455891653305721622e-02
6.544483216373110646e-02
9.343032451085317436e-02
1.289607891884495261e-01
1.311464275333618923e-01
1.252741885926718646e-01
1.214957944231541548e-01
9.988216392432823498e-02
9.927125832283117957e-02
7.231012712468774806e-02
1.096480262729975647e-01
1.172021252969912275e-01
7.330822748193681349e-02
8.837721930536768244e-02
7.319153373800818541e-02
8.954949830302806613e-02
7.992267525742513534e-02
9.620300041282416059e-02
6.960261511546225743e-02
9.781229723002246579e-02
8.887286687835092847e-02
1.309304297872422862e-01
9.311790470551960242e-02
9.874058350142037033e-02
9.104261740437069594e-02
8.998622095347627581e-02
7.964680202992323321e-02
9.589179676777387362e-02
5.988607693268394733e-02
8.285203152002849902e-02
8.247603696106965698e-02
1.405258781874271501e-01
1.053634386508466025e-01
6.884522346321918229e-02
1.093341914975877183e-01
1.103305754638589653e-01
9.987888676419508227e-02
1.109874738072514216e-01
1.065213614071429671e-01
7.590558567303837267e-02
1.062012408693213533e-01
1.077251576196544547e-01
1.112641159161087828e-01
9.944062118502934589e-02
1.347873561319041236e-01
1.007747034571285782e-01
1.417506571515729785e-01
1.404631984555054780e-01
1.562267541524868797e-01
1.314565980382942645e-01
1.357936418046496174e-01
1.191099068430217928e-01
1.199933852108139715e-01
1.135090196875240126e-01
8.990772079549778917e-02
1.055241758488708048e-01
8.904274464533817879e-02
9.522424114110696058e-02
1.078396512291654313e-01
8.655799146491460760e-02
1.178503107596863692e-01
1.122367430206666628e-01
1.126334186003443288e-01
1.354760305615726468e-01
1.010800362578062883e-01
1.121315119260461457e-01
1.107394361640635788e-01
1.044930099219359282e-01
1.040614555173443867e-01
9.072721416259875438e-02
7.058449281156176092e-02
9.672259973664242005e-02
8.588930536329122956e-02
9.463254726338060641e-02
8.017783820565195507e-02
1.137316124364764897e-01
9.958866592008411289e-02
1.113496979588304570e-01
8.345331072084237467e-02
7.335517926022978863e-02
9.757483718332016220e-02
9.583979492076055706e-02
5.751227002813236178e-02
6.856701023816369478e-02
6.458791140232500450e-02
7.393213553245639447e-02
6.756433842638642773e-02
8.445373252210187920e-02
9.442827116428581524e-02
9.952009320685246963e-02
9.667670537489123084e-02
1.095113182222004627e-01
1.027978761164505817e-01
9.319892332262247336e-02
9.727120956722352940e-02
1.041551887326090525e-01
7.464035128783141904e-02
1.029451392008527977e-01
6.508662399633763362e-02
8.676318380934404384e-02
8.090731428520592239e-02
1.017757697117479404e-01
8.897877887776625694e-02
8.433556561706484489e-02
7.974053561679475544e-02
6.573515461928426673e-02
8.442524964436302903e-02
8.150250447456734715e-02
9.776555878132055233e-02
8.565796732997114915e-02
9.027650355684167793e-02
8.714173563630669972e-02
7.635656851293587399e-02
7.087593956061044587e-02
1.051880100401764578e-01
9.458720085769864450e-02
9.507960965659520425e-02
1.073714215192358712e-01
1.130491362416028850e-01
9.632078091309503876e-02
9.256993947437007486e-02
1.039488723742404558e-01
1.124858702159114154e-01
1.207109294173212000e-01
1.295237687633372659e-01
1.014270238633807608e-01
1.069890889895018654e-01
1.138426071915134979e-01
9.724172822665877458e-02
9.573431596389571363e-02
1.087815053519807507e-01
1.225550513888147286e-01
1.043934916969474214e-01
1.288180008937666043e-01
1.215159327654565385e-01
9.594573213240005505e-02
1.048683365014509150e-01
8.765951892849133120e-02
1.043543381400543618e-01
1.151256035696059804e-01
1.073147534224388605e-01
8.468218746770404814e-02
1.092198922196768174e-01
1.125335991662668594e-01
1.216322289594935213e-01
1.075161779073067481e-01
1.269270343786694233e-01
1.195750951461806572e-01
1.168034513649453265e-01
1.123392754428746421e-01
1.009191445475726701e-01
9.632325315887474426e-02
1.049648576231182323e-01
9.040330171238096513e-02
1.063852622331185466e-01
1.133337812147314633e-01
1.081479542777380731e-01
9.581609816616123987e-02
9.041951473914226767e-02
8.999709822472019838e-02
8.601065429353574321e-02
1.040911640563789986e-01
9.305743952191208868e-02
1.068331050793445841e-01
7.754522999014296092e-02
8.329499400094862727e-02
8.234351389249916497e-02
6.350110048497467630e-02
7.923543291102015662e-02
9.284942693244040146e-02
1.053620206193688347e-01
1.031358115661115682e-01
8.938419988289417195e-02
8.080270201368984495e-02
8.947816024769571219e-02
6.413485019922912644e-02
7.115189000031096889e-02
9.782413048749447060e-02
1.012775443009661241e-01
9.544724685192702840e-02
9.308439743464125282e-02
9.278331011199997258e-02
7.452374525627235291e-02
6.561096743488289973e-02
9.128387245245686565e-02
8.578464054810366890e-02
1.008567437005247203e-01
7.300851725039760043e-02
9.442319559096681858e-02
1.136059854933941932e-01
9.948344526969518653e-02
1.243964203572607286e-01
1.123149916488048877e-01
1.021903852133091012e-01
1.318549903475395579e-01
1.168911412745717304e-01
9.532762403733821555e-02
1.219699838745389175e-01
1.371803657915204311e-01
1.319765521800351782e-01
1.071564428367558219e-01
1.180975723471396621e-01
1.117617433641149710e-01
1.083767823192142432e-01
1.348607633048934107e-01
1.225842683410919842e-01
1.089336834117765329e-01
9.792917283404471707e-02
1.057639729979374943e-01
1.042677860827851133e-01
8.249587031989021046e-02
1.189234617393558902e-01
1.283276392081547645e-01
1.106775821385666547e-01
1.077351769355035932e-01
7.893914671771720681e-02
9.158771664411279045e-02
7.519666875261708794e-02
8.310464156422434079e-02
1.103674642123044641e-01
8.908083628113344643e-02
1.135779636366296558e-01
5.593680951212445795e-02
8.103180370015265754e-02
6.362333734585612355e-02
6.244028718526121319e-02
7.652085763993277112e-02
8.835867542609003589e-02
8.399966254158638956e-02
8.084467507514375706e-02
6.031975660294031094e-02
5.380695474361785191e-02
5.821235669607901370e-02
4.935446359483292023e-02
8.837171411559048562e-02
9.589085685293773087e-02
8.659226558274239760e-02
1.106353392925938928e-01
8.742998228177614739e-02
1.235452101987846024e-01
8.759081563863951869e-02
7.559693347292643917e-02
9.526468871116992865e-02
7.741117123713486814e-02
6.987789700292885986e-02
8.856369415112712307e-02
9.755972032707496688e-02
8.001543268231882389e-02
6.446611887145677067e-02
7.761103086981049892e-02
8.263050027990216650e-02
7.737646567112051177e-02
9.260973003573941265e-02
9.741116822275704135e-02
1.026470716057415744e-01
8.583576270071405223e-02
9.053087589255014167e-02
9.373312551221295308e-02
8.995907039192700683e-02
5.810822485218240796e-02
6.536666249901607051e-02
5.915534111735375189e-02
4.123559987941340793e-02
2.777875384236647496e-02
6.372115653839473259e-02
5.710835271796710355e-02
5.149858169298987542e-02
7.235880323914965773e-02
8.490911723329773453e-02
6.198960734340899087e-02
9.322138009649558188e-02
7.951259382576750245e-02
5.007443202527461779e-02
6.238799036508068524e-02
5.174631724575359804e-02
6.417723822295123837e-02
8.249202955159465334e-02
7.590331539958795892e-02
8.088477110302039197e-02
9.403667295882968402e-02
8.345970527564869346e-02
8.094454377073369289e-02
8.243949959735222266e-02
8.767044052081836292e-02
6.163919839818105678e-02
7.163748707894093681e-02
8.713831627344144348e-02
5.843158545972065160e-02
7.497389014342231706e-02
7.198597241073496911e-02
3.329006775202527496e-02
3.659114485390155269e-02
7.295746504845211644e-02
6.211451832528866457e-02
1.025829901415094420e-01
1.175561594482720101e-01
7.809041328620718037e-02
8.427715177890592047e-02
6.378539806360314368e-02
7.736473773082443162e-02
9.317021852132867377e-02
1.137679162320499732e-01
1.122439643914721757e-01
7.963634447787523718e-02
6.842649887320247093e-02
9.003405086628585297e-02
6.105473730265899984e-02
5.541304608988602276e-02
8.457665044085917183e-02
5.157091099524810374e-02
9.056316732208166687e-02
7.405972764000387509e-02
6.641185190840737107e-02
3.599797649981067993e-02
7.786754505712049912e-02
5.832076041143327561e-02
2.781852850765134319e-02
5.895533553081147571e-02
9.810170426223890905e-02
8.254758390894298414e-02
6.553785837531153624e-02
6.743106947583411837e-02
9.585884681867810897e-02
7.673582354163883956e-02
1.483679055591893559e-01
6.428444376536701643e-02
7.458202547261870430e-02
9.487232496961023331e-02
6.162658509226377063e-02
8.702297600412792211e-02
4.718733968780512017e-02
5.711821990351070161e-02
4.032055600499045989e-02
4.530697152420852178e-03
6.784913754895641191e-02
5.673604405404654438e-02
5.411196979544471292e-02
7.353314134748493991e-02
9.328805856315859624e-02
1.011560294042069263e-01
1.053428244721018037e-01
8.377790723494271674e-02
8.691967935903169296e-02
6.903682803244150235e-02
8.992659754670002947e-02
6.094636847491558679e-02
9.355991518024371623e-02
8.065569054141059901e-02
8.154349109902998827e-02
1.184799288548416540e-01
1.155361620474875672e-01
9.266362056299806693e-02
9.799875732632855330e-02
8.999713306196122087e-02
6.118620582820096659e-02
9.309663961648700914e-02
9.419030357471931680e-02
1.026416968171355443e-01
6.918978339801445943e-02
9.339575686286573364e-02
1.072397548113105253e-01
9.608759243792924787e-02
1.166463576549665315e-01
9.878410327296706372e-02
9.601952679184394546e-02
9.563187025687094889e-02
1.225801902554941869e-01
9.967285404600448318e-02
6.607571254505288649e-02
9.113973099626518359e-02
7.328544572644413169e-02
7.621217369641990202e-02
6.342231235319055471e-02
5.634827567737907272e-02
8.399921286975742252e-02
8.304821437563975062e-02
8.362932681012408276e-02
9.143445736301972215e-02
7.371485475860346803e-02
6.572218748209894545e-02
2.660158143825145163e-02
7.289218237832072178e-02
7.559861462263327281e-02
6.686800496177752740e-02
8.748773570662159160e-02
6.477919698533650406e-02
9.635933340655843116e-02
7.633063991260644054e-02
6.292044674234614776e-02
6.375709123124394251e-02
8.644819071592935167e-02
6.408674523602525541e-02
9.333513143961538749e-02
7.903362617808268320e-02
8.489013263426274658e-02
7.778925240151865483e-02
7.309332866256704198e-02
4.731917534978878626e-02
3.191312457930178120e-02
6.538080163720816351e-02
3.462017616166229023e-02
2.794417732607374846e-02
2.741532555452987421e-02
2.563415776386537837e-02
4.917070916430350824e-02
5.738588922857748575e-02
4.185774585372960960e-02
7.616122408010812805e-02
5.894369123427772861e-02
4.279260180004759023e-02
4.307739411564619897e-02
7.299828246634350315e-02
4.705171950413906262e-02
4.037494109240418599e-02
8.170935314250488135e-02
7.380840842113996214e-02
3.707791523928610777e-02
4.742384019483002894e-02
6.694323289026529733e-02
5.621828808820449053e-02
5.662724985343826900e-02
4.244798817414657116e-02
6.769654117185619491e-02
8.004612257538543107e-02
4.197720033188895999e-02
6.170824509020494258e-02
5.555846154437171780e-02
4.501195243020008480e-02
6.871064191104456209e-02
1.218801694188650642e-01
9.939550766094405743e-02
8.340080180583195335e-02
6.879192302875622445e-02
8.133403517995019261e-02
1.020152555069483713e-01
9.606463627668192229e-02
9.568882476503436096e-02
6.847323634798906100e-02
9.017319775670984416e-02
3.096515268944138172e-02
7.893600155275727615e-02
6.160187641630742589e-02
8.230496808031492750e-02
5.977485333086276359e-02
3.257628093824694454e-02
3.593678271796650614e-02
4.319060396065328711e-02
3.741368859732126240e-02
7.182326860632171073e-02
5.260311826237687449e-02
3.920961913657576570e-02
5.815305205063490274e-02
8.552193373525940334e-02
9.376094067621996986e-02
6.460120695266494129e-02
6.819467926594953433e-02
7.061967761469242766e-02
7.693988706084028961e-02
5.500546943584873338e-02
9.795583694760434668e-02
7.686762490806023362e-02
6.122922165567533381e-02
5.265925511389641517e-02
9.787948372763471960e-02
1.108419373322642315e-01
1.332529450168595253e-01
1.066013427661773316e-01
1.186000243171358715e-01
1.298927665344170035e-01
1.119168522871421684e-01
8.266735380271565681e-02
9.373425551554234736e-02
6.801293419235823756e-02
8.970711756212788879e-02
8.720565861402478081e-02
7.668674250546492210e-02
7.943573475620653579e-02
8.401901933684670365e-02
7.573810831094993090e-02
7.431295778303317889e-02
6.037290835100004444e-02
7.207601124598801701e-02
5.338824775955684082e-02
7.517654297928640095e-02
7.404802231166347781e-02
5.084605901348368540e-02
3.358123514670906251e-02
6.307066046236776968e-02
4.164032487329406840e-02
4.788008740060931134e-02
4.179697761051625465e-02
3.883116518420844793e-02
7.190270838945889663e-03
2.228502395763142310e-02
3.256306881961073402e-02
4.410044197985339698e-02
6.500746584593117272e-02
8.678246447695477095e-02
6.427402833192642773e-02
7.613878661688992799e-02
5.031387209734437815e-02
5.113183118617839473e-02
5.951599946563757709e-02
4.885859180609518349e-02
5.319994180321285099e-02
5.467856411163861396e-02
6.510088372590462635e-02
7.305528073814565593e-02
7.478212150227732391e-02
6.573083753678000962e-02
7.510277091934042248e-02
5.275229160307343124e-02
5.878715984793535937e-02
5.547875317315766053e-02
6.474582466252529200e-02
6.136328994087891786e-02
8.348917834342010902e-02
2.866235990863611610e-02
6.332502821385435632e-02
4.735615944724767129e-02
4.739582598894612198e-02
5.851198538810539751e-02
7.878075149807228783e-02
7.424394961332904386e-02
7.636327625712456546e-02
6.750364293070883204e-02
5.372099501646510067e-02
4.560733284209706612e-02
6.160515194837162811e-02
5.315919518385905235e-02
4.571222557352259963e-02
6.179514058665889348e-02
8.500265782833421602e-02
5.383766555833573164e-02
5.671299035062843386e-02
5.841336026252462454e-02
5.648570735305204898e-02
4.041117888141292080e-02
4.306198651947034522e-02
2.772758396834560865e-02
3.526874677263849844e-02
4.366980800428603426e-02
5.334988814908935700e-02
7.267131123674586135e-02
5.139390156571961576e-02
4.257259109663769081e-02
3.465352024820125831e-02
2.192573686620999385e-02
2.878320965272988460e-02
1.751880689259725787e-02
3.352355422738515639e-02
5.255471186772373710e-02
7.150620919291188204e-02
7.447117150584060818e-02
8.011893609486060719e-02
5.272493887275520041e-02
5.061808514984115354e-02
5.400910088777065993e-02
7.717650874385940940e-02
7.255938420164961822e-02
5.798288678203194352e-02
4.186072252887738931e-02
5.207268296438238853e-02
6.487881645948295750e-02
4.402886173104744033e-02
5.058126783989787961e-02
6.188057625177729310e-02
5.956142194097605730e-02
6.733248147217420210e-02
6.626585209495930440e-02
8.496812422578603474e-02
9.368736648034371728e-02
8.510108689710138563e-02
8.500649072896061809e-02
6.896888629595820941e-02
7.343336925859515751e-02
4.238149202571785124e-02
8.457245098367591196e-02
5.988599315138705415e-02
8.006083295587916593e-02
8.081188444472874044e-02
8.836702855209695173e-02
8.766182555342427740e-02
8.519189133825215421e-02
9.737414226615402624e-02
9.140442429853080919e-02
9.947043086042529902e-02
7.884360335900078565e-02
7.655883993221561379e-02
7.958390422336399095e-02
9.789649825844523590e-02
8.318720745322366605e-02
9.176055891256948427e-02
7.847647803010643353e-02
8.599918047654281361e-02
9.299505428716234312e-02
7.642032343813240369e-02
1.027381185129772750e-01
8.569792173846454975e-02
8.366277468467418765e-02
7.606318377199013103e-02
9.742961090033322447e-02
9.029308211272911444e-02
8.676991796684389857e-02
9.407402424004555896e-02
9.768286960922933915e-02
9.665200222782974193e-02
9.258023906202890452e-02
7.830451143413610926e-02
8.809947469196684200e-02
8.732827978627967502e-02
8.220568028931965476e-02
8.484950534015993362e-02
9.033806179131374792e-02
9.329207880692881594e-02
8.216872476039885353e-02
6.884055841651195995e-02
7.397950985021642389e-02
7.076036887818375198e-02
7.530508609815303456e-02
6.460207532721311263e-02
8.098277937289349859e-02
8.119581304127553023e-02
7.554998545325176951e-02
7.484477080904920754e-02
8.080339515629399172e-02
8.767766822045036657e-02
4.090752403121630104e-02
7.817613421940843021e-02
8.295438462290789794e-02
9.411395348804967032e-02
8.253972967620121226e-02
7.010716351963980353e-02
7.306757684090747773e-02
8.012789507051099047e-02
6.111569655471559004e-02
1.006228037710279605e-01
6.715386322539106112e-02
7.345619825681118376e-02
6.665303625944747623e-02
7.239638179059108836e-02
7.779385914039389782e-02
6.340726982921617016e-02
7.289792037944806125e-02
5.832597697019244881e-02
4.289354649949486675e-02
4.193759334657450044e-02
3.593604587986803239e-02
5.101440002898301185e-02
6.920628672187803532e-02
7.606721075421948863e-02
8.002354634504914299e-02
6.560611025833237853e-02
6.705925501630252694e-02
8.017526789543502619e-02
7.412746375512729857e-02
7.159092039502362725e-02
6.282962996172856973e-02
8.499737918485976429e-02
7.943880512071625766e-02
7.414727916106800265e-02
6.455829174034788398e-02
7.989478207044282965e-02
1.001720794743015119e-01
9.173194447879372271e-02
7.926344741655552695e-02
8.703684704927892868e-02
8.427941529836853463e-02
9.031625474727845992e-02
8.558372739207219249e-02
6.772409656922706578e-02
8.717948406987069410e-02
9.105066868641033262e-02
7.199657493353509019e-02
9.813549869599896835e-02
7.510156799585808451e-02
7.731563983352114644e-02
7.467979055128272370e-02
5.961511460335977564e-02
6.823611995119820139e-02
6.895585158823883121e-02
7.523581315644878309e-02
6.246329219462635335e-02
7.434387615060732146e-02
7.276989653554588600e-02
7.123597197508922674e-02
7.922166398760806250e-02
7.031155174546584175e-02
6.953882710943011525e-02
7.885966456283799442e-02
5.763369829126253202e-02
6.825210656138518128e-02
6.477299987162374317e-02
6.864563797499098619e-02
6.434828194422795300e-02
5.969789250348449955e-02
7.293983033912740388e-02
8.003836937090091919e-02
7.207180021653071533e-02
8.547496673741346307e-02
9.254543679511377519e-02
8.780864664241173900e-02
6.607376347932844562e-02
8.051771326559667430e-02
8.111795882524987233e-02
8.684326209011378195e-02
7.949562281934260954e-02
7.971492187446253819e-02
9.336428974482262333e-02
8.084693841373100098e-02
8.646068216721056188e-02
8.387873950002475154e-02
8.985839484765179019e-02
8.925153853098367895e-02
7.602476518252782034e-02
9.010803263440665678e-02
9.855203231063072722e-02
9.768233195440312322e-02
9.477562817754510427e-02
1.127082072429348991e-01
8.863318189716072604e-02
8.668229294267466856e-02
8.793900455654661552e-02
8.459265475626003006e-02
7.662775916511765928e-02
6.989853549481012118e-02
7.551510349687848289e-02
8.243480499264017880e-02
6.821148393785810005e-02
8.551555403242611098e-02
8.965707536847458692e-02
7.421307562756801479e-02
9.728481925713407252e-02
8.498393979852358893e-02
5.951224695071644089e-02
7.232920985068605479e-02
5.805761606833062527e-02
6.832532962004411736e-02
8.246895995906075583e-02
8.392561646923232810e-02
6.963036619938366145e-02
7.021056485159048177e-02
7.472770394249858561e-02
7.632219118963289028e-02
6.174453869400780420e-02
5.758322532708864266e-02
6.041985101235019390e-02
5.307966636925438852e-02
7.255345591505928116e-02
6.859714115486786890e-02
7.214955358862934487e-02
5.427139590159806015e-02
4.780411998419876324e-02
3.229796386481308124e-02
3.154548134082977434e-02
4.021386638207622571e-02
3.692408698175356913e-02
4.806664631112823882e-02
2.248601583663376036e-02
-3.794180899870086728e-03
1.435146368531385955e-02
2.681066774792111723e-02
5.288084774164109741e-02
2.055917930677844327e-02
4.866017674113840008e-02
1.570114735505423118e-02
1.259538431717750241e-02
1.296886813967278868e-02
2.776212586361609044e-02
3.532896141478249468e-03
4.401957227545141155e-02
-2.172496829946655560e-03
-1.248263944244940200e-02
2.612661873759401440e-02
2.157837615234221504e-02
1.797963922600013045e-02
3.987026784279978919e-02
4.159594364951290507e-02
3.629776678001701840e-02
4.526246451589604342e-02
4.542385854636282749e-02
6.659109621054866424e-02
3.096027977461409536e-02
5.230167813962723067e-02
5.378022009544128346e-02
3.421952772504359419e-02
6.123142026002986738e-02
3.325182080024271375e-02
4.492300255874966119e-02
1.098248947053255681e-01
7.674414358178476003e-02
4.960378865094668827e-02
5.109496410701293984e-02
5.724079648323373432e-02
5.999284767993341011e-02
6.152184034478788005e-02
2.338594316208160787e-02
6.105166913083483193e-02
5.601889190152773562e-02
8.314018767340541904e-02
2.963881500264205562e-02
7.236391677630206465e-02
4.947614274343022089e-02
5.346360614313362680e-02
3.954040515621977392e-02
4.156500237602694936e-02
3.680659493878156441e-02
3.834400224294170351e-02
2.065111599554012023e-02
1.685651273667660918e-02
4.991363253151932106e-02
4.341044348568524197e-02
5.984523035666328844e-02
3.750469745977325076e-02
7.291600595193541146e-02
3.247474516119853993e-02
5.219953436706717409e-02
4.541410552917617138e-02
1.088976962594281027e-02
1.570540561469912708e-03
-1.209113711500501079e-02
-3.578598093128357305e-02
-2.784498011756849842e-02
-1.689154069905074787e-02
-3.269977452777441534e-02
-4.739033240018674514e-02
-6.747493979310933976e-02
-3.767231208473207499e-02
3.324418672889258627e-03
-1.522387428135724835e-02
-4.242704189873607729e-02
-4.922820539659549313e-03
1.587318768839435582e-02
1.900233474677010329e-02
-9.092870525901313242e-03
2.729607241911765139e-02
1.716177095235460470e-02
2.813843857982192484e-02
5.241158463748615999e-04
1.579010455394537840e-02
5.730155698679056248e-03
1.293127476336147948e-02
3.011817647113176552e-02
2.375438131550556067e-02
1.896098873667317192e-02
4.937902215413904686e-03
-5.535498932368706354e-03
2.876957561207631534e-02
2.589558865026594936e-02
8.969360384159125524e-03
1.037707836812182607e-02
1.340760107744868972e-02
3.514664237010869247e-02
1.132966109637415821e-02
2.438085712407216110e-02
3.840306832078867541e-03
6.039521835021030571e-03
5.490901617469381296e-02
-2.295828279025347723e-03
2.115270292713994360e-02
1.698673960721776635e-02
2.856971509604411957e-02
1.896440931841029617e-02
3.446666740839660764e-02
-2.881793221488805276e-03
-6.014733824168201973e-03
-3.099826908727754127e-02
1.374248116445029796e-02
1.922252273451956206e-02
1.614849691068858534e-02
4.131469481227933831e-03
3.250021039476126000e-02
-1.085323658351857248e-02
-1.304526117587448408e-02
-2.002459634497932503e-02
-3.323278325709846936e-02
-2.426114953153364964e-02
-6.475153046263747159e-02
-2.893518080731294351e-02
-2.860989179248054487e-02
-5.079726231695223110e-02
-3.308839805695596575e-02
-7.903930958307867072e-02
-8.746254291214858312e-02
-8.190165035613508615e-02
-7.673379030437313397e-02
-1.153157110584802081e-01
-9.091279826456812041e-02
-8.720065734266997659e-02
-8.433890475673501419e-02
-4.949915488374432432e-02
-9.118742909576096900e-02
-7.929958062600696300e-02
-4.908963499949052511e-02
-5.534775461440989003e-02
-8.622986222613455987e-02
-1.042828694495978592e-01
-1.063172496980368531e-01
-9.784637131416851208e-02
-9.753303127824869412e-02
-1.335765008952206623e-01
-7.193157588723404772e-02
-1.487671087195578390e-01
-1.264847335548089369e-01
-8.316401955136043522e-02
-1.040716342436904251e-01
-9.747755716889837385e-02
-1.021542952633861662e-01
-1.099724990450746398e-01
-2.371144724375433277e-02
-3.006032611452858980e-02
-3.689797756379837451e-02
-6.581730005922092896e-02
-5.853159975419491845e-02
-4.916112222097546863e-02
-3.950163022862260287e-02
-4.677715836815296568e-02
-6.805464612522268975e-02
-1.063586763630623433e-01
-1.093729224215558155e-01
-7.208302048968594222e-02
-1.258029634536617924e-01
-1.111437753117037741e-01
-1.169390995285923968e-01
-1.070024181862142959e-01
-1.273273077022350208e-01
-9.751070086337759735e-02
-1.065953898922209070e-01
-1.071772994614110935e-01
-6.037849147861827637e-02
-1.196211762082109720e-01
-8.765169147961399121e-02
-7.274297203678177504e-02
-6.647753770186926037e-02
-6.365713212189171022e-02
-6.399395503643075245e-02
-9.026235299305719606e-02
-7.469408895479290322e-02
-8.803263198782916577e-02
-8.372138582438758136e-02
-7.514609800831484332e-02
-8.563611560133159439e-02
-1.164056821063624986e-01
-9.811984342022518624e-02
-1.308873918267788039e-01
-1.201461222097772591e-01
-1.052796176958106511e-01
-1.070079260860182652e-01
-1.002596313832483654e-01
-1.018792305914738155e-01
-1.072430815405513993e-01
-9.922817900504857236e-02
-8.871353439360414594e-02
-7.304868634033528929e-02
-7.898726280800207056e-02
-1.165360458356236584e-01
-8.546285818530474643e-02
-8.569592678486157022e-02
-1.099888373252199958e-01
-1.167517194157269983e-01
-7.868607503955651894e-02
-1.044116256710636154e-01
-1.211095510502941675e-01
-1.126660511131157005e-01
-1.156476364218958913e-01
-1.095883859228053703e-01
-9.677235661486126295e-02
-1.153271713415563032e-01
-8.809332397682229088e-02
-7.773842543707522312e-02
-8.487645788358919030e-02
-1.296464101047277995e-01
-1.394839121987013209e-01
-1.254176573985064103e-01
-1.174906302091576898e-01
-1.326972202979963822e-01
-1.013039300666953718e-01
-1.064317342265275607e-01
-1.536453419090572370e-01
-1.345546529156229076e-01
-1.306340878398226102e-01
-1.429159543465021165e-01
-1.314867780462962432e-01
-1.465405962806143325e-01
-1.526245705942849140e-01
-1.578512230032645680e-01
-1.373088216596373701e-01
-1.162832221727941734e-01
-8.708960808085436378e-02
-1.125855385912669510e-01
-1.364678013806298607e-01
-1.263532083693583163e-01
-1.125458192827098053e-01
-1.164648571986947323e-01
-1.230362723404500175e-01
-1.122431399245978345e-01
-1.275832928181755144e-01
-1.663010266144180072e-01
-1.529113513100056887e-01
-1.596651627821125685e-01
-1.379385776214359371e-01
-1.462306805215751182e-01
-1.692609235833839876e-01
-1.305773982985755366e-01
-1.387234907983452281e-01
-1.071617135985277747e-01
-1.211731584557899921e-01
-1.100917957168035671e-01
-1.129783134492672036e-01
-1.041574065443340996e-01
-9.524300115867745387e-02
-1.157651120081347601e-01
-9.816484624470331322e-02
-1.134947919082201634e-01
-1.142209531022736479e-01
-1.123888464121578917e-01
-1.208813289810413694e-01
-1.280439472104405452e-01
-9.538465716846197817e-02
-7.765234886254945845e-02
-1.369766770597961592e-01
-1.390540854316491826e-01
-9.966222397300592006e-02
-9.355592139316658284e-02
-1.244106653682549302e-01
-1.189479728129788083e-01
-1.349665659877919699e-01
-1.282540603139936120e-01
-1.662715010363364221e-01
-1.460053991788252958e-01
-1.351326294230992542e-01
-1.682697826878437608e-01
-1.147892100774836749e-01
-1.178297156198355872e-01
-1.487580845648650840e-01
-1.196569056205146891e-01
-1.575712645415875135e-01
-1.216224387753150615e-01
-1.702353570539370808e-01
-1.461292438394814208e-01
-1.441090278277934733e-01
-1.573599277795561246e-01
-1.204937091813060579e-01
-1.471214642317357491e-01
-1.531275463107730772e-01
-1.736920019085410050e-01
-2.035140311537334268e-01
-1.358111947288482002e-01
-1.651764394498748678e-01
-1.498497757249769580e-01
-1.640249800415730652e-01
-1.609027655878656204e-01
-1.903739934217048013e-01
-1.674227727800278454e-01
-1.705108411139996949e-01
-1.707900901535230331e-01
-1.528636324674257640e-01
-1.700863497957018911e-01
-1.786777511353647430e-01
-1.538901920155645864e-01
-1.745764752771481187e-01
-2.113332688940401938e-01
-1.755421179425072919e-01
-1.879183949597348358e-01
-1.546342427153273025e-01
-1.631996042665277702e-01
-1.721463846143003740e-01
-1.838200890508511487e-01
-1.959065933286399941e-01
-1.807989815593765981e-01
-1.688584654511361416e-01
-1.938730961904656380e-01
-1.737178220752872981e-01
-1.529695769662977878e-01
-1.759179464648854829e-01
-1.860659648586258652e-01
-1.916457701333199315e-01
