-5.550540463969413918e-02
-9.032362080575176422e-02
-1.014993791231971754e-01
-9.912929213026971942e-02
-9.004672879041009104e-02
-9.308520662811453628e-02
-9.665372785736846273e-02
-8.745350133107218649e-02
-9.812992735566319902e-02
-1.130824689650999221e-01
-1.102367923842941522e-01
-1.182659975592584845e-01
-1.122509565566631035e-01
-1.110616725417162137e-01
-1.070357575450580911e-01
-8.699690318764993768e-02
-1.040023373110032928e-01
-1.092118761942080796e-01
-9.474535126559807674e-02
-1.051370393402030062e-01
-1.014625244331888443e-01
-9.282251798660437481e-02
-9.576161061379306894e-02
-9.738577232255651861e-02
-9.197572163488858255e-02
-9.357090128471752533e-02
-8.888353554340043539e-02
-8.691461807212569335e-02
-8.767271300302405257e-02
-8.152411720034968834e-02
-6.187849506095310925e-02
-7.642926190002066744e-02
-8.491030884345290852e-02
-8.046635169474285199e-02
-9.662545796674790188e-02
-8.509200675764500010e-02
-8.860316102442156172e-02
-1.039767797800495164e-01
-8.210408441610442254e-02
-9.723791204731223325e-02
-9.864962062977444823e-02
-9.466860797371495773e-02
-9.503615335795125019e-02
-7.902685558894542717e-02
-7.450398481147881002e-02
-8.324404622097189566e-02
-9.409862738584394426e-02
-8.890219376792068973e-02
-8.523827178071322064e-02
-8.914471913957454363e-02
-9.775599008531793421e-02
-8.643747459269779387e-02
-7.355637840473083777e-02
-1.129003461804038849e-01
-7.739573814013507580e-02
-1.040947725673700280e-01
-9.407463798108424424e-02
-8.886434943057436309e-02
-8.722870372973670627e-02
-7.390699834651717759e-02
-5.923833102397633305e-02
-6.593578740823893836e-02
-8.385451120600787012e-02
-5.130220286481404490e-02
-7.256473931065138272e-02
-8.064294975863377235e-02
-6.142287907208927866e-02
-7.604609692284429456e-02
-7.331206019396813156e-02
-8.799085050530267016e-02
-6.493417017752267650e-02
-7.016860867781724020e-02
-7.602897209005063384e-02
-6.959454606358583817e-02
-8.443068835037674524e-02
-7.108912071212204753e-02
-7.187685230803415870e-02
-8.211797220213132298e-02
-6.864218258039946063e-02
-8.359187106439908144e-02
-8.413564272318052595e-02
-7.179809223186352229e-02
-8.261553024816367663e-02
-8.033875085695806051e-02
-6.742434339651127984e-02
-8.923638978990693083e-02
-8.444072120462219055e-02
-7.384670806311863234e-02
-7.224375199310102691e-02
-8.218971799525846833e-02
-7.638049447220571220e-02
-8.724743673384577347e-02
-9.411845060266971208e-02
-9.081380649370585090e-02
-9.202534343872492695e-02
-9.666281436309312469e-02
-9.610521881266556599e-02
-9.314570226881291326e-02
-8.475692667004933178e-02
-6.099860238557799907e-02
-7.466223569948225725e-02
-6.536540543432521611e-02
-8.757606237972041796e-02
-6.669425327859074271e-02
-5.870488678286876760e-02
-6.098986405189161381e-02
-7.469771736358447878e-02
-8.175776230793875554e-02
-7.842758550520828598e-02
-7.138310402788547449e-02
-8.533399811384048683e-02
-7.250008249187769871e-02
-6.851711093725369739e-02
-5.941115311301819329e-02
-6.977767094921606683e-02
-7.853388569132363495e-02
-7.041797769488764014e-02
-7.099975178727849223e-02
-7.125929313386362984e-02
-7.486775024880741591e-02
-5.802482461062685726e-02
-7.850752485996211061e-02
-7.789708572498005301e-02
-5.904651901355129767e-02
-7.552519410275136680e-02
-6.838448395120119705e-02
-6.248983006098776660e-02
-7.939167881922347403e-02
-6.303758571914210018e-02
-7.136795027488035403e-02
-5.384620528309923271e-02
-8.348101956606354679e-02
-9.127811888309532440e-02
-8.226795697522153172e-02
-8.201289950703188891e-02
-7.649999639864482615e-02
-6.893564561972656546e-02
-7.224361513381172273e-02
-7.358048762950562816e-02
-7.447837333805643056e-02
-8.055282428724576393e-02
-5.963372022871438888e-02
-7.459997375220844829e-02
-7.155092029598840442e-02
-9.822754132336498911e-02
-9.081959149247101348e-02
-8.685022621197767412e-02
-8.712109901287830305e-02
-7.922357808133176360e-02
-8.038768261042868180e-02
-8.397162445508060680e-02
-8.804851701348662130e-02
-8.955089262504693781e-02
-6.359221516471612323e-02
-9.411793274475141469e-02
-9.024910004852457202e-02
-7.414056686997649859e-02
-7.951103850839998100e-02
-7.576759952032111056e-02
-6.308497288598269304e-02
-7.159804704072689208e-02
-7.818540151201572308e-02
-6.317459558042312628e-02
-5.795589388118585483e-02
-4.801863092006186662e-02
-4.046779659376572441e-02
-4.317827832238257252e-02
-4.384207983356790822e-02
-2.881653055440397404e-02
-2.541673975852253020e-02
-3.557929279768405617e-02
-2.156885553929623750e-02
-4.656513378795945624e-02
-5.530570422340226611e-02
-3.405728417127822094e-02
-4.266314969995049083e-02
-1.263743027853942227e-02
-4.582606230470009923e-02
-4.137545547683382091e-02
-1.663363029599083942e-02
-3.482217218883180282e-02
-1.946418519435223760e-02
-3.393154970784906244e-02
-3.428532286688416864e-02
-4.335412251122106736e-02
-1.842107066461123877e-02
-4.643184089280069302e-03
1.133613969158048414e-02
1.532577119747647156e-03
-2.874257320594160101e-02
-2.416957393092205100e-02
-3.137215038459469085e-02
-1.309659521616867925e-02
-5.314772348007129610e-02
-4.954005449783926290e-02
-7.810966738930801012e-03
-3.654192779857436818e-02
-4.792238803540688208e-02
-5.189674413008540238e-02
-3.937416516403734884e-02
-3.641519363356390815e-02
-9.414846795447309735e-02
-6.981850695582746125e-02
-1.005624625417245038e-01
-9.526756470709658864e-02
-1.085139284483581240e-01
-1.251854696785673904e-01
-1.085082799540913745e-01
-1.031786899451129225e-01
-1.260068484559762336e-01
-9.840568656416980031e-02
-1.110984326293185248e-01
-1.053375861017364634e-01
-1.196970124173645372e-01
-7.493887810120253290e-02
-9.511219313191064673e-02
-1.130781473968368173e-01
-1.155131738615696735e-01
-1.038695257520406284e-01
-1.115948852943087349e-01
-1.249963174634056984e-01
-9.606045298893553519e-02
-1.172577791017429122e-01
-1.234392092514592504e-01
-1.123954195139108825e-01
-1.266286306321694755e-01
-1.236326897976037231e-01
-1.035264774851804015e-01
-1.017863703457747293e-01
-1.144473761940074663e-01
-8.447527553919839671e-02
-9.806950671248944318e-02
-9.107457300606704165e-02
-8.964937499848832370e-02
-9.624694013417267602e-02
-1.029040567135408452e-01
-1.278887015713889852e-01
-9.056304762234836103e-02
-1.176008461828291635e-01
-1.229906313083620750e-01
-1.001550609813730425e-01
-1.021138363791517095e-01
-9.892912625284586148e-02
-1.167689572738113690e-01
-1.104754503061570053e-01
-1.170909909664097082e-01
-1.161559113950160205e-01
-8.850554226186579942e-02
-9.741709131521768261e-02
-9.867384710414622839e-02
-9.955354907592178781e-02
-8.994324118209562346e-02
-8.306246180624279885e-02
-8.306945664381429340e-02
-9.670224144826491952e-02
-1.106063845369567034e-01
-8.890388314258536318e-02
-9.271744897799341634e-02
-7.812714897418193694e-02
-9.291097660009024761e-02
-8.160819514027170540e-02
-9.628574279224090537e-02
-1.288023106521711258e-01
-1.254422952015288306e-01
-1.324119060502524647e-01
-1.188735977344698019e-01
-1.114038126587221927e-01
-1.172312367204434297e-01
-1.121753190340203099e-01
-1.189140088413473545e-01
-1.042512138978423236e-01
-1.070480997380623550e-01
-1.151668066350335640e-01
-8.847508361464112570e-02
-1.048961776483071789e-01
-8.975967984111858644e-02
-8.924423868782165037e-02
-8.458078993442261218e-02
-6.276471989344874214e-02
-9.642702838743162641e-02
-1.154132256110941418e-01
-7.680492810998874875e-02
-1.022162219611234268e-01
-8.053415793178335391e-02
-7.298157998300115745e-02
-8.058876734588532598e-02
-9.147024142254814305e-02
-7.326906380017353393e-02
-7.495441397610939915e-02
-7.380489264271671013e-02
-7.070869974001629810e-02
-7.761368635981182040e-02
-7.384031151960002148e-02
-6.830420739310862077e-02
-7.974204089775586979e-02
-6.785640401257661547e-02
-5.642040445364533002e-02
-5.265505501672646665e-02
-6.131975367275909611e-02
-6.506676996806365354e-02
-8.424457884998558244e-02
-7.945070229741235668e-02
-9.002390709723777362e-02
-8.819505856921268372e-02
-7.986757804842120612e-02
-9.249590540058111321e-02
-8.765485679899492899e-02
-8.956708237027080632e-02
-7.627591886870158100e-02
-8.335815096436127725e-02
-6.865580947286925584e-02
-7.438146714650042957e-02
-8.504806295144834438e-02
-1.008254631880834834e-01
-8.295845426740360018e-02
-8.852829106626249056e-02
-9.996567643042222895e-02
-8.769193971022963552e-02
-8.287411939526272142e-02
-7.473492772658356376e-02
-7.126724758973106144e-02
-8.554138062414307075e-02
-7.498332708553415160e-02
-7.123257385320433399e-02
-7.527231417404503522e-02
-8.616298129002444850e-02
-7.309679610882308110e-02
-5.140491184954477932e-02
-4.581069620542593118e-02
-4.996434247377135734e-02
-4.626464596797858625e-02
-3.273233345224139945e-02
-4.231259563862511952e-02
-7.673863299651141612e-02
-4.576009427782186390e-02
-4.191423655603683518e-02
-6.014443017653978152e-02
-5.091764706699411502e-02
-5.398232709939392721e-02
-5.197189489704683724e-02
-6.358796652860766729e-02
-3.867243802790844287e-02
-3.684306601182932989e-02
-4.072095003120148465e-02
-2.499412614921233886e-02
-7.604659195158794405e-02
-4.967263928064161171e-02
-4.584909674399614832e-02
-5.238318858335032357e-02
-3.277764416521804225e-02
-6.852758171357768713e-02
-4.556014317782460660e-02
-4.549254568079345862e-02
-2.816801216789920417e-02
-2.486369239262131020e-02
-2.947719986328414463e-02
-4.042905853792923276e-02
-2.294271779431465708e-02
-3.789042176797020184e-02
-3.769954937906684622e-02
-5.057598361359630368e-02
-2.258699736025544108e-02
-4.504831413445141430e-02
-6.156330211590377299e-02
-4.741237994350576412e-02
-4.212827190896627216e-02
-4.396581763009467514e-02
-4.451265995328552993e-02
-3.708086319981831330e-02
-3.821052341766843080e-02
-4.564856237605540573e-02
-3.331131844357945737e-02
-6.138503864927440101e-02
-7.620654233791743226e-02
-5.013667827958488005e-02
-5.702441344938632278e-02
-6.524983058965826144e-02
-7.927113810284648621e-02
-6.952028811355202842e-02
-6.531142273753726135e-02
-6.046129543239715798e-02
-4.984956521011438962e-02
-5.229179132555368537e-02
-3.086030376089247268e-02
-4.812311724447541211e-02
-5.375554140939987208e-02
-5.721653908316501336e-02
-2.997185898765849718e-02
-3.539818825335006025e-02
-4.432977234225299323e-02
-5.800506063772523091e-02
-7.001183404697260138e-02
-4.274246704259047902e-02
-3.153303307935254735e-02
-4.498331477261708483e-02
-5.257014779681429967e-02
-7.188873303874419862e-02
-4.411708042144277253e-02
-2.193076598945345110e-02
-4.597335713839264398e-02
-4.398432236366215525e-02
-6.942865508509464545e-02
-5.710299547944542448e-02
-4.027241740835797723e-02
-5.077739791777458045e-02
-5.679135057519275193e-02
-5.615046559993906727e-02
-6.251693276325671900e-02
-4.760877542091739717e-02
-5.936698160653229583e-02
-6.368564809649408798e-02
-7.004039125497715790e-02
-6.536497082754133547e-02
-5.529116676210937137e-02
-5.980656820695297998e-02
-6.580379391663869482e-02
-7.137332464114021224e-02
-8.531163098252009247e-02
-5.969732925861830075e-02
-7.492762300259407648e-02
-4.118062338354268326e-02
-5.252373254678691095e-02
-5.953529573648446566e-02
-4.982464171988773560e-02
-4.781122271742012375e-02
-4.993085175276472387e-02
-4.618215019547955436e-02
-4.299644503640356191e-02
-3.605484444435751862e-02
-6.190753668639688984e-02
-6.676202926285335071e-02
-6.428557512880217484e-02
-2.968122182286078714e-02
-6.379514402667130213e-02
-7.571992125699525400e-02
-6.278829577191946676e-02
-5.503440638320978434e-02
-7.118407544750794680e-02
-8.697730405507765605e-02
-7.526719741022934451e-02
-9.075648816862784407e-02
-1.009271018216771759e-01
-6.608194108893623853e-02
-1.127832712220987466e-01
-1.051228022006586021e-01
-7.132660525896300507e-02
-8.576160231201793160e-02
-9.836490644229864411e-02
-9.502586967011690533e-02
-9.020697865296725682e-02
-8.740817708731682401e-02
-1.035295319667163261e-01
-1.074994045755111177e-01
-1.097644082499353857e-01
-8.447341745486218467e-02
-9.189172743280861477e-02
-9.273472651715436443e-02
-9.307786233040540869e-02
-9.115467105952831939e-02
-1.032165755590895295e-01
-9.527168573364082349e-02
-7.642424485950098656e-02
-9.767625704659986530e-02
-1.026694661171399375e-01
-8.530484039858836354e-02
-7.838735845445782280e-02
-7.769289328962537822e-02
-7.987826131964696763e-02
-8.594120124387012727e-02
-6.921386671257027945e-02
-8.353173899466953545e-02
-9.357579842905339174e-02
-9.798266893461139715e-02
-6.628018062477428196e-02
-5.620068258076776208e-02
-5.694198154561613129e-02
-6.806977157523265431e-02
-7.520230685069434484e-02
-7.944652008107928876e-02
-6.502392817312112328e-02
-8.463969205309812560e-02
-5.553846370692067796e-02
-7.505316534436819176e-02
-7.258369398000280581e-02
-7.813335290692356716e-02
-9.284446230202850203e-02
-5.419697570942860754e-02
-7.436190093569872150e-02
-7.744412177397008712e-02
-5.792338132484644436e-02
-8.225000572510628161e-02
-8.026027688610339050e-02
-1.057118027280930933e-01
-1.211626624065135494e-01
-1.074985609120898827e-01
-8.342695381488876571e-02
-9.380957078378523994e-02
-1.018025900993409366e-01
-1.042683390678363492e-01
-7.769302365858603288e-02
-6.746481703934362195e-02
-8.835357547561585589e-02
-1.171082905338781677e-01
-1.043400464265518968e-01
-1.283850868017284985e-01
-6.854905549085331395e-02
-8.012849976917348072e-02
-8.814696646249213507e-02
-6.165188864367713434e-02
-9.569750065411444795e-02
-7.515391256733014447e-02
-1.075844229602550550e-01
-7.636746518332532263e-02
-7.575798318306521673e-02
-9.313713454812333481e-02
-7.601650726080007303e-02
-7.331317994516964309e-02
-9.244862630979620854e-02
-9.804801915843337767e-02
-8.354253160091672237e-02
-3.679434158858180259e-02
-3.372090559267904714e-02
-6.344273672323424984e-02
-9.638143686573458213e-02
-5.791877755381341641e-02
-1.230882370999259040e-01
-6.758452322071804852e-02
-6.899390650105964584e-02
-1.020833871441193114e-01
-1.185455206536538686e-01
-8.757093445932147280e-02
-6.416378071015417517e-02
-9.288331886417347527e-02
-9.279005456793990025e-02
-1.110689202846334434e-01
-1.153373315595521836e-01
-1.396412289920977989e-01
-1.167538350162223154e-01
-7.866301252332336125e-02
-1.003899377313700880e-01
-8.820622061230118383e-02
-9.950999731172889551e-02
-1.025203652569379731e-01
-9.931791253867451597e-02
-1.105284633655752025e-01
-8.656950502329252561e-02
-1.007419020069572346e-01
-7.343607539465264733e-02
-5.184126332480751276e-02
-6.741741765322088742e-02
-7.335882857428806247e-02
-4.765727558639272499e-02
-5.558492119305633722e-02
-7.458524021631288137e-02
-1.101841579583745373e-01
-9.015972706612390697e-02
-1.044062857671061717e-01
-1.135490866938439480e-01
-5.595341438177012933e-02
-1.008569935210734542e-01
-4.651932409159243581e-02
-4.296773407480653645e-02
-9.708826694147756897e-02
-9.999981769957562439e-02
-1.265276141551766320e-01
-1.097141345593267842e-01
-1.049929035870773991e-01
-1.252440950193718372e-01
-1.056349572701589939e-01
-1.230105196686277352e-01
-1.014709725685516567e-01
-6.554849169128623698e-02
-7.110658049471596520e-02
-1.002058594830248783e-01
-1.013478280265568410e-01
-1.027175452649140841e-01
-1.137999444438177465e-01
-7.072312039109068804e-02
-8.454941918720892957e-02
-1.064720571135740618e-01
-1.127590590354684424e-01
-1.171586954275622566e-01
-1.250047167530998482e-01
-8.945636985785587747e-02
-1.075535749077234648e-01
-6.046498569177757160e-02
-7.008690451821092404e-02
-4.766872377031382974e-02
-7.251690249838285696e-02
-7.567952321606534472e-02
-5.703215496613769919e-02
-6.676426182621648941e-02
-6.147851454165196433e-02
-6.697240058754325154e-02
-7.951888972436504943e-02
-1.027071736345045727e-01
-1.296926492722578761e-01
-1.699860913435263798e-01
-1.161042921285503765e-01
-9.553113353061384871e-02
-1.055453120153121149e-01
-1.322582947953477306e-01
-1.089169583944965269e-01
-1.134234035732357565e-01
-1.352555632943830966e-01
-8.882581052936068533e-02
-1.068328662510416999e-01
-1.162326063803575116e-01
-1.012111057383039969e-01
-1.227974797833724235e-01
-1.897633624625005566e-01
-1.407776943831252625e-01
-1.318369717803235253e-01
-1.192480451709032330e-01
-1.358831103253106132e-01
-1.300695314826772475e-01
-1.192207117596158356e-01
-9.826044341444555019e-02
-8.283372092775971585e-02
-1.461346301274863146e-01
-1.289749147719663758e-01
-1.016422404336168595e-01
-8.952766063387666839e-02
-1.513636241679245376e-01
-1.161891555999846337e-01
-1.287250692409296904e-01
-1.130656680888964261e-01
-8.031621514181203070e-02
-1.125628807751565263e-01
-8.254797564339091953e-02
-1.215288876669031182e-01
-1.367252780749593499e-01
-1.093004023007064784e-01
-9.581668227273679173e-02
-7.288097139795210455e-02
-6.705159552182531069e-02
-8.721699195412080385e-02
-9.231577321865028218e-02
-8.662811889968782819e-02
-8.300099720793874258e-02
-7.591964081170836376e-02
-8.169629339896482267e-02
-7.699073878041545749e-02
-7.052636011501471625e-02
-7.571453054236168545e-02
-7.833913936602059092e-02
-1.127780591518446895e-01
-9.231792555652537646e-02
-1.104920590455537865e-01
-9.367457444661192456e-02
-1.228109388981860478e-01
-1.370775049022440462e-01
-1.357556185114954517e-01
-1.232385190543090620e-01
-1.164871487778100373e-01
-1.075487937064696642e-01
-1.012808832004660903e-01
-1.181477436640348544e-01
-1.026473692410179162e-01
-9.735537486694217923e-02
-1.271477479205384287e-01
-1.310834521153222687e-01
-1.337678582778348557e-01
-9.405324865674323520e-02
-1.129941410394204454e-01
-1.116487365405141180e-01
-9.585347444913078219e-02
-1.068746210291363075e-01
-1.350366728027902197e-01
-1.307887123503445048e-01
-1.121923852076506384e-01
-8.578365683017388776e-02
-1.042125378575966960e-01
-1.226131747809930811e-01
-1.409385717337607591e-01
-9.247061805492511055e-02
-8.992360719655592693e-02
-8.498297408950265808e-02
-8.097790647726173241e-02
-6.121174155745368745e-02
-8.232033351409394351e-02
-9.597939971503670342e-02
-8.302031942043153201e-02
-6.894786637365128701e-02
-7.776508405034747440e-02
-8.113822888589940219e-02
-9.907442563142540570e-02
-1.265157477370367212e-01
-1.038644407324293556e-01
-1.218830912783963744e-01
-1.013492773482099069e-01
-1.125041350862687334e-01
-9.790932241755581633e-02
-8.163739108996846683e-02
-7.331027880553910026e-02
-9.714044960735261636e-02
-1.228390057601985996e-01
-1.195940064512044376e-01
-1.207553718238576768e-01
-9.789291624177630380e-02
-1.136600512442186017e-01
-1.277345195942042322e-01
-1.350604697072035898e-01
-1.341308317857210219e-01
-1.009034828327897010e-01
-1.147497974481931360e-01
-1.434190777630857394e-01
-1.256833380508131370e-01
-9.462723568095057769e-02
-1.024589196073161096e-01
-1.039928197403256482e-01
-1.094469352702926029e-01
-1.077583804606610518e-01
-1.087985682534881871e-01
-1.021309398580635130e-01
-1.199290700002127869e-01
-7.590501603576758904e-02
-8.664953710915951346e-02
-7.795885497673077369e-02
-7.801696934015506235e-02
-3.330195514224902620e-02
-7.735174735752420316e-02
-1.234359228296815353e-01
-1.156736298270312352e-01
-1.156032840617072510e-01
-1.162023461564400117e-01
-9.029906171128126990e-02
-1.176609543242651545e-01
-9.781586508121620227e-02
-1.052787976146264542e-01
-1.104233811542555954e-01
-1.262996211048724726e-01
-1.360660959695300376e-01
-8.493483833977227837e-02
-1.207737243231702950e-01
-7.344599053274074307e-02
-7.327299827125302589e-02
-5.394347633474385478e-02
-1.202634709047931821e-01
-9.930085076486144802e-02
-1.087534417100490258e-01
-4.487176307174944173e-02
-8.835231772435542252e-02
-5.460811434452986224e-02
-8.525871079424793275e-02
-1.060290249240363469e-01
-6.055065267361212783e-02
-8.645580514656406312e-02
-1.001113159186396012e-01
-8.293625460448138254e-02
-9.870043093591364392e-02
-9.345157107341485470e-02
-4.801804528206278511e-02
-3.705295034990233743e-02
-3.457480439647813569e-02
-6.401013030314479935e-02
-8.292469466401068690e-02
-6.246453812932672989e-02
-9.530907203231163416e-02
-1.136577284062665338e-01
-7.786906308125794707e-02
-1.304217013023570571e-01
-1.006624929297236654e-01
-1.105814157287281357e-01
-8.709440406429064252e-02
-1.207805559561915681e-01
-1.372409246027782304e-01
-1.183291756161926195e-01
-8.271621741921694748e-02
-1.056256376225130911e-01
-9.159033045017937746e-02
-7.592314519363914382e-02
-8.046408622608264283e-02
-5.700538948494004998e-02
-5.225536854620130289e-02
-4.877571444178525201e-02
-6.017806894373482068e-02
-4.918704202413600596e-02
-1.008832698229630565e-01
-1.144927500012180577e-01
-1.032923434933889356e-01
-1.043487443681218180e-01
-1.053513584976186607e-01
-8.373998123618310585e-02
-9.920679465866752422e-02
-8.942530357940277341e-02
-6.671543148630670883e-02
-8.658595159168024080e-02
-7.531187690710559879e-02
-7.274821942402974473e-02
-7.964618745937680766e-02
-9.885794648562584719e-02
-9.495897073517330089e-02
-1.167188195777414117e-01
-6.946011374185571963e-02
-8.648438709218254916e-02
-9.256182033874597870e-02
-1.195028846935034389e-01
-1.108020746822987179e-01
-1.048780596385426311e-01
-1.302853516381854426e-01
-1.220451037028816993e-01
-9.374778858649028546e-02
-1.071351649043003895e-01
-1.204370494433729122e-01
-1.016280463687466440e-01
-1.123109200056956053e-01
-1.097268251554502638e-01
-1.167293282333129040e-01
-1.041876075808322866e-01
-1.169980218178580111e-01
-7.428702887121686749e-02
-3.354498396127884169e-02
-6.884288851388856156e-02
-5.077381548000475808e-02
-4.410136931285347367e-02
-2.884836543426697389e-02
-5.372158024678021920e-02
-4.442423152734108899e-02
-2.164354959967922098e-02
-8.044564740925781374e-03
-1.928767618405705401e-03
-3.486939980624621099e-02
-3.114933284967796520e-02
-5.277460539045184668e-02
-4.523695342733452529e-02
3.356650989958723935e-02
-1.803148998762162461e-02
-2.659833463587165520e-02
-1.116050980550710101e-02
1.389860273746227129e-02
-2.498649324987736037e-02
-4.890943533723271508e-02
2.106126273236393412e-03
-4.250917420661351996e-03
-3.346938173525457715e-03
2.236891110205721164e-02
4.209098911559550071e-02
1.711347197182987862e-02
3.812088925501622106e-04
2.317680031734171281e-02
-3.893306527147066126e-02
-4.101605060440658562e-02
-1.106407202404034729e-02
5.535836523441320378e-03
2.240795689187397716e-02
3.075412280762969408e-02
5.249580138701409604e-02
-2.904814439174414203e-02
-2.638015445525972169e-02
-5.110337704397095032e-02
-1.581739756746507446e-03
-3.361033989744883349e-02
-2.768544073728597052e-02
-6.076141850820527407e-02
-8.301340833308145511e-03
-5.857654037756858389e-02
-7.614630276381636163e-03
5.959466493485464367e-03
-4.397308827869727405e-02
-8.424472628275998191e-04
-5.899476195496307362e-02
-3.901379445992275014e-02
-9.785493138836870441e-02
-3.182802510344776015e-02
-7.001411735818595383e-02
-8.161535173681062905e-02
-7.571024905705481256e-02
-1.977775025019445909e-02
-5.963777809174702904e-02
-7.129348534117631309e-02
-8.220418864366722811e-02
-4.157347659769279613e-02
-6.434231153907825351e-02
-4.390544075632639431e-02
-8.144487575801663548e-02
-7.941635491662249469e-02
-3.889209361945765442e-02
-7.857853665643459162e-02
-1.036075754672719368e-01
-8.639624044071587960e-02
-9.835628591051151504e-02
-1.096693743943610022e-01
-8.277252309671791208e-02
-9.749641765524026671e-02
-1.040047346968508701e-01
-6.902722005685026085e-02
-7.759566228184502923e-02
-1.071129378108817282e-01
-9.121567959643690771e-02
-5.920563880998638839e-02
-3.370053367829251717e-02
-1.194390606983155578e-01
-7.529904389250080543e-02
-1.002354931260591997e-01
-7.701068556725676473e-02
-1.134831499448813730e-01
-8.986263430394864082e-02
-1.198480814233198605e-01
-1.012420572759233500e-01
-7.379058565048764173e-02
-8.194301123311106827e-02
-9.119466996473547804e-02
-6.779640988959211023e-02
-7.658034423569792803e-02
-8.470021556371831739e-02
-7.481254364343435659e-02
-1.306090121661958869e-01
-1.423453077948844403e-01
-9.963707752119208005e-02
-8.960763472058809465e-02
-8.099329315286828146e-02
-5.204781450799017550e-02
-9.902056565980717207e-02
-5.906094793041732904e-02
-5.292881785942733786e-02
-4.413786013248004181e-02
-6.754800508574318463e-02
-9.144408619036070718e-02
-1.109623094719550673e-01
-1.352297357957402690e-01
-1.528069455379211239e-01
-1.525735791120763352e-01
-1.093107330095747787e-01
-8.840662663510871766e-02
-9.502423380058599989e-02
-1.127121501266463710e-01
-1.355272792191888898e-01
-1.244131125128562915e-01
-1.646157524791492799e-01
-1.468787062005649235e-01
-1.531489342174539026e-01
-1.430328123445413768e-01
-1.113559585913701244e-01
-1.609056238098723890e-01
-1.317924080972866230e-01
-1.093804803886971738e-01
-1.056130086822449493e-01
-1.254078969779360286e-01
-1.380950158074870093e-01
-9.970630908609463827e-02
-1.399730877511447813e-01
-1.135770351589886484e-01
-1.239152437805766532e-01
-1.206871638016338150e-01
-1.322489386708121106e-01
-1.334721290671242178e-01
-1.026906160214934027e-01
-1.437574173918523823e-01
-9.673987011753779064e-02
-1.341731338995923728e-01
-1.247623578500841601e-01
-1.682523338923351541e-01
-1.413118865728546780e-01
-1.292251854322500615e-01
-1.157260149484378164e-01
-6.089013720229427551e-02
-8.792965466076770042e-02
-1.042191931736450305e-01
-9.437506984627713758e-02
-1.158826947391017048e-01
-9.621849092400532044e-02
-9.174075861232328100e-02
-9.698681570530533202e-02
-7.557732518586787740e-02
-7.730518324315072132e-02
-9.811952935360465644e-02
-7.508609883155960285e-02
-9.810160312900274848e-02
-1.089565662150467490e-01
-9.342244555451534316e-02
-1.012231135649395847e-01
-8.378929738313720121e-02
-1.204598260408031446e-01
-1.152661681310005459e-01
-9.376434085045350086e-02
-1.018714275126763186e-01
-1.278909876931085543e-01
-9.826393514526197970e-02
-1.187327196392387596e-01
-1.155593862312359194e-01
-1.320272847629505586e-01
-1.574767809633863536e-01
-1.248823561987313924e-01
-1.254507666228832363e-01
-1.533859382642906444e-01
-1.336583298309224899e-01
-1.287444689239592988e-01
-1.448252631328913465e-01
-1.189190159575038430e-01
-1.327081724877380020e-01
-9.441684271077849244e-02
-1.421610115025092602e-01
-1.466113738626869945e-01
-1.545835206256171712e-01
-1.290000185839147440e-01
-1.170579720410759028e-01
-1.452972468557748031e-01
-1.317903321170921238e-01
-1.443595420322592027e-01
-1.371748398877549735e-01
-1.092647850156636541e-01
-1.240999287838732423e-01
-1.842618594505333884e-01
-1.560080089799107672e-01
-1.525362530061863675e-01
-1.602980555276582175e-01
-1.206207834048912547e-01
-1.493562969246602090e-01
-1.258515459013359872e-01
-1.158030034433684269e-01
-8.936329481876814640e-02
-1.482097838655167532e-01
-1.597236596768043249e-01
-1.284045353973164161e-01
-1.456701006213709515e-01
-1.046588886602679985e-01
-1.305088961986288765e-01
-1.609095180293938498e-01
-1.393942739435413691e-01
-1.171092352682415044e-01
-9.565508261796802636e-02
-1.415841652986992161e-01
-1.362620231113796099e-01
-1.446396521979217142e-01
-1.214147955881019481e-01
-1.499643359908991447e-01
-1.519086773332314344e-01
-1.581915136666872390e-01
-1.217124547745995072e-01
-1.253369339337447874e-01
-1.106512732120589204e-01
-1.253959058093482293e-01
-1.408207413440886180e-01
-1.405653980491916866e-01
-1.366487137260952722e-01
-1.658802123040935272e-01
-1.478717110012506275e-01
-1.695969816823351961e-01
-1.724086923870005450e-01
-1.487132284983791741e-01
-1.455203961031855120e-01
-1.730591543005931265e-01
-1.655592921903418502e-01
-1.486746866072048145e-01
-1.641018545934640471e-01
-1.128626347245239442e-01
-1.316858618244399204e-01
-1.701827559506583210e-01
-1.757657910179385441e-01
-1.601872110383954495e-01
-1.482878145187638830e-01
-1.595718867488111758e-01
-1.451616860192451730e-01
-1.436624369215460939e-01
-1.077609179071036677e-01
-1.448021054292389087e-01
-1.821135147644918628e-01
-1.437642684314794084e-01
-1.354042222779831550e-01
-1.253473015678973623e-01
-1.550426254097931056e-01
-1.167186745214387200e-01
-1.070191472781618081e-01
-5.508915203048359022e-02
-8.952012082929390602e-02
-1.501887581540292671e-01
-1.115176009802216622e-01
-1.091881784153179713e-01
-1.279397168726746636e-01
-1.432464127815502863e-01
-1.403449870723495196e-01
-1.630422572481008692e-01
-1.691200969290317935e-01
-1.764169783522939738e-01
-1.839607069441859533e-01
-1.707502906631391815e-01
-1.675282646643703188e-01
-1.338247882288989277e-01
-1.710172184770434312e-01
-1.419997235786494283e-01
-1.321999271449128821e-01
-1.796652622875516137e-01
-1.541009724545110982e-01
-1.418907534095349698e-01
-1.670280055886532722e-01
-1.696244385252100306e-01
-1.438134200071298774e-01
-1.684773993016097648e-01
-1.538314632385757719e-01
-1.706531855450881263e-01
-1.956399707128348153e-01
-2.159860808458637094e-01
-1.506374196519847108e-01
-2.278991877009157452e-01
-1.639703916963323183e-01
-1.960246527786301263e-01
-1.922670527275568142e-01
-1.874100127003132388e-01
-1.831797427814807477e-01
-1.592053824864647082e-01
-1.680549468126295021e-01
-1.979851999765022130e-01
-1.816576352955296958e-01
-1.987964513768823160e-01
-2.272906825826774002e-01
-1.968877417387133733e-01
-2.107651604310519511e-01
-2.111392090836320679e-01
-2.250515935297682235e-01
-1.826258203193135699e-01
-2.125527884338730411e-01
-1.929643034895021647e-01
-1.810726515040742557e-01
-2.097514235685752904e-01
-2.058438388260953045e-01
-2.120401194727942751e-01
-2.113482084758683266e-01
-2.413519992977186668e-01
-2.163142447321465267e-01
-2.477813288986064344e-01
-2.385809649356593898e-01
-2.305583889631593608e-01
-2.293193207513813670e-01
-2.458147276184802499e-01
-2.233793000594413991e-01
-2.730833917775767894e-01
-2.474193197550095535e-01
-2.478970113029779487e-01
-2.747635970959109719e-01
-2.541447494470914226e-01
-2.590352856224763523e-01
-2.236364223412014296e-01
-2.458247340879183562e-01
-1.791105308862329382e-01
-2.105130399029434551e-01
-1.904338835101662408e-01
-2.009942508696680175e-01
-2.135299672548169603e-01
-2.462612353949114596e-01
-2.187060421729032922e-01
-2.320378036324291238e-01
-2.425300292815131820e-01
-2.350765033485817945e-01
-2.431566528654758863e-01
-2.334882875043077788e-01
-2.307462315639149109e-01
-2.099420601888732918e-01
-2.134936310364916323e-01
-1.856854152074231545e-01
-1.998142277584049054e-01
-1.586373063729553945e-01
-1.628029693642376041e-01
-2.313447482556692802e-01
-1.922629633423399986e-01
-2.021620266805555510e-01
-2.064254515632051312e-01
-2.232060436576640550e-01
-2.291065619169305456e-01
-2.537618841807797732e-01
-2.604640456499774936e-01
-2.402029044635455579e-01
-2.515219719704019363e-01
-2.259891562808094279e-01
-2.665112277414858899e-01
-2.476292477994296026e-01
-2.163125330275074143e-01
-2.132570667039879464e-01
-2.278329523541385015e-01
-2.381175871124595611e-01
-2.689810026905111173e-01
-2.289859253450582943e-01
-2.235135877190134457e-01
-2.389001213790719336e-01
-2.315724970563078355e-01
-2.640920234439401715e-01
-2.824698177753105499e-01
-2.636288616784054351e-01
-2.164886608319236683e-01
-2.381569422001262315e-01
-2.468133587636629489e-01
-2.669870238252046168e-01
-2.674857150909764059e-01
-2.258947137155754292e-01
-2.355975133708102798e-01
-2.525147181652466766e-01
-2.220341613670148706e-01
-2.481571765298936916e-01
-2.331389969925146133e-01
-2.071261995356906416e-01
-2.278384016707716564e-01
-2.029704208608188176e-01
-1.971345043016243803e-01
-2.182492557633529673e-01
-2.586062303497252413e-01
-2.673450840587781041e-01
-2.296266517121981765e-01
-2.242187647347158030e-01
-2.025281201598899405e-01
-2.639140201719034073e-01
-2.669737788772423848e-01
-2.378756644225752948e-01
-2.457301614272596468e-01
-2.719732086429564877e-01
-2.363117086109555176e-01
-2.455090733548559445e-01
-2.457180060115357056e-01
-2.258097524934568889e-01
-2.158983179397665209e-01
-1.829455490174050625e-01
-2.322075386384215012e-01
-2.202484816591248895e-01
-1.829386395704600266e-01
-1.731748085994603836e-01
-1.817283725773539971e-01
-2.044403997221766744e-01
-2.271523004131953405e-01
-2.100999738163510933e-01
-2.184530012289065404e-01
-2.638345404460821220e-01
-2.451858655927187380e-01
-2.595649494977819161e-01
-3.266751920363761830e-01
-2.255081952951209501e-01
-2.510257959642856473e-01
-2.503679159679573774e-01
-2.363945375864017207e-01
-2.439633568578837564e-01
-2.451393107832490204e-01
-2.569577452954876495e-01
-2.318838230621159402e-01
-2.891126371099542736e-01
-2.648852571267820144e-01
-2.517523632083412122e-01
-2.322610376682042732e-01
-2.319297454668096670e-01
-2.679314310328178572e-01
-2.168463585934043425e-01
-2.144236092366375579e-01
-2.427787538663983280e-01
-2.488881915429788094e-01
-2.035023478237031891e-01
-2.002908525218281555e-01
-1.693828338904395936e-01
-1.216531803297585118e-01
-2.247104784453472504e-01
-2.143831191926150181e-01
-1.406845645631654151e-01
-1.846190921902984561e-01
-1.802879579866636106e-01
-2.410383407612040063e-01
-2.501428109258119759e-01
-2.672681095600528134e-01
-2.147188336433875355e-01
-2.178035247689642517e-01
-2.488132203537936904e-01
-2.795093284935505906e-01
-2.429929127371169562e-01
-2.883009732777954137e-01
-2.837712001288575925e-01
-3.352820492372164951e-01
-2.688597720020482473e-01
-3.018018246327908716e-01
-2.571447047556891796e-01
-2.374808140235103726e-01
-2.976169252972365453e-01
-2.515845488639464334e-01
-2.543705418951931474e-01
-2.410742261422838262e-01
-2.514183630186917484e-01
-2.763072476176046122e-01
-2.470559817869767139e-01
-2.778026971122632416e-01
-2.096570379372010295e-01
-2.539111638523760539e-01
-2.263565143059763918e-01
-2.169246032241214650e-01
-2.202894255122902489e-01
-2.101039692213484134e-01
-2.465042392418898554e-01
-2.847786739871703832e-01
-2.153575816627962547e-01
-2.319281552129032198e-01
-1.974245623232758207e-01
-2.295811684336095115e-01
-2.271199730472900913e-01
-1.925933030085521247e-01
-2.380145163247261442e-01
-2.173596587299508331e-01
-2.833213895588761466e-01
-2.449733506975892983e-01
-2.048330400678648466e-01
-2.088290015380559472e-01
-2.720850654565006299e-01
-2.883604709079095607e-01
-2.166721445166010229e-01
-2.073472882029475939e-01
-1.820284210762775357e-01
-1.881983477347881073e-01
-1.749377043248936392e-01
-2.318933358927740551e-01
-2.613161319458447429e-01
-2.579114231024712267e-01
-2.103253251177451544e-01
-2.275387652800255900e-01
-2.387615292412875456e-01
-2.998020390976117167e-01
-2.676433891444696123e-01
-2.466812438643624650e-01
-2.145189753302964297e-01
-2.443853270899957741e-01
-2.048929853639779031e-01
-2.340814531571712986e-01
-2.319988555873785108e-01
-2.654751661752201564e-01
-2.269394595056836439e-01
-2.129715875780910928e-01
-2.915361203480239527e-01
-2.982575310742910935e-01
-2.974618821460749962e-01
-2.289321637958669498e-01
-2.154884538963905138e-01
-2.971801372304077038e-01
-2.464800357831418709e-01
-2.991912931691835809e-01
-2.731248398813572176e-01
-2.246034375988442966e-01
-2.495664155196157807e-01
-2.060291041068407492e-01
-2.465445273916052893e-01
-2.640942004959540568e-01
-2.529437056142487816e-01
-2.455283846221967825e-01
-2.353638358772218442e-01
-1.903982359437493554e-01
-1.563840350749603481e-01
-1.644504171181080110e-01
-2.195634708382023237e-01
-2.130459230129511383e-01
-1.964867757460637132e-01
-2.615379891159714809e-01
-2.176083984018959694e-01
-2.162316453138360128e-01
-1.714335080843018277e-01
-1.557910728349274909e-01
-2.107052023293929655e-01
-1.843076683494666301e-01
-1.757534002505488357e-01
-1.923445260128278100e-01
-2.137167733053550456e-01
-2.022502536208458102e-01
-2.068534820187732659e-01
-1.793982665113980079e-01
-1.853694882133821997e-01
-1.962846455713500304e-01
-1.676162096329437690e-01
-1.939705228066641307e-01
-1.993852279089576296e-01
-1.877845359750184295e-01
-1.863256521439863866e-01
-2.475988950447904902e-01
-2.096183941959079422e-01
-2.056099015785325668e-01
-2.360345240870864447e-01
-2.078695912223013920e-01
-2.099570450491155260e-01
-2.065987334595458802e-01
-2.020160291895329308e-01
-2.012637846026638644e-01
-2.063808317581998786e-01
-2.056899554908758199e-01
-1.646748427692784345e-01
-1.855254643151575400e-01
-1.532405134427113347e-01
-2.246897680863441105e-01
-2.390243293212789832e-01
-1.575590260466894765e-01
-1.921389319185568823e-01
-2.327659798272902480e-01
-1.531004620870186350e-01
-1.790302220343192863e-01
-1.975711467861857584e-01
-1.290526006860901187e-01
-1.631581854438462764e-01
-1.913100389045457317e-01
-8.284471952942712436e-02
-5.064707755643340498e-02
-2.412021483819633619e-02
-8.314685286825594657e-02
-1.135341788814715619e-01
-1.202847632334277661e-01
-1.730825582878749991e-01
-8.240063022408868065e-02
-1.216177673070503867e-01
-8.871422510306059550e-02
-1.167069441526211726e-01
-1.090921299363986907e-01
-4.699042567551905275e-02
-1.068292813530398039e-01
-6.351261343902543655e-02
-7.575943998255366130e-02
-8.702175641457686461e-02
-1.261226892821950551e-01
-1.274315606977618476e-01
-1.340335894528016103e-01
-9.307897123683939178e-02
-5.028774198732468420e-02
-6.922612883721868116e-02
-1.127817423078424225e-01
-1.509388434045690064e-01
-1.066869881605092968e-01
-9.393523685961731318e-02
-5.164414785400732455e-02
-7.926745779112237544e-02
-2.239930438674112012e-02
-8.043768316921286188e-02
-5.327820239031304944e-02
-4.038605569836306586e-02
-1.205073974273851295e-01
-9.540360378471711422e-02
-1.044549094278958701e-01
-1.241325585242737811e-01
-6.706104432054330045e-02
-1.441302471866818535e-01
-1.424430745331472792e-01
-5.631346690310759517e-02
-8.790510471592664909e-02
-5.347358712123601032e-02
-7.845316602531166028e-02
-5.127831612891290552e-02
-6.381166005795080309e-02
-1.189142608481821017e-01
-3.808470806365608918e-02
-9.728899889853750982e-02
-7.964050378178853806e-02
-7.927850366785919867e-02
-6.313688457920405006e-02
-1.261883473573543468e-01
-8.606829853152662968e-02
-6.080292789179730234e-02
-1.371553589011221541e-01
-8.679310188843075702e-02
-1.150665363270783614e-01
-8.967502353547560090e-02
-1.040060387489340071e-01
-9.910161444251290586e-02
-8.623183277039883632e-02
-1.605179651568922339e-01
-9.917961787682075259e-02
-1.311152171325041249e-01
-1.127784799172727587e-01
-1.667714147602060437e-01
-1.319202622878611342e-01
-1.306948959781879249e-01
-1.236425335162195382e-01
-2.009615014287440826e-01
-1.398597908541033830e-01
-9.977520854932867000e-02
-1.579387204787434940e-01
-8.474714159661402013e-02
-1.183478030370183204e-01
-1.301153279325271694e-01
-1.010293870466801025e-01
-1.442531603443678312e-01
-1.262172714692192943e-01
-7.588453948579269859e-02
-1.318817958666528567e-01
-1.415944623429956917e-01
-1.009392931406676297e-01
-1.207341846557202919e-01
-1.687303457148988939e-01
-1.339244914801458186e-01
-1.296592724198540325e-01
-1.750142728697041128e-01
-1.199153680973481101e-01
-1.621763350441397522e-01
-1.555800541530835135e-01
-1.450728900806247945e-01
-1.882012816033307168e-01
-1.466779960303213060e-01
-1.836534361883581101e-01
-1.287435387511820517e-01
-1.063845819077014337e-01
-1.123779038138919412e-01
-1.249103845919765921e-01
-1.969832825559092171e-01
-1.234397171440749508e-01
-1.741441405921957675e-01
-1.717280987706816531e-01
-1.530318002632443108e-01
-1.642880642218174925e-01
-1.679129736648023452e-01
-1.529774773366774920e-01
-1.916004877738819723e-01
-1.916473560968986189e-01
-1.365315369225978959e-01
-1.488001651292222560e-01
-2.105109488704716980e-01
-2.150317970181782612e-01
-2.010712845644523350e-01
-2.304820630893607836e-01
-2.196715561711954645e-01
-2.081043800126925747e-01
-1.732679392689632225e-01
-1.653417575003520990e-01
-1.850992712848841260e-01
-1.183815638500048673e-01
-1.364913378809447797e-01
-1.465003944896697552e-01
-1.035949281047708476e-01
-9.823564821095180644e-02
-1.252014018498481818e-01
-1.306070527779186197e-01
-1.915498538538478734e-01
-1.330144577450471099e-01
-9.607794300971637946e-02
-1.221226849137952847e-01
-1.798985668848198938e-01
-1.774442112644663838e-01
-2.213017481684911580e-01
-2.161883576822475339e-01
-2.361168587672181352e-01
-1.904817632054597587e-01
-1.369246819653467950e-01
-1.719863603988468215e-01
-2.107879516608306969e-01
-1.620235318537103508e-01
-2.130267584579791096e-01
-1.835440448999137719e-01
-1.556331277097830201e-01
-1.669147568828955874e-01
-1.695557904948452599e-01
-1.600568274858686635e-01
-1.973648835102768950e-01
-1.431571345796824601e-01
-2.001102081678330091e-01
-1.854447360149490687e-01
-2.121612894603037147e-01
-2.120456098377219989e-01
-2.555377182134043745e-01
-2.485848092421557853e-01
-1.995552528097603584e-01
-1.528997716389003669e-01
-2.078746124202328349e-01
-1.825912310027662799e-01
-2.512974951632666043e-01
-2.217596469427569050e-01
-2.301602511043638610e-01
-1.554803314603209474e-01
-1.328960574289494989e-01
-2.101461848210578187e-01
-2.269640415542453771e-01
-2.546577036952875628e-01
-1.966251770288239276e-01
-2.152742998806924379e-01
-1.671672147549821685e-01
-2.391420880307633667e-01
-1.888127407775357092e-01
-1.940958247828080130e-01
-1.732080087931362755e-01
-1.026574551532730695e-01
-1.974728880348418369e-01
-1.674461004985006718e-01
-1.666231431755216263e-01
-1.861600828255902951e-01
-1.593504249803145978e-01
-1.894095679061502113e-01
-2.182090586790267628e-01
-2.140827045032066278e-01
-2.460946262769457549e-01
-2.602139186722893238e-01
-2.050329507044809374e-01
-2.440578518350495496e-01
-2.311981357009973703e-01
-2.554713281618501419e-01
-1.715957109340515985e-01
-1.710499037751282980e-01
-1.397683681414995660e-01
-1.830893838980332256e-01
-1.572609407627040823e-01
-1.834155685907357947e-01
-1.375128288858194214e-01
-1.788373142481660960e-01
-1.827466265610355189e-01
-1.310721686588066093e-01
-1.739194383633858587e-01
-1.848644750155507277e-01
-1.343455117004819788e-01
-1.225220454957222788e-01
-1.794746814872300034e-01
-1.948400989259668759e-01
-1.761608233622614095e-01
-1.717866573049744716e-01
-1.967897028430247996e-01
-2.385794916676915178e-01
-1.631065108250915052e-01
-1.987918639466457194e-01
-2.171062215434851062e-01
-2.553927695093611283e-01
-1.813098436523731816e-01
-2.041866212092070532e-01
-2.117827820654735183e-01
-2.007119976499497360e-01
-1.886322753888246828e-01
-2.301035888168029842e-01
-2.261934953315778707e-01
-2.482473893301359036e-01
-2.948429778708896443e-01
-2.514304130346989297e-01
-2.627438888068688860e-01
-2.580321648455953798e-01
-2.678983955041260856e-01
-2.930365236773029847e-01
-2.674887129865621271e-01
-2.737648644318407265e-01
-2.508361065571492743e-01
-2.812467389990672695e-01
-2.587267114225574316e-01
-2.418934320187068054e-01
-2.591988175795131299e-01
-2.658651931162813731e-01
-2.974392371042179906e-01
-2.857467361084001789e-01
-2.633777941358032004e-01
-2.949844794089476196e-01
-2.751373943867631566e-01
-2.797498032478611951e-01
-3.218512900014594003e-01
-3.106134380283790408e-01
-2.482817813091665327e-01
-2.336158040993293605e-01
-2.985354190916267303e-01
-2.699053576766131113e-01
-3.045021524417515502e-01
-3.418722237633639582e-01
-2.839561334839783568e-01
-2.500896212400992025e-01
-2.769390712890705819e-01
-2.869426321753879572e-01
-2.655314842251495500e-01
-3.060642423962167125e-01
-2.847344491468162819e-01
-2.803235254008316635e-01
-2.292009586162242485e-01
-3.018405497820013661e-01
-2.606461172425740269e-01
-2.382311097313580539e-01
-2.342341055622974011e-01
-2.235020671669419035e-01
-2.591828850215036617e-01
-2.509393987973501106e-01
-2.513649897036008829e-01
-2.678611007762674023e-01
-2.655923486619741203e-01
-2.538539764416137268e-01
-2.465928676823903598e-01
-2.855415865179754542e-01
-2.664707368044997304e-01
-2.608461291200790955e-01
-2.870780530313149503e-01
-2.725226699344193149e-01
-2.758023097463835893e-01
-2.697851878148178617e-01
-2.474543598641947562e-01
-2.765719348362385421e-01
-2.600353783310109801e-01
-2.806039683759374292e-01
-2.799407734575277140e-01
-2.687168628584917784e-01
-3.221057157143641381e-01
-2.527554313085538795e-01
-3.137811759534321343e-01
-3.123279714898045123e-01
-3.039431119440738627e-01
-2.924229331559449752e-01
-2.933797930191439085e-01
-2.418081208626221279e-01
-2.496184016204395506e-01
-2.615761812569799005e-01
-2.944944056972742530e-01
-2.412488865722386966e-01
-2.818285943396663940e-01
-2.601327068893283800e-01
-2.238674353711696818e-01
-2.485724050361623194e-01
-2.363651382999464590e-01
-2.432218815688697855e-01
-2.245823879409260260e-01
-1.851843303163047683e-01
-2.201619866026621186e-01
-2.484826785149467365e-01
-2.062955150967530349e-01
-2.371418859380422517e-01
-2.029341512763075950e-01
-2.008016338275681878e-01
-2.240498421426509457e-01
-2.287800750188951349e-01
-2.129969764209793393e-01
-2.190725225590903769e-01
-2.457305415233252410e-01
-2.834855383499466641e-01
-2.539051609054812642e-01
-2.084525292888150527e-01
-2.706738526057345662e-01
-2.438435322187667564e-01
-2.383790144272445177e-01
-2.855800433020882489e-01
-2.688010831876443962e-01
-2.494790294590412127e-01
-2.142180833108546789e-01
-2.541154642793322371e-01
-2.040710034470472056e-01
-2.496582765628593548e-01
-2.274072372118762231e-01
-2.125141769709823214e-01
-2.231827039330223084e-01
-1.871793339081274932e-01
-2.308754926256190720e-01
-1.909413886620895673e-01
-2.037395063873255752e-01
-1.834838013152248204e-01
-1.991991460673341874e-01
-2.233859586133644659e-01
-1.730861584489161165e-01
-1.918522703849207256e-01
-1.995106370866372714e-01
-1.655019308094205777e-01
-1.861340449019363019e-01
-1.851108205120528261e-01
-2.072856437635275106e-01
-1.993741434264125201e-01
-1.840724310885687165e-01
-1.673371487538100888e-01
-1.798028908782026425e-01
-1.825988677589299169e-01
-1.575936265789400770e-01
-1.907212660060559895e-01
-1.707555250667041336e-01
-1.600160771231002865e-01
-1.798683050889328949e-01
-1.581431719699559479e-01
-1.917689097310795454e-01
-1.822431539195827344e-01
-1.788316957595249834e-01
-1.643157331962245560e-01
-1.890250283181848234e-01
-1.585550362044679251e-01
-1.603144986585634535e-01
-1.833863503247364080e-01
-1.897110984573353032e-01
-2.058809521163778578e-01
-2.165797723417233200e-01
-1.833012073341573622e-01
-1.539442327627151552e-01
-1.806048765926134281e-01
-1.542340897079601814e-01
-1.584979834610868166e-01
-1.381464223172773342e-01
-1.554540281052124162e-01
-1.516819663329581347e-01
-1.486998519413889330e-01
-1.675923534420086514e-01
-1.622563599462384654e-01
-1.574320326209675269e-01
-2.025450743787100272e-01
-2.005260338991410041e-01
-1.954833489645031175e-01
-1.396057229808565781e-01
-1.966415230276754300e-01
-2.077549253078091740e-01
-1.665245725191631943e-01
-1.452159830665544771e-01
-1.757662203816049984e-01
-1.650862690741219940e-01
-1.982706962813653717e-01
-2.001139864231299414e-01
-2.234181837421966577e-01
-2.361747497602698087e-01
-1.841281475972452175e-01
-1.610561976888206515e-01
-1.985290637436557815e-01
-1.525817884190921181e-01
-1.543245358184903437e-01
-1.594672431389988487e-01
-2.137715685166641788e-01
-1.198003925737025355e-01
-1.154184675740310972e-01
-1.278429061659272781e-01
-1.228301554907475918e-01
-1.227160324863339896e-01
-1.417285239674682673e-01
-1.178466591558574861e-01
-9.969156341145271605e-02
-9.029502925521271095e-02
-1.460655702965672487e-01
-8.309108631941009016e-02
-1.513752086871490710e-01
-9.941121261864635517e-02
-1.659470611284380448e-01
-1.046984108524141588e-01
-1.703295788671974342e-01
-1.224368970754166897e-01
-1.535666288275873703e-01
-1.735669351111727710e-01
-1.531815601229494783e-01
-1.404093430265672959e-01
-1.470611578046462364e-01
-1.763028100033236512e-01
-1.494060876027279439e-01
-1.481519672764521067e-01
-1.629853819236729562e-01
-1.562588331285258703e-01
-1.681120179001700243e-01
-1.799120045660251299e-01
-1.464264824947608123e-01
-1.816192002769600189e-01
-1.854133588431766122e-01
-1.876568268005390505e-01
-1.782057668045647081e-01
-1.883305123210802789e-01
-1.819645370566955189e-01
-2.187470042880925447e-01
-1.678537768427562082e-01
-1.723066552834171261e-01
-1.337609756903988811e-01
-1.894786736183717291e-01
-1.696668217671211676e-01
-1.835175908680016787e-01
-1.462122592690496548e-01
-1.353216992988317546e-01
-1.177779755996598010e-01
-1.556118079004926436e-01
-1.404084933993336448e-01
-1.952809374952356458e-01
-2.103828906332871618e-01
-1.969507856001258550e-01
-1.955993936571487901e-01
-2.152623922390021483e-01
-1.712663831059877684e-01
-1.922184215574707922e-01
-2.043233331715267886e-01
-2.014852846163522060e-01
-1.988631131555974596e-01
-2.331322303606665758e-01
-1.966805321003020357e-01
-1.839970506260946437e-01
-2.172236506177592785e-01
-1.859416272593928943e-01
-1.867155787522299104e-01
-2.211070157017874238e-01
-1.290344909745774482e-01
-2.075837337123968840e-01
-2.054425415811065025e-01
-2.654943155736322891e-01
-2.370483756658720575e-01
-2.024714930689439363e-01
-1.576687690886795223e-01
-2.114788208081689047e-01
-2.109537035198497112e-01
-2.520476117294129237e-01
-2.342076631847970491e-01
-2.036984100848857338e-01
-2.217799961652113516e-01
-2.045814945943358332e-01
-2.067962849443376605e-01
-2.218168360153382201e-01
-2.154425596749914296e-01
-1.884775868958259437e-01
-1.956965132610119784e-01
-1.981960815490898808e-01
-2.116492026453344888e-01
-1.936705100519993117e-01
-1.697426154603995374e-01
-1.593922101278051617e-01
-1.575388053056654691e-01
-1.815592538795733069e-01
-1.923105216709663501e-01
-1.420341501318075905e-01
-1.340323871288996438e-01
-1.736912118227352808e-01
-1.524259920122345013e-01
-1.899651846252751186e-01
-1.824779314050850310e-01
-2.097759260374140178e-01
-1.728203812261027705e-01
-1.618015784217307351e-01
-2.248725801036911554e-01
-2.155278420084110469e-01
-2.175014672269432736e-01
-2.128768180362773932e-01
-2.371042263406372974e-01
-2.379935555415358950e-01
-2.443923033040764914e-01
-2.332236532201464874e-01
-2.174028582306362922e-01
-2.085193132476619859e-01
-2.238853814432461009e-01
-1.723142304786033085e-01
-2.493407445226407115e-01
-3.028984082149552282e-01
-3.097780919038748970e-01
-3.064304533533090957e-01
-2.734630356286025799e-01
-2.556570036489421716e-01
-2.544375871200610928e-01
-2.557650552079833717e-01
-2.565449376338280185e-01
-2.292485483464915541e-01
-2.533699627546453503e-01
-2.429092258024250217e-01
-2.183786043018943746e-01
-2.335839285366140272e-01
-2.216918619132700330e-01
-1.969120866728537589e-01
-2.610594875001234771e-01
-2.819699611842043097e-01
-2.756226949959977857e-01
-2.180806026186093149e-01
-2.718220176596130022e-01
-2.598405212822699761e-01
-3.058635595234768800e-01
-2.735566953830078640e-01
-2.724515562591470208e-01
-2.200658437587511562e-01
-3.050366920774167379e-01
-2.695249334966714483e-01
-2.591501544106247779e-01
-2.814194904744234949e-01
-2.635364807192851488e-01
-3.176976273096063230e-01
-2.633866968808492581e-01
-3.106457399332674396e-01
-3.168271869829225595e-01
-2.577034382524561185e-01
-2.703888095370233779e-01
-2.284331677944587136e-01
-2.499596381245605126e-01
-2.404519826637548652e-01
-2.410898443518136591e-01
-2.397874784875845544e-01
-2.205127233677406928e-01
-2.746163304031576935e-01
-2.947456579561410495e-01
-3.142916079305504429e-01
-3.175321674923738402e-01
-2.965627039460123626e-01
-2.842904637844176352e-01
-3.227675039808149404e-01
-2.598148037669691379e-01
-3.250894438172896028e-01
-3.105954417398145706e-01
-2.979582683726328396e-01
-2.847373973987360474e-01
-2.706491485671149166e-01
-2.760106942954472231e-01
-3.094020931954192810e-01
-3.192644854766660267e-01
-3.074580716961602955e-01
-2.993232917293691675e-01
-2.985249615456747052e-01
-3.510848270082451150e-01
-2.897930255145740319e-01
-3.254586290417858518e-01
-3.120356442329653146e-01
-2.996468820182595083e-01
-3.260524053660703858e-01
-3.370045617266417826e-01
-3.887432811629331630e-01
-3.141662342248100481e-01
-3.082673951146244207e-01
-2.514786225286297916e-01
-2.814317258373384978e-01
-2.792848256910959170e-01
-3.064599610548427999e-01
-3.035999865388180896e-01
-2.758929180509612777e-01
-2.698325592927373617e-01
-3.660212575001983160e-01
-3.218967726276101282e-01
-3.598289467399131691e-01
-3.776819030656213827e-01
-3.705488022470897480e-01
-4.659843562719212517e-01
-3.714859299579884033e-01
-4.073564694415440224e-01
-3.578918861755859826e-01
-3.260662405376926753e-01
-3.645278589196288554e-01
-4.484014102928857159e-01
-4.142618885766219394e-01
-3.556310087377702600e-01
-3.771012249302398978e-01
-3.806820833600262355e-01
-3.729726843689575855e-01
-4.044135534058931336e-01
-3.819721030330766598e-01
-4.148797976583652458e-01
-4.077768899219730847e-01
-3.551940694365041673e-01
-3.750505156182852295e-01
-3.464102942308724398e-01
-3.756006952848833236e-01
-3.693012720008074234e-01
-3.290632125596730795e-01
-3.296716908850895189e-01
-3.124149422612421678e-01
-3.692971043856592139e-01
-3.257755354002010995e-01
-3.083841568635890540e-01
-3.072040815472420472e-01
-3.365590281757037117e-01
-3.546881698164479069e-01
-3.623194798147982287e-01
-3.385390717644142788e-01
-3.003696011123569987e-01
-3.274430182418716084e-01
-3.134038764564680002e-01
-3.317021995688392844e-01
-2.976015457734236813e-01
-3.057602587728267540e-01
-3.820841105295252893e-01
-3.107113073952652571e-01
-3.174958358963234639e-01
-3.249663987227074946e-01
-2.829878678683342419e-01
-3.114662215242625654e-01
-2.927410315944992125e-01
-3.523392337967556354e-01
-3.436612285399899269e-01
-3.339812429568179697e-01
-3.565581820189540618e-01
-3.951855075117582383e-01
-3.903432783786722204e-01
-3.852665951695741775e-01
-3.424791397168117646e-01
-3.698736179009985969e-01
-4.106753544937272182e-01
-3.187898666968589367e-01
-3.320792323983949856e-01
-3.487345947212689423e-01
-3.448106266927571384e-01
-2.877091687183965796e-01
-2.778338646109201338e-01
-2.937068838492843392e-01
-3.398767176429282610e-01
-2.579407019077440966e-01
-2.566342998403295939e-01
-3.131798003882044767e-01
-2.218305323553160791e-01
-2.844052318103278965e-01
-2.790190208721768372e-01
-2.768005820411950091e-01
-2.578420427080983512e-01
-2.868953161829540521e-01
-2.522545587142938639e-01
-2.216767714115297494e-01
-2.148366994403519969e-01
-2.423671679215611829e-01
-2.800030653384226742e-01
-2.861129639434375482e-01
-3.039302437243862620e-01
-2.881147371148045089e-01
-2.780028287502567252e-01
-2.651052217243998754e-01
-2.745860314656133339e-01
-2.494034438868084347e-01
-2.502263958480213102e-01
-2.296697318958221545e-01
-2.314192106833210250e-01
-1.896794402289219972e-01
-2.150750385523618746e-01
-2.647869450703755345e-01
-2.290948501918562419e-01
-2.301458826751746067e-01
-2.365985886192536192e-01
-1.626030490505279980e-01
-1.820072016162227191e-01
-2.114242642974938358e-01
-2.189121067913553653e-01
-2.279849282427473811e-01
-2.521925089224533734e-01
-2.493226433532014230e-01
-2.173020525699357608e-01
-2.510642413698241371e-01
-2.314360945635826339e-01
-2.606611249597814428e-01
-2.926326055934852510e-01
-2.888797520093558946e-01
-2.662256843408905005e-01
-2.450772990574688059e-01
-2.853833263726361369e-01
-2.712297222629967974e-01
-2.432017152443584351e-01
-2.397177982290882858e-01
-2.580501147924374461e-01
-2.476704447777323959e-01
-2.815895829552263474e-01
-2.879483890755943909e-01
-3.135819087679336814e-01
-3.550426096978522295e-01
-3.025207699567538100e-01
-2.998566559543635601e-01
-2.635681890272540961e-01
-2.615301960056497510e-01
-3.084498759606986718e-01
-3.232611550805803979e-01
-2.651093787260956347e-01
-2.886595653050417210e-01
-2.825139677381398040e-01
-2.969527391842067265e-01
-2.832684463981181566e-01
-2.516930524058940688e-01
-2.623821915038241914e-01
-3.218021445664902558e-01
-2.407481758617228129e-01
-2.276091589945229143e-01
-2.738651080730972742e-01
-2.215359830461648416e-01
-2.630149059425730962e-01
-2.615341792099041829e-01
-2.758845316803416603e-01
-2.273946712936877057e-01
-2.116422462098043744e-01
-2.210324684326789024e-01
-2.371588778445147261e-01
-2.884139353020807039e-01
-3.093855201438556746e-01
-2.719981265653252933e-01
-3.615600220411657184e-01
-3.624385826093033947e-01
-3.226454819891487746e-01
-2.853563145072728346e-01
-2.879199576755383516e-01
-2.735297719884726697e-01
-2.301615543853936519e-01
-2.265056290147215712e-01
-2.623908496961332992e-01
-2.766252186097152288e-01
-3.184102436838779915e-01
-3.014138518573075687e-01
-3.475012719694119401e-01
-3.691050324403520322e-01
-3.521235073289128437e-01
-3.589817852169744361e-01
-4.023266545080830814e-01
-3.962654024009628073e-01
-3.647913513621686699e-01
-3.706960193965855854e-01
-3.530082663213946481e-01
-3.567411541710457379e-01
-3.280151175887516812e-01
-3.414653948013595119e-01
-3.824978140784492386e-01
-3.406493798347488000e-01
-3.508193316719800947e-01
-3.291730486084185614e-01
-3.544938115554130409e-01
-3.611015151425986391e-01
-2.990774876467331422e-01
-3.099047102261023867e-01
-3.359539633439871942e-01
-3.154850708364617118e-01
-3.173423150320083264e-01
-3.921290582730369567e-01
-3.547379790705906255e-01
-3.198164051434385646e-01
-3.277234348932517305e-01
-3.063737933729350216e-01
-3.379721548801540298e-01
-3.399795606316599605e-01
-3.277973396098011194e-01
-3.633006179122681423e-01
-3.727545047820886581e-01
-3.541731043801182310e-01
-3.477939078418386676e-01
-3.584681990650262495e-01
-3.652041786073879637e-01
-3.365083086128371481e-01
-3.476967865905479793e-01
-3.964746708918276963e-01
-3.566907567479222774e-01
-3.803780399155142211e-01
-3.513409238149915459e-01
-3.756456769384541317e-01
-3.508818782196986841e-01
-3.317815249783102605e-01
-3.297182671242298579e-01
-3.412160248367873683e-01
-3.388760431416374397e-01
-3.449216810155776858e-01
-3.742864710056467148e-01
-3.581624220292564664e-01
-3.530284151001160664e-01
-3.677679835619634963e-01
-3.463053496575138612e-01
-3.275831602675927656e-01
-3.022840593574095402e-01
-3.122839836486315801e-01
-3.396901676112835111e-01
-3.330670048205103817e-01
-3.176909217077963921e-01
-3.187424104198058328e-01
-3.464485396635795245e-01
-3.216214038798263508e-01
-3.440136868821788152e-01
-3.630699603185235658e-01
-3.614933655461264328e-01
-3.504094911004333457e-01
-3.730712568781159311e-01
-3.801444401374275417e-01
-4.103855362879765267e-01
-3.682679718957215242e-01
-3.633762691918777654e-01
-3.642965716646384133e-01
-3.608645984778125482e-01
-3.302299385812356713e-01
-3.818494640885711777e-01
-3.859507188477472872e-01
-4.062186578607453469e-01
-4.095441929230129730e-01
-4.369906990946926251e-01
-4.191033442379395457e-01
-3.647868866733796067e-01
-3.999572737441296488e-01
-3.629843178300947160e-01
-4.044304620946588269e-01
-4.678813736600766493e-01
-4.383696410089548690e-01
-4.740489601088338500e-01
-4.548073278622861704e-01
-4.538359881103813387e-01
-4.509802153449986029e-01
-4.590582863657981516e-01
-4.761434850206927583e-01
-4.360005776731126215e-01
-4.222506012456938573e-01
-4.416393259516330771e-01
-4.206875726464071596e-01
-4.259170320747422966e-01
-4.112577061454814054e-01
-4.232471350895356532e-01
-4.135334196745576452e-01
-4.461598773125586836e-01
-4.091593980944502329e-01
-4.141508722425881195e-01
-4.049899131254818263e-01
-4.378854638195844307e-01
-4.364681693089342840e-01
-5.023814475650180134e-01
-5.054018012587021547e-01
-5.416294396821168533e-01
-5.830984952361977225e-01
-5.253681112635029127e-01
-5.612344725658779954e-01
-5.156898985715834272e-01
-5.630377885746853384e-01
-5.058445438877744449e-01
-5.740835458570140437e-01
-6.091789642648627323e-01
-5.205362441843010002e-01
-5.181655977694137327e-01
-5.062098809024304646e-01
-5.249814394791870731e-01
-5.086987082500018520e-01
-4.741456550738445963e-01
-5.205676903291079904e-01
-5.501933174032392904e-01
-5.004685834640583142e-01
-5.039202596799858824e-01
-5.189396072676059068e-01
-5.563847038913943832e-01
-4.902154708690928953e-01
-5.006344303611631741e-01
-4.923445507235998941e-01
-4.864431700899936595e-01
-5.346627953723220861e-01
-5.391203691393711139e-01
-5.184424596651244777e-01
-5.252997723038002054e-01
-4.806814882909161701e-01
-4.938187683476438772e-01
-4.956728180832263297e-01
-4.780995302366136679e-01
-4.850654398696638281e-01
-4.608028692188565478e-01
-4.737491731054724875e-01
-4.516569599989382344e-01
-5.883137866232414082e-01
-5.558559003502516749e-01
-5.189370308094453099e-01
-5.143827124660138583e-01
-4.977508215481558640e-01
-5.159870286353896995e-01
-5.286043101373482100e-01
-4.895613715677875066e-01
-4.715182022224057579e-01
-4.366225526227713316e-01
-4.432766591174762683e-01
-4.434886454418279222e-01
-4.792857595981263041e-01
-4.877863268002340380e-01
-4.885566592787765616e-01
-5.198270677061930245e-01
-5.144599110851107993e-01
-5.041747331598398496e-01
-4.963996475442704615e-01
-4.933024837414942687e-01
-4.938170182684776810e-01
-5.050909772018372657e-01
-5.032727127456113614e-01
-5.158564338735832644e-01
-5.127493853600173512e-01
-5.196293001249849830e-01
-5.403335993458867614e-01
-5.102484857281270880e-01
-4.859861858295607129e-01
-4.714315086048830317e-01
-5.342199729814527398e-01
-5.332360090806642638e-01
-4.933744156900011224e-01
-4.929858170145157148e-01
-4.949710844143480615e-01
-5.236858059293623135e-01
-5.451983269249054409e-01
-5.183090440535387255e-01
-4.828983668358706183e-01
-5.225259102670547495e-01
-4.895710492922936141e-01
-4.642078866621147659e-01
-5.001696898963562399e-01
-4.993951639049399316e-01
-4.881837637875586222e-01
-4.566995969307047765e-01
-4.664841560926359376e-01
-5.217972134127172312e-01
-4.787515236921833783e-01
-5.049589566826524489e-01
-5.662670116923664843e-01
-5.120243662899162107e-01
-5.337717591095314518e-01
-5.615947708937839566e-01
-6.019977270324264884e-01
-5.798557161086891343e-01
-5.112657757465614017e-01
-5.525731681214688384e-01
-5.252512060693634854e-01
-4.950069665903541472e-01
-5.269030410799273589e-01
-5.298653563829142099e-01
-4.946821350926327576e-01
-4.694796496208725745e-01
-4.548905992360882111e-01
-4.394883536416368530e-01
-4.857810828231342026e-01
-4.770499442166883375e-01
-4.341927389200032628e-01
-4.573459983194427259e-01
-5.295519282739432620e-01
-5.001279400959398602e-01
-4.558985451577754477e-01
-5.298688657284973402e-01
-5.174633822232399538e-01
-5.320646356349466588e-01
-5.096974382607856180e-01
-5.129560602905051114e-01
-5.590543243156820274e-01
-5.012498788839572228e-01
-5.221788441633954392e-01
-4.383074728312084667e-01
-4.867288645327465524e-01
-5.402115558785428595e-01
-5.525691517614138570e-01
-4.439655431805962227e-01
-4.254664787516812541e-01
-4.430483695393580557e-01
-4.501947082178243131e-01
-3.963161229259199447e-01
-3.301771275777523607e-01
-3.835960492907456998e-01
-3.810581805389708920e-01
-4.066033756442046232e-01
-3.670587867753604683e-01
-3.860701735512110377e-01
-3.868376822815004501e-01
-3.368642738726167485e-01
-3.835082502036140095e-01
-3.753579024006982734e-01
-3.733497732015829684e-01
-3.710224021736741595e-01
-3.785196255661538722e-01
-3.847019736366046327e-01
-4.101583026562648504e-01
-3.605875464963134713e-01
-3.865625599825677217e-01
-3.676791325264505139e-01
-3.073644516102317925e-01
-3.364119829878280954e-01
-3.216870826310788134e-01
-3.431465660874067347e-01
-4.238801431641517348e-01
-4.041600968818521711e-01
-3.399919800807389425e-01
-3.512340030299782034e-01
-4.056466526274898898e-01
-3.422748573094887559e-01
-3.849224778926029766e-01
-3.268585437369513347e-01
-3.532388434413020195e-01
-3.441245795322664947e-01
-3.257843050499733550e-01
-3.237098282072010114e-01
-2.633607389500571827e-01
-2.591717804660668145e-01
-2.908033376253223445e-01
-2.517299709235330529e-01
-2.392455625561887844e-01
-2.646109332373930978e-01
-2.648231599006894976e-01
-2.844023447198020804e-01
-2.905323000556095381e-01
-3.048791482884916082e-01
-2.701249148543409806e-01
-3.086512477175095137e-01
-3.363247120416242852e-01
-3.301524720769753451e-01
-2.993359364080147023e-01
-3.091660671272045136e-01
-3.017065221020708288e-01
-3.119270651439404740e-01
-3.136361622084152811e-01
-3.066115704413465148e-01
-3.071974718009899963e-01
-3.506531223553448484e-01
-3.175604369012264283e-01
-2.806768436308260117e-01
-3.313797427762799619e-01
-3.242197724032093165e-01
-3.312954658166496480e-01
-3.123759887979220551e-01
-3.072942358343149216e-01
-3.092238640579327291e-01
-3.122333915973816154e-01
-2.913233613438238612e-01
-2.931409993761197041e-01
-2.885724154876564973e-01
-2.887774808265490267e-01
-2.806638244917630809e-01
-2.890632379019004161e-01
-2.847024566414342872e-01
-2.314170469719561973e-01
-2.535829572743040772e-01
-2.619942237726699541e-01
-2.647107410344061718e-01
-2.401014396697398467e-01
-2.307269918790406660e-01
-2.547490072794546534e-01
-2.338746738860506824e-01
-2.540101295869907072e-01
-2.507108900454793621e-01
-3.012787116574369706e-01
-2.936309961198500518e-01
-3.192219035378610625e-01
-2.869068676471254742e-01
-2.656360014652626722e-01
-2.812963943665375277e-01
-2.640246897180120178e-01
-2.875307457840464154e-01
-3.101283439191993008e-01
-2.918391459130111332e-01
-3.210437488944332118e-01
-3.341690887274744171e-01
-3.342370828085804435e-01
-3.145527277167537439e-01
-3.303073123642001341e-01
-3.018969476345810810e-01
-2.966096576366454296e-01
-3.228569389465311690e-01
-3.175039491487742782e-01
-3.042370582056082018e-01
-2.849687425054990841e-01
-3.087284154606472764e-01
-2.896967086307944417e-01
-2.483421688500027369e-01
-2.402391979254278609e-01
-2.399552744974581819e-01
-2.510935138869460070e-01
-2.810028814311409939e-01
-2.666109851554973043e-01
-2.885705896600992970e-01
-3.009338973664895112e-01
-2.992725029717787089e-01
-3.097256313578065634e-01
-2.887783542171361018e-01
-2.294875324490256163e-01
-2.495431699847392160e-01
-3.000302143467009630e-01
-2.677352788365185421e-01
-2.828996047416413306e-01
-2.957278945449640650e-01
-2.902617207248924247e-01
-2.583257648642405813e-01
-3.034827313047702702e-01
-2.785493884077152038e-01
-2.713587214678725990e-01
-2.478572905468862664e-01
-2.180291132141422838e-01
-2.381755712206173325e-01
-2.459177524485898769e-01
-2.311314560137874563e-01
-2.212937780034933410e-01
-2.287062472200625807e-01
-2.052065092640117383e-01
-2.355593213686749954e-01
-2.008694700061538496e-01
-1.998356931762179933e-01
-1.910836367138735448e-01
-2.181173999728746038e-01
-2.092477494624972456e-01
-2.339119065542976661e-01
-1.784436466353567508e-01
-2.006344502730640911e-01
-2.210324218289560771e-01
-2.065866360482507824e-01
-2.126119180377757656e-01
-1.782193894256481892e-01
-1.827173932114581900e-01
-1.852784193292331683e-01
-1.908904601109361610e-01
-1.680069563005517630e-01
-2.096761374048712878e-01
-1.710185012762275025e-01
-1.884070261262213719e-01
-1.966691897427862712e-01
-1.811788193538999558e-01
-2.130739403895766382e-01
-2.475955279097042938e-01
-2.550363437712411252e-01
-2.237098593649738953e-01
-2.325857541715211640e-01
-2.553578938585291391e-01
-2.272111594405682999e-01
-2.385094947791502329e-01
-2.208972120896254832e-01
-2.798220434945554169e-01
-2.704879992394982335e-01
-2.460907426533866238e-01
-2.912671491096921472e-01
-2.779417140186271618e-01
-2.821560187564318145e-01
-2.944547331381922595e-01
-3.181484042037005522e-01
-2.878922728568570899e-01
-3.383806867976970612e-01
-3.517191773542255318e-01
-3.181607433868203771e-01
-2.992033890375628280e-01
-2.809875520035484131e-01
-2.212179904062351044e-01
-2.761331409142160354e-01
-2.405010769943362881e-01
-2.489792532041255890e-01
-2.430945534149782095e-01
-2.610210453521188412e-01
-2.114174960219298294e-01
-2.405485256406567074e-01
-2.400360147811047840e-01
-2.243670082910418639e-01
-2.242054418319017473e-01
-1.974973321962242567e-01
-1.936175909201144907e-01
-1.987299013940179437e-01
-2.119767369555580760e-01
-2.284836198267149454e-01
-2.112669228428177282e-01
-2.105871405463549950e-01
-1.823732873132372090e-01
-1.823872880635064586e-01
-1.742252629041953216e-01
-1.926223583372828341e-01
-2.318709850329271072e-01
-1.930318745973671202e-01
-1.706566203424020878e-01
-1.860120085514141153e-01
-2.371901921292645654e-01
-2.206342493629376011e-01
-2.320749305678329877e-01
-2.237705364711241318e-01
-1.996900333246633963e-01
-2.087098490587887267e-01
-1.664662971379861356e-01
-1.869320360386789448e-01
-2.138710338123679389e-01
-2.327602704701301761e-01
-2.105088323036579667e-01
-2.271980113634343712e-01
-2.203381481438778933e-01
-2.380063543572286944e-01
-2.211504288805654084e-01
-2.186175400291934245e-01
-2.215704746431254313e-01
-1.789372195448215852e-01
-2.276910784846185032e-01
-2.010762068598657970e-01
-1.875965397591093653e-01
-1.895200651270045333e-01
-2.030581979113092184e-01
-1.889645745939726451e-01
-1.965713746205370038e-01
-2.087191497553344544e-01
-2.126783483136720498e-01
-1.605858723527219534e-01
-1.469544658399288273e-01
-1.539315781451404685e-01
-1.696260498983582221e-01
-1.589317649026766033e-01
-1.860309768920049844e-01
-2.033972134963052125e-01
-1.748057641031116882e-01
-2.115889505664224901e-01
-1.984867790883244609e-01
-2.008120789478542723e-01
-2.000349515670800382e-01
-1.983497707732712612e-01
-2.158097379290826456e-01
-2.139986319295344996e-01
-2.153501247875852787e-01
-2.196737519352592038e-01
-1.864525146818528101e-01
-1.906965466945700349e-01
-2.169009987034765108e-01
-1.910671913674099887e-01
-2.158530218701979198e-01
-2.058072157479554631e-01
-2.459275805071583776e-01
-1.928652007145658098e-01
-2.096877957793685521e-01
-2.104700334375008974e-01
-2.181291029357949329e-01
-2.206325871993562449e-01
-2.126411549228513498e-01
-1.806606118354215362e-01
-1.902005732416091055e-01
-1.966833393048995349e-01
-1.988730725688065415e-01
-2.109649290679483369e-01
-1.978973306912391872e-01
-2.139284089430950886e-01
-2.207125710134253127e-01
-2.345116815271055533e-01
-2.306813856165710053e-01
-2.129232881277182132e-01
-2.123339364945894814e-01
-2.031268280639280388e-01
-1.785250356556810358e-01
-1.455753740958460329e-01
-1.571328268799949690e-01
-1.850854256953352595e-01
-1.835997868436973768e-01
-1.702602233379027497e-01
-1.988672853253366235e-01
-1.976022718057246219e-01
-1.886839930785453590e-01
-1.903668999137485829e-01
-1.988905984158954865e-01
-1.767406730541318249e-01
-1.705241328725218275e-01
-1.851623036068922867e-01
-1.966423376500523734e-01
-1.816087503761240340e-01
-1.904312603110150104e-01
-2.000423647311974640e-01
-1.916609593684339419e-01
-1.977223604969598758e-01
-2.024219793408172374e-01
-2.348148273709615430e-01
-2.469270133047366533e-01
-2.387147448630729807e-01
-2.506977509444028307e-01
-2.471287072806267193e-01
-2.484520713770669575e-01
-2.580196509437826524e-01
-2.445927675835431192e-01
-2.729269144092501542e-01
-2.499397255467400158e-01
-2.282917058157443724e-01
-2.398807751267299504e-01
-2.286150976576104554e-01
-2.283104594993649872e-01
-2.551684701824328827e-01
-2.622487785928359072e-01
-2.377486337136118788e-01
-2.463799897378224357e-01
-2.393609591626515987e-01
-2.446125801801294908e-01
-2.443911114648843197e-01
-2.340936555822946408e-01
-2.723063298213528327e-01
-2.447793432687963011e-01
-2.414784508969784471e-01
-2.656822936845014693e-01
-2.431773311453597208e-01
-2.141638584002211187e-01
-2.164181841334901213e-01
-2.192538764297847498e-01
-2.177957490210608027e-01
-1.918287273893502509e-01
-1.837404281740065981e-01
-1.899774652566681155e-01
-1.787257459313396080e-01
-1.795055909427014651e-01
-2.084588887525181400e-01
-2.353938143280774609e-01
-1.943930390743089653e-01
-2.467088914728458315e-01
-2.311389121377912248e-01
-2.430820155767727808e-01
-2.133965748376811244e-01
-2.233267371338788498e-01
-2.436964344491978351e-01
-2.308461188747540915e-01
-2.237898817335781942e-01
-2.203186588281653424e-01
-2.251878563440887770e-01
-2.414708399019401264e-01
-2.497004806369627072e-01
-2.707105811406814722e-01
-2.778661419611929140e-01
-2.812439053032371183e-01
-3.202155494406397906e-01
-2.980258336328215352e-01
-2.886029816211843069e-01
-2.643235927613000746e-01
-2.983245212973953953e-01
-3.126546605237141563e-01
-3.068504552604799929e-01
-2.960641252167121595e-01
-2.862859261016639234e-01
-2.601915939052498739e-01
-2.564678513679162219e-01
-2.742111014080471088e-01
-2.882504430025638054e-01
-2.831186347303124573e-01
-2.806826097458165470e-01
-2.367115668546155571e-01
-2.786275190283784009e-01
-2.594867882770885981e-01
-2.454206812093822077e-01
-2.619230364465360283e-01
-2.622356117882461701e-01
-2.263002284651017548e-01
-2.622535646897146133e-01
-2.495415589392413480e-01
-2.162693989864948596e-01
-2.494327164324426915e-01
-2.625723454108773725e-01
-2.875672281579822465e-01
-2.935698774928080512e-01
-2.255065281490871709e-01
-2.519050332017642724e-01
-2.758327949741304352e-01
-2.527506263111920504e-01
-2.589026177964245945e-01
-2.903139217691376728e-01
-2.663593545660800643e-01
-2.702203172588438229e-01
-2.943063489555221568e-01
-3.014936963695389327e-01
-2.992504003611646812e-01
-2.949801452840518090e-01
-2.851347749491128236e-01
-2.683346243171681467e-01
-2.776163159438698735e-01
-2.794052222988037126e-01
-3.146062227728105842e-01
-2.752145438792747978e-01
-3.356083242086585483e-01
-3.566694126191196079e-01
-3.472567933690756115e-01
-3.136484523360416055e-01
-3.183415563039735385e-01
-2.887159742470945534e-01
-2.634485214890379123e-01
-3.128314636791301728e-01
-2.971628100093597347e-01
-2.900030541779866633e-01
-3.052361771679602542e-01
-2.993714993762158216e-01
-2.630795180624037055e-01
-2.749970534045317883e-01
-2.519091751392004142e-01
-2.863008261576328595e-01
-2.965146296934531023e-01
-2.683197449467575879e-01
-2.623563903443582590e-01
-2.785451201500900309e-01
-2.751677508557047735e-01
-2.367636874579706341e-01
-2.382721749904188058e-01
-2.163919127867985903e-01
-2.227876691793583275e-01
-2.195802747743273997e-01
-2.534614696564345682e-01
-2.094279293274642628e-01
-2.302779238409715379e-01
-2.401510440423726411e-01
-1.795550536118334928e-01
-2.169431502116852817e-01
-2.138627829705143646e-01
-2.034694962495378623e-01
-1.736267304265709244e-01
-2.272521895490489385e-01
-1.794523415657558463e-01
-2.473766415817070796e-01
-1.849431379602556880e-01
-1.987443710595345470e-01
-2.251506798067595128e-01
-2.301865214709507557e-01
-1.866345552853509726e-01
-2.153767759069317722e-01
-1.852747292959601166e-01
-1.485601411244103498e-01
-2.112203509424739889e-01
-1.278955160002223923e-01
-6.542785123431701932e-02
-2.261429528237606235e-01
-1.250573869528777415e-01
-1.716453832366774679e-01
-1.432666713489742227e-01
-1.569012609128230817e-01
-1.097253348140670715e-01
-1.397840977538898355e-01
-1.612882543475668840e-01
-2.114246805227509851e-01
-2.149125296667793450e-01
-2.282860488924351450e-01
-1.979365443091997134e-01
-2.255695970078769597e-01
-2.379792524246046037e-01
-2.454206324307309506e-01
-2.389552623556050470e-01
-2.460787949604799907e-01
-1.923863797957193200e-01
-1.511231171091400594e-01
-2.247769183198083942e-01
-2.150069042164039768e-01
-2.153131650445557765e-01
-1.455999095295908707e-01
-2.318787537055088666e-01
-1.746217142329422878e-01
-1.978435990550281576e-01
-1.854911331136090691e-01
-1.675050111375305517e-01
-1.710962798738622226e-01
-1.589773087489059766e-01
-1.789275835859860664e-01
-2.349944197554383052e-01
-2.012098359688945515e-01
-1.898628668662631913e-01
-1.949333995112345896e-01
-1.503382844285189590e-01
-1.883309049539370617e-01
-1.814992744367777133e-01
-2.311863348303801191e-01
-1.848179049476730007e-01
-1.467115004971650816e-01
-1.303546491456596401e-01
-1.477587204115859976e-01
-1.153098716801841117e-01
-1.149987545351487395e-01
-1.594281196603425932e-01
-1.726560669293925876e-01
-1.879903723813207972e-01
-1.459546964555557547e-01
-1.436664723279959255e-01
-1.767489578360602331e-01
-1.348947593693405334e-01
-1.725436043677076314e-01
-1.636944081385307559e-01
-9.913099518766267659e-02
-1.580661870387375378e-01
-1.917938459792843109e-01
-1.791496777711466259e-01
-1.453423098382108092e-01
-1.852882504093119054e-01
-1.438755463076546726e-01
-1.267689648311521033e-01
-1.401723676224591875e-01
-1.424051918364931113e-01
-1.389314909156386946e-01
-2.108312150097786664e-01
-2.040229289405055546e-01
-1.860932183207038015e-01
-1.761360133512670234e-01
-2.410965966440720420e-01
-1.569452847537686213e-01
-1.519852134649411768e-01
-1.126357874417561050e-01
-1.946955919455970740e-01
-1.534717648692250358e-01
-1.982607892317220510e-01
-2.125305937292462644e-01
-1.672115173228610752e-01
-1.662748568830200446e-01
-1.725014039145979505e-01
-1.433769505738507755e-01
-1.763199908972329366e-01
-1.729951434391806264e-01
-1.812359953268491142e-01
-1.841190051629949254e-01
-1.561268866841175607e-01
-2.334534713328409172e-01
-2.149180266966965458e-01
-2.182721612275761724e-01
-1.988582908646759628e-01
-2.041733924845563208e-01
-2.034951349654050001e-01
-2.075551810896568428e-01
-2.084456924954338208e-01
-2.288561317112965954e-01
-1.382033106162665337e-01
-1.233044587769722006e-01
-1.367419897203421553e-01
-1.676085445841102306e-01
-1.173787601213540921e-01
-2.159882715296016220e-01
-1.737317857389414355e-01
-1.823519650059377828e-01
-2.373017190152412748e-01
-2.586431345868578924e-01
-1.909718891622858850e-01
-2.142355669018790043e-01
-1.971309273689641761e-01
-2.125505589755959102e-01
-2.155398296298404459e-01
-2.352210338613225371e-01
-2.012892049248699577e-01
-2.019735634692270687e-01
-2.025518800530529406e-01
-1.404225662648156403e-01
-2.132269968520228709e-01
-1.397941367352536490e-01
-2.322937906154365628e-01
-2.258298060260252871e-01
-2.047062477517324897e-01
-1.783022208579586876e-01
-2.264332686709506492e-01
-2.075886985411300734e-01
-1.411665515962273187e-01
-1.715435844622166806e-01
-1.437299977588192279e-01
-1.300389733033775197e-01
-1.439551453951692928e-01
-1.603075678926492442e-01
-1.702422530362393549e-01
-1.465279498030044869e-01
-1.956912087125937949e-01
-1.851746404928428513e-01
-1.797438778251495006e-01
-1.965666537728981977e-01
-1.272629680485924120e-01
-1.670665024497296480e-01
-1.487623973655454734e-01
-1.309618784465960972e-01
-1.253406210709861468e-01
-1.144759195040498945e-01
-1.805007416844822965e-01
-1.467790839777170231e-01
-1.760925787719161417e-01
-1.833866191540644563e-01
-1.238960839752319132e-01
-2.045775664039371222e-01
-1.221042656821334504e-01
-1.180864557782964341e-01
-1.166351937456309856e-01
-1.273242470789159586e-01
-1.441421762454348776e-01
-1.161755399947692335e-01
-1.575451446272460032e-01
-6.007986711936320889e-02
-1.360969697117517530e-01
-1.681490101549700245e-01
-1.178045500569724485e-01
-1.500325095259853470e-01
-9.363366531255570835e-02
-6.180186374573114899e-02
-1.081652658512020498e-01
-6.676888091278752879e-02
-9.479405420119613179e-02
-4.567227640621754348e-02
-6.949106777844485383e-02
-8.686284953126748032e-02
-3.714625725953736579e-02
-5.430888260209220525e-02
-6.573727043155017102e-02
8.167072936936822444e-03
-1.280650628394232604e-01
-9.515021159081185620e-02
-1.206680375627199459e-01
-2.601828242446572667e-02
-1.842726290605583087e-02
