8.930338426091102844e-03
7.577484507030294268e-03
6.210176652888341892e-03
1.022033878621096507e-02
-6.304650792474033628e-03
2.748614238189060191e-04
1.200799271919886224e-02
-7.893335747420642326e-03
-2.479675616889252549e-03
-5.797087312753165626e-03
-5.404973024713055152e-04
-2.417456291136912440e-03
-3.019319391718571551e-03
-1.407339313017980532e-03
8.573071862049858397e-03
2.158554499297775896e-03
2.842691378524711630e-03
-1.173034760361469156e-02
-6.430834857201722654e-03
-3.816813256066811481e-03
-2.578338471412456277e-03
3.235376334944002966e-03
-2.360959291987412695e-03
-2.852932473021070527e-03
-7.224361404440456276e-03
-2.654928166015647559e-02
-2.609262229602727148e-02
-1.505287606248553213e-02
-1.324548264759873271e-02
8.897559477497741631e-04
-8.076722168737773475e-03
-1.811728863170752836e-03
-7.005756388590605142e-03
-3.288244241076482190e-03
-1.222856056175590858e-02
-5.399209825432418897e-03
-1.396732559796544891e-02
-9.476820686113961167e-03
-1.120113818010402655e-02
-2.182899456894746640e-02
-1.684011419864391360e-02
-2.084762132159681883e-02
-2.583714499480318366e-02
-2.237714880513861845e-02
-2.226900094458203819e-02
-2.225616627738776290e-02
-1.963006355314164328e-02
-2.351985141776527510e-02
-1.489225591805228011e-02
-4.147328798095475597e-03
-9.393594320627900868e-03
-1.894313323574272137e-02
-8.599411035154894134e-03
-1.786208651965872501e-02
-3.500453855194620573e-03
-1.773472888515423979e-02
-1.858648519773247604e-02
-2.510873338482965539e-02
-1.956884771612824037e-02
-1.649225562106904769e-02
-1.519745284196749244e-02
-1.191363744954492161e-02
-1.296611608253539320e-02
-1.388498946088707366e-02
-9.454501084868421890e-03
-8.651067952568919708e-03
-2.048458707172604726e-03
-6.528360034482754738e-03
-1.374064685332533967e-02
-1.172271690104725352e-02
-1.022424276102711256e-02
-2.033648991024401831e-02
-1.904154915611107335e-02
-1.584904314602772826e-02
-9.205695224060214676e-03
-8.247565335486895313e-03
-1.151857247457606544e-02
-1.352777084729415297e-02
-1.100343522136996294e-02
-2.139712848276786872e-02
-9.745008226193480061e-03
-1.730907586500913739e-02
-1.401301522213496339e-02
-1.665331659546901572e-02
-2.035959923072407432e-02
-1.917679562582896499e-02
-1.412789278864104263e-02
-9.145004469561930985e-03
4.920699566056004753e-03
-8.855730096825662314e-04
4.885504035027886556e-03
3.475852912495314747e-03
-4.089953769802052302e-03
3.463270352470691153e-03
5.286007391610140702e-03
-3.989683749608238274e-03
-1.132647017055776794e-03
-2.706977336658162019e-03
1.006527109273593979e-03
3.660379482623212725e-03
1.261912666179652257e-03
6.047093660792578554e-03
1.011462656035373893e-02
1.241784864000620298e-02
5.775062456683977170e-03
5.302568072012121651e-03
1.154007661762675684e-02
-3.670425411553991570e-03
1.559830466578785921e-03
5.259760027430403044e-03
2.830422555619142248e-03
-2.342984715218356107e-03
-2.693632015276066060e-03
3.172638341672781408e-03
-2.564632012852844072e-03
-1.236009546643421437e-03
-3.089338786357608436e-03
9.054476521059885014e-03
6.501220571611235170e-03
3.899961644724101763e-03
-2.212037305482185152e-03
1.370857801350552907e-02
6.679836248009572057e-04
-3.109908256236062086e-03
-3.228228033093535188e-05
-1.278784122894452576e-04
4.969358529007896624e-03
-2.160942286728752184e-03
1.025820106687432356e-02
1.110118152554047003e-04
5.897624807299532528e-03
-2.402066324122984105e-03
-1.384380432244562351e-03
6.766391214869400123e-03
9.108737836308207145e-03
1.851174194411535617e-03
2.496126526068527269e-03
-1.025994203308390647e-03
-1.241629324300620599e-03
1.185726110350550973e-03
-7.676934307424338431e-03
2.049936118121315767e-04
8.674611935027019827e-03
-3.708544931946232675e-03
2.532681124347985636e-03
-1.077219789363342548e-05
-1.327853671681692186e-03
3.988851926463607943e-03
3.580728157195327103e-03
1.428018184721741371e-02
5.344642587256759857e-03
1.359128908597297906e-03
-1.897945602818129889e-03
-2.393145644733322887e-03
7.052254104454823685e-04
3.579474641224004040e-03
4.993487548413510363e-04
1.724996449792511521e-03
-1.811389496715494528e-03
7.585836782912543270e-03
-4.487700275518655482e-03
-2.587345709243119539e-03
-7.849102180804394188e-03
-2.472003699708765715e-03
-2.892702553885663930e-03
-1.424720895264614592e-03
-5.185543725015395733e-03
-1.414408707328773836e-02
-1.962610386383498509e-02
-1.549767787830537771e-02
-2.038546971328133312e-02
-2.359590630780334167e-02
-2.279459924282241368e-02
-2.025305261937468057e-02
-1.481859500942880881e-02
-1.743623612365105546e-02
-1.552259591228080486e-02
-1.405119525049646281e-02
-1.544099149380978760e-02
-1.346334380598208404e-02
-1.531536049594679934e-02
-9.488306289990431144e-03
-1.989298973127209824e-02
-1.797643434894564615e-02
-8.304567001515508751e-03
-7.151504968550760795e-03
-1.743490607980152651e-02
-1.561095805903418843e-02
-1.555553851676764500e-02
-1.202828981959457033e-02
-1.493601870174392915e-02
-1.391282393448847569e-02
-7.284478743829341484e-03
-1.490871845888079930e-02
-1.909217487355147069e-03
-6.315453485019697534e-03
-1.585797838938119916e-02
-1.574351981200691405e-02
-1.954000936294435220e-02
-1.561575713854119335e-02
-1.326165688139349479e-02
-4.811512524823228706e-03
-9.638258467795386003e-03
-1.482744685852637259e-02
-8.284365342674657878e-03
-6.861879164399446729e-03
-1.189825782836013979e-02
-1.339545741276773963e-02
-1.563462534957536440e-02
-2.072430754667743333e-02
-2.101720489921849941e-02
-1.512231790536723228e-02
-8.162930806276834025e-03
-1.095118102007518190e-02
-1.171637842986951797e-02
-1.080755517064565076e-03
-1.244093520943431209e-02
-7.435561162336489123e-03
-8.484944949206279022e-03
-1.171723349664045323e-02
-1.022597558666622948e-02
-1.399874199580580271e-02
-8.459695393772111854e-03
-9.123808540754599697e-03
-1.452660955331049747e-02
-9.416257385383543579e-03
-9.548684623298586346e-03
-1.729756820347269977e-02
-6.454682786998452299e-03
-2.362085853819026211e-03
-6.952237236244417258e-03
-6.233509034362719192e-03
-2.049635858258468373e-03
-1.858614401357808503e-03
-3.867028313411897782e-03
6.835345650227322122e-03
1.354316749741921047e-03
4.394720969943019528e-03
2.378610916459134028e-03
-1.549799868521250070e-03
-8.441701646038617807e-04
6.985425675515196699e-03
-7.519070211031774831e-04
2.738318380674023556e-03
1.285987231715688545e-02
3.899283564826628093e-03
-1.874688934858780237e-03
-1.717249134850232228e-03
7.884386629556396336e-04
-3.123241429027799523e-03
-2.710758135517178386e-03
-1.205586066233343924e-03
-3.621919475961838438e-03
-1.497179816673310966e-03
-1.316738979074970860e-02
-1.328357556988296780e-02
-9.089975970634329994e-03
-1.502150347399308986e-02
-1.549268569036835012e-02
-1.021989669238253413e-02
-1.109843734083682150e-02
-5.684643894019550739e-03
-5.431626793026534360e-03
1.773088499751515916e-03
1.491981375350915793e-03
-5.851699724453889376e-03
3.057613946151149439e-03
1.021614351986726600e-02
6.968108743812202570e-03
-3.634939159501773126e-03
-1.554820325684064513e-03
8.345856332336999521e-04
-8.882519939498926750e-03
-5.457184133359130503e-03
-3.917777956920262539e-03
-4.915734571599707399e-03
3.346645792624783171e-03
-1.490510873635249658e-03
-5.306941009784035476e-03
-5.478100783125214486e-03
1.503101944349138127e-03
5.742264072986832252e-03
1.900107540542471081e-03
4.082597387745860035e-03
1.219271533414695730e-03
-6.093744789718492753e-03
-3.613102249146758760e-03
-9.750894292838036340e-03
-8.108653259980199215e-03
-7.950666080585809189e-03
-8.680312901469993195e-03
-1.476160319946208908e-02
-7.990560589388876964e-03
-7.396096848651786439e-03
-9.771806047293947473e-03
-1.196255535688440542e-02
-1.745328647405760061e-02
-1.484300919103385269e-02
-9.035385249432498905e-03
-1.440997803445371282e-02
-1.178908418801648782e-02
-1.381832493908386784e-02
-1.239677858940450676e-02
-9.577425450557501552e-03
-1.327880853157644737e-02
-9.469331074491016756e-03
-1.073328368058387369e-02
-1.208756734086927596e-02
-1.399484163460355118e-02
-1.233770504263442640e-02
-1.306943184224653061e-02
-1.168655473530735844e-02
-2.018374008003422093e-02
-1.383218003684772053e-02
-1.203537905532754346e-02
-1.568600130069186527e-02
-1.150352162812980777e-02
-1.572171515444537732e-02
-1.313310765835860178e-02
-1.392355146084316674e-02
-9.642450860193182635e-03
-1.388896889604153244e-02
-1.153995010986496629e-02
-6.590547474777473831e-03
-1.356588308024712398e-02
-1.452816421547310430e-02
-1.959548911612549529e-02
-1.498943802273871272e-02
-1.297883662356400132e-02
-7.464940854222588268e-03
-1.412851444653628018e-02
-1.846141523368106593e-02
-1.472495332685094457e-02
-1.598888129534067198e-02
-1.188112781349748986e-02
-1.386472197120953466e-02
-1.101962752983204341e-02
-7.554114343709999492e-03
-1.560971783732128040e-02
-1.441316397344538647e-02
-8.927529153450788554e-03
-1.538949259525807835e-02
-1.444340201853261396e-02
-1.851581166963615563e-02
-1.573123150839986217e-02
-1.432105199322790921e-02
-1.026439230669267538e-02
-1.555322397053293497e-02
-1.340098476219388733e-02
-1.259937225486128763e-02
-1.604049259594150442e-02
-1.410639593353890664e-02
-1.482077884673743164e-02
-1.574931320931567680e-02
-7.579033750999848891e-03
-7.158921762095097480e-03
-1.566204852984753870e-02
-1.496508613097729049e-02
-9.726703892785593455e-03
-6.403345107666686721e-03
-1.126261926802094547e-02
-2.961953880952130063e-03
-3.979102244513787676e-03
-4.691737284376319012e-03
-3.555289027594670144e-03
-1.733462249063348615e-02
-1.313495791997676236e-02
-1.469511390797370240e-02
-1.384870462837525795e-02
-2.100773256151408988e-02
-1.495456666880328779e-02
-1.590947164181553616e-02
-1.144115511750313542e-02
-1.139876281879581219e-02
-1.638890337549705686e-02
-1.849619823447807426e-02
-1.619915391484301470e-02
-2.050791421379844284e-02
-1.828449735576904989e-02
-1.323475234524425399e-02
-1.460078068115302878e-02
-1.615006138675220693e-02
-1.318164524576388372e-02
-1.388090214978648061e-02
-1.631181415848758504e-02
-1.360345785361580587e-02
-1.429351837767292230e-02
-1.634001843950683153e-02
-1.479309108184290178e-02
-1.361106790033296543e-02
-1.271260087192640706e-02
-1.142151276904857134e-02
-1.098181454027164980e-02
-8.433049433047791824e-03
-8.695773970613412951e-03
-1.422922389835075581e-02
-1.319955078386710404e-02
-7.434377865716495712e-03
-1.503088765215684040e-02
-2.140258059074236566e-02
-1.781998094037571742e-02
-1.880034613010463096e-02
-1.589647340417505925e-02
-1.411390608073460201e-02
-8.725667993472902353e-03
-1.199037166601009743e-02
-9.684063730467339093e-03
-1.539213021685132896e-02
-1.288120696011117380e-02
-9.389407656230445640e-03
-1.596175187228895259e-02
-1.341971642489285174e-02
-1.322619541322762708e-02
-1.215451442408160485e-02
-1.619486565707095593e-02
-2.137538673641644141e-02
-1.618317515731275066e-02
-1.701364451807315173e-02
-1.911618295248476707e-02
-1.678060366139315362e-02
-1.671104342798178724e-02
-1.610175269366695069e-02
-1.649681353227604869e-02
-1.638796358756404448e-02
-1.372427166083749900e-02
-2.080093649436540529e-02
-1.875991296773508316e-02
-1.717417385493169232e-02
-1.333600027972865407e-02
-1.610699343031805203e-02
-1.881619134580742383e-02
-1.564416315858405820e-02
-1.670069109307298003e-02
-1.750986407852439877e-02
-1.872103680100760392e-02
-1.848746196222594493e-02
-1.745072243444459673e-02
-1.742582344018554774e-02
-1.893435056179118559e-02
-1.731932693129355563e-02
-1.593873062161462947e-02
-1.676814440832459160e-02
-1.787141982037012203e-02
-1.864254032607872216e-02
-1.837577574681511366e-02
-2.081542369252789917e-02
-1.918172298640726664e-02
-1.365742792685655307e-02
-1.750048838410983576e-02
-1.980358976745664329e-02
-1.675776134611943122e-02
-2.040797669205238543e-02
-1.974934785989149177e-02
-2.055998315898679291e-02
-1.622195495401366344e-02
-1.722869871987552440e-02
-1.532088993741380009e-02
-1.534107137614863260e-02
-1.398853844165618213e-02
-1.534580533898764580e-02
-1.888642591309211416e-02
-1.407152042282197417e-02
-1.734284659502499659e-02
-1.711073467873511916e-02
-1.574527119389011742e-02
-1.696060481404505077e-02
-1.572346688605080756e-02
-1.438668027681637082e-02
-1.618829654027631113e-02
-1.363801884656070003e-02
-1.451557194507168726e-02
-1.738745932532676300e-02
-1.622183714395818155e-02
-1.424176321432842236e-02
-1.799206210546023740e-02
-2.012572868001090767e-02
-1.609937083916492678e-02
-1.286563088710877129e-02
-1.418364854418263481e-02
-1.752060282705387995e-02
-1.271437297355337316e-02
-1.320548439463363130e-02
-1.704849485230003348e-02
-1.847104874824375548e-02
-1.822355545176531158e-02
-1.806733114758718450e-02
-1.658266921990659074e-02
-1.044325769575247739e-02
-1.458979344907014586e-02
-1.544593379740873303e-02
-1.421535392199733266e-02
-1.460961255296589108e-02
-1.406015172104979963e-02
-1.521126505986435985e-02
-1.278523010465597472e-02
-1.526165748861630159e-02
-1.800565547190356719e-02
-2.051460895826429445e-02
-1.817643116749637078e-02
-1.664008975922080455e-02
-1.761616644995207120e-02
-2.002011697542822530e-02
-1.704501078188374805e-02
-1.971056441397262687e-02
-1.797395332009053479e-02
-1.888588726283837657e-02
-1.653398573104745278e-02
-1.905719308881285989e-02
-1.689382272119717421e-02
-1.836593240738181379e-02
-1.839258235801533373e-02
-1.868368119286165432e-02
-1.860006370577493157e-02
-1.555290295877842510e-02
-1.363766141922394780e-02
-1.306232792501161970e-02
-1.590330843592626525e-02
-1.198607034980685333e-02
-1.878547546882714317e-02
-1.295904948109544153e-02
-1.346170261772151877e-02
-1.509709685864243402e-02
-1.605453150329900353e-02
-1.713377176779045177e-02
-1.626706745376420640e-02
-1.745387301755454285e-02
-1.577405665530603324e-02
-1.730769752762656780e-02
-2.044714884472181513e-02
-1.649741471877307075e-02
-1.737704972148977275e-02
-1.832024571212604452e-02
-2.117576403327209311e-02
-1.775986443120404490e-02
-2.226536147314855246e-02
-2.365065530992258025e-02
-2.153051036009438410e-02
-1.753480856592555190e-02
-2.192475947517177545e-02
-1.821569248098283203e-02
-1.578257120609309616e-02
-1.967609622512080103e-02
-2.218941246294914293e-02
-2.039588426839776883e-02
-2.353875355908641512e-02
-2.091702701600558698e-02
-2.242388518797285360e-02
-2.486800413538450133e-02
-2.523155146913914904e-02
-2.344286518283186793e-02
-2.275204517860985112e-02
-2.113997455872184891e-02
-2.179401736512362811e-02
-1.891100372010419417e-02
-2.307314469353388339e-02
-2.388738211662846250e-02
-2.259566447742565598e-02
-2.161411849626739337e-02
-2.431068944036243046e-02
-2.718385641028816038e-02
-2.391167843917914662e-02
-2.132096131555576146e-02
-2.048733938308050853e-02
-1.941924163926747257e-02
-1.750617973530804727e-02
-1.629894766036023637e-02
-1.503691937545496848e-02
-1.382871896271881292e-02
-1.675017314026858162e-02
-1.984621904339689547e-02
-1.772150387638177227e-02
-1.790956713175208617e-02
-1.911163721522143172e-02
-1.986276030207244359e-02
-1.594220295590299125e-02
-1.378190413808138073e-02
-1.469426009281217527e-02
-1.572195131174463842e-02
-1.354325779030493386e-02
-1.192355208656158821e-02
-1.368821860421794157e-02
-1.606301988585705567e-02
-1.530106408948406389e-02
-1.357251987776867883e-02
-1.618818059551746513e-02
-1.254738823521403882e-02
-1.592001334278750346e-02
-1.655069906159164356e-02
-1.328550776621154061e-02
-1.635129332684306935e-02
-1.792282020204854012e-02
-1.751239484236585819e-02
-1.347605242340151055e-02
-1.475960152048006943e-02
-1.168988375056381930e-02
-1.808769938348240430e-02
-1.521195758211284395e-02
-1.470031480258914176e-02
-1.633207284491751399e-02
-1.563291298693150061e-02
-1.352211300606515239e-02
-1.556470490369645486e-02
-1.623342012720735417e-02
-1.854220079274788643e-02
-1.665587123086087126e-02
-1.975079441641451952e-02
-1.570878931833094225e-02
-1.780772796232831662e-02
-1.532263966670136500e-02
-1.648310311361687527e-02
-1.373463174199180022e-02
-1.616925700026895091e-02
-1.486730686618477522e-02
-1.353746329570161902e-02
-1.796902738713006611e-02
-1.640734097523696006e-02
-1.258357705552998716e-02
-1.804858066789252757e-02
-1.839898612843656953e-02
-1.382435014332687555e-02
-1.600035664977907460e-02
-1.675204461571119102e-02
-1.213115602757491342e-02
-1.331112123195420278e-02
-1.740421840343379586e-02
-1.485105389161379789e-02
-1.376876446621670518e-02
-1.300013303896950002e-02
-1.177291671017214464e-02
-1.088375313561670658e-02
-1.374842388606467222e-02
-1.297618510370883264e-02
-1.294899475811016505e-02
-1.420642690165373895e-02
-1.649818568580065786e-02
-1.318203677029074206e-02
-1.131818878135519221e-02
-1.387685621438177266e-02
-1.753193944746070723e-02
-1.764200564502507382e-02
-1.852061057444391243e-02
-1.578798433573866747e-02
-1.787630976890044326e-02
-1.790256567951151873e-02
-1.573503190135795704e-02
-1.500518470662681736e-02
-1.517649158359090159e-02
-1.594686919830734170e-02
-1.383082786115330184e-02
-1.424868588160508633e-02
-1.395825769177354986e-02
-1.337784147787685757e-02
-1.139090038542205953e-02
-1.427053586902732145e-02
-1.301971606680332391e-02
-1.635563575111848716e-02
-1.555677100707663664e-02
-1.534063772238700857e-02
-1.641569284991506103e-02
-1.526075957630599646e-02
-1.596023891291514785e-02
-1.626735049265772351e-02
-1.478285969764097513e-02
-1.407227371095173644e-02
-1.055279399502255175e-02
-1.314954791283017010e-02
-1.093633604468515277e-02
-5.716140594228095312e-03
-7.789891151657757709e-03
-8.508664040542257903e-03
-1.116205194012128039e-02
-1.316511816102899565e-02
-1.280893957507439965e-02
-5.978413219682942974e-03
-2.513338463737223045e-03
-6.526695686737589430e-03
-7.421063636407008134e-03
-7.448400372330034845e-03
-9.299856383841618654e-03
-1.127978666683065144e-02
-1.005350105984102217e-02
-1.240966762025772288e-02
-1.174560239715007233e-02
-8.703558720617418296e-03
-1.176553779474771161e-02
-8.505760244991909802e-03
-1.074014576160516564e-02
-1.115169755736970456e-02
-1.017679837224817231e-02
-7.101473960927856023e-03
-1.073302021397731440e-02
-8.714235080768817712e-03
-4.109903570647228076e-03
-9.185252549994157509e-03
-8.435384656786086219e-03
-9.182296705538892448e-03
-1.107385134001936423e-02
-1.115157996224818912e-02
-1.011025136247604116e-02
-1.263881837991760911e-02
-1.093778057311233821e-02
-9.476731824589509912e-03
-8.733218028766035618e-03
-8.798531674266337269e-03
-9.490831755419213214e-03
-7.305318888621962353e-03
-6.808683453423950566e-03
-7.364883279229107738e-03
-9.096234417227927471e-03
-9.372556434065062309e-03
-9.018336367534858511e-03
-7.144959554164225998e-03
-9.162348904359138638e-03
-1.234530192242254409e-02
-7.442489858278798776e-03
-8.406857365984300376e-03
-1.212577403590499661e-02
-9.899241823402789991e-03
-1.167749786290658495e-02
-1.032880123374912106e-02
-1.056978867744837527e-02
-1.157212942292245271e-02
-1.323795952476156806e-02
-1.132356971657676702e-02
-1.197434232665397884e-02
-1.058704177311958240e-02
-1.308669859852966237e-02
-1.639993889122616164e-02
-1.228774370075238521e-02
-1.281556237093310451e-02
-1.094105112640911086e-02
-1.452999102397640671e-02
-1.297341008097916727e-02
-1.295205490699872369e-02
-9.117200705744562400e-03
-1.542676677666276162e-02
-9.337405508241265056e-03
-1.036708860175242393e-02
-5.081833491363954743e-03
-7.814595905282868335e-03
-2.744753508302575761e-03
-7.800953606850372264e-03
-7.586116476275674668e-03
-6.353765080085260405e-03
-5.642701532900872702e-03
-1.308346355792610466e-02
-3.117900874306856786e-03
-6.299209813431839305e-03
-9.290671383367896802e-03
-6.610766784450375876e-03
-9.794276240322094887e-03
-1.169294520243620641e-02
-1.400986322296125797e-02
-5.363745757261722570e-03
-1.205660665109007344e-02
-1.137589042594544693e-02
-8.544304216003079100e-03
-1.357191438253780962e-02
-1.120098640335764721e-02
-1.153746257683106041e-02
-1.100989078677131090e-02
-1.316919627141503908e-02
-1.255460775378005288e-02
-9.802215783478236688e-03
-1.480489205788746918e-02
-1.094692260141164226e-02
-8.061879140668401500e-03
-6.559586648474496386e-03
-6.301294678397495984e-03
-4.455560056280599766e-04
-7.323705258612720446e-03
-8.973717949647942727e-03
-9.914961620905844014e-03
-8.726040617338436459e-03
-9.606901445479432144e-03
-1.018276396993181461e-02
-1.224447206834134577e-02
-1.406370930409013217e-02
-1.320918976567097246e-02
-1.635848511218739726e-02
-1.408056607345319240e-02
-1.506129447724749437e-02
-1.715126952569454369e-02
-1.146166768009793981e-02
-1.487618174960504171e-02
-1.254419298087924330e-02
-1.562581647075168834e-02
-1.367715979529698749e-02
-1.477637420902875795e-02
-1.749241083699589611e-02
-1.344719312790806746e-02
-1.028199310142777559e-02
-4.320263365442467487e-03
-6.422186609533235384e-03
-7.285754293862784121e-03
-4.023674949164755994e-03
-1.031727976090287061e-02
-8.513297984323670714e-03
-1.331671661102546735e-02
-5.817536352628734260e-03
-6.085437647105186240e-03
-5.461972788089701838e-03
-2.563476641875543790e-05
-1.828896331302159528e-03
-3.919322065538542732e-03
-2.766030207063873911e-03
-4.517392894368500549e-03
-2.020148894654848724e-03
-5.505241819425904862e-03
-1.214185175042802566e-02
-8.785246672664509190e-03
-5.440809074589249283e-03
-2.521752180276867587e-03
-6.556615652851026724e-03
-7.744887081155416367e-03
-8.316974055419432479e-03
-6.972812722026716301e-03
-1.248786628035309862e-02
-1.082633473672640206e-02
-8.912933392586449080e-03
-9.276037928798708948e-03
-8.130099825977123509e-03
-1.034148028290324955e-02
-1.130257235720363330e-02
-8.934826205646069497e-03
-3.685843792162073630e-03
-5.440114802397810756e-03
-4.718392979077640215e-03
-1.506330464157077742e-03
-3.555455827413811845e-03
-1.080315802247039077e-03
8.127068377815086170e-04
-4.946137708519277726e-03
-5.070357139570353701e-03
-6.360754611826845845e-03
-2.526228205871860512e-03
-5.505232222518544050e-03
-6.713912178155882239e-03
-6.708206307401690452e-03
-9.303259254727535427e-03
-9.856609651530073499e-03
-4.863553368312095726e-03
-7.286680943208170662e-03
-5.204263978802977676e-03
-7.975208829871722679e-03
-4.741633466846912129e-03
-5.049680280396344999e-03
-5.862344317913849995e-03
-6.763655475577835287e-03
-8.338598402266184789e-03
-5.486658496945460636e-03
-6.086934985035117283e-03
-1.129850473271934615e-02
-1.007048488672497924e-02
-1.046917281118412736e-02
-1.111836187758669797e-02
-1.293670453132196585e-02
-8.499816801528342278e-03
-8.458773143957234314e-03
-8.529400580717093686e-03
-1.054727595264916273e-02
-1.352878941320475280e-02
-1.160294738727154357e-02
-1.355325017602461261e-02
-1.453762614500312550e-02
-1.485611698285949599e-02
-1.486319467216485821e-02
-1.597869647084814229e-02
-1.417895309137378462e-02
-1.409389916026273538e-02
-1.381666582869060453e-02
-1.404255924609494090e-02
-1.443776932915057792e-02
-1.555932795869926881e-02
-1.587412282384911832e-02
-1.191394773256663694e-02
-1.533514989838994855e-02
-1.206233962226591419e-02
-1.039790911818117350e-02
-1.048766718855310281e-02
-1.091539411084274658e-02
-1.387541691127078952e-02
-1.368974679061636147e-02
-1.643763761587251071e-02
-1.453424490808937798e-02
-1.108643889195123217e-02
-1.395230806282325188e-02
-1.521899173192205364e-02
-1.579931346163950326e-02
-1.816385463816961796e-02
-1.889300444096345122e-02
-2.120816455493847869e-02
-2.256242174628912342e-02
-2.022803152539097427e-02
-1.712631985800204884e-02
-1.670845074682980949e-02
-1.908404290408202350e-02
-1.896757087970450326e-02
-1.763179740257813516e-02
-2.186853406716867884e-02
-2.053957709703761389e-02
-1.838723922796290863e-02
-1.905926383701050594e-02
-2.127677792810238680e-02
-1.606630461208254784e-02
-1.958903742500042039e-02
-2.036310385605018258e-02
-2.080137142838036843e-02
-1.847851166864446226e-02
-1.757891272686421674e-02
-2.035820884492363023e-02
-1.840086030334872960e-02
-1.705875206525969690e-02
-1.514752409112456177e-02
-1.959252840891642991e-02
-1.476405328073964601e-02
-1.575729319868519190e-02
-1.904759043573107241e-02
-2.125178158893505087e-02
-2.059701088487566820e-02
-2.148004028015830860e-02
-1.822129665740640850e-02
-1.739508816369569888e-02
-1.830233436161803062e-02
-1.893503904611112953e-02
-1.598439413655730265e-02
-1.592753526780707474e-02
-1.762404028280081109e-02
-1.778293462453603771e-02
-1.857166829843942893e-02
-1.988387886389887324e-02
-2.145646839224460423e-02
-1.906133318294028420e-02
-1.827903955803237071e-02
-2.069002998072889607e-02
-2.268482204023945445e-02
-2.038363442965631517e-02
-1.966182667753360244e-02
-2.324291678256584781e-02
-2.209822075138938302e-02
-2.201965320112301769e-02
-2.292982752892437984e-02
-2.254536265938523673e-02
-2.526749001832080330e-02
-2.330451579544069382e-02
-2.126999223265103184e-02
-2.334607685533827623e-02
-2.336244874317224690e-02
-2.317411972185375035e-02
-2.017507178765575934e-02
-2.453492994974765251e-02
-2.194697718973008180e-02
-2.192844704769826916e-02
-2.232151245322520558e-02
-2.222991560629617933e-02
-2.434241695448202680e-02
-2.027687677166544258e-02
-2.281112279200643578e-02
-2.208231670242771089e-02
-2.461264004060143354e-02
-2.060348865342112590e-02
-2.465048025437012805e-02
-2.527735843183501543e-02
-2.586222889843756145e-02
-2.270035314125511475e-02
-2.495607038000122180e-02
-2.394774228821302392e-02
-2.206501928155222766e-02
-2.136039247968717775e-02
-2.486715714474491828e-02
-2.606637004559988341e-02
-2.191670885983778433e-02
-2.539031820741172521e-02
-2.147429510132492156e-02
-2.157426201220084827e-02
-2.383537894993104089e-02
-2.455878999241900562e-02
-1.959406630710282607e-02
-1.954344179320827851e-02
-1.938235789690381447e-02
-1.973395948833562424e-02
-2.166996733733210848e-02
-1.916481017630002406e-02
-1.574442391256514195e-02
-1.801511820745232278e-02
-1.993920532538948076e-02
-1.845051366913466259e-02
-2.128118986799622248e-02
-1.670295365325995263e-02
-1.739861131048463586e-02
-1.918039671937995377e-02
-1.549415348972628219e-02
-1.792581621159586996e-02
-1.674678298028461215e-02
-1.834552866133310964e-02
-2.012944065562902868e-02
-1.866519755891109938e-02
-1.879143368819694362e-02
-1.861526039432816540e-02
-1.731984023997051522e-02
-1.838888659099848985e-02
-2.112025078541285295e-02
-2.052615244459060281e-02
-2.170713656509745682e-02
-1.872314441773412913e-02
-2.125962582352374647e-02
-2.137458128416321393e-02
-2.481088666621945882e-02
-2.191158263942664941e-02
-1.856262112031459299e-02
-2.486829527835816844e-02
-2.257852367262242962e-02
-2.065999944497219978e-02
-1.995787739656851301e-02
-2.390068566921198928e-02
-2.419110403008149779e-02
-1.936325305059797414e-02
-1.933644891334202962e-02
-2.035548006875983681e-02
-1.970173982595602169e-02
-1.861363086047273033e-02
-2.198289784157051591e-02
-2.227444409976356982e-02
-1.773667037393911877e-02
-2.295354569441664105e-02
-1.969209593858680871e-02
-2.093679973745448883e-02
-1.598701107978021604e-02
-1.920798232120147359e-02
-1.980543402712329690e-02
-2.187095809742408206e-02
-2.257242341783982989e-02
-2.048558009969471405e-02
-2.023849965113717897e-02
-2.061137821018566713e-02
-1.899705841595152392e-02
-1.686494768360119814e-02
-1.430704848688522761e-02
-1.865248697925277199e-02
-1.382350206721485140e-02
-1.608074036369582308e-02
-1.910432940115012676e-02
-1.461007085479380796e-02
-1.849507895734670004e-02
-1.893846708174562465e-02
-1.967422683540093198e-02
-1.917913092070827261e-02
-2.292164724776850349e-02
-2.062781874694005410e-02
-1.949750546783375615e-02
-1.812004559239693488e-02
-1.801211849619077654e-02
-1.602197182795831940e-02
-1.894592026791819608e-02
-1.843145631528107439e-02
-1.884979826059023783e-02
-1.937841524619337077e-02
-1.997968274940968569e-02
-2.008545434620834930e-02
-1.801657392309043842e-02
-2.075285915786375529e-02
-1.933095015361523464e-02
-2.062836272125059128e-02
-1.970106858435939634e-02
-2.012563873941463147e-02
-1.758495039692841225e-02
-1.386942017627346667e-02
-1.899543847597529381e-02
-1.557454360016991175e-02
-1.325279604613619454e-02
-1.660566872340699801e-02
-1.881200803198033664e-02
-1.283014567240061375e-02
-1.559826823676551885e-02
-1.350212427575954444e-02
-1.792334495812928155e-02
-1.976201442074079079e-02
-2.220469409961996904e-02
-1.936316428214412272e-02
-1.914663405369355226e-02
-1.801636083003115354e-02
-1.802295203526178835e-02
-1.899137578511671601e-02
-2.092994780130355212e-02
-1.833445840570194219e-02
-1.871709142505949969e-02
-1.799612565556933663e-02
-1.570788115678176111e-02
-1.845159344925837233e-02
-1.831597847784606839e-02
-1.843674683043480464e-02
-1.809844469477442722e-02
-2.072823893363094291e-02
-1.981992932958170223e-02
-1.979510586641403461e-02
-1.870785252782843425e-02
-1.901339386666970471e-02
-1.827714370961395357e-02
-2.033166860160377093e-02
-1.921073527418040369e-02
-2.216884352046210802e-02
-1.932437128318333433e-02
-1.994830894776771293e-02
-1.658588370839027618e-02
-1.796081652587964289e-02
-1.354035556319097174e-02
-1.583024009516681083e-02
-1.587710934075693692e-02
-1.307203809998662945e-02
-1.465631237878798482e-02
-1.562666102162829640e-02
-1.875600021029540446e-02
-1.973370248172975558e-02
-1.585507735330773590e-02
-1.714850765196365701e-02
-1.810896556748797792e-02
-2.079528486948866231e-02
-1.906428348957152005e-02
-1.577098821172891879e-02
-2.143724257077648382e-02
-2.212278229071388408e-02
-1.520829274286927824e-02
-2.069178292287721099e-02
-1.513309399694607454e-02
-1.285707786852733313e-02
-1.757781233908903978e-02
-1.439651675729904969e-02
-1.043981704521019377e-02
-1.465921260198299256e-02
-1.475149654573579792e-02
-1.511384629745102064e-02
-2.006422676844695288e-02
-1.880639496477153755e-02
-2.219666718695889260e-02
-2.040171820451405077e-02
-1.873564467381435422e-02
-1.762629526462588733e-02
-1.925759904553401777e-02
-1.705063265914297937e-02
-2.221223994863876297e-02
-1.966457562265299525e-02
-1.930826295736491963e-02
-2.000907208289152625e-02
-1.945845847950691127e-02
-2.124257445124672419e-02
-2.115726633962967951e-02
-2.201633462542249009e-02
-1.618417589191485650e-02
-1.891502225239982682e-02
-1.924170252339754000e-02
-2.078099258023827570e-02
-1.682045778063025188e-02
-1.969748165398478579e-02
-1.886401898467732555e-02
-2.089707663639230745e-02
-2.303820725167620570e-02
-2.224025092135507864e-02
-1.987567302287985768e-02
-1.901805971543613777e-02
-2.338329149498400567e-02
-2.074719175246616046e-02
-1.789888519175486178e-02
-2.127475994043191015e-02
-2.097738241988037627e-02
-2.317505552497441806e-02
-2.170360708534712149e-02
-2.208178364968415436e-02
-1.965719096728095472e-02
-2.175897777308019587e-02
-2.136619184441125238e-02
-2.431479108244676002e-02
-2.539728097121604286e-02
-2.192137953127284988e-02
-2.068052843624610879e-02
-1.904194551498973945e-02
-2.435393665100284849e-02
-2.159915691850071776e-02
-2.148497601410016486e-02
-2.037059133231965483e-02
-2.141230526985431898e-02
-2.054416279159423930e-02
-1.952075866746469032e-02
-1.693763760236303983e-02
-2.146722216554387483e-02
-1.971764490384775650e-02
-1.950778593726969906e-02
-1.939152696645196974e-02
-1.781582849380993622e-02
-2.076352396400621067e-02
-2.267389398409448698e-02
-2.088662695746778750e-02
-1.799269005826631060e-02
-1.769810595336910805e-02
-1.950639097246809062e-02
-2.065871299361084906e-02
-2.370254296255856763e-02
-1.884277456265187958e-02
-2.325936399065775192e-02
-1.802775659709662109e-02
-2.081157886064046239e-02
-1.849186608774424853e-02
-1.866715884781743745e-02
-2.167394825268957603e-02
-2.205376864969804326e-02
-2.437074660104762008e-02
-2.399076198128983345e-02
-2.108249323075897866e-02
-2.258345133258105042e-02
-2.358162042179788934e-02
-2.469417591980596280e-02
-2.397315635172309056e-02
-2.162016250092797451e-02
-1.738995781282577299e-02
-2.195845636392600858e-02
-2.249979649485529462e-02
-2.185869869993441184e-02
-2.020353439719981339e-02
-1.985906759731961499e-02
-1.861369493261313957e-02
-2.036779172152937065e-02
-2.049275563997548719e-02
-2.026912112324831539e-02
-1.745834741060204101e-02
-2.190565681283790020e-02
-1.881066729571108029e-02
-1.724956455569638322e-02
-1.774002162849295725e-02
-2.020195623998086859e-02
-1.737493256985398610e-02
-1.942691551033366021e-02
-1.992195240701437331e-02
-2.187999498554129424e-02
-2.285897391211065208e-02
-1.812226898072432854e-02
-2.072460821365608094e-02
-1.995303381598881320e-02
-2.113332016890806520e-02
-2.018445417145419557e-02
-1.942252271694764471e-02
-2.141259414931779431e-02
-2.138501790142724457e-02
-2.110280194236836826e-02
-2.113502896266376482e-02
-2.433818037649415969e-02
-2.455315485401378395e-02
-2.293397194959159030e-02
-2.070345548566470198e-02
-1.912669592457676843e-02
-2.186880501069869004e-02
-2.206189471122560128e-02
-1.910009842985186182e-02
-1.905887229336152705e-02
-1.469456205050291217e-02
-1.815104932482957539e-02
-1.625512204504361152e-02
-2.195307841757756021e-02
-1.983606200918315923e-02
-1.902855616959074625e-02
-2.173957965816915305e-02
-2.295721485484389368e-02
-2.271988915396894529e-02
-1.894871276075735939e-02
-2.312930840188794426e-02
-1.767417257893448904e-02
-1.917088229855645060e-02
-1.728890139645269594e-02
-2.068682867444317924e-02
-2.387517214171402252e-02
-2.397311104372607318e-02
-2.179479834724082701e-02
-2.076816256268667130e-02
-1.972405447720125202e-02
-2.008412190880781711e-02
-2.071166189505506058e-02
-1.942261521744346325e-02
-1.887720513294335878e-02
-1.839464752463837796e-02
-2.322633459388996971e-02
-2.075509506514529312e-02
-1.808058209081236239e-02
-2.040573792592125651e-02
-1.838418562236621492e-02
-1.896088855939889392e-02
-1.927494473309812953e-02
-1.792379827232803632e-02
-1.919740723660129378e-02
-2.459241995139664280e-02
-2.214528640121548458e-02
-2.470626603363805518e-02
-2.203784595746079503e-02
-2.322279972562603031e-02
-2.208582215405583207e-02
-2.095047899343682046e-02
-2.327798049463681088e-02
-2.261954109129738627e-02
-2.012043676327869221e-02
-1.538078563306800525e-02
-1.866641023417378933e-02
-2.150180930323298406e-02
-1.879523270506302732e-02
-1.590317437101734441e-02
-2.000438343956403506e-02
-1.562683432276028642e-02
-2.126437931681601085e-02
-1.957808329906433539e-02
-1.510100991900258788e-02
-1.809115355362260827e-02
-1.795255977838009290e-02
-1.521164707122588458e-02
-1.938990995290845384e-02
-1.772132917638137226e-02
-1.812440282740093375e-02
-2.220009910114848634e-02
-2.389170686417345021e-02
-1.961901689591680903e-02
-2.214652970159331630e-02
-2.204004223115529557e-02
-1.864344874220012077e-02
-2.063441073352040994e-02
-1.832541414002172506e-02
-1.702914739735006747e-02
-1.876528272739184586e-02
-1.649073016226068264e-02
-2.208648081764409687e-02
-2.092399958155359216e-02
-2.359095392780088604e-02
-2.050651450823487779e-02
-1.820961927843317910e-02
-2.089755562072835929e-02
-2.284892732480318933e-02
-2.192491924310992907e-02
-1.965952646899598449e-02
-2.074390065785710127e-02
-2.018021597793837746e-02
-2.506783718523952070e-02
-2.088720202901000675e-02
-2.471726860732784831e-02
-2.578515928427389803e-02
-2.397660230185170993e-02
-2.269155825830932588e-02
-2.638020440367617320e-02
-2.628128563051293151e-02
-2.249398360266756727e-02
-1.863406555100258905e-02
-2.660140150763233916e-02
-2.851894069860928457e-02
-2.557796688181930914e-02
-2.413105599158922934e-02
-2.377273388702818430e-02
-2.454034009977368314e-02
-2.217130814994270130e-02
-2.503866731921454425e-02
-2.245336544653091237e-02
-2.468634201003394243e-02
-2.316771593444559227e-02
-2.496735121489587761e-02
-2.355715722890352332e-02
-2.302197407278802274e-02
-2.246565776635256473e-02
-2.425491222740097652e-02
-2.108664503813579422e-02
-2.507438953715880256e-02
-2.950353986540141943e-02
-2.462778945003126635e-02
-2.575646957407912510e-02
-2.880641659572415886e-02
-2.414631498830375339e-02
-2.544812803962640674e-02
-2.491242839717969573e-02
-2.442431402346923949e-02
-2.242702942107833650e-02
-2.476556551600946759e-02
-2.416516281865454391e-02
-2.265842661159197038e-02
-2.512656661308881184e-02
-2.794122471420995568e-02
-2.499547982697619339e-02
-2.222779667302314868e-02
-2.486126033047494910e-02
-2.479455452936831297e-02
-2.629218174512350931e-02
-2.364055492415325505e-02
-2.479343607290465309e-02
-2.173211315842885419e-02
-2.112929942292146243e-02
-2.032128356345213119e-02
-2.338793194809331635e-02
-2.129870570714438235e-02
-2.188861984239702518e-02
-2.155452652843739894e-02
-2.017061842413647374e-02
-2.172330720008883165e-02
-2.148733049652242627e-02
-2.191500997347250665e-02
-2.397708775250954882e-02
-2.425308381276460729e-02
-2.041560741947591462e-02
-2.425296876931791815e-02
-2.378672419619105166e-02
-2.194253787485383675e-02
-2.205202776552369834e-02
-1.662536481771980171e-02
-2.130328314790387589e-02
-2.073625657326216495e-02
-1.807864504860604710e-02
-1.819506082111410628e-02
-1.929114477855500484e-02
-1.939960359735755022e-02
-1.770988562843588132e-02
-1.910880917211109364e-02
-1.896288598778777743e-02
-1.952274149110873672e-02
-1.616504675446690797e-02
-1.663780606645476334e-02
-1.872205940595887338e-02
-1.946421325653485690e-02
-2.214993478385604911e-02
-2.165293755891443961e-02
-2.169584223040264825e-02
-1.984904891824827017e-02
-1.877182417437040646e-02
-1.897445331516528153e-02
-1.429415408396485926e-02
-2.219552552725271438e-02
-1.844149096862047338e-02
-1.768914991902914222e-02
-2.185091240293187548e-02
-1.355373622802746522e-02
-1.729094075823540619e-02
-1.623385821684766514e-02
-2.094479253951791325e-02
-1.689424894843599353e-02
-2.084705919708174787e-02
-2.219728403774309453e-02
-1.540177607431863355e-02
-1.640190303313504919e-02
-2.283238738334913628e-02
-1.820795415278806534e-02
-1.530472772410973459e-02
-1.984618941295764050e-02
-1.977308512123011550e-02
-2.269277189517324850e-02
-2.037808163007971685e-02
-2.139713717810943702e-02
-1.862306463584991953e-02
-2.218543260619166776e-02
-2.077249533241359858e-02
-1.720541383210996700e-02
-1.903689710979036137e-02
-1.897102406502584188e-02
-2.152285337249529307e-02
-1.972328435468022334e-02
-2.355348815440705401e-02
-2.256679143689254916e-02
-2.033790415450169309e-02
-2.390283345608390161e-02
-2.298339186591825262e-02
-2.005202564835826401e-02
-2.327286331431712221e-02
-2.167133713742484466e-02
-1.849446965574562743e-02
-2.266073302765793732e-02
-2.246547172434948392e-02
-2.234377490169953476e-02
-1.897459665281850047e-02
-1.936015371145445585e-02
-2.301006154308192150e-02
-1.941235795167374836e-02
-1.606075425536153400e-02
-2.036402726366882271e-02
-2.228331454460169558e-02
-2.221426559676492260e-02
-2.237724577660314684e-02
-2.041432536992775562e-02
-2.077922369904265307e-02
-2.119903089635611845e-02
-2.125205070731633894e-02
-2.159426073576365540e-02
-2.056658359113902948e-02
-2.039175388927373656e-02
-1.875032730811819828e-02
-2.066462841237516959e-02
-2.217447599918504972e-02
-1.868359538768150918e-02
-2.179207205184801113e-02
-1.862482433517589214e-02
-1.695712695689443120e-02
-2.240930143076094033e-02
-2.027390431906359383e-02
-1.847692313415952303e-02
-1.896813253194568408e-02
-1.960260306517080248e-02
-1.651091215012772534e-02
-2.211709998817844303e-02
-2.100004241337228780e-02
-2.347755403659005161e-02
-2.083045639495376133e-02
-1.884540837303054842e-02
-1.977097285088380910e-02
-2.330304817080485619e-02
-2.073892656122271888e-02
-2.128238565801427243e-02
-2.426604885589722996e-02
-2.346497933983714493e-02
-2.400046908394618678e-02
-2.223526012490362191e-02
-2.349560945802246087e-02
-2.649888668530514871e-02
-2.662235876999645076e-02
-2.313176889175476078e-02
-2.293202716512048045e-02
-2.485119862410538338e-02
-2.073033800516442537e-02
-1.921903960229593561e-02
-2.105534201935333957e-02
-1.814858498221526284e-02
-1.973705707875140700e-02
-1.840413181037612103e-02
-1.974142798721939887e-02
-1.762670981771565989e-02
-1.728450253831734923e-02
-2.315084392105390756e-02
-2.350499197635615850e-02
-2.002390957996535645e-02
-1.979573169876520239e-02
-1.689814763483915225e-02
-2.018656631184918837e-02
-2.156112738300489454e-02
-1.965511794354525207e-02
-2.223974701101610885e-02
-2.259977247612057413e-02
-2.071971401442195340e-02
-2.246978921653862774e-02
-2.535684920580003054e-02
-2.049055542091927917e-02
-2.402507149604638653e-02
-2.541944191795598995e-02
-2.469200515147889144e-02
-2.538095431487434259e-02
-2.563224131650937779e-02
-2.671645649354800062e-02
-2.658644530991156538e-02
-2.512804966509554760e-02
-2.664382716171202065e-02
-2.622328642263846432e-02
-2.489836107331381762e-02
-2.346308693330242945e-02
-2.354996658800206921e-02
-2.408110737047693475e-02
-2.317926971361324376e-02
-2.431924617610535522e-02
-2.424681987210796502e-02
-2.348348892133567123e-02
-2.327483270143178642e-02
-2.525509466795164068e-02
-2.526833149955064889e-02
-2.561953899637563550e-02
-2.501285769643030871e-02
-2.423869008129620611e-02
-2.421437647366463108e-02
-2.563416272232225956e-02
-2.329037263081225329e-02
-2.465676785216409234e-02
-1.998165515880892182e-02
-1.855729953727900880e-02
-2.218134235765709464e-02
-1.609697861631449040e-02
-1.611252573775893635e-02
-1.840971048158434459e-02
-1.364247049124467891e-02
-1.425006414840516294e-02
-1.467302977492225199e-02
-1.862863967616699978e-02
-1.577802877381097313e-02
-2.138049457459528790e-02
-1.892903182938601714e-02
-1.994405796916618248e-02
-1.983270598154545164e-02
-1.353919945987352470e-02
-1.837956407907796047e-02
-1.664434932923304633e-02
-1.736203648048093018e-02
-2.063619699302958466e-02
-1.997020724112310089e-02
-2.335402626599158288e-02
-2.212876407286333905e-02
-2.426252366408549604e-02
-2.248386935738021578e-02
-1.940153393442570207e-02
-2.033377613753367674e-02
-2.203443019896998700e-02
-1.837283466323138756e-02
-2.234990947272080461e-02
-1.527356636121354402e-02
-2.449202960621928854e-02
-2.038631822152469839e-02
-2.000172754347830789e-02
-2.395987224715760353e-02
-2.450354089267093444e-02
-2.230864414435922496e-02
-2.052485727737044310e-02
-1.885679796515444401e-02
-2.250715826853258439e-02
-1.932053063567358564e-02
-1.880169450550286947e-02
-2.271290808224124547e-02
-2.318582517742312152e-02
-2.117326304657670896e-02
-2.029054022821840872e-02
-2.358512844025534641e-02
-2.312766055248737310e-02
-2.499987490078237062e-02
-2.322457208611348328e-02
-1.881858467034347795e-02
-2.718606097392039372e-02
-2.173510155040130412e-02
-2.587292037618637436e-02
-2.582909171954992852e-02
-2.379204668318546725e-02
-2.396274288324743915e-02
-2.617015281092245627e-02
-2.508146695980682447e-02
-2.976309371187298505e-02
-2.817121989047731076e-02
-2.643319448478956626e-02
-2.365392800342168422e-02
-2.497080997390722576e-02
-2.521345028778214370e-02
-2.598956816905464984e-02
-2.337160647125071516e-02
-2.159463597655275277e-02
-2.184294651607834176e-02
-2.304259403159903893e-02
-2.468165652171307525e-02
-3.015028868750129279e-02
-2.541770814093950032e-02
-2.146842104562105003e-02
-2.471424285492384090e-02
-2.888189498747851039e-02
-2.623979547989252828e-02
-2.854781879352223314e-02
-2.825718146741128950e-02
-2.446876726908470828e-02
-2.282478242424985232e-02
-2.332542139474020823e-02
-2.200555283581163979e-02
-1.965234382010213124e-02
-2.156652241457477845e-02
-2.747512348168761748e-02
-2.323255863402980820e-02
-2.361535109249545197e-02
-2.445087674036737491e-02
-2.872041189987753484e-02
-2.856780102326464399e-02
-2.436259819494042064e-02
-2.828573612328546399e-02
-2.546961740150085335e-02
-2.344223261877382072e-02
-2.584025172855764635e-02
-2.280210630659064083e-02
-2.253888218228812176e-02
-2.568184158134427866e-02
-2.516752278464394130e-02
-2.270137571527278478e-02
-2.498976454497669683e-02
-2.389837737849107371e-02
-2.646474519589089511e-02
-2.720978223697863643e-02
-2.514979831467959587e-02
-2.620942896695167487e-02
-2.637953874129424225e-02
-2.120026949511100156e-02
-2.660389381023363711e-02
-2.443408099925592145e-02
-2.258457685870014081e-02
-2.256073143872877607e-02
-2.182980069578336832e-02
-2.380186566539251383e-02
-2.214382706894988881e-02
-2.422058130004179494e-02
-2.386341664920764438e-02
-2.227791220478516840e-02
-2.737101564690574973e-02
-2.517626073662604727e-02
-2.532472275618338417e-02
-2.573586055209325582e-02
-2.693393446705662914e-02
-2.076006610173213029e-02
-2.562614060474760827e-02
-2.353550442227777401e-02
-2.768771477630265626e-02
-2.378978344887676399e-02
-2.413461006026338188e-02
-2.317187787780791014e-02
-2.457860197870612509e-02
-2.730324850183840982e-02
-2.809345047614571211e-02
-2.676632889310739602e-02
-2.395873474310998910e-02
-3.078037796331424200e-02
-2.320181526583708215e-02
-2.567663410251611045e-02
-1.897596297529684575e-02
-2.504927956036800615e-02
-2.431710946881869215e-02
-2.261647738275020247e-02
-2.053721527866324628e-02
-2.391295278283345205e-02
-2.116074559267103541e-02
-2.111557592113800369e-02
-2.259904167771746922e-02
-1.892395602546982983e-02
-2.205658916912055928e-02
-2.435205896426309580e-02
-1.929854832810060788e-02
-1.876387399670175968e-02
-2.206747201773572378e-02
-2.072488002011935865e-02
-2.201875859441629682e-02
-1.763865519151493200e-02
-2.302366868974634745e-02
-2.027901914553909002e-02
-1.813284270100298454e-02
-1.984507296734148649e-02
-2.277241123114986249e-02
-2.130626442614437163e-02
-1.924626208596723342e-02
-2.135133264256251773e-02
-2.048700770110522748e-02
-2.243074192883089818e-02
-2.389001059125404544e-02
-2.287294717333573923e-02
-2.515973340288202992e-02
-2.078082267760106641e-02
-2.394526086079009838e-02
-2.445063255108472292e-02
-2.187500916966021378e-02
-2.049196649471935264e-02
-2.131414519494673546e-02
-1.815711995595891554e-02
-1.943006409198363635e-02
-1.240441752024798103e-02
-2.026053032249946692e-02
-2.102186259316345812e-02
-1.872037745081278973e-02
-1.614818497590157775e-02
-2.000909085260346373e-02
-1.776913481950059825e-02
-1.750471987271791027e-02
-2.146202512503258067e-02
-2.071360765280655727e-02
-2.203504351420147375e-02
-2.117976586806567807e-02
-2.126779276238038863e-02
-1.586613037825905861e-02
-2.107786593203036726e-02
-1.928847388319458039e-02
-1.846683037747142916e-02
-2.091708525660054829e-02
-1.991927380060862229e-02
-2.362296202826634495e-02
-2.049284940326953630e-02
-2.549040457831637518e-02
-2.315765266847109871e-02
-2.160687091033671944e-02
-1.882195950494848155e-02
-1.981513732005070819e-02
-1.839033498859430141e-02
-2.242222874247220069e-02
-2.120325915050173815e-02
-2.427398791546481194e-02
-2.271320062843255536e-02
-2.487554946823443414e-02
-2.435521369628177585e-02
-2.625883470489030411e-02
-2.395497195221122505e-02
-2.324751100814178087e-02
-2.107320410522240534e-02
-2.489255641699357133e-02
-2.167225141417261289e-02
-2.245611816207492353e-02
-2.459923347997068285e-02
-2.341469736709125490e-02
-2.417405392517075688e-02
-1.987551005624994815e-02
-2.019489730227505206e-02
-2.288866732315445254e-02
-2.557380175617263163e-02
-2.369165630868509675e-02
-2.440475203103106838e-02
-2.197042202501135050e-02
-2.526022871339886344e-02
-2.442737754229187819e-02
-2.365666447132140290e-02
-2.093623553699360332e-02
-1.909327242263557725e-02
-2.303064448998121821e-02
-2.491150270821889529e-02
-2.351683823550736532e-02
-1.850057697189872938e-02
-2.227599958492164703e-02
-2.317815394963211595e-02
-2.182386195994892933e-02
-2.268827602660125273e-02
-2.097685246927272901e-02
-1.881858303093953896e-02
-2.174045141127142755e-02
-1.737810428014598813e-02
-1.977371769192340714e-02
-2.627011389896694374e-02
-1.526641479432172370e-02
-2.071999831120076643e-02
-2.086006620715619500e-02
-2.332299252388195590e-02
-2.213487843190571625e-02
-2.281064334679592034e-02
-2.752893289811252434e-02
-2.230168908288015714e-02
-2.297017428354805949e-02
-2.347603190151037467e-02
-2.412319035223226341e-02
-2.125009066137302852e-02
-2.078178537631616279e-02
-1.953275993709947117e-02
-2.110462085955024797e-02
-2.047867433805418760e-02
-2.363938621563314163e-02
-2.346806053399869488e-02
-2.165235280136275711e-02
-2.469745537740187374e-02
-2.124992768937396942e-02
-2.033993892715242613e-02
-2.164259566745768346e-02
-2.065280833456676832e-02
-2.414438019355109877e-02
-1.888531767466296654e-02
-2.200138753779960418e-02
-2.037103574861873212e-02
-2.133325711295277691e-02
-2.132390242977870443e-02
-2.393930270193000628e-02
-2.276832471797625435e-02
-2.216632135856343166e-02
-2.358579772927040311e-02
-2.006656511507978399e-02
-2.364426886843265171e-02
-2.420193088502245460e-02
-2.443172777614771585e-02
-2.188012219161942357e-02
-2.488497613049620721e-02
-2.258246551984617947e-02
-2.611851255605040709e-02
-2.531028904881634650e-02
-2.303840370390710518e-02
-2.158201313955221412e-02
-2.012592320510228974e-02
-1.949215204866214246e-02
-2.138678375971238971e-02
-1.950188274160559454e-02
-1.971515683609844499e-02
-2.061629953972871770e-02
-1.896286591821331677e-02
-2.073648228070315916e-02
-2.124497264876388375e-02
-2.012401251118366846e-02
-1.467309707052678186e-02
-2.043564878098887497e-02
-1.846518223868271261e-02
-1.922559925171311856e-02
-1.698502381523534291e-02
-1.964943549893560099e-02
-1.949642013381793632e-02
-1.714465420958607642e-02
-1.612694889994737910e-02
-2.417913581002256382e-02
-1.835711581579020993e-02
-2.028028625524720338e-02
-1.941778315891885473e-02
-2.281910455465969295e-02
-2.523089883621729840e-02
-2.404859143206937097e-02
-2.503689495214535612e-02
-2.488083006034565170e-02
-2.309210459214440167e-02
-2.461910169729216238e-02
-2.134912186460722130e-02
-2.392061725312017925e-02
-2.275345582138176351e-02
-2.501136135980797093e-02
-2.272959467415807885e-02
-1.807138075385505971e-02
-1.867217825560757438e-02
-1.886641413902433520e-02
-1.959641548745033948e-02
-2.087151556661582044e-02
-2.067511019976335518e-02
-2.064978299901631259e-02
-1.959965575909814253e-02
-1.513043143634847792e-02
-1.625112958378494010e-02
-1.896496208714545939e-02
-2.131702692712245800e-02
-1.949534419862799378e-02
-2.065080768715096132e-02
-1.876229203346210794e-02
-2.023560804758504916e-02
-2.238085066172402007e-02
-2.270764924971454407e-02
-2.070703765349412445e-02
-2.152907055188514260e-02
-2.123971252303262156e-02
-2.032149625907112359e-02
-1.841513338221117957e-02
-2.120808412933271672e-02
-1.604516042299896847e-02
-1.632670636588654661e-02
-1.639116474879602492e-02
-1.740046149373202997e-02
-1.683421534884107368e-02
-1.962904603448091881e-02
-2.142190557599388950e-02
-1.665610658682636219e-02
-1.642805827864576851e-02
-1.882359944556981704e-02
-1.833483565554482400e-02
-2.126326066770378373e-02
-2.433440663650484823e-02
-2.232021634991867426e-02
-2.069593184459151552e-02
-1.983892131345434823e-02
-1.735864675843516031e-02
-2.141200571329514649e-02
-1.829874891377560736e-02
-2.132469418581919504e-02
-1.969254929641630139e-02
-1.773659080561293747e-02
-1.744768601760112239e-02
-1.577720713278297701e-02
-1.756633755311289014e-02
-1.452950794018654027e-02
-1.574810320139156256e-02
-1.809145830326243376e-02
-1.746301215075914126e-02
-1.957037560254899083e-02
-1.641413930873673530e-02
-1.846052006339455806e-02
-1.494422206469310163e-02
-1.804104845064579896e-02
-1.745833822631810348e-02
-1.691327277124925199e-02
-1.829118100238977945e-02
-2.071107960711211435e-02
-1.796633194776606560e-02
-1.982122699185503295e-02
-2.098496409584224565e-02
-1.985824214804703808e-02
-1.934664895495015122e-02
-1.861015284776888767e-02
-2.000077394067491937e-02
-1.915404100913346841e-02
-2.035016350686090145e-02
-1.940502007361007142e-02
-1.452726597798807001e-02
-1.879055081833027815e-02
-1.983001246564547113e-02
-1.868931236873298471e-02
-2.184405326272253686e-02
-1.880548562957245345e-02
-1.995172328389272637e-02
-2.174640273088945461e-02
-1.994667574782735264e-02
-2.121888118811092808e-02
-2.157956404525093047e-02
-1.743760149560347888e-02
-1.864843235341493918e-02
-1.200373370269728832e-02
-9.147890165809731064e-03
-1.402140894297233473e-02
-1.214994523684431380e-02
-9.598682269526630922e-03
-1.523893303980946440e-02
-1.558711560829425385e-02
-1.443347991319468039e-02
-1.248760117800216778e-02
-1.642990089152951069e-02
-1.465783539438991409e-02
-1.096642742694322117e-02
-1.543384139930571372e-02
-1.088701387652882269e-02
-1.605540291415762447e-02
-1.555170332507508323e-02
-1.438396956836996213e-02
-9.557823728186623860e-03
-1.194960161411680669e-02
-1.211904427440479819e-02
-1.341835187577330481e-02
-1.368591069365829131e-02
-1.083403552503943261e-02
-1.582772277499818608e-02
-1.819384651637417569e-02
-1.568452402423797104e-02
-1.528250129071617031e-02
-1.756777425651954994e-02
-1.627441550119798283e-02
-1.635800353748881678e-02
-1.566482804782934682e-02
-1.521645188474192271e-02
-1.291972589811800527e-02
-1.543762398140857695e-02
-1.502505039378878790e-02
-1.652786674901584457e-02
-1.530045894784072026e-02
-1.183818274082089859e-02
-1.508476449147884597e-02
-1.465593194551846092e-02
-1.274954070791295239e-02
-1.043110465642035738e-02
-1.298873731132352272e-02
-1.274851908239073468e-02
-1.125932829267161511e-02
-1.077501641311844581e-02
-1.145928652382420879e-02
-1.503762754910165783e-02
-1.454967000680533473e-02
-1.737629998077007756e-02
-1.822258260450102668e-02
-1.381341715432897119e-02
-1.650285332860424239e-02
-1.296221575421891911e-02
-9.320499282420638409e-03
-1.116122981161330081e-02
-1.158966815032768521e-02
-1.356335638437626036e-02
-1.358831982303229310e-02
-1.749050500637256214e-02
-1.625894434973862782e-02
-1.697555659018072996e-02
-1.227192491976378946e-02
-1.612415850569864570e-02
-1.725899195163863378e-02
-1.613881270701621878e-02
-1.402512333745076570e-02
-1.595325535601412742e-02
-1.479836476119862458e-02
-1.569120816322755463e-02
-1.411382794501813212e-02
-1.582176105829958407e-02
-1.773972557584017548e-02
-1.871043140485325121e-02
-1.459336384495815014e-02
-1.819790518446067623e-02
-1.884654594957321100e-02
-1.695680223806856138e-02
-1.791257184136521574e-02
-1.682237564820736331e-02
-1.634263175653290212e-02
-1.552725559437659331e-02
-1.502669544750633024e-02
-1.531959244426406297e-02
-1.760192705868092802e-02
-1.666050319506255650e-02
-1.737955271654783446e-02
-1.866787126478877332e-02
-1.793374544325088138e-02
-1.694644123084058582e-02
-1.748538433951857263e-02
-1.987576608747738949e-02
-1.843805506087972668e-02
-1.883211865137054963e-02
-1.836013555602288363e-02
-1.942831992706715166e-02
-1.924380397802203865e-02
-2.136760535683879594e-02
-1.836487999917527439e-02
-1.878013378514048828e-02
-1.754495625712764600e-02
-1.824920886416890944e-02
-1.823138214332160542e-02
-1.967536895913796907e-02
-2.036642916530644748e-02
-1.870595906740806988e-02
-2.143196745406893144e-02
-1.927263562886413414e-02
-1.662968266129149011e-02
-1.326456480230741447e-02
-1.494088709843867033e-02
-1.501265700531151034e-02
-1.996730834798506743e-02
-1.763036625334890584e-02
-1.483186147952666664e-02
-1.707805723115061666e-02
-1.813981721067785963e-02
-1.937912264300084564e-02
-1.119566815116608549e-02
-1.349457513072629608e-02
-1.173106578034837331e-02
-1.712909919702648720e-02
-1.100850685896101293e-02
-1.398673595589021261e-02
-1.872603851067304939e-02
-1.491292008790792017e-02
-1.710303678936616473e-02
-2.228181099648364819e-02
-2.058187594241919771e-02
-2.190238649500138302e-02
-2.109661688311324085e-02
-1.926745080678054708e-02
-2.153544299439786106e-02
-1.820848561141776706e-02
-2.010100565576999898e-02
-2.070689929247536767e-02
-2.021704393297404229e-02
-1.928974746185513692e-02
-2.117530060617740448e-02
-1.900015180122764658e-02
-2.049038937385780704e-02
-1.893904879539603375e-02
-2.025416924460296531e-02
-1.943880455089139550e-02
-1.862439605801406717e-02
-1.855957440474299489e-02
-1.835111278481073999e-02
-1.509937712156839834e-02
-1.946087330618129912e-02
-1.250119585649761902e-02
-1.887023249778739878e-02
-9.908681587607480815e-03
-1.440862515027734568e-02
-1.675939825339837000e-02
-1.665190923408929949e-02
-1.525162818654424504e-02
-1.184977967736169750e-02
-1.293278684939763376e-02
-1.906607476579248034e-02
-1.527532255591678573e-02
-1.827930003648824478e-02
-1.621802939874578131e-02
-2.056286011694485882e-02
-2.234076929579577320e-02
-1.991690808124021647e-02
-1.807290717605681413e-02
-1.847857233886989262e-02
-1.463763616078508044e-02
-1.961365547623284897e-02
-2.094890195063708188e-02
-2.260873545748511709e-02
-2.214340052915005075e-02
-1.986673047398366046e-02
-2.325528479876020488e-02
-1.742088593965040663e-02
-2.151452895818038377e-02
-2.087455702150553885e-02
-2.176469442624742387e-02
-2.093474540145291371e-02
-2.424629417411209784e-02
-2.665288044841553419e-02
-2.523496327579904594e-02
-2.561492145688380739e-02
-2.536887833346804927e-02
-2.366844309831679302e-02
-2.608940733358900907e-02
-2.392183301268732687e-02
-2.155082473154132719e-02
-2.169510428125539028e-02
-2.446389474309840911e-02
-2.342016911457999589e-02
-2.328838269156687305e-02
-2.294733792928073737e-02
-2.490218223831676750e-02
-2.500970470801600759e-02
-2.694905979989205627e-02
-2.380833743594233665e-02
-2.527933422681713158e-02
-2.972702548216186666e-02
-2.747763271334153698e-02
-2.759432119966980304e-02
-2.563443701302021635e-02
-2.772604700838782535e-02
-2.569219535973810489e-02
-2.630267633498322224e-02
-2.232707017624272622e-02
-2.117053501262517595e-02
-2.158081382173712356e-02
-2.351585031504296874e-02
-1.842870348937957967e-02
-2.129965250482435818e-02
-2.021220595208795753e-02
-2.332335733988953608e-02
-2.218788900644845172e-02
-2.361605150502357059e-02
-2.140178524966578413e-02
-2.294543835012973973e-02
-2.381877732361292743e-02
-1.944285136326550853e-02
-2.159174626565920491e-02
-2.485251397246030294e-02
-2.378745148886700703e-02
-2.556702688137751922e-02
-2.124551284344264671e-02
-2.147595101221688382e-02
-2.149827474145495423e-02
-2.377658704772328199e-02
-2.040549511775415978e-02
-2.447264176049404258e-02
-2.641858156555609849e-02
-2.726784055071585292e-02
-2.462410386285541694e-02
-2.127787812854937954e-02
-2.063856319443509515e-02
-2.150285851915461136e-02
-2.436448863008374224e-02
-2.309624949338475244e-02
-2.256692036584020608e-02
-2.191908557853277165e-02
-1.443900650980044914e-02
-1.350052532537204808e-02
-1.162144971534823448e-02
-1.456858991452170907e-03
-6.597508668419896881e-03
-4.284723891125584612e-03
-1.237971796842098418e-03
-8.601825898025090497e-04
-3.901530341797695024e-03
1.905367481663035344e-04
2.038497570315267026e-03
5.024001289143430714e-03
8.148881455839984645e-04
-3.602717342351612843e-03
3.774144255202868930e-03
4.706685468621536923e-03
8.171029468998397202e-03
1.126446566042830881e-02
4.662758093468035749e-03
-1.248311365282703386e-03
5.131629962660111746e-03
1.494589132079718156e-02
1.278455614447081799e-02
9.619137086140724588e-03
8.260174771611292557e-03
1.807865866449257300e-02
1.055537481885496058e-02
1.141145726208557705e-02
4.125916518518644993e-03
5.864379810482650036e-03
6.695014301522114568e-03
9.677140931458447573e-03
1.347152129657988757e-02
1.017936271925235642e-02
1.112992743063730486e-02
9.742275742157845489e-03
8.360499601896687408e-03
6.643850281248606625e-03
9.809321029273921147e-03
4.882725706524267996e-03
8.983871639234348658e-03
3.944714364060409630e-03
7.249625190339424770e-03
4.774279816527090062e-03
4.136910516561106109e-03
6.619201004250180841e-03
8.059993633830418377e-03
6.050871202293889306e-03
1.034153393265548060e-03
6.476779357537006294e-03
6.368205439515522981e-03
1.246016897295522136e-03
4.496393284818411482e-03
4.548962757728841622e-03
2.789489332618049020e-03
6.167620790553321117e-03
8.622340667136818917e-03
8.557099171863766576e-03
6.057673345877531874e-03
1.005257509647079425e-02
1.124191566482279914e-02
1.003596047921606269e-02
5.073591813926752077e-03
5.866948171132368127e-03
4.695538780671106721e-03
6.683688442424406267e-03
5.692583967199388480e-03
3.738351665345008689e-03
9.611703066546004037e-03
7.665557407177571100e-03
1.042785616873940537e-02
8.815950659228374495e-03
8.626120169119204026e-03
9.775180160397941090e-03
8.256425829115884851e-03
1.172299007190888073e-02
1.296632772000811534e-02
1.479995094563798554e-02
1.312361694525438806e-02
1.369116642202294204e-02
1.226056040854485440e-02
1.275273682907873685e-02
1.497655365159048825e-02
1.111271570829920098e-02
1.080414066846171160e-02
1.354468880346784698e-02
1.118608181260368276e-02
7.730015830102852578e-03
7.246356470221894212e-03
7.607272872056775742e-03
9.519680887287617493e-03
1.115757387800311862e-02
8.818738048150809306e-03
1.123920143070764738e-02
1.192429004067926783e-02
1.238097713559717372e-02
4.271458005469071055e-03
9.844766762555589440e-03
1.012641470672701743e-02
1.012862031053225580e-02
9.509499616153235454e-03
1.200387332395094243e-02
8.498959703317135808e-03
1.271311704018549329e-02
1.528202225799319899e-02
1.289110689609867383e-02
1.236768694473372454e-02
1.114118962666447304e-02
1.160726074519847183e-02
1.164394865787000272e-02
1.109655087938187998e-02
4.574591736177549724e-03
8.776593869436889739e-03
8.312717723765985361e-03
6.048932024764630370e-03
2.467457746691992249e-03
1.878800048848671387e-04
2.590879153845314885e-03
-2.893570035233081466e-03
2.341016735920221047e-03
1.852596229535204619e-03
4.850672448634781551e-03
4.562697813821973460e-03
5.717603747401445342e-03
2.813034963227271229e-03
6.709828784567870887e-03
7.307887552735362578e-03
5.815576555572578646e-03
5.533030117609418277e-03
7.325001911322949651e-03
7.835389536841994365e-03
1.038327512243803451e-02
1.198170075497109570e-02
1.122911564277580439e-02
1.319392541801381498e-02
6.179737388870171558e-03
1.329483381224398630e-02
9.958692078340224824e-03
9.937769098599178244e-03
1.095974754330822018e-02
1.235945233527438458e-02
1.263917086447431670e-02
1.310882375196377805e-02
1.729535804732556040e-02
1.854997301186223427e-02
1.356658967241429134e-02
1.093294606204580147e-02
1.303976027740865254e-02
7.466712906132123677e-03
3.796658935225441425e-03
8.567770379225419022e-03
7.348704677756230652e-03
1.029618226950306317e-02
5.702040636400677182e-03
1.024584800432520697e-02
1.254948324150185514e-02
8.338321138863886636e-03
9.293530365752741829e-03
7.155410164577534829e-03
2.072821126456477099e-03
7.969650174872701387e-03
4.291584624886371144e-03
6.986731785006188890e-03
4.889169911510784887e-03
7.674555960753272517e-03
5.698875953135118522e-03
1.298896939434446805e-02
1.146059392160608294e-02
1.090791252504050464e-02
1.305204347744902231e-02
1.268112843114254165e-02
1.279281055871378525e-02
1.299824610135663118e-02
1.473069329576079563e-02
1.026709813949603159e-02
1.388023971805012885e-02
1.438380454293035869e-02
1.185839975012688806e-02
1.026584221775329181e-02
7.733581780221576371e-03
4.904376671597928533e-03
1.136412778351160793e-02
8.659000011443025377e-03
7.752505652033735845e-03
1.052428881339592150e-02
8.074338749067889662e-03
1.578465723452830705e-02
1.334625308006376701e-02
1.297888485047498340e-02
1.169871309728175157e-02
1.116207208713532184e-02
1.382713872053762880e-02
1.441452378758411451e-02
1.269026042636506486e-02
1.686417321847687167e-02
1.191709134388938690e-02
1.206671063070732450e-02
9.454454511079140103e-03
8.200810867196843199e-03
8.006637243606217272e-03
1.214458734141360061e-02
1.207800200992522992e-02
7.746209973731909768e-03
4.288009597122343503e-03
1.079546696633709203e-02
7.937556016541230317e-03
1.098093166186349910e-02
7.097423989427583541e-03
1.399833517382772976e-03
4.667500952187397280e-03
5.420706267899122119e-03
9.402082618076465850e-03
7.214350044392231660e-03
1.028322786473364649e-02
8.828509174346259661e-03
1.158455576851736939e-02
1.463562170529175352e-02
1.562404470252191403e-02
1.236843545246097027e-02
8.035952062672503324e-03
1.080224671605623833e-02
1.172437145781233050e-02
5.251318322083831439e-03
2.479839445000428175e-03
8.043099808935723696e-03
8.641577447611648380e-03
8.597164060602638380e-03
1.243468093477627899e-02
1.329138235616097140e-02
1.250968551166435974e-02
6.140108126137172780e-03
5.374153217488007207e-03
1.783311883731860574e-03
8.990367325081972602e-03
9.744185434943850727e-03
8.587327845605412582e-03
1.219679622468552473e-02
7.297248594486328323e-03
1.023437766756858658e-02
7.346382169293905542e-03
6.728546540662449019e-03
6.148948953619215278e-03
8.723343830233681873e-03
1.194516315159645931e-02
1.289854739435814142e-02
1.261579064070154216e-02
7.431817193526016677e-03
7.991133108330735965e-03
1.209892892639664180e-02
1.342808347355675669e-02
1.078002214926829412e-02
1.121136125272018634e-02
1.016275711274747078e-02
1.008831390074583362e-02
1.223213744583736239e-02
9.804695947174689799e-03
1.008176416076848186e-02
1.179995587793074979e-02
1.953812177636158123e-02
1.265745911914722271e-02
1.250991739157013977e-02
1.458888074048681448e-02
1.289645104831022536e-02
1.118709746445091871e-02
1.147386069508050423e-02
1.122936907357550973e-02
1.480104837057581724e-02
1.095750803311746659e-02
1.387380387587963670e-02
9.397482856363513493e-03
1.004031969817110320e-02
7.555564887408825966e-03
1.125053809220930880e-02
1.280831995091701730e-02
1.106104431847547767e-02
9.280712807948352308e-03
1.292283326614868458e-02
8.277581206026255953e-03
9.777379207680254175e-03
7.488852217157095960e-03
1.130724959786127623e-02
1.484845406437793232e-02
5.323225457895506239e-03
5.369393443614976433e-03
7.902537210663257081e-03
5.580071480670052188e-03
5.390594168231349279e-03
1.265612956129871097e-02
4.652768578274501035e-03
8.419160548232109201e-03
1.021637756616446298e-02
1.063126148999245756e-02
1.046927461525273134e-02
1.234905332314021123e-02
1.447831388322397272e-02
1.058338254493852715e-02
1.538973854235330813e-02
1.574920379732433831e-02
1.331212744148032104e-02
1.004229686524251743e-02
1.639074265861831595e-02
1.630937563256400213e-02
1.574295465220142479e-02
9.244596578449925869e-03
8.653699087428523562e-03
6.131309774598771127e-03
1.028147825661853039e-02
5.635458542274807830e-03
8.293637817468241941e-03
1.117221369499635242e-02
1.055725071338283437e-02
8.526511535697705452e-03
9.386300778701775135e-03
1.040177646075166051e-02
1.089050660390845394e-02
1.409775144088071600e-02
1.279489140495829874e-02
1.396147274603748260e-02
1.500509144595516160e-02
1.320122796711436716e-02
1.323808128211052468e-02
9.466344085624831678e-03
8.496235404223177051e-03
6.362679101757565472e-03
1.165050761850524100e-02
8.682129755424023917e-03
6.512107006847143997e-03
5.159546599661503710e-03
7.638377373316201750e-03
8.510296402702002480e-03
1.092020665894640266e-02
3.533337429891157504e-03
7.227104266271847273e-03
8.267057854526705871e-03
1.040056250223758694e-02
8.191809576816259236e-03
8.291731625182385129e-03
5.278784003915315028e-03
6.577258194440564233e-03
6.338373390920837812e-03
6.268948859969231992e-03
6.757552539297280447e-03
8.484689908821400200e-03
9.306804945957578012e-03
1.035955368955768056e-02
1.309791261029966472e-02
1.033857783572057418e-02
8.150000194098198578e-03
1.080040981276643094e-02
7.183327842611600920e-03
7.810970211362094906e-03
9.310012831328396202e-03
1.201946933958973618e-02
1.161714737654720789e-02
1.053776316357673236e-02
1.226370344490188002e-02
7.133721912589053790e-03
9.466651612196405954e-03
1.292199173147229145e-02
1.377081784471296047e-02
1.387545447047122162e-02
1.087707986306950085e-02
1.011058022224269916e-02
1.614602712777167895e-02
1.348671038615109272e-02
1.136908258835764296e-02
1.171270709460543909e-02
1.388759798215046838e-02
1.039541785163088788e-02
1.350833735969752224e-02
1.734049252505113700e-02
1.505240224570703750e-02
1.512079602098258084e-02
1.374193014636823640e-02
1.111258099127493057e-02
1.041084474354170460e-02
1.048299773944109774e-02
1.346285057284628446e-02
1.398962790243661949e-02
1.187724764785086373e-02
1.377256559859471770e-02
1.415400495920584450e-02
1.362345477364727137e-02
1.297259538805303238e-02
9.141568307140836291e-03
1.013778923040650759e-02
9.603112481517067991e-03
9.738208733856206639e-03
1.178162565357663942e-02
9.218389359150886558e-03
7.372163445685321267e-03
9.532607796831502056e-03
1.041587479262583681e-02
1.180859441434864952e-02
1.117326373940809477e-02
1.222657004489682495e-02
1.415713030834730123e-02
1.119416708549837540e-02
1.271950621326627291e-02
1.139460749213623211e-02
1.625085102364171724e-02
1.373879153792784309e-02
1.534838158837592906e-02
1.043631842941059908e-02
1.199517407377525234e-02
1.361563692154737701e-02
1.560322996653468533e-02
1.635450365403610593e-02
1.630540793044338646e-02
1.659364977662628610e-02
1.733751580354917290e-02
1.738893338332965152e-02
1.804249912143282217e-02
1.501457001129578861e-02
1.542872543091884999e-02
1.642824655533299885e-02
1.707765033601187088e-02
1.327812529969044780e-02
1.465438149955313428e-02
1.795903201316518052e-02
1.736368252345560012e-02
1.565035525279536918e-02
1.230024591110131030e-02
1.766843885038741485e-02
1.467574478640578869e-02
1.827897177676270080e-02
1.567579489619965946e-02
1.752230750337163689e-02
1.711252202189768312e-02
1.319039829908467097e-02
1.530828936992268199e-02
1.822704061901945366e-02
1.654636374686525857e-02
1.558579029298693026e-02
1.761780303421940641e-02
1.691775888903972180e-02
1.818188016955538111e-02
1.311220821266756778e-02
1.490376056046664732e-02
1.313001826918426540e-02
1.047813666195039801e-02
1.186638293411662430e-02
1.323441114802297557e-02
1.467455728297139411e-02
1.149751120711654459e-02
1.190715831053709532e-02
1.124000432752111055e-02
1.148736822174038774e-02
1.044181130435526544e-02
9.790015969910921545e-03
1.029490505142948570e-02
8.657429666346921557e-03
8.161879208246465567e-03
9.866519152292727718e-03
1.391741590684414040e-02
1.153014259068844277e-02
1.226316761395155643e-02
1.331727556550670911e-02
9.385933077372626485e-03
1.525640238311692758e-02
1.426687460879206594e-02
1.573838131412121435e-02
1.764490759819983476e-02
1.799516027248988792e-02
1.890629375979648377e-02
1.645857817669039644e-02
1.469386762886899615e-02
1.292287922127103791e-02
1.112515016569486787e-02
1.040298259771437611e-02
1.374750885541111897e-02
1.576423826297567929e-02
1.449188783239503849e-02
1.292781102270419008e-02
1.976882104592552966e-02
1.836011366091977806e-02
1.597140132050351227e-02
1.596652722380863948e-02
1.999306316049016125e-02
2.070213502538905889e-02
1.827026594506800383e-02
1.761290762688576261e-02
1.826690131016969407e-02
1.887829291539452545e-02
1.753603736572145050e-02
1.213174201920917510e-02
1.631263867464516695e-02
1.819699671424488893e-02
1.881839324119916404e-02
1.480733155778924705e-02
1.545198896333400268e-02
1.730687300884285740e-02
1.598183965378531177e-02
1.435697922966167918e-02
1.502124280211392798e-02
1.359889945359184400e-02
1.418376340095101572e-02
1.187954282187593524e-02
1.347553266581379312e-02
1.505216418124328236e-02
1.569856912602391255e-02
1.555652060107736226e-02
1.663451321311094563e-02
1.376322079965473615e-02
1.445154245726619664e-02
1.121960799815468167e-02
1.572498480603234244e-02
1.360730010791444400e-02
1.164005759078810646e-02
1.420793124825594361e-02
1.561699146415792237e-02
1.485892605100807597e-02
1.495200125649436690e-02
1.531513104187068493e-02
1.230926344506555643e-02
1.499088861183909237e-02
1.205326262361447465e-02
1.585859498583126054e-02
1.021599405326629496e-02
1.230138721579257348e-02
1.641610150775836899e-02
1.354392212195576310e-02
1.170062184915751646e-02
1.299630492212916315e-02
9.711420613876706534e-03
1.214431633456808032e-02
1.157863797733575846e-02
1.205645817730731026e-02
1.466196236950669494e-02
1.500475165557124853e-02
1.775789207134778266e-02
1.161244008733881838e-02
1.589082147546940979e-02
1.471147274837436743e-02
1.562146471276142437e-02
1.406967101428260522e-02
1.775788859867467873e-02
1.583846672500351799e-02
1.128460109707296079e-02
1.695661959450827164e-02
1.576717161197601497e-02
1.458970735866082884e-02
1.702933969602237613e-02
1.123295988344268082e-02
9.932642877266780260e-03
1.281070671280972427e-02
1.282340495428783457e-02
1.246088303410386455e-02
1.164517003055229837e-02
1.199611934809780012e-02
8.807378220065080129e-03
1.723399273906082996e-02
1.543106044933864607e-02
1.068941045774581336e-02
1.002818439722634979e-02
1.491255149532808889e-02
1.679717684874353079e-02
1.816412350608880011e-02
1.524620366097780531e-02
1.583428264487462753e-02
1.541151502765516004e-02
1.624149072409157568e-02
1.442684506680052582e-02
1.315588217578463059e-02
1.402454996714699170e-02
1.464565508173525619e-02
1.065137368777893667e-02
9.639540303870555715e-03
1.193704110266517043e-02
1.097382575426992558e-02
1.118205866049110271e-02
9.339238524288496004e-03
8.975727942906566378e-03
1.091526974735239873e-02
9.661023084672940020e-03
8.589459529527724430e-03
1.187312707691657969e-02
9.294028867572317124e-03
9.693005100220962802e-03
6.995195184278182182e-03
7.660780613157884555e-03
6.638246038968323784e-03
9.284574584391918836e-03
1.055245798007841546e-02
8.347952774826517680e-03
8.930719895667538558e-03
8.475117063984774837e-03
1.199770772616237831e-02
1.146189978927390947e-02
1.029533594081802686e-02
6.060543161360970425e-03
8.819186434883866457e-03
9.694819966064487440e-03
9.631469472691287295e-03
9.678691730401469892e-03
7.040169608639762489e-03
6.287087631612875080e-03
4.726210798738484861e-03
5.129526809209340732e-03
6.681292322865105444e-03
1.026966695975613936e-02
6.966900155095163971e-03
1.130983622736181707e-02
9.756451383529917212e-03
3.456749417590851067e-03
5.972377754260241138e-03
9.578258227295580879e-03
5.914274171836086773e-03
8.752612140756690917e-03
9.016380860654342119e-03
9.141365990005229092e-03
9.104472321416007263e-03
7.712571907591630853e-03
7.870719750115122773e-03
8.068672274402343553e-03
6.145948576771212424e-03
8.518248740807535940e-03
3.582926885507697716e-03
5.755572069687995423e-03
6.127267313371920036e-03
8.002287991600461753e-03
1.031314779021459162e-02
8.410036861036406311e-03
7.885099673931691283e-03
3.656232046594431583e-03
6.232665995730087005e-03
9.898027989362132364e-03
9.342250758789062692e-03
8.126960878733475654e-03
1.013984394278483019e-02
1.173391225809841502e-02
6.753015958769511932e-03
9.648890655815114265e-03
5.885620347925803880e-03
6.028781363846952117e-03
7.552975485564560748e-03
7.765304803493762627e-03
6.732406887484217867e-03
1.281544256042918897e-02
9.808410384125484938e-03
1.093005933883979715e-02
1.015405486780554360e-02
1.183146718261343308e-02
1.364116379130301399e-02
1.275809993639351499e-02
1.151578708492209495e-02
1.435292589812301768e-02
1.062654215077826411e-02
9.488852352550251890e-03
1.274879143928906236e-02
1.090286049744500739e-02
1.178051504768032678e-02
9.920689115424518797e-03
1.071847631694763416e-02
5.874906363926142745e-03
5.502405295738284699e-03
6.568337037137731739e-03
5.307379314240625798e-03
5.869743382773621142e-03
1.963886890735685488e-03
5.502244864529008163e-03
1.559640083405925987e-03
4.685279574546703275e-03
4.906486889457645391e-03
3.091472749566014783e-03
6.352937674344243980e-03
5.356267965275844992e-03
3.497491466208338569e-03
8.183367907640778927e-03
5.970745378465414782e-03
1.136535726735654964e-02
5.598256842075396630e-03
4.603805888742249809e-03
6.427250651314203762e-03
3.363776082539152341e-03
3.797870119281630645e-03
8.511529084362534636e-03
9.183789188529760741e-03
9.613261468520376690e-03
1.154891761742712214e-02
1.678770918527883529e-02
1.120231465816140179e-02
1.205506259470612469e-02
9.614731872965831191e-03
1.088775034296665147e-02
8.857874223891587517e-03
1.108547920168292608e-02
8.453205150430589954e-03
9.179910254772289530e-03
9.749997162311606694e-03
3.754152084355237388e-03
4.192086164609642139e-03
9.127920252421423478e-03
2.985499971216427559e-03
6.066940641419662009e-03
5.491162874500255149e-03
1.150479046058623840e-02
1.130812415682479026e-02
1.342071301963507213e-02
1.125326123268655110e-02
1.111932645645237819e-02
8.441557465437361102e-03
1.059865692601772574e-02
9.971018400332470194e-03
1.006529712682643733e-02
1.222102361348021901e-02
9.299547751651664543e-03
3.740585408465354252e-03
7.570907761440506117e-03
6.843905487152270734e-03
7.978433946081938538e-03
8.997867168563454532e-03
6.511613414352081589e-03
4.754273509103506580e-03
4.721163369094052639e-03
7.234181164529964424e-03
1.130297739204503410e-02
3.439071704586774050e-03
9.073552181676117212e-03
9.042315704746345037e-03
4.244700283163892196e-03
8.530691010815600120e-03
5.079751813833942482e-03
7.013297498081561172e-03
9.223039742381446832e-03
5.324979724885857586e-03
4.418555103094041342e-03
9.733290710786643429e-03
2.584650635128169643e-03
2.922496096198031867e-03
5.973495092025330605e-03
5.164849578923403142e-03
2.547382319098713977e-03
6.636702007243927212e-03
1.069393967678982510e-02
6.612128503531072843e-03
2.957014246303431206e-03
6.158534632605369361e-03
6.978172667319627875e-03
3.713193826731056926e-03
5.484612354199227061e-03
6.866619527172143633e-03
5.121889912937199058e-03
3.300310166206400081e-03
4.625189236681337759e-03
4.725715995012621032e-03
5.910378621495022966e-03
2.919697886759867970e-03
7.766480584473318786e-03
4.315487666154645130e-03
4.259693776982630305e-03
2.470637282703678963e-03
7.689814518771711897e-03
8.830020970448783021e-03
7.395187985794866858e-03
5.187651739604982014e-03
6.398363052560706449e-03
5.637390895120411756e-04
2.567486833454473739e-03
9.387452783976468068e-03
1.249623710270271124e-02
2.218442519693248228e-03
4.964279480440336213e-03
7.371392228670877421e-03
4.716878833232795998e-03
6.662316886494427069e-03
4.888564624800245152e-03
7.621624202011356881e-03
9.183489950251852441e-03
7.680621522040249026e-03
1.017495517332870844e-02
8.034783706907241280e-03
9.099204385777433929e-03
1.039206922283507362e-02
7.736276521695680843e-03
6.333212683803997323e-03
6.235803641879538069e-03
4.500772027594266388e-03
8.959771141042884024e-03
6.395112047955978270e-03
6.704431788562242693e-03
7.140686453347510829e-03
9.252010573186354031e-03
1.001497046140401199e-02
6.571894503512963094e-03
5.335285705469061147e-03
