2.927974755470942169e-03
2.004755180505476877e-03
4.265463720949097016e-03
-1.895721818202736851e-03
-8.357800751580231943e-04
-5.872091210270153358e-04
-8.821363971698965249e-04
-2.863293343896017177e-04
-3.016312263197860367e-03
-1.135960332654014325e-02
-7.411607684167113332e-03
-9.124475736351373920e-03
-1.021094520360161378e-02
-2.534972567658440898e-04
-1.510210610678475130e-03
-3.395188828847983486e-05
-1.834768321085385705e-05
-2.025366033258499485e-03
-5.785667158263390654e-03
-9.767277233200180944e-03
-5.211813922568496460e-03
-5.525294488127626899e-03
1.703014113889952247e-03
-2.362565683359810426e-04
7.333587182502044645e-04
3.361918847419280779e-03
5.426134456009572109e-03
2.341922016235812795e-03
7.558967995148077428e-03
-1.044659775514007478e-03
-1.672296750089553603e-03
-6.607809158529382191e-04
-2.688252858263621980e-03
-4.441868981477060940e-03
-5.704257998947193098e-03
-7.318299698118901561e-03
-6.902910167706628047e-03
-6.440665436565375795e-03
-8.553057054760931227e-04
4.236442576414365876e-03
1.117561243059399592e-02
7.849829973898665714e-03
6.335957805879300492e-03
6.583513106766721371e-03
1.606784224569187888e-03
6.208701573228649073e-03
1.176234054791655765e-03
-4.864615044930412774e-03
-5.087489995155680678e-03
-2.446156833456946799e-03
1.698921586406889998e-03
1.938523446803838875e-03
3.559669656023198119e-03
4.664367771591820810e-03
-1.594207058395615646e-04
7.549130819675350414e-03
1.037231532862730940e-02
1.266115110365418316e-02
1.182479830889534775e-02
6.750093078711066723e-03
7.483552612524278780e-03
9.876825171271912118e-03
1.035751793809362026e-02
1.278725136487710370e-02
7.929600267926531845e-03
6.377966781817207866e-03
4.300539407094332127e-03
7.446772446751067503e-03
5.135634600493654833e-03
3.218822970240960146e-03
4.756967234045344703e-03
5.568407564773835382e-03
6.329817871348827896e-03
8.192555783145013051e-03
1.360544143041970445e-02
1.021999336992763206e-02
1.025174054859688891e-02
1.036294329942996986e-02
9.465580788024384809e-03
1.201402627170709836e-02
1.469575854069576221e-02
1.684515825852143933e-02
1.481389449843651708e-02
1.448428838509995334e-02
1.316055640798701430e-02
8.749578841775997040e-03
5.135183924909533923e-04
4.941092539082203583e-03
-1.158098143783780004e-03
2.522547889696144865e-03
5.620370742666031504e-03
4.713662116523512600e-03
1.787414342262864725e-03
-7.742528114745493746e-03
5.976841871192112716e-05
-4.890934877594792403e-03
-1.146586886778843068e-03
-7.403203240053776897e-03
-7.504565109348112530e-03
-5.014611048881380262e-03
-4.674684793192235115e-03
-6.668979594681660912e-03
-8.760648423087746481e-03
-5.712153945177904889e-03
-4.192388744747169334e-03
-2.859873080503121286e-03
-1.148181544067756413e-03
-1.430151882849431746e-03
2.487441387981901338e-03
6.250462529472445086e-04
4.510098730815308155e-03
6.028015388773473766e-03
8.709195798245954884e-03
1.458039569734778315e-02
1.201017996452512573e-02
1.406258640193602111e-02
8.127233902171789731e-03
6.156624791082906077e-03
4.617517409430445946e-03
3.950433211231378465e-03
4.787401816671723459e-03
2.647580413950263029e-03
3.358762807784330690e-03
-1.040392396242759317e-03
-7.485545437456066079e-04
2.585281522137815660e-03
2.890813366585350073e-03
-3.451670956874704904e-03
-1.323909632001100956e-02
-1.089195865031384811e-02
-5.850186835445851663e-03
-2.005938707225427605e-03
-1.600438001096492939e-03
1.947649802582985829e-03
3.968013627149648455e-03
5.758626980496245155e-03
9.103688390671752298e-03
3.656772854069618387e-03
5.068836068464083536e-03
5.841587751368134893e-03
2.563011283435153841e-03
7.316526148100223337e-03
2.010136896628902242e-03
-5.266222593451780646e-04
-1.008789337234811991e-02
-6.773672530168667327e-03
-7.627601399053099938e-03
-6.597823238262554707e-03
-4.552375365978146224e-03
-7.934451563876078126e-03
-3.622216754109834624e-03
-2.990009617273785975e-03
-3.611715804950403359e-03
1.808533556781178860e-03
-7.475660626806624094e-05
3.413896900819393936e-03
4.437604980784028152e-03
1.003618507062156717e-02
9.942080805014472458e-03
1.221122308053977125e-02
1.115891976828606823e-02
-7.301349182434230430e-04
-6.159952211755635385e-03
-1.208436086623971076e-02
-6.330287020932556449e-03
-7.242157967856373106e-03
-2.242847706924061026e-03
-7.260325292915466820e-03
-1.569103440974980654e-02
-1.071864643957852817e-02
-9.638906690022581644e-03
-4.657286746165213015e-03
-1.493183732954784897e-03
9.669647505569626709e-04
2.111570993033767742e-03
1.349507747707199071e-02
1.504248847530115750e-02
1.540425324205819263e-02
8.171970212200575442e-03
1.305409888148134460e-02
1.147987696764641088e-02
1.439841284329171009e-02
1.714991246834197611e-02
2.000889047347656838e-02
1.756694358000775863e-02
1.737985970003586705e-02
9.075305531062487913e-03
1.013355013804644912e-02
1.994316901049339105e-02
1.978465635315644622e-02
1.907449411139193821e-02
2.478031414728895307e-02
2.375213473698790240e-02
2.157591158651502722e-02
1.866928465413857097e-02
2.745580767298803210e-02
2.540905231921524246e-02
2.326205216788406263e-02
2.860049943990216822e-02
2.528553806592710729e-02
2.451230108944975339e-02
1.967415404379129970e-02
2.243702369554445228e-02
2.555207338389858113e-02
2.608084662122986050e-02
2.412167133247068024e-02
2.107453537677897795e-02
2.148847930834665160e-02
1.659216188117458579e-02
1.784970914174288659e-02
1.780522119860795949e-02
1.713615692585109332e-02
2.241143151553942961e-02
1.247454098557784601e-02
2.116860451095061227e-02
9.195163873190904252e-03
9.459694374425745012e-03
1.244748421625461489e-02
1.473747783402550374e-02
1.515151865119070476e-02
4.971715978339757112e-03
1.394202153239082476e-02
1.307462199057471408e-02
3.969372733019792092e-03
2.515604933661905445e-03
3.851699369170771305e-03
1.051012913098205593e-03
-9.223248131905248740e-03
-7.915440377809565900e-03
-8.493409572104709468e-03
-7.659229985219314155e-03
-5.416753987414707136e-03
-1.104575397663230818e-02
-3.307120368738884677e-03
-9.803787737572624075e-03
-5.053643839003051086e-03
-6.581220826355400379e-03
5.956883491961317877e-04
-3.488662034256678236e-03
-9.770957508792529195e-03
-5.268119093769296941e-03
-1.175635758723988372e-02
-1.986145831068105924e-02
-2.822072433404570341e-02
-2.011920887816869702e-02
-2.281124548276829492e-02
-1.747991970697366712e-02
-1.923728152862791418e-02
-1.544750389505174931e-02
-9.092788770485086408e-03
-1.264054578616331456e-02
-1.255941135067302396e-03
-9.124827828055364146e-03
-9.025078169710896991e-03
-5.350161306880762968e-03
-1.539665115769934178e-03
-1.292593410162527247e-02
-1.438384964496866592e-02
-1.623327963578014010e-02
-1.017103275659579989e-02
-1.688700822202769680e-02
-1.095037231267903012e-02
4.569840916783736093e-03
2.263833199227974213e-03
-6.697170913660783001e-03
-8.524301776556893195e-03
-1.280874431363378078e-02
-1.461463233539681342e-02
-2.005196012061414776e-02
-2.924346677033596784e-02
-3.460533066924691842e-02
-3.489429938730369968e-02
-2.267575663974376321e-02
-2.887237826908906069e-02
-3.694289631758074233e-02
-2.678509597601598513e-02
-2.761812272099600785e-02
-3.198968761138105271e-02
-4.004875575394294812e-02
-3.871376160948675205e-02
-4.225288939896705565e-02
-4.178291921641752449e-02
-4.374487855848162299e-02
-3.160946175240617745e-02
-2.712555106739496930e-02
-3.339451932704558257e-02
-2.645276832372400744e-02
-2.790656352114869246e-02
-2.725246684721581089e-02
-2.205711974952324558e-02
-2.501271576341529065e-02
-2.890075851106092483e-02
-2.282124859582381274e-02
-2.825674997109176023e-02
-3.211403023225780501e-02
-3.135915189620140653e-02
-3.063909008885648891e-02
-3.054970497392020881e-02
-3.160874646284447115e-02
-2.508163245770884953e-02
-2.872405602396435609e-02
-2.689052420497195159e-02
-2.536522675136264685e-02
-2.781500084335200226e-02
-2.206646569583432804e-02
-2.648378430124613894e-02
-2.542651674856791569e-02
-2.243580148387602780e-02
-2.426245860356451498e-02
-2.192288358225839839e-02
-2.287660243270265778e-02
-1.890933680309868012e-02
-1.666208719983253150e-02
-9.491182628060023177e-03
-1.424475175734220972e-02
-1.025147751381056717e-02
-1.318759111836457706e-02
-2.193046496691716807e-02
-1.482610804774843992e-02
-1.286776435900689915e-02
-2.084751116789921102e-02
-1.234038243343476594e-02
-2.406347105242288842e-02
-2.465934824822095875e-02
-1.867677944980113830e-02
-1.613503974977499242e-02
-1.041612542810317101e-02
-1.695114442123356671e-02
-1.266077481682040436e-02
-1.385361492595590938e-02
-1.444758140930662779e-02
-5.877605230461807780e-03
-1.507520024445730897e-02
-1.587809192321507426e-02
-8.507586090291731698e-03
-1.329489163789907870e-02
-1.237980169802691682e-02
-2.036199244803109029e-02
-2.588621794127657708e-02
-2.680292066977616600e-02
-1.339510751804262600e-02
-1.557622971925692185e-02
-9.747955427080057939e-03
-1.836233971928753761e-02
-1.607386911580527614e-02
-8.726091178982686367e-03
-1.237850726530482538e-02
-1.291481538899663488e-02
-1.688605840734274874e-02
-1.400756181988754151e-02
-9.892084885510066955e-03
-8.086689936068572684e-03
-1.187971382850233452e-02
-1.617216764598234519e-02
-1.441952311117640842e-02
-1.254441653189754605e-02
-1.343123857841492866e-02
-1.076543314783002039e-02
-1.379872140756801396e-02
-1.071810747655364132e-02
-1.471716493492381331e-02
-1.946995115528293852e-02
-1.909784375351837940e-02
-1.907500174618559363e-02
-1.877912468929260684e-02
-1.933213423094115244e-02
-1.078123549131319164e-02
-5.126683349702098810e-03
-1.223246194168241784e-02
-1.517003818965195761e-02
-1.473134336287103968e-02
-1.674850314607928201e-02
-1.295198724199314762e-02
-1.773073568511015705e-02
-1.926545404827719604e-02
-1.506891334419979862e-02
-1.950489979849638969e-02
-1.668985064540625882e-02
-1.396656195965871941e-02
-1.118727090572192023e-02
-1.476009827819907416e-02
-1.236738911694194171e-02
-8.231626463599362592e-03
-8.730240147923985783e-03
-1.150527693287767099e-02
-1.317851674553396565e-02
-1.597976868268365797e-02
-2.039831198368297072e-02
-1.898707919344968728e-02
-2.014814212488297979e-02
-1.840120552900386536e-02
-1.680586635087752065e-02
-1.823775652327275232e-02
-1.878761162326772483e-02
-2.313871630265191409e-02
-2.331412333438012685e-02
-2.306162096935356065e-02
-2.613756395400262597e-02
-2.652335386855431479e-02
-1.912186460385898942e-02
-2.291544810191181378e-02
-2.446110871759001049e-02
-1.763025842073370764e-02
-1.674255625439195413e-02
-5.005844392202903580e-03
-1.861293188687986868e-03
-5.861505090952774319e-03
3.159891875847468945e-03
1.073076595547743997e-03
-6.787643260252259627e-05
9.769532671804404683e-03
3.234859962795273713e-03
1.336687663653405786e-02
-5.561691135854877378e-03
-3.041935257334760223e-03
3.580545685602632474e-03
1.544611263208461871e-02
1.432958221763443998e-03
-1.346425967688103312e-02
-2.540500992494462013e-02
-1.500690986006454619e-02
3.038606018688746416e-03
5.348018797217942225e-04
-1.111714241902400473e-02
-8.665066643281468806e-03
1.198195412529817587e-03
8.107231780054789325e-03
7.169612727788410821e-03
2.839578731161296592e-03
2.765295838145570497e-04
-1.173180650719382948e-02
1.082210411349227366e-03
4.289393894632714983e-03
1.549276541523261080e-02
-1.000167702336598758e-03
1.072830923186369155e-02
2.826981547685033288e-03
6.556594761797946563e-03
-6.129560360332099488e-04
1.490254854271818100e-03
2.821937371951060937e-04
1.876498766143431130e-03
-9.031349622469216076e-03
-1.221199747124817638e-02
-4.241556360722507045e-03
-4.945285908866443696e-03
-1.188326018373541716e-02
-1.429806962604615941e-02
-3.668131331303044283e-03
4.289636374457239838e-03
4.461625835607934722e-03
1.495507157054705091e-02
1.147660581636980072e-02
2.201894707425116476e-02
6.312280154532385126e-03
8.867756076973865725e-04
6.570628143114943739e-03
1.440925692375328096e-02
-2.437763382840713467e-03
-1.079539027401062168e-02
4.184931694615676850e-03
-1.067426653662199463e-03
-3.238071948081667345e-03
6.683453484588920863e-03
7.105471847136056104e-03
-3.903511290068687085e-03
9.189909726661747713e-03
2.481577801799116686e-03
9.134570304357408910e-03
-1.579025535744689674e-03
7.296240089031156423e-03
1.616987567455307638e-03
2.843842193426914314e-03
-1.891970572834124678e-04
-7.136117830854504969e-03
2.855896378693892779e-03
2.961518043645974645e-03
2.703690462506318313e-03
2.596497370915178907e-03
8.814055790275802590e-03
2.573748462324839271e-03
9.870376993407913371e-03
1.209958561542532653e-02
8.743179408597080010e-03
6.849899705283487433e-03
1.720509631507258913e-02
1.589018751529412340e-02
1.265431866034737694e-02
9.939734031041983636e-03
1.361400627233494247e-02
7.820677835771621886e-03
-4.302243552140657713e-03
-5.846111908657801101e-03
-1.339821562831792004e-02
-1.106636194440549330e-02
-1.229746259687151261e-02
-1.014947021916462293e-02
-7.431346029048070505e-03
-8.365865140930902038e-04
-7.452787873895376199e-04
-5.315176816292534884e-03
-1.066889958884305149e-02
-9.256134448660732761e-03
-1.077413525010491487e-02
-1.806181018732661361e-02
-1.385592446557008632e-02
-1.592417811151059306e-02
-2.178487854417760286e-02
-2.064943609326374760e-02
-1.963873334797698253e-02
-1.295188053342065382e-02
-1.364307497660524962e-02
-1.378192485234753725e-02
-1.737209050488973394e-02
-1.578904474309371711e-02
-1.505043712584944876e-02
-1.031655305545988235e-02
-9.183098138979425840e-03
-1.068860741695754762e-02
-1.456593732745644319e-02
-1.134770376966295381e-02
-1.795402258887455679e-02
-1.808646832708842717e-02
-1.134391796094945393e-02
-1.003539663437714655e-02
-8.854366673578010008e-03
-1.439042313139705410e-02
-5.786304503195231937e-03
-1.009159584847879425e-02
-1.621168811768267451e-02
-1.477566686290140117e-02
-1.443576863533051376e-02
-1.110316776225472868e-02
-9.418487511783360175e-03
-1.178901915802071064e-02
-1.262244964166994374e-02
-1.919777131731660938e-02
-2.493946151716050150e-02
-2.619264432999923731e-02
-1.593114743667035926e-02
-1.464861711855781380e-02
-1.807577197752158887e-02
-1.794195149432792694e-02
-1.181194664674928112e-02
-7.515584504202388674e-03
-1.251625926364443447e-02
-3.309441453144086262e-03
-1.640047283340212783e-02
-8.135312671480000521e-03
-3.375090920584997850e-03
-9.535672171146050702e-03
-1.032771555842426636e-02
-1.388648354476517376e-02
-1.282815168837287551e-02
-1.434088005314631403e-02
-1.561684969108877163e-02
-1.644929857450537145e-02
-1.063288818435450395e-02
-8.414402828140115156e-03
-4.167337780001616372e-03
1.280115535767497063e-03
-2.259862595137627616e-03
1.742143924839176586e-02
1.212393788283593586e-02
-1.844767349638269920e-03
-1.653317427207918848e-03
-3.916452971920936915e-03
-2.738255227613980384e-03
-5.768703288511097850e-03
-4.489722835550445483e-03
1.617100390709402770e-03
8.655996554118604303e-03
3.626274877702604660e-06
8.499729894457585394e-03
7.708802803196123168e-03
2.023411451916663946e-03
5.903257223597182732e-03
-4.207958040935671010e-03
-4.911716049072250602e-03
-4.019135704518801873e-03
3.215148042963628019e-03
1.501277039814371932e-03
-1.013751801679465062e-02
-6.594627266703095847e-03
-8.026755421098881460e-03
-1.273470859636855607e-02
-1.180485111875086146e-02
1.073966257703756538e-03
-1.432433490250982142e-02
-1.148825615431901988e-02
2.834373376708669307e-03
1.017292334683329511e-02
-3.104305495584642137e-04
-5.030504750285528896e-03
-1.732880525251324910e-02
-1.229348256264496501e-02
-6.681288814314975981e-04
-2.975470819617240421e-03
-4.671036701203423172e-04
1.446585534353978398e-03
3.603269699954037095e-03
-2.397209847093799157e-03
-3.714256566769650724e-03
-1.968135492777147409e-03
6.490234091842770475e-03
-1.222989428764170369e-02
-4.094199434066781405e-03
-1.247000214385757689e-03
7.761452381805394006e-03
-3.065068803965108682e-03
7.817993688110699141e-03
1.075903968549893949e-03
1.347355900574718698e-02
3.863233521430148830e-03
6.742009887303744564e-03
7.485001630791014715e-03
1.001899176342981035e-02
1.491926029864126813e-02
4.356219899333715179e-04
1.000857163225588389e-02
6.365081490995527953e-03
8.849034451551400851e-03
1.062296998727363384e-02
1.758884391607734923e-02
2.069481888907523034e-02
1.207570340793146478e-02
1.825473661321320648e-02
1.171065955356339998e-02
1.572755536967882298e-02
9.804385624113785488e-03
1.860398622417144474e-02
9.914531096851433856e-03
1.211628849699943923e-02
1.075862782443466614e-02
1.131492603408194506e-02
8.807624741034202759e-03
1.483239218173433224e-02
1.606171310491164711e-02
1.486234831261158858e-02
1.376852324110997006e-02
1.338082108270298269e-02
-2.619392861806226435e-04
2.831635325843228149e-03
5.328358675226399152e-03
1.104280831848703480e-02
8.358099677122367635e-03
1.410816308282625622e-02
1.102869563025732011e-02
1.449431791275334128e-02
1.554049162533937753e-02
1.471665601282924965e-02
1.271327414901336425e-02
1.258681977679905126e-02
2.055653989211110588e-02
1.727289509237977735e-02
2.026105063602445452e-02
9.311457613405328682e-03
1.180074892276642903e-02
7.786294744865330901e-03
8.286083272579056191e-03
8.511945508502746782e-03
1.471611346891918415e-02
2.219297696725086241e-02
1.131482651266672336e-02
1.003930063932949313e-02
2.734954733786601477e-02
2.063531691956126124e-02
2.335666388801272070e-04
4.835896736101279007e-03
1.020151018832218641e-02
1.757104006551766032e-02
5.450043930637795894e-03
1.030955088707409019e-02
7.406514955159666097e-03
1.811397365163240278e-02
3.155446619117539819e-02
2.229482460708306912e-02
1.813948964571229783e-02
1.285147262638511138e-02
2.013679245753136060e-02
9.496359290099521885e-03
1.553973404239836729e-02
1.671877399906464626e-02
2.180845263612823937e-02
2.757213397270858596e-02
2.570755932173382149e-02
3.028604226034471367e-02
2.764643603597981281e-02
2.221185211346320479e-02
2.435783936545340977e-02
1.655411551481886581e-02
3.677055161044212508e-03
1.207403011784215219e-02
2.124162111690431481e-02
3.067157378424669595e-02
2.921191041371564573e-02
2.704643660000919173e-02
2.995923559686394094e-02
2.831399095984134945e-02
3.248120788307589518e-02
4.780562415894783201e-02
4.905104384130178075e-02
4.739261516171696526e-02
4.324586144434517526e-02
4.620871467660997434e-02
5.357333896473212564e-02
5.532284692400896847e-02
6.206937727217468059e-02
6.481196072668138353e-02
6.001753257929071106e-02
5.951444114200449276e-02
6.239198275544157596e-02
5.049081054373401323e-02
5.334985131225245675e-02
4.984092250158905085e-02
4.646769483224031522e-02
4.522428903267302486e-02
5.253186142344318937e-02
4.617206305717998227e-02
4.374992826510343269e-02
3.219218286846932398e-02
4.946113953044399547e-02
5.019772514609136677e-02
4.874249799316918846e-02
3.934658263246548077e-02
5.175929399905560696e-02
3.962543779514471343e-02
4.948084093838658881e-02
4.756475407783444104e-02
3.544995481346839561e-02
3.395382013230561352e-02
4.447740075640876922e-02
5.572553528333026168e-02
5.104732293799800480e-02
5.302325984728556429e-02
5.111729712283440835e-02
4.127394979314485263e-02
4.402208151604237313e-02
4.412293986327878864e-02
4.707290579399574237e-02
4.381921070165101240e-02
4.332214503419750534e-02
4.642397474573235761e-02
4.694580950605383579e-02
3.953700074550799137e-02
4.140288190124519208e-02
3.981059131362820608e-02
4.285422318323556246e-02
3.947843589092964872e-02
4.332054793687196981e-02
2.883603467649534582e-02
3.261935943077729633e-02
2.691232623496574855e-02
2.826220487667795156e-02
2.737067116844897965e-02
2.472612059172989499e-02
3.017415638175637363e-02
1.701533420347662445e-02
1.606657794677496254e-02
1.590611314363739662e-02
1.952302285188967784e-02
1.945378469885025371e-02
1.310158699479142819e-02
1.544911179419435759e-02
1.256905000794928361e-02
1.240424738327160561e-02
1.468432258223405402e-02
9.236556846419850808e-03
6.937572415547648731e-03
5.773246464838986854e-03
8.823546935075832556e-03
3.175160828120600961e-03
-3.788693036028087293e-03
-1.803673448598079251e-02
-1.495526842557173310e-02
-1.995209241953868964e-02
-2.225527230239115681e-02
-2.720669881425118175e-02
-3.454747654806121504e-02
-2.964531224069092211e-02
-1.987237557829512821e-02
-3.093727102237501386e-02
-3.787887376055742300e-02
-3.638159417492747849e-02
-3.794398797030201775e-02
-4.235834594382049956e-02
-4.031367855221127533e-02
-3.332874451529540399e-02
-3.749333750035296203e-02
-2.698873215859680721e-02
-2.294102655138655078e-02
-1.518186366914000239e-02
-3.470012916856275720e-02
-2.570826189655981905e-02
-2.765232797924049163e-02
-2.633622264321928974e-02
-2.407856692668486689e-02
-2.193885026126214666e-02
-2.687723017928208419e-02
-2.559433051419509816e-02
-3.014048724241375626e-02
-2.546796600698673571e-02
-3.035927725434293609e-02
-2.475307989743051260e-02
-3.554300419466797922e-02
-2.929398611305662065e-02
-2.521306782389893045e-02
-2.615456931376870103e-02
-1.913794099980081070e-02
-2.292016974265758886e-02
-2.361404459082353316e-02
-1.707102407154132903e-02
-2.234892937272310240e-02
-1.636597853211223599e-02
-2.392489928926975692e-02
-3.061724437518568986e-02
-2.903929374935593916e-02
-2.977532508748693962e-02
-2.921996443496513093e-02
-3.462469138514170236e-02
-2.427909447946151669e-02
-2.856214782634603974e-02
-2.895143681504345687e-02
-2.884138051701572517e-02
-2.998236101480780680e-02
-2.585596408742027799e-02
-3.062718265911127530e-02
-2.620450282942247619e-02
-2.178927660544302536e-02
-1.954136130640169930e-02
-2.441986502313767821e-02
-2.193098830046878722e-02
-1.702194056930088698e-02
-1.936882297799512667e-02
-1.756195284865980089e-02
-2.534266369221292031e-02
-2.138210396676471295e-02
-2.418054311270618345e-02
-2.449466039607667983e-02
-2.591591147825309319e-02
-2.137337596428108208e-02
-1.307072155988088513e-02
-2.307175369054232164e-02
-2.036443116970697992e-02
-1.985225230844768485e-02
-2.691738911502881970e-02
-2.998029602546513697e-02
-2.795274977038848807e-02
-2.461769497220833713e-02
-2.404252790622697644e-02
-2.559876796981095173e-02
-1.835210240312681526e-02
-1.960428606304866900e-02
-1.342816858893811083e-02
-2.080358194056084603e-02
-2.148561097768280498e-02
-2.303237373724445827e-02
-2.402403442143689893e-02
-2.338856714163665626e-02
-2.250113596246040848e-02
-1.901787153087220947e-02
-1.248979535710722198e-02
-2.084313355133581708e-02
-1.781680001907930133e-02
-1.813151691548121544e-02
-1.199207431870791957e-02
-1.904047848538554730e-02
-2.309560580578661967e-02
-1.936881490737278957e-02
-2.455001016024854765e-02
-2.534849683881748236e-02
-1.477815614982747050e-02
-1.770633604054911922e-02
-1.369418584468058871e-02
-1.481340060582056820e-02
-6.769222705629920032e-03
-1.554105055791602484e-02
-1.183634300759972210e-02
-1.920896136632562617e-02
-1.711350785486703829e-02
-1.790347671081717051e-02
-1.243000625855775719e-02
-1.791354328848391436e-02
-1.670088634714543552e-02
-1.487141137278845220e-02
-1.294272074743066554e-02
-1.001609015240395757e-02
-8.810012086565937456e-03
-7.724908262261367953e-03
-9.171954961171034648e-03
-1.202323999346724057e-02
-6.451968945326117498e-03
-8.393990415660131793e-03
-1.367353910448242810e-02
-1.318360007378619088e-02
-8.011328761937495588e-03
-5.802455179174216028e-03
-1.247496193344663218e-02
-1.233307762507534697e-02
-1.285584273365366660e-02
-7.818029193479092767e-03
-1.015945087501902121e-02
-8.202009002418401973e-03
-1.167322265723086394e-02
-9.782140567580591833e-03
-1.111586244100269856e-02
-1.147324410163119354e-02
-8.133853289299532163e-03
-1.006114045681670219e-02
-2.837212323633498453e-03
-6.288204154681580407e-03
-1.370223170054012465e-02
-1.926039282480414283e-02
-2.285290714638351511e-02
-1.995573459413362699e-02
-2.247649922484614912e-02
-1.636301520418849062e-02
-1.763838067656068459e-02
-1.329021962010437131e-02
-1.854578577350718405e-02
-1.468433385905291641e-02
-1.632409785502667368e-02
-1.157900055464060850e-02
-2.025553136276431881e-02
-1.825079275935770004e-02
-1.893807547509625266e-02
-1.296397085885344670e-02
-1.181293712056935910e-02
-1.219803148642112541e-02
-1.531915405791896626e-02
-1.807314713492528396e-02
-1.319065437152944220e-02
-9.764637816835671641e-03
-8.311548912387563270e-03
-9.393443077092843195e-04
1.641151479200279048e-03
-6.107197354021877596e-05
-5.327805096940483980e-03
-1.516010228980284097e-03
1.612262940756431463e-03
-2.541229947591311291e-03
-3.584517577842453312e-03
-2.443784989151443973e-03
-3.444499078123008668e-03
5.599665164492591621e-03
5.898432943226611727e-03
4.447720391153936123e-03
5.609861929634896681e-03
-1.047530113945270829e-03
9.347665892629962144e-04
6.584334195448533072e-03
2.391582135838368501e-03
2.917231059839766661e-04
1.053231380782779399e-02
9.113392508507464976e-03
1.018882511496699804e-02
1.598199964650836094e-02
1.207921002903432350e-02
1.944290815025284322e-02
1.786909442353782143e-02
5.418099246794364464e-03
8.198461662858718205e-03
1.758423932924624983e-02
1.290924801123291554e-02
9.399178073850215226e-03
1.207184308182661023e-02
1.655800336119081506e-02
1.258476191245521889e-02
1.122902207404700980e-02
1.156106795712289262e-02
1.369362504636526152e-02
1.222346155309346483e-02
1.840054865084498822e-02
1.048726865212301108e-02
7.510293255983959207e-03
-2.929303981339198993e-03
4.200034571586224591e-03
1.050059182532377990e-02
1.010312991564283561e-03
1.179212518849924451e-02
1.052848094947121844e-02
1.231127868493453285e-02
8.228179836472856654e-03
1.058830726741077401e-02
1.501751724282849622e-02
5.052975160270533304e-03
9.188692702815760491e-03
1.028347239001327351e-02
1.471213502533618225e-02
1.162350912615536282e-02
3.109490100087019312e-03
1.778196577479056227e-03
-3.332356622350797926e-03
-1.180828156265736721e-02
-1.421238530750773554e-02
-7.123745911437891210e-03
-1.003256001359929990e-02
-1.051908488016137753e-02
-1.162026746214776113e-02
-7.011492564246912459e-03
-1.116055856407526491e-02
-6.902359257569866749e-03
-1.011197623463837465e-02
-8.367998168504793208e-03
-8.091599272818272848e-03
-6.887614291470724528e-03
3.803132861544228620e-03
1.002023232282094056e-02
1.944315463780307189e-03
5.454900721538646913e-03
5.461523045360999924e-03
-4.723334301768319574e-03
1.009077635649453580e-03
-3.060193427639077476e-03
5.315817343984788161e-03
4.145146772528927707e-03
6.192312686762227979e-03
6.790175572398279673e-03
6.516811116400129077e-03
2.756026433091405582e-03
5.429062921652919038e-03
2.513902336793951385e-03
2.865813661334275578e-03
3.527504415256410561e-06
7.672434071191835091e-03
6.172961813509829192e-03
5.681179478834182985e-03
-5.183794133716655836e-04
-2.289330621392925407e-03
-5.097378804603864937e-03
-1.504038815380113157e-02
-1.229096121862004697e-02
-1.480528331562673550e-02
-1.130587184994650239e-02
-3.658433232172578903e-03
1.390784403033760606e-03
1.224625279806970148e-02
6.943270934233312756e-03
5.543599812902122968e-03
-6.817013094553462738e-04
-3.087833912322139607e-03
-5.149589909704805832e-03
-8.031047932028962180e-03
-1.024483764070770186e-02
-6.428428579336592508e-03
-6.221735881754066402e-03
-1.411980596571640358e-02
-1.467292679688162946e-02
-1.162824257119146783e-02
-8.468526927522850500e-05
-2.992992819730103983e-03
-2.825553620642975126e-03
3.528061299179184769e-03
-5.197381306587923501e-03
4.269255901150183024e-04
2.723088726345548188e-03
2.197005163133598782e-03
-6.425522952917897285e-04
-1.823049983818002089e-03
2.798259255076620405e-03
-2.258013827761569045e-03
-7.659730352666618575e-04
-2.814725196994996397e-03
7.021340502081693379e-05
3.864716616135972890e-04
1.038364485232850035e-02
-2.527988687287191570e-04
2.375111448464869903e-03
-1.992406553022226055e-03
-4.201378535508262270e-03
2.011552276977268162e-03
-6.476477018941332459e-03
-1.007462349944924888e-02
-1.245975627957721793e-02
-5.039244004755108648e-03
-9.561493942850161562e-03
-6.419151841082217438e-03
-1.633175697880963340e-02
-1.819105933048032267e-02
-9.036325434093769177e-03
-9.735023744132759518e-03
-3.430926657175751258e-03
2.470283946386488908e-03
5.980893276577621195e-03
1.405184948614477628e-03
2.097934900408729431e-03
-6.355155971788539748e-03
-5.552612344510246892e-03
-1.527420828286907110e-02
-1.224986287686363404e-02
-1.264312546620093534e-02
-9.373180049405314962e-03
-4.839000575055484553e-03
7.937181002243680686e-03
5.602146406959827504e-03
3.348491771189602943e-03
3.637475251715865422e-03
-1.679323243231425379e-03
6.180634177505730338e-04
2.797525876509840762e-03
1.586032363362163732e-03
-6.927686015333588306e-03
-3.981317677443921982e-03
-1.028337659494744667e-03
1.582612325268272120e-03
-2.335187781765551886e-03
9.783482978885557277e-03
8.190336836638971094e-03
-2.678249219866477189e-03
2.835789447491582436e-03
4.915434856768498804e-03
6.099434517268932480e-03
2.753172723153553009e-03
7.971650446724369565e-03
9.627592453147209781e-03
7.821065249903277200e-03
-8.124734394703025248e-03
-3.273150414809056306e-03
-2.583824639983462249e-03
1.797991843426563268e-03
-4.680986695038889984e-03
1.677703776323264144e-03
-7.126240617511615458e-03
-2.954064529450971515e-03
-1.305939607595314571e-02
-6.113868191654569552e-03
5.067972322479342290e-03
4.030999788103120478e-03
2.984123874725525937e-03
1.231244907289568910e-02
1.311456081816973589e-02
5.313859516338443993e-03
1.116437134381889108e-02
1.415397957190737098e-02
3.684123373158838550e-03
1.721673687881071502e-03
1.163252772905079731e-02
1.199785592734077533e-02
1.333699128811999431e-02
1.120375270250839432e-02
3.250239160258442186e-03
1.904945095690019699e-02
1.054065018128038517e-02
1.709867094705990950e-02
2.356462951500364403e-02
2.097186581745386080e-02
2.481969117794649571e-02
2.292523370310567063e-02
2.609280188970550945e-02
1.199726400958805832e-02
1.274771477337602321e-02
1.691984495224845356e-02
1.129276290821090191e-02
1.516454966266687909e-02
1.983065837763798439e-02
1.681355865911945274e-02
1.615403431520798239e-02
1.707941887483571328e-02
2.004511141337515789e-02
1.528283180418673302e-02
1.697505689557841924e-02
1.805542764063218855e-02
2.184258301054271129e-02
2.018694654026461852e-02
1.536993739526676221e-02
1.804369020528067205e-02
1.461552409102516090e-02
1.736406513914607805e-02
1.125861624890877113e-02
1.106555574378903159e-02
7.100796517943031710e-03
-2.908849083161694354e-03
-5.362802056220014602e-03
-3.311369075478087960e-03
-9.249949940240550714e-04
-1.038691527382311222e-03
-4.867061530449515692e-03
3.249441829753302573e-03
9.152785736279990189e-03
1.727002649534540571e-03
1.131167729045535683e-02
7.913983429467853076e-03
4.175317640683290712e-03
1.118063162907483553e-02
2.141599656057108052e-03
3.398753339739061553e-03
1.278603090301783096e-02
8.091431569967610926e-03
1.132823437273484599e-02
1.466187902447229144e-02
8.755356913062440488e-03
-2.594972302434725886e-04
1.516268409500614927e-03
3.741329000025639916e-03
3.140818083395272541e-03
2.657617289823157474e-04
-5.901605717133723804e-03
-1.836826148450139765e-02
-1.226186433463713477e-02
-1.251906589098589206e-02
-1.970492210825210144e-02
-2.453635953269422271e-02
-2.083651811535454021e-02
-1.245925594361082731e-02
-1.012460591550809821e-02
-1.609486440169719933e-03
-5.089735819186916831e-03
-3.955175450925539973e-03
-5.635117020693448942e-03
-7.498624245451921549e-03
1.657934974124208828e-03
-4.984895782769178073e-03
-1.875569949567519254e-02
-1.155694259230780237e-02
-1.704513186198700764e-02
-3.913619025292729842e-03
-1.257229767621945507e-02
-1.302091621038164310e-02
-1.779160099132900616e-02
-4.876591111697151093e-03
-7.375133636443069983e-03
-1.107483004235436559e-02
-6.491895183481068143e-03
2.865689413795732745e-03
-9.544988720975682711e-03
-2.375245302329077358e-03
-1.033468435213205595e-03
4.098514373098468069e-03
2.691994539765247326e-03
-2.817427696635202167e-03
-5.161081282911518520e-03
-5.615987225166775218e-04
-4.424502004043028361e-03
9.668415315133209106e-03
1.563266462055619074e-02
1.927951264382085986e-02
7.846247536030647590e-03
1.357510544537390666e-02
8.370749167697819418e-03
7.455750160334589927e-03
5.810136810978740358e-03
1.140490247170087255e-02
9.528567797223599575e-03
4.085646664341042317e-03
-4.917863647088150172e-03
-1.333732104388262243e-02
-1.598907325466833451e-02
-3.797596558033431401e-03
-1.614642396632786150e-02
-2.843623091661532515e-02
-3.099057892378903611e-02
-3.676637883400667856e-02
-3.257397116942506443e-02
-3.336093906204713050e-02
-3.082069157220445124e-02
-2.514695375423734586e-02
-2.997828402518176727e-02
-2.940003879208554285e-02
-2.678208039543073654e-02
-2.557037031219389772e-02
-1.348780363628020000e-02
-8.298023123959018255e-03
-2.501137758659160298e-02
-1.604186468871772811e-02
-2.777819223885768032e-02
-2.041011944833617114e-02
-2.920815771348493628e-02
-3.556162546948626879e-02
-3.468786925716831754e-02
-4.548981847121751770e-02
-2.755394837039177106e-02
-2.883692496688180021e-02
-1.942633890045893791e-02
-5.274533751777860102e-03
-2.031217397132070723e-02
-2.559735541170197332e-02
-2.088872197566046113e-02
-1.461712087530173468e-02
-5.610486505994860193e-03
-5.373526466685797425e-04
1.179963000684224397e-03
2.889368199387629902e-03
5.304099944708273034e-03
6.440967498280536323e-03
4.232884703739066279e-03
3.448398974079523293e-03
-1.123900753653116419e-03
8.164876506754736862e-03
-1.365258649510211683e-02
-8.381740796890035233e-03
-3.104407647756877216e-03
5.266052386695682652e-03
6.190809327592667862e-04
9.151292376006125648e-03
1.853835640353686384e-03
4.117168571561754566e-03
1.094408325950228106e-02
1.052429408001870868e-02
9.101585981380657872e-03
4.711263647610405662e-03
1.273345420240409040e-03
3.752828676294246452e-03
1.405003507850861866e-02
1.288506766964484310e-02
1.891887656304582291e-02
1.917218565387059093e-02
1.120456296096140718e-02
1.204591404027817100e-02
1.940986423311824929e-02
1.988865696513605549e-02
2.381000994145964292e-02
2.507022088518043659e-02
2.867337790344027734e-02
2.619345278972443070e-02
2.411900344624498191e-02
1.931777482228321657e-02
1.534394385865791438e-02
1.245360295415131983e-02
1.007908190913195390e-02
1.926196509914545815e-02
1.952531690255089256e-02
1.722392708098909042e-02
1.452519615567036265e-02
1.528996816580676862e-02
1.393214916445551996e-02
2.113704433966566085e-02
1.433763151858924445e-02
1.561169804099722322e-02
2.071512875499764011e-02
2.137770577206764971e-02
1.808031518577101968e-02
1.895478339165115531e-02
1.836106343871505772e-02
2.059443169279973063e-02
2.232591972355421617e-02
2.034411490036786355e-02
1.530382775727325007e-02
1.645258074789563221e-02
2.142784551189741774e-02
1.755112968356843314e-02
1.754213227017365623e-02
1.834320714663192214e-02
1.465250549008977922e-02
2.080440220361429518e-02
2.392376278097234008e-02
2.114740607509335568e-02
2.012744838372898526e-02
1.653933122084837865e-02
2.234456293987591505e-02
1.989526211887181900e-02
2.098164035956398901e-02
2.373090960308551697e-02
2.339683244871168868e-02
1.828952574818017152e-02
1.681885990976624695e-02
1.522020246709266701e-02
1.344501482842726768e-02
2.168186270026932136e-02
1.904531164954622116e-02
2.244777982538341890e-02
2.205073313325569412e-02
2.254229238792703621e-02
2.525784517203248647e-02
1.952248831735111170e-02
2.310287054580660235e-02
2.184492973806909794e-02
1.695670552242982757e-02
1.289631334171415303e-02
1.173634081553417974e-02
1.564156553303621203e-02
1.468503407149525028e-02
1.571919525860727626e-02
1.434799876414625738e-02
1.255624872562310056e-02
5.045281004859812624e-03
5.579001457454933408e-03
4.814218453393559125e-03
5.949647508200842268e-03
6.020872902418820255e-03
1.398983298730525904e-02
1.315124220878196096e-02
8.581058089076299203e-03
1.402984628142756561e-02
2.037812810960124010e-02
1.645213394462934423e-02
2.361518995032702711e-02
2.265375342850868209e-02
1.414814162729016028e-02
1.555932895126811363e-02
1.444998620604049516e-02
9.347748876210239255e-03
1.748907276820281867e-02
1.538594191855074088e-02
5.300574156980882891e-03
1.037086752071728415e-02
1.143647476758991380e-02
1.265682315863047268e-02
1.066889585112005927e-02
5.634513654566149395e-03
1.092705064358313882e-02
1.329342793809315179e-02
1.235829102583331333e-02
2.038279702429502890e-02
2.379143604225398070e-02
2.262506247978366899e-02
2.975800968025880955e-02
3.077583693409473298e-02
2.258848410684169764e-02
2.967065068909205752e-02
2.549556308931598403e-02
2.488019041508558390e-02
2.884504979104746472e-02
2.839511207970988119e-02
2.150791726814410554e-02
2.176878990248850773e-02
2.297754758946463430e-02
2.135426082969310926e-02
1.768589084745228468e-02
1.520816432752332067e-02
1.161436675377087654e-02
1.208946634316017399e-02
1.562845086394006391e-02
2.022548139117777075e-02
2.171328930663790624e-02
2.086338501202264148e-02
2.684096333702254075e-02
2.667440019634059745e-02
2.688226969632346100e-02
2.312146995059501456e-02
2.429748611752042750e-02
3.011276763960409400e-02
2.863048834690792160e-02
2.752409540531821144e-02
2.511651122312913084e-02
2.792491991131534901e-02
2.490016249263158135e-02
1.804296594500254952e-02
2.177070094825595339e-02
1.653216722209851705e-02
2.144759066027333155e-02
1.706550519772086216e-02
8.395562141214937824e-03
1.712184047278327362e-02
1.273116360859186981e-02
2.374442021393441751e-02
2.164860311962757064e-02
9.534237697576055173e-03
7.841100599128188187e-03
1.810070194546750319e-02
1.667149238233291836e-02
2.160148147575800467e-02
2.336375744337779864e-02
1.695222755549225316e-02
1.789588594713621694e-02
2.561105816381863479e-02
1.715508028435803328e-02
1.955466614113428661e-02
1.831857287663218870e-02
1.381574217214517723e-02
1.427985005060455545e-02
1.728880430732825449e-02
1.644027831162019060e-02
1.474919418308613152e-02
1.196534259898518644e-02
1.550959103118504899e-02
1.803944418701732694e-02
2.106298441529673438e-02
1.968615568139860106e-02
1.735950871705052578e-02
2.164325250708033430e-02
1.008155355689263448e-02
1.783711563083416676e-02
1.765097619188634934e-02
7.142014991988493433e-03
1.198913958824081825e-02
1.146679241660981258e-02
1.140079545588865671e-02
1.308258258749233315e-02
7.885179650159382034e-03
-1.207306363426333129e-02
-2.917639052445093924e-03
6.146100441235181032e-03
1.100115741183656064e-02
1.493648857120512784e-02
1.995177630313850134e-02
1.687884937048239609e-02
2.209665393911327755e-02
8.167764015111518908e-03
8.552985554309146254e-03
-3.250240834031807211e-04
8.625144863730576164e-03
2.355667275069483688e-02
2.451913607521534824e-02
1.972915869747758622e-03
-6.038114948831520973e-03
-1.244635257516731909e-02
-1.045905745396173182e-02
-9.480686154779736224e-03
2.083222825412995357e-03
1.353521346054774137e-02
-6.117106817256644929e-03
-7.349457924318119652e-03
-5.967621374190545946e-03
1.232859485790981265e-02
7.393087931274492861e-03
-8.942538135332494652e-04
-3.792019280682214655e-03
7.381102551001222575e-03
8.330159515914561247e-03
-2.770789262837917877e-05
1.007194449216221831e-02
8.652618708180443916e-04
1.123712565230326581e-02
1.650656316953096406e-02
2.327492487182333814e-02
1.031728488305413624e-02
2.028795937966821478e-02
1.381127455955557734e-02
2.511590493991254849e-02
1.787957556987718188e-02
7.421064820918022581e-03
1.200278323206325701e-02
1.448347899363313859e-02
2.315957697375647939e-02
3.802940441864118698e-02
2.581229616144140732e-02
2.120167968236360070e-02
2.061009072656657531e-02
2.515250937775419249e-02
2.653947969153044179e-02
2.403059721404830068e-02
1.944581826362055607e-02
1.933803439402735982e-02
1.966249679751973234e-02
2.723297518316867075e-02
2.571192040481191585e-02
2.586500066486289995e-02
2.790913194089227403e-02
2.656924438824724219e-02
2.926544735311018344e-02
2.126905859619247080e-02
2.252396798462119598e-02
2.355653511132621905e-02
3.374234646814636834e-02
3.484892025563648965e-02
3.455743576821929119e-02
2.854194921605232235e-02
2.310039819416393261e-02
2.595043080414731126e-02
2.667227937061982662e-02
3.239845536338564064e-02
2.920617112691716380e-02
2.670729661475196651e-02
1.697560882958087242e-02
1.516352965582677161e-02
1.688372719570547034e-02
1.767758554975049426e-02
1.981517903935814742e-02
1.969729661346849778e-02
9.610009407043797192e-03
1.108824779763532310e-02
1.636979151161211885e-02
2.086339039329121112e-02
1.885832182561514997e-02
1.974765627300217180e-02
1.625916998688891474e-02
1.439157302515869062e-02
1.836534148871068681e-02
1.766151324588115593e-02
1.479865542174100754e-02
1.039682289016566341e-02
5.345903982294457520e-03
1.130684432609317148e-02
1.025943863110415771e-02
6.160584855167317367e-03
8.450467162667740090e-03
1.731439761597059965e-02
1.579099602917296077e-02
1.270979560750134379e-02
2.738955237985902635e-03
1.402294404744905409e-02
1.548287297437629488e-02
1.625836538429620975e-02
1.727163935009799062e-02
1.822578599787831946e-02
1.519524233718548036e-02
2.498540904741776425e-02
2.357312413734710677e-02
1.021523508332970905e-02
1.875428610893660128e-02
1.364475514888744551e-02
9.993966556447428026e-03
8.473382802475490361e-03
3.305516325501140027e-03
-3.164881491137911187e-03
9.253957702546757036e-03
2.586641539694132901e-03
-4.243110945683034076e-04
-6.751193168186680462e-04
2.690307110237052414e-03
-8.416050681468160337e-04
2.001961855613810723e-03
-1.140887833611824251e-03
6.224466750024854403e-03
1.136544983201203188e-02
1.029864619585873185e-02
1.737406585948041149e-02
1.503047716761991837e-02
1.119279054306777758e-02
1.277270021880733304e-02
8.862744269097451444e-03
1.500977550367657565e-02
8.823866197687284599e-03
6.549794235476630658e-03
-1.460512363424045596e-03
7.916069611105348153e-03
5.729341907079124260e-03
1.105018692545477535e-02
1.080973144607741063e-02
1.259172620658091483e-02
1.475620631251295910e-02
1.553852714961596708e-02
6.035819350819948172e-03
1.482456305518188707e-03
7.209740244657322251e-03
7.090587651674041744e-03
4.273651467277761462e-03
2.650807306112796385e-03
1.951972411912665387e-03
1.056012774709940566e-02
8.562493170773208956e-03
4.286421306095663034e-03
8.654122853427464318e-03
1.899153002388434932e-03
7.479233909954982086e-03
-2.841057608383276614e-03
-5.280022525571483570e-03
2.217428589938283845e-04
-6.405503768637487751e-03
-2.977667501368524202e-03
4.976474949824275483e-03
1.333838775909917430e-02
1.690909872890586363e-02
9.797565710269918668e-03
-6.322370068534105374e-03
5.677569415497935252e-04
1.386994624336030258e-03
3.838451313109967743e-03
5.867219576696620920e-03
9.985314895133446875e-03
2.436360181901398719e-02
3.181561980398688039e-02
3.243280313326795533e-02
2.743936572808877705e-02
3.636739323992537604e-02
3.256571339517180114e-02
3.010795750222486356e-02
2.739565714060172158e-02
3.262327505466497413e-02
2.555460737995952220e-02
3.031657104119048554e-02
3.249695044201483113e-02
2.265113197241944501e-02
1.306215727135623741e-02
1.417407812091049310e-02
2.482090208682760906e-03
2.386462041953051755e-02
1.489139697289185334e-02
5.879157586930281593e-03
6.880092823212611772e-03
-3.071189960608304483e-03
3.653629452560988936e-03
4.982321578461400800e-03
4.462072735152243855e-03
1.490010845688144112e-02
1.391840385274016427e-02
2.045871326432573828e-02
1.310878089127919845e-02
2.282428238376995461e-02
1.633013222258248437e-02
2.551259573605215575e-02
2.681943436066243011e-02
2.770574589416234523e-02
2.925460552892870589e-02
2.944568283306735548e-02
3.928636730472224309e-02
3.810040868868520836e-02
3.893636062110329005e-02
3.755172820558031616e-02
3.949746235583753012e-02
4.130220600711947965e-02
3.957255770192421446e-02
3.375548876444028901e-02
3.892642345935960063e-02
3.430894154834902843e-02
3.755205777438227338e-02
3.944096946467895437e-02
3.754513110562045924e-02
3.682143169876053029e-02
3.852311279515062414e-02
3.502577053509357136e-02
3.492680387622016519e-02
4.023700767436314690e-02
4.035746260848375316e-02
4.338930903109194936e-02
3.952775798077665798e-02
4.135883889935214330e-02
4.181260697411515181e-02
4.017933328385375757e-02
4.034707904690762459e-02
3.242640177655661121e-02
3.677659036822098632e-02
4.297871294870683756e-02
3.763598364292791015e-02
2.988006535014360240e-02
3.224946958749529830e-02
3.499717142293614497e-02
3.979700048268693807e-02
3.766395367537614391e-02
2.924875079628223504e-02
1.364725164554537844e-02
2.251061495329376508e-02
1.228728100648005146e-02
1.318705960713691203e-03
2.596631537719569678e-03
1.449258674469105709e-03
8.822312298653368218e-03
1.937690995987509032e-02
1.467379236875262236e-03
2.353976836456995059e-03
1.543700081259698036e-03
7.317495124242929562e-03
1.707160827435115144e-02
2.442667837262470915e-02
7.850230828626568111e-03
1.383776453162297720e-02
7.257819195401885200e-03
1.238780988817483365e-02
1.053374494326340775e-02
-2.417672949339728786e-04
-9.545366698846585642e-04
4.331925125988339044e-03
-5.112674743868300502e-03
9.320864913384802573e-04
-3.868871122111155678e-03
-8.979815851070793850e-04
6.768794455638192827e-03
1.643379129109440867e-02
2.365828881642995096e-02
2.651878138950209546e-02
2.922956523681490698e-02
2.250501713938091522e-02
2.867870517310349213e-02
1.930617794415084160e-02
1.534089131795851949e-02
2.559528777179735995e-02
4.548597049484802250e-03
1.835765722941388317e-02
1.815576871728487307e-02
7.443984235907336912e-03
1.614803255725822881e-02
1.503778330964793825e-02
2.711788998692691438e-02
2.899791113350535035e-02
1.565962358562657947e-02
1.522615072372064844e-02
2.410357026754755480e-02
1.805556801371609871e-02
8.037974027092933613e-03
1.897272195368264816e-02
1.980163218371341211e-02
2.468579138462189196e-02
3.321440096429716105e-02
1.403112970323100103e-02
1.626674237150441821e-02
3.134440798920491017e-02
2.393322564861698545e-02
1.588594044760367405e-02
3.062799133208197327e-02
2.904525147604234206e-02
2.714020596574811400e-02
3.874733774893818899e-02
3.759621083061692737e-02
2.705717830112847749e-02
3.098251481888564599e-02
2.952459457292363684e-02
3.624701883587191226e-02
3.522542361234248798e-02
3.073116230615824396e-02
2.955146428515052770e-02
1.539944970300929396e-02
6.185378248681938813e-03
1.037285946802884648e-02
9.138998112010706439e-04
3.931299600431832804e-03
1.018303599711887011e-02
1.386643182359095436e-02
1.540188395011812990e-02
1.591129622491783621e-02
2.234161439747013242e-02
1.781551099337605470e-02
1.757924335239258520e-02
2.411602953272718244e-02
1.437650122373208827e-02
1.797537367915328851e-02
1.384524017742874355e-02
9.417867910422065766e-03
-7.571826124620716341e-04
1.296376180814033663e-02
1.463301021185501975e-02
6.830941890552876331e-03
6.739238605412427481e-03
4.283020776764749973e-03
3.264830136194930583e-03
1.224905171132557695e-02
1.278206540914687134e-02
2.193704809301438505e-02
1.386322932511692418e-02
2.292501336738451967e-02
2.207785831813641533e-02
2.256123321752318001e-02
1.165680803628322583e-02
5.646754830897587202e-03
1.135759657664174062e-02
-1.267860428120657192e-03
-1.918163853257410373e-02
-2.725121786891901432e-02
-1.396662300195054308e-02
-2.129543088815796532e-03
-4.677166677070973035e-03
-3.643229750255866980e-03
1.268596268217851448e-03
-1.236615813498245439e-02
-5.244842359192152144e-03
5.464303238587237856e-03
1.517066076485645496e-02
1.072729049902348269e-02
-2.660045453550024565e-03
2.163078669357409913e-03
3.904947398625740682e-03
-1.030039478726398321e-03
1.402323726967482677e-02
1.524649798440888895e-02
1.755791155644231133e-02
2.359957028025259917e-02
3.254586910972589314e-02
2.563326927228906649e-02
5.176305153061976257e-03
8.093415449770819184e-03
2.300319564308400677e-02
8.181263813591270126e-03
2.298585271734901112e-02
2.760018045150527607e-02
3.258222030567749228e-02
3.853850585126312317e-02
3.045515794034968360e-02
4.087033667944991316e-02
3.134110525472729586e-02
2.339833707901524743e-02
3.294702132838205066e-02
2.957733856393668717e-02
2.991506908459405298e-02
3.129847342349295625e-02
2.238710578854719371e-02
1.336421299090627228e-03
1.442543107532063412e-02
1.101604533268420042e-03
1.629980319219308162e-03
-4.118254423553960146e-03
1.510424632378628076e-02
1.735400322649371593e-02
3.338106428266712083e-02
2.408215459057343535e-02
3.080243933098682566e-02
4.542457714237307931e-02
4.656302478898489278e-02
3.838573209463057301e-02
3.582507792624183007e-02
1.904228272922294657e-02
3.699828221741945783e-02
3.968531746503576457e-02
3.672184529482436927e-02
3.548441338284696184e-02
3.628416187495281386e-02
2.551998467367235998e-02
2.479807629542374325e-02
1.073083786237418250e-02
1.715218414777881090e-02
1.077718014261244174e-02
5.343363313454080679e-03
7.303801536970988030e-03
2.125680113415088102e-03
-5.669255996654456661e-03
-1.078345661805022414e-02
-8.607880011162947348e-03
-1.365899630051889586e-02
-1.439201689386058677e-02
-2.013423671748267030e-02
-2.198497700682717007e-02
-3.621323659104613152e-02
-2.106995406160655504e-02
-3.647039967733501503e-02
-3.520998016560047267e-02
-2.702054582195709612e-02
-2.990222903707384638e-02
-3.129109045599644257e-02
-2.009832387562322450e-02
-1.778425970512941337e-02
-1.703554807967121512e-02
-9.050280159935078159e-03
-1.709654991102162050e-03
-1.067023935576680641e-02
-1.867489929253883518e-02
-2.104787420551547383e-02
-2.144894570528060873e-02
-1.619467640711513834e-02
-8.398607250574226940e-03
-2.029324100842877510e-02
-7.870538360003665607e-03
-8.422576907441895258e-03
-1.478179807709176230e-02
-4.610041075461778805e-03
-1.036777452046596347e-02
-9.206563836237240117e-03
-1.106402371344273640e-02
-1.299930531798168531e-02
-1.659352927804106509e-02
-7.905588420967456925e-03
3.582680656695438025e-03
4.689867244325582676e-03
-3.803445913611509278e-03
-9.085898014668481945e-03
7.014110961521880828e-04
8.355224073704328519e-04
-4.523770322528816897e-03
-1.488861911663925432e-02
-1.249590686444389948e-02
-7.645057336875976141e-03
-1.460092464430809422e-02
-5.846419847480954606e-03
6.817488134412627750e-03
-1.392285274665501114e-03
-9.499254971740510702e-04
-1.447862168528388357e-03
-4.582823286585149467e-03
6.744659884155216126e-03
4.562862294030189080e-04
5.297640624418065158e-03
-1.315248087822802441e-02
-7.252987694726074214e-03
7.437152773751030954e-03
1.768281084656189717e-02
3.982847991449684801e-03
7.103643098740332514e-03
7.272588501629637971e-03
-1.850580957075347033e-03
1.019791429585282377e-02
1.530328771286512506e-02
1.965358751413986971e-02
1.306464240555092401e-02
1.707939195643063887e-02
1.643306140384792960e-02
1.078959609536426362e-02
1.621263731255384588e-02
1.749409341479826741e-02
1.285337006519663393e-02
1.681233586620161854e-02
1.688173794771774885e-02
1.926704719993973733e-02
1.875488883269544119e-02
1.353990875362116354e-02
2.458602493855471111e-02
1.651345722065548915e-02
2.776328297653992555e-02
2.125166237082640880e-02
1.576117653771254290e-02
2.276603975366461863e-02
1.632692215313994930e-02
2.488748218164547887e-02
2.217649545987820936e-02
2.425717864562840567e-02
2.570773363133039419e-02
2.978047945750223607e-02
2.551899155767138258e-02
1.915958436514534485e-02
2.185789290186586700e-02
1.669022613568852884e-02
2.059334152893587885e-02
1.799747281960269174e-02
9.841199272694519870e-03
1.416808159049579886e-02
8.485452187232588039e-03
7.931314408518548922e-03
1.272311255192183285e-02
-1.959618648932718969e-03
4.288013889947687833e-03
1.350443371000853085e-02
5.494172750838975487e-03
-2.916433801054017783e-03
-1.037372803192459884e-02
-1.454178073938917903e-02
-1.327397786331639511e-02
-1.704963903602169095e-02
-9.707326441466081202e-03
-1.644285341323778460e-02
-1.535582031669219943e-02
-1.938913898759139429e-02
-2.377798562415990927e-02
-2.553165560647078711e-02
-2.195328731133408887e-02
-1.774248349792976326e-02
-2.184304333642413457e-02
-3.051940008443248392e-02
-2.614390789360528100e-02
-2.698771693881450370e-02
-2.193042787196908955e-02
-2.163799087959971876e-02
-2.499954070312492699e-02
-2.262423885201069254e-02
-1.591375703386227469e-02
-1.971020009570148210e-02
-1.676970472979123772e-02
-1.794502385217578572e-02
-1.564905985847189762e-02
-1.735797747571744473e-02
-2.162180751224600933e-02
-2.437617390003029780e-02
-2.181596075869631987e-02
-2.389041366457233737e-02
-2.610961430105926406e-02
-1.908339190865357068e-02
-1.210086288469002132e-02
-1.535126710212642021e-02
-1.564722460938855475e-02
-2.283475096901331491e-02
-1.661584345317567921e-02
-1.395406025402705363e-02
-6.563590595546429235e-03
-1.364139578972169316e-02
-7.440181429584730340e-03
-1.113426042184016695e-02
-8.133838753627936971e-03
-7.816717243753936242e-03
-1.475012277160391710e-02
-1.343700043507589648e-02
-3.708949321427857000e-03
-1.724015131179375618e-02
-6.408681144778259099e-03
-2.788853867044582824e-03
-2.984060056860887277e-03
-1.952206711307553823e-03
-6.187413799594341374e-03
-4.973073311162150463e-03
8.747930853382710967e-03
9.987515976575480833e-03
1.403037526800069400e-02
8.733735831904494359e-03
1.112701900395276014e-02
1.148250939359993922e-02
1.703054908587808836e-02
2.990440621231192642e-02
3.005308392481223154e-02
3.511146820908481181e-02
3.874548514197505289e-02
3.135104219418547583e-02
3.413545115789095447e-02
2.893659703055877219e-02
3.926783164860908615e-02
3.223853319701541070e-02
2.872628503676954298e-02
3.741149469554123919e-02
3.448724933749135191e-02
3.613702620990054404e-02
2.866362988616800653e-02
2.659580525053693509e-02
2.421342779355375660e-02
2.503947234973880401e-02
2.780044153123119310e-02
2.152535240298859495e-02
3.018292693512815775e-02
2.398758336584579098e-02
2.437373028969310254e-02
2.659835173310627285e-02
2.076907160252561627e-02
3.050675630796900392e-02
3.672515800216649695e-02
3.725445424705160075e-02
3.496299138327556288e-02
3.839801942761539300e-02
3.838723497947851837e-02
3.474517799693151859e-02
3.911770133017419132e-02
3.916032888564118658e-02
3.935080195979909906e-02
4.027050304218710713e-02
3.703775182081178730e-02
3.546580374322937795e-02
2.940137425793031695e-02
3.381163949311473405e-02
3.739635473986527292e-02
3.912843698992668484e-02
3.740474725644736542e-02
4.182006478399013377e-02
3.966156530911647826e-02
3.573739488563709016e-02
3.589580167202741090e-02
3.803090473953575634e-02
4.202840605488858405e-02
3.930796917514735311e-02
3.977961596995041593e-02
3.894072386488520859e-02
3.730341038913208979e-02
4.037546280983013436e-02
3.760734276503011758e-02
3.834441264182611442e-02
3.498373958875947848e-02
2.846031305955963250e-02
2.353819157917110341e-02
2.457166247365718398e-02
1.712045649840197165e-02
1.269640670697814305e-02
2.606521748543084993e-02
3.105984687068464103e-02
3.243521127844203877e-02
2.661953216002139327e-02
3.456636676491172538e-02
2.013831390126125109e-02
2.309145136537631843e-02
2.601896356153714923e-02
2.800553055193874194e-02
1.441225196104758619e-02
6.339241829786809376e-03
2.568519495836866368e-02
1.719051544415675994e-02
2.339953362232953527e-02
1.615519024435332907e-02
1.924963184156338811e-02
2.727183823453836753e-02
2.189225867627665745e-02
1.735617409780757653e-02
7.993654235228301458e-03
7.619219826431304458e-03
6.767237518939799717e-03
7.243338939317533467e-04
1.142815038038829008e-02
1.874062778723162986e-02
1.114186943123759120e-02
1.893765196776915627e-02
2.104757791070389211e-02
1.491694510115942722e-02
1.721549289880281927e-02
2.219771167145111884e-02
1.865045740846832389e-02
3.229564705470467506e-02
2.555574196401465617e-02
2.670407460407713679e-02
2.090867087729009893e-02
1.791514945173995621e-02
1.928313956425839817e-02
2.444450649150806468e-02
2.775088916988836460e-02
2.147744060133207830e-02
1.939098326211854614e-02
2.144715877904576629e-02
1.217476374253876129e-02
1.717788685804697707e-02
7.446270343580873446e-03
1.869461407382413953e-02
2.016473489903720592e-02
1.511221858780359938e-02
7.312017040269691744e-03
1.068133163211048946e-02
3.588031592064461033e-03
2.936416342023137529e-03
-5.193692184187467115e-03
-7.640947479805681661e-03
2.124748560546779654e-03
-5.918318472871821230e-03
-2.465366064661284658e-03
-3.277442938040338316e-03
-7.736546805349311939e-03
-5.531763985985564333e-03
-5.623330148876714077e-03
-1.115347121809749306e-02
-1.538735386267221610e-02
-1.533313546963523122e-02
-8.463518465336229354e-03
-7.962069066893954356e-03
-4.978985797438163254e-03
-1.242295270360137954e-02
-6.035924865906862509e-03
-5.344591816561397590e-03
-3.678992113239670098e-03
-6.795080050720585935e-03
-6.555121010038893886e-03
-1.941051359509134849e-02
-2.251084012385710237e-02
-1.111479626239132885e-02
-1.966246239677443483e-02
-2.288212098151826829e-02
-2.486802019975738534e-02
-1.415135973752098229e-02
-2.495110370917301770e-02
-2.010258965021132632e-02
-2.693182407676236387e-02
-1.988957747679803711e-02
-1.635842957983990251e-02
-2.139182799760135090e-02
-2.173867352562252817e-02
-2.027684150147145495e-02
-1.826297113603921746e-02
-1.457868060596408631e-02
-9.609094678442316531e-03
-1.897377588585151195e-02
-4.867195408874758211e-03
-3.162552271017005610e-03
-1.182355231054601358e-02
-9.294674974183616753e-03
-3.263174918167612883e-03
-1.063256549825433717e-03
1.272662815997915170e-02
1.154901667516608152e-02
2.323706133439827799e-03
-3.463331215843775193e-03
8.530815106288757929e-03
2.222654434534091557e-03
-3.500795932072502201e-03
1.390534622384926970e-02
-4.261849749028703491e-03
-1.009595184379098384e-02
-1.360243740423657845e-02
-1.353100384075250386e-02
-4.633820999425220834e-03
5.043927559781813050e-04
-1.952126960070893220e-03
1.093064147121246103e-03
1.045020974441726418e-02
5.119929451998456518e-04
1.480592994328012134e-02
6.440321203207296195e-03
2.254709095500135284e-03
6.559743853538508793e-03
-5.735393794836034752e-03
-7.911666791764112314e-04
-1.009115206126984590e-02
-1.013876515408178823e-02
-1.732596913458766055e-02
-4.976964471365911101e-03
-6.497735625727731924e-03
-1.311896160286860936e-02
-1.875060816172282978e-03
-3.628350086200622833e-03
-5.632275619360153397e-03
1.227179127724913575e-02
2.979247186386693377e-03
7.024751005620196234e-03
1.061250215400066053e-02
2.587735657024501160e-02
2.749731247712813853e-02
2.005159412868908614e-02
2.265823258530588052e-02
2.589084944033975821e-02
2.242207350315924413e-02
2.566556863929203222e-02
2.408939386208563266e-02
2.526839930236542131e-02
1.688028570578271881e-02
2.547552072435903953e-02
2.509896170229515555e-02
1.141284725543069076e-02
1.149113752728716208e-02
1.956686518676196626e-02
1.414778202543970180e-02
5.964792477113119856e-03
1.631261226122401875e-02
2.625210653773808744e-02
2.279594030440286467e-02
2.523333128985316004e-02
2.430318558834923537e-02
1.456985399634465328e-02
1.440034761397611732e-02
1.965486968443985044e-02
1.976954945096370472e-02
2.507303261503765132e-02
2.421925043004208647e-02
1.721093081561240329e-02
9.448111596685819166e-03
8.197974553623687058e-03
2.560243325496557032e-02
2.622876967595207109e-02
2.606113354986217684e-02
3.299725448103452141e-02
2.339135875959258079e-02
1.681995452185064410e-02
2.711121541182232031e-02
2.574684946113530576e-02
3.149489132184889878e-02
3.970099612839016884e-02
3.465222125878535814e-02
3.760201414774976686e-02
3.845330469412185787e-02
3.101948353306096737e-02
3.343200894738692502e-02
3.476793888949374772e-02
4.147437986626145712e-02
3.881452603906523219e-02
4.490046591304747148e-02
3.958044943631836010e-02
3.974445071074753089e-02
4.042300472215739487e-02
3.808704798277365300e-02
4.177017162340950635e-02
4.567825200417193615e-02
4.440158690808225506e-02
3.711164424554153768e-02
4.473464242968205190e-02
4.627307391119971081e-02
5.028904434620381364e-02
5.389609209868988920e-02
3.843518653383126704e-02
4.808120697471935517e-02
4.785998961435399685e-02
4.780090824911516212e-02
6.156151876909132792e-02
5.189662485091188493e-02
5.125174405082954382e-02
5.246256353503677555e-02
4.782972407159916117e-02
4.793838644392737353e-02
4.583533961932428902e-02
4.202819138268690941e-02
4.546932977690189975e-02
4.718713692175508650e-02
5.479325772713747322e-02
4.648936640740396892e-02
4.492010908563627558e-02
4.483427264320358208e-02
4.328652923335042646e-02
4.251462834273759400e-02
3.955109132135502942e-02
3.858248483577205595e-02
4.241294707959245708e-02
2.461043454913562981e-02
4.046675249671494168e-02
4.349009991568625333e-02
4.597453087927508980e-02
4.317620978656797753e-02
3.906290677976670400e-02
2.851801990604357559e-02
2.324228029755840211e-02
3.126938960613448448e-02
2.778229828928609896e-02
2.367147075547417281e-02
2.958586506704332861e-02
2.903596016828944790e-02
2.897300438201286937e-02
3.147190695761229590e-02
1.995851489553465696e-02
2.825983608864505309e-02
2.633780210248953119e-02
2.390310209058487192e-02
2.684079839599090231e-02
2.993971313260467698e-02
3.608506623800382396e-02
3.684178099429392950e-02
3.573591378621621129e-02
4.110811106813619387e-02
4.052139009771468792e-02
3.552435311399183837e-02
3.762539404832297707e-02
3.591026773795501920e-02
3.716973137338989291e-02
3.742958896569534288e-02
3.856586302092151336e-02
4.215855849681902912e-02
3.794484239088367211e-02
4.053184653755072253e-02
3.880555438896647613e-02
3.069673101886419633e-02
3.781825524915245068e-02
3.380833981748959660e-02
3.126210305777132187e-02
2.549771999438560366e-02
2.825030876168024840e-02
3.364725385520984241e-02
3.537604735936727279e-02
3.969716630809525665e-02
4.314986556623599118e-02
4.080603304952670068e-02
4.662498178988648545e-02
3.902384057705218789e-02
4.238615688378331164e-02
5.068025548446593309e-02
4.549718670825224354e-02
4.784538125744547399e-02
4.159212079592596034e-02
3.676944364812465699e-02
4.279978985671948483e-02
3.872359229931104929e-02
3.004181894573909953e-02
2.746628236381977103e-02
1.973947397005097401e-02
2.222405256063028633e-02
1.237162176705106781e-02
1.524016117108714131e-02
2.406304459465946274e-02
4.395320099628654588e-03
-7.454785451722780072e-03
1.054168140906000702e-03
-1.068409644335980950e-02
-1.755542974823341359e-02
-8.315054433023636588e-03
-8.438156942773401489e-03
3.071367873309763675e-03
5.103816717666345357e-03
3.867396233679110725e-03
1.702355378070189232e-02
1.402303100579669996e-02
1.607800475640219773e-02
1.057877075040490784e-02
1.708183219939419378e-02
2.175359376718074070e-02
1.272357572349262257e-02
1.797629602699980789e-02
6.627779910913613078e-03
1.334739326841502191e-02
1.458247650489610456e-02
4.535394355124038566e-03
1.282880929923792789e-02
-4.788203364802220974e-03
-6.110287910452805865e-03
-6.302482324227240418e-03
-4.688090918039965020e-03
6.747766983788955992e-04
1.415645287443927092e-02
1.554386509119640158e-02
2.319604897412704675e-02
1.693762464309558208e-02
2.412927923343225270e-02
1.995284102401467807e-02
2.874495753775225398e-02
2.510923607540300334e-02
2.513252818623640250e-02
2.179892698132808102e-02
1.497608025761630601e-02
1.135715862573064179e-02
8.690843139285142627e-03
-1.720024652300758449e-03
3.208407126923082647e-03
2.056742796669557873e-03
1.141223490491506155e-02
2.646348517806325785e-03
-6.751767684926599043e-04
6.161465775082509977e-03
2.600182897499054603e-03
7.647776225689502036e-03
6.815333496447556483e-03
7.633640187954243879e-03
1.253632937171220672e-02
9.270310221034257225e-03
9.705819308788539088e-03
5.876971539233648116e-03
6.568670661157252622e-03
1.607748946383007541e-02
2.130728572721623387e-02
2.751299747391260445e-02
1.888992982187556735e-02
4.096135844176704982e-02
4.024423096891831947e-02
2.783854189733119336e-02
3.278696475243499109e-02
3.699189155176847710e-02
3.871155550909736315e-02
3.541064616401078807e-02
3.339932246136746719e-02
3.874003395884442758e-02
3.799745121071272658e-02
3.515051144824652557e-02
3.721397595734442926e-02
4.064709991190457866e-02
3.966203630384308731e-02
3.929790499622497213e-02
4.329936462649715961e-02
4.337980881229417524e-02
3.689855556582381790e-02
3.805842900830684605e-02
4.049615605451925560e-02
3.774619284511367134e-02
3.865491770911799740e-02
3.608593789857802298e-02
3.270977189080852970e-02
2.376601469056827121e-02
3.550582639564375115e-02
3.266775760797527989e-02
2.571012544408266681e-02
2.067058371996479890e-02
2.606811606293372302e-02
1.554595490013947756e-02
7.764051503930118232e-03
1.377829528671868121e-02
1.750961756635179348e-02
1.801155153752636087e-02
3.351165983008583412e-04
1.077573704745875445e-02
1.615326007352303403e-02
9.076064506072737542e-03
1.726788407267375661e-02
1.613319635428455204e-02
1.498028709550604069e-02
2.848475355450473881e-02
1.934262458112005409e-02
9.104482081988591810e-03
1.968496244072049858e-02
1.604191968299792381e-02
5.347910120137838036e-03
-2.783278901075665612e-03
-4.810421644276070482e-03
1.227204256074965671e-03
9.737838999896636372e-03
6.770225253748717725e-03
2.770699364073346072e-04
-2.669150415769475093e-02
-2.015959713971575071e-02
2.447780366406687638e-03
-2.232465315936624228e-02
-3.840832159354522907e-02
-2.323243792455502443e-02
-4.610436114545249375e-02
-5.051733919387393218e-02
-4.458430894773074415e-02
-2.874061207243852958e-02
-2.993465810909042360e-02
-2.561918574616400476e-02
-9.223045553525573495e-03
-1.132175201076867331e-02
-3.655142137890883720e-03
-5.119221699770205728e-04
-2.163809483372450271e-02
-8.051219924832464167e-03
-1.149847814914587221e-02
4.985951144023782018e-04
1.237447336058957251e-02
1.907625884024609364e-02
1.896448836685541567e-02
3.729813744695574529e-02
5.847149069016119305e-02
4.354888619329893434e-02
4.550011502997322599e-02
2.826036377650483281e-02
6.237007464023469096e-03
-1.413106861364123515e-02
7.016817823417231814e-03
1.538875145790657636e-02
-7.578816146645034162e-03
2.239455993899277381e-02
2.353980064758631752e-02
1.896561772178279731e-02
3.307334693156999128e-02
2.770401679640327811e-02
1.773569045636537098e-02
4.503961391162372707e-02
2.309834937153899814e-02
3.152290266561059984e-02
3.709482159832782483e-02
4.174419003072478429e-02
2.016205676285814929e-02
1.903872590944786017e-02
1.218792571837914659e-02
3.092948333087280899e-02
2.261847998495800094e-02
-1.024121083576899280e-02
-1.742490585023507253e-03
3.514905375652253687e-03
9.795076766794695231e-04
2.104979986181522086e-02
1.364402597577283813e-02
2.081321502403918680e-02
3.545464566782974281e-02
3.845326545931208873e-02
2.800170066015170850e-02
2.932240534338482335e-02
3.236758019672208303e-02
4.689359868614322718e-02
5.394224464025524496e-02
5.657133988903198518e-02
5.625303489811091240e-02
6.648764249783797875e-02
5.802923373924353395e-02
1.020641779811216378e-02
3.101069258235728682e-02
2.691397289826249692e-02
2.302914056322668060e-02
5.474986319923777489e-02
4.892757730080009304e-02
4.782345120255866722e-02
4.196398999731968532e-02
6.618145313423060005e-02
1.693706745809565872e-02
3.560566438254313126e-02
1.918171127934738956e-02
5.166028435773907523e-02
3.717601587405315600e-02
9.587946264567730539e-03
1.812449201844432839e-02
5.089832598721118206e-02
8.644431649304951115e-02
8.204566018530366767e-02
8.778661504812501626e-02
6.839381240811699680e-02
5.475187231813142402e-02
6.188532243576969766e-02
5.369972680055558334e-02
5.679385903057689033e-02
6.958298004864468811e-02
8.299001244996612181e-02
7.919336041651764413e-02
8.411541494646322670e-02
8.249905590885805995e-02
8.776943036781170715e-02
6.325931895882824785e-02
6.781127256337454723e-02
7.844991581049230722e-02
6.639346068616383545e-02
7.855157350363146940e-02
9.249615483545528538e-02
1.123558562255468907e-01
1.076605698521184568e-01
1.148928610606365225e-01
1.108764086951185696e-01
1.029949985168518156e-01
1.078969467962932471e-01
1.016496590206599354e-01
8.351448804189946784e-02
9.767074065033816421e-02
1.051741751961279697e-01
9.576801373140320095e-02
1.018544547100338066e-01
1.016735694088262976e-01
9.337616417024109661e-02
1.131891690960584312e-01
1.092405772628373128e-01
1.051550341617041584e-01
1.098654937643904483e-01
1.141183701544373069e-01
1.312331624852526579e-01
1.083959323496755389e-01
1.201603858930007929e-01
1.062496398756762467e-01
8.520768412564830308e-02
8.206844843520666455e-02
8.935833007054061472e-02
8.713186329614482084e-02
8.059855550758542042e-02
7.967315170438181438e-02
7.128701188844381587e-02
6.480655606377019873e-02
7.462170527507552831e-02
7.328824046716975182e-02
7.800480034611016744e-02
6.959227014124323707e-02
7.561351857364065343e-02
7.817709800084418625e-02
5.470375866257467384e-02
6.046904527358937936e-02
5.477708173092996763e-02
4.936896300883446970e-02
4.596199725916406964e-02
4.097778441558593693e-02
2.848747765665336079e-02
4.442859926732127540e-02
4.116370449248141911e-02
6.008506209754112259e-02
5.304914671666749459e-02
6.473027386954369189e-02
6.415971255417990404e-02
6.801071563671533260e-02
5.459552599630484310e-02
6.120321790341214790e-02
5.409485669892268728e-02
4.162540557635740351e-02
3.251058644391985331e-02
4.023714687183971989e-02
3.827757676831266415e-02
3.484191542391462670e-02
4.809618547399948513e-02
4.882854524079472541e-02
4.457594548909299403e-02
7.537411125318216332e-02
6.280481525000741749e-02
6.852798514171647148e-02
6.107186330856741174e-02
5.823119961259607541e-02
7.126030077483697101e-02
6.177833988677420424e-02
7.325628329354412493e-02
7.205922221464176880e-02
5.687650426478058768e-02
1.894064001915429438e-02
3.782773138136497071e-02
4.414269428608667140e-02
3.185279275897110601e-02
3.657904728474681288e-02
4.316798472664751252e-02
4.209692887083325841e-02
3.451695115071527070e-02
2.168711609561254153e-02
2.966498641859836860e-02
3.658475421252092158e-02
4.443466546171327691e-02
4.918583933894760118e-02
5.877095119294651476e-02
4.372340572478592563e-02
3.887857039536510295e-02
5.361412113985640493e-02
4.205214433865575585e-02
4.214187221288404062e-02
2.126064624264420791e-02
2.970653714577987936e-02
3.018489336896724301e-02
1.842539769173166808e-02
5.817527000563330747e-02
5.457491391414136944e-02
7.187699042533887694e-02
7.144661578132045776e-02
5.425454986571275062e-02
5.592570088467192085e-02
6.642066638855657901e-02
6.582336368993788045e-02
7.164313655552990989e-02
6.065597502425126852e-02
4.604177901566505748e-02
4.959855221362314409e-02
4.753760446295504649e-02
5.159431571939551708e-02
5.702540611514556740e-02
6.951644390835554077e-02
6.222957054242096719e-02
5.777036905755918855e-02
5.624939896370240860e-02
6.226018959576393869e-02
6.065845565115670496e-02
5.730088136618086830e-02
5.939167884196593777e-02
5.984978831272724092e-02
5.937615324280932916e-02
6.112966144791424222e-02
5.907319566419425017e-02
5.769202942689810598e-02
5.951238737305332427e-02
6.067354209689279632e-02
5.613540605618906609e-02
5.661136151904934410e-02
5.939232754036762735e-02
6.313231665177669594e-02
6.001424436125093326e-02
5.866158769596684086e-02
5.376235103464168524e-02
5.827383093551551790e-02
6.488160832322442673e-02
7.086401244393510102e-02
6.850988747913026866e-02
7.237918377935628755e-02
6.467987170941082165e-02
5.879812192493950873e-02
5.521267656724125616e-02
5.994390879211472511e-02
5.552037503716188843e-02
5.505801940215755697e-02
5.731660415374854878e-02
5.774857473082008891e-02
3.877133014869107303e-02
3.409987983344867080e-02
3.918949939511835040e-02
4.166391196405106606e-02
3.425928122068237075e-02
3.332651025001432538e-02
3.712136871608144595e-02
3.984238621014508236e-02
3.829813448754957467e-02
3.942266266031589639e-02
4.040980032737991057e-02
4.134982706784722656e-02
4.513912240140029175e-02
5.141501566713065074e-02
4.931022954561100485e-02
4.175724487655949752e-02
4.838216986654694102e-02
3.619359151067425007e-02
4.613405700556629657e-02
3.592450583905280881e-02
2.382822158718198718e-02
1.735304363228120164e-02
2.526935428960097596e-02
1.090652687115122726e-02
1.476561532203853749e-02
1.492812364649857317e-02
1.023971315471293095e-02
3.118316807849967620e-02
1.804035501034860142e-02
1.513644948197031409e-02
2.959139334503188210e-02
2.028656675540367951e-02
1.479671505279623114e-02
3.109226685709669258e-02
3.561165250889732764e-02
3.786142863298258554e-02
2.685224440798143417e-02
2.992797063477664610e-02
3.532516945105031170e-02
3.027915561459239638e-02
3.857914435465017999e-02
2.348964474964870472e-02
2.083958629205957119e-02
1.867108849278814250e-02
6.447873358258874622e-03
1.126471638866999303e-02
1.166896250042355476e-02
2.336473768542952684e-04
-1.939353392512752766e-02
-1.130142599506787394e-02
-5.469053578001570846e-03
3.165963837446267217e-03
-2.260551076464642310e-03
-1.479402275423570903e-02
-1.368485376095899923e-02
-2.798968735463142066e-02
-1.522716870521298275e-02
-4.469722994482176748e-02
-2.449300010304473335e-02
-1.340671781529591093e-02
-1.439816737659051389e-02
-3.684302231992378496e-02
-2.566683433094772704e-02
-1.916264871561117189e-02
-2.297199993194808457e-02
-4.306604306294123385e-02
-3.036577372466555194e-02
-6.075196839197875148e-02
-6.521185631489542778e-02
-5.421928027168222003e-02
-6.159735668860941843e-02
-6.483031744214060033e-02
-6.557407689456057343e-02
-5.334626610055323570e-02
-6.315867068756893243e-02
-7.844493935585192257e-02
-6.631782717688870787e-02
-7.265324774472700642e-02
-6.357426930544723964e-02
-4.514517768937689052e-02
-5.203858798911190769e-02
-6.567292210746553116e-02
-6.575857455426986631e-02
-6.626743740840096430e-02
-6.152810807502269441e-02
-5.176905065701754155e-02
-6.140938303020925665e-02
-5.933048131139416481e-02
-5.438471133145633685e-02
-6.644247231275871024e-02
-6.387961429138250269e-02
-6.030840585096299694e-02
-6.463987799033932280e-02
-6.721015252278039753e-02
-7.518745824579443904e-02
-5.850897989018909173e-02
-5.649546469282882427e-02
-5.443349820056010702e-02
-4.663471035040893387e-02
-3.663808904413157902e-02
-4.095877402633635311e-02
-3.470837073204948581e-02
-3.307362168912100081e-02
-2.701241020310512705e-02
-3.266188562999140094e-02
-3.077465017701785238e-02
-2.134546150330399183e-02
-1.429673277400052810e-03
-2.740239704281668357e-03
-4.130585614895469597e-03
2.581916982798372704e-03
5.335614835896639908e-03
1.746775573853155857e-03
1.562915112381797181e-04
-2.509516234047360315e-03
-8.584472562373201068e-03
-8.470090876993817408e-03
-1.490212809310205617e-02
-9.758462884419762118e-03
-2.067316461258576765e-02
-1.690723440289214688e-02
-1.943439199049304747e-02
-9.443556739009198106e-03
8.422431911731266194e-03
-6.863683995041561930e-03
-3.291143911180078284e-03
-2.435300904092802411e-03
-8.864524777434523370e-03
-6.099439623185037330e-03
-2.205254226948725679e-02
-1.444379849848741182e-02
-7.168374159237519798e-03
-3.069760460967573337e-02
-4.216859661387931807e-02
-4.194550999268379515e-02
-4.311804324367401325e-02
-4.439491867909240580e-02
-4.339730877490326211e-02
-3.875414855590827989e-02
-3.404837535782020280e-02
-4.379403006093998685e-02
-3.325327238834451665e-02
-2.420434840484754838e-02
-3.345420482552721037e-02
-4.210654835810050817e-02
-3.407729016198309674e-02
-2.589044026300034787e-02
-2.876935067844608312e-02
-4.251174129465647850e-02
-3.023330146191997858e-02
-2.639098607075095193e-02
-3.298766135532035793e-02
-2.775283875068735445e-02
-3.247234373775652327e-02
-2.986255961655827698e-02
-2.224740323459047098e-02
-1.909272152889136126e-02
-1.540793059374744901e-02
-1.438965153021031645e-02
-4.378606784332445510e-03
-2.340470658980148277e-02
-9.502160080637114120e-03
-5.362927459421545050e-03
1.387520942542392602e-03
1.305149808151848459e-02
1.742529629754505788e-02
8.337519812080852050e-03
1.679638248699006145e-02
2.122092943444103819e-02
1.815775104048440725e-02
8.479643628765114877e-03
8.663163117385188142e-03
2.840837372150494585e-03
8.142625526554501947e-03
7.666141214391660255e-03
7.029218547575823497e-03
8.656076950548015694e-03
8.894821497736940877e-03
1.363261513392227849e-02
1.546748505280716966e-02
1.438357961441753298e-02
1.565271086606720430e-02
5.444358699793840767e-03
2.485620884213888323e-03
1.087967886033409069e-02
1.137471592747340068e-02
1.481153382940821051e-02
2.095283753597600856e-02
2.782472198654878381e-02
2.297038296483413025e-02
3.108263511448803793e-02
1.758958487460679163e-02
1.454217970153482906e-02
1.689200511880633790e-02
4.657249416973129226e-03
1.251943103752314185e-02
8.509838624714905278e-03
1.695809624638700518e-03
6.332982185804101292e-03
1.213213669742509680e-02
1.062143578129758070e-02
2.141483812692671421e-02
2.127105268618994724e-02
2.537862439350389507e-02
2.124527713973538637e-02
1.995243085141239214e-02
1.643375194125588565e-02
1.594964581383372104e-02
1.186547439651028206e-02
-2.495689915882939522e-03
-7.807179853444367289e-03
5.863842490723410877e-03
2.664706917132012021e-03
8.005559121617232543e-03
1.466211965892503556e-02
1.014999235191267959e-02
1.773888218435533057e-02
1.450305580846359115e-03
1.149393581954851438e-02
2.201421464009891554e-02
1.458929049348270911e-02
1.727248487877252464e-02
1.715075376157719142e-02
1.475258938845634693e-02
1.610471820251118541e-02
9.289088314013220840e-03
1.474911046532655784e-02
4.597758501121944688e-03
1.590970089194592221e-02
1.386990686836771930e-02
