-1.969290775089349230e-02
-7.295815736911467897e-02
-6.339302426672449586e-02
-6.642313696983383198e-02
-6.327742683469052276e-02
-5.994410711777953260e-02
-6.682368486612146052e-02
-6.609474286078070859e-02
-8.291372636602024893e-02
-7.081133255656055225e-02
-6.994621536849167376e-02
-5.541087259147149668e-02
-6.716226636979266695e-02
-8.544987258025313337e-02
-6.564004283314049670e-02
-7.289097233222957550e-02
-7.289531353109360290e-02
-4.648568280971088207e-02
-5.640358246326957620e-02
-5.682497682274718215e-02
-4.330328776742310010e-02
-6.131367760532284439e-02
-8.161581960309442774e-02
-7.410315774436987413e-02
-7.527590818093510272e-02
-5.937641878666206213e-02
-6.868408732765955704e-02
-6.930676351576756100e-02
-6.529550033806569287e-02
-7.667309258971620467e-02
-6.910858264212695057e-02
-6.351598087611408372e-02
-5.123625366985499335e-02
-4.795051636695054492e-02
-7.883880078266651548e-02
-6.396701524475344180e-02
-6.500784321390389031e-02
-5.590180990005574890e-02
-6.109756021238486184e-02
-7.742610994702478489e-02
-6.932606527797591234e-02
-6.936913219418433529e-02
-6.459934403420140858e-02
-5.116930622286577218e-02
-7.142085849065954450e-02
-4.757056971827315628e-02
-5.034464072157015385e-02
-7.747534193773319977e-02
-7.823482977111116676e-02
-6.466794926071584015e-02
-7.752253125407851386e-02
-6.394140794218727830e-02
-4.190372964203042949e-02
-6.787851306008491070e-02
-6.526335376246411579e-02
-6.603047136272544027e-02
-7.480048916765476286e-02
-6.905486697147313058e-02
-5.640405481469230181e-02
-4.085456803431782719e-02
-4.503429697902183726e-02
-4.599393772612386105e-02
-4.306527554987117645e-02
-3.714090199050208707e-02
-3.702356380656735002e-02
-5.092650573447180667e-02
-4.402816135319970875e-02
-4.195035313816455197e-02
-5.413819261711790010e-02
-4.256498599925984117e-02
-5.099998978503161862e-02
-5.272767876339971155e-02
-6.094264116001848336e-02
-7.146041416932873147e-02
-7.066588150728533857e-02
-7.427398487487002487e-02
-7.974624815965523916e-02
-7.595849297251010268e-02
-6.977397038724014733e-02
-6.132773684946527665e-02
-7.199245436291350220e-02
-7.775235210919514972e-02
-6.182577756779901457e-02
-6.465859895133638235e-02
-5.598629494342269308e-02
-5.833469052231311097e-02
-6.271182850867165759e-02
-3.739853604461282344e-02
-3.491812316661718762e-02
-5.330275163400573224e-02
-5.514145678317685512e-02
-4.442479466006115513e-02
-5.087072953909362732e-02
-4.348742279002060229e-02
-5.129548593705630932e-02
-6.329213796411069237e-02
-6.766980887667971289e-02
-6.615900779579932112e-02
-7.208820090964955518e-02
-6.110143692543592436e-02
-6.522181534921329960e-02
-5.596573811568677365e-02
-6.160777213411158804e-02
-6.320718421045376512e-02
-6.733520532125522595e-02
-7.532526766450423072e-02
-8.329631672038774470e-02
-7.158544351341952772e-02
-5.809023431839029084e-02
-6.952498032411003059e-02
-6.448979168378445037e-02
-5.785350095150025573e-02
-4.893568808226535227e-02
-7.588259890866631829e-02
-6.277268065856743406e-02
-4.918555409226556957e-02
-3.542927583763322980e-02
-2.990551055003433378e-02
-3.481427430948236951e-02
-3.784028937364163764e-02
-4.279005773047101641e-02
-1.804489263523095452e-02
-2.483109576748397662e-02
-1.815458254202349103e-02
-2.511191159190662159e-02
-4.598600099232400679e-02
-3.561409241660604130e-02
-3.976909901124872637e-02
-2.028594911024737477e-02
-3.797120028892871091e-02
-4.201708528843787344e-02
-3.233350110078946071e-02
-2.930163907279821969e-02
-3.822459796707989438e-02
-5.070327826779687935e-02
-5.371008125282921569e-02
-4.573247883317535512e-02
-4.241459766782126189e-02
-3.628859710492758628e-02
-4.073830503733965464e-02
-4.096688447214410361e-02
-2.328103090127110059e-02
-3.811763959500901605e-02
-3.099090853439679868e-02
-4.747887376071978360e-02
-5.032264157042364711e-02
-3.983009571837273916e-02
-3.812176072089636797e-02
-3.545819157324154453e-02
-2.483622164031461244e-02
-2.177604535183629356e-02
-5.177080182966919963e-02
-2.151210432651765037e-02
2.464991469378798993e-03
-3.196141886050934272e-02
-2.506180386624829934e-02
-2.838850442068535304e-02
-3.063189988787318879e-02
-3.596715205560048478e-02
-3.022322825748875730e-02
-3.128810328909712585e-02
-3.753578105892516753e-02
-1.673058324271170516e-02
-1.358116179133990291e-02
-1.169668001846781158e-02
6.046449396802753597e-03
-1.476229569471657239e-02
-1.271895865627035299e-02
-2.861019046429833998e-02
-9.447823242909301339e-03
-2.702704455968756372e-02
-6.636476212129493102e-04
-1.690038655782785323e-02
-2.799066640790314961e-02
-1.214672234731457509e-02
-2.044561040445411551e-02
-1.268267568227212511e-02
-1.068211117673502526e-02
-1.140941998094665427e-02
9.948260396133766850e-03
8.385101271881382698e-03
4.704158391478400971e-04
1.960711909260700811e-02
1.888919401872626511e-02
1.965544829972888218e-03
3.772700695190403433e-03
3.086793400666065779e-02
3.772538632020142751e-02
2.123386078222827544e-02
3.077181026685944787e-02
1.415401714782948961e-02
2.911665531538007445e-02
2.240479252743320104e-02
1.444315847576707092e-02
1.678621146677412510e-02
2.131499007278675126e-02
4.472977449582502679e-03
-8.290918698719924786e-04
-1.569907048182588938e-03
4.077915619702022869e-03
1.754733108276456234e-03
-1.676206856816139443e-02
-1.161626236603374718e-02
-3.715025646639219525e-02
-3.944901245688658964e-02
-4.385435858344368699e-03
-1.424746017809914306e-02
-3.145877707601513196e-02
-2.205478767071542348e-02
-2.963371218581312486e-02
-9.227159782517083489e-06
-4.989151523348289013e-03
-1.166112302072326752e-03
-2.461097636496863486e-02
-7.357057873289459156e-03
-7.991267930746295822e-03
-1.551642870711010362e-02
-1.008529367496462104e-02
-1.977129757579901281e-02
-2.091640041662328267e-02
-1.460996422430578014e-02
-5.907248098161178330e-03
-1.020188132093219693e-02
-3.885332981376989764e-02
-3.082817723965338916e-02
-4.252102557257890492e-02
-3.579765693485011113e-02
-2.681839481394054231e-02
-1.705394866654854832e-02
-1.946332680036788956e-02
4.699866384391014271e-03
-2.368485594505164230e-02
-2.368172055566396608e-02
-1.227613353846618988e-02
-2.496972119304124993e-02
-3.337057728993091804e-02
-2.532311012944911052e-02
-5.952063696226670558e-03
-2.967401797363464905e-02
-8.146884556598643981e-03
-3.118412237377832935e-02
-2.708728215733172129e-02
-5.234361972860634288e-02
-2.764961653757765439e-02
-3.629172434760248589e-02
-3.866132455212735464e-02
-2.730978990495389405e-02
-8.026193625031360912e-03
-1.514684814332112675e-02
-1.007061068877664577e-02
-1.769153065010820036e-02
-1.142803475958546235e-02
-2.262917871976946951e-02
-3.155813214747237722e-02
-2.927784741192733867e-02
-3.363018682665065012e-02
-6.305195304546851696e-03
-1.951430487591078108e-02
2.003996068731935323e-02
2.035034784425745948e-03
-1.575770692662251116e-02
-3.751925250018730423e-02
-1.961005812921101307e-02
-4.979073186034938675e-02
-2.640399251218422325e-02
-3.811661150883977750e-02
-1.715331192774632862e-02
-1.163174486063510253e-02
-1.439181503712470313e-02
-7.899452612288400052e-03
-2.138299759647601522e-02
-2.970154032231398997e-02
-2.594215251133250022e-02
-9.366366592961932261e-03
-1.211281821766461465e-02
-7.267934324160260466e-03
-1.064393743426824725e-02
-1.120878715906728842e-02
2.662176570284813335e-03
-1.571712069842480866e-02
-1.379456195300679359e-02
-7.709195434010688783e-03
-8.340128504255753944e-03
-6.788361814334611596e-03
-2.011510382679631420e-02
-1.621130976336157678e-03
-2.413436219880018760e-02
7.038218068712259572e-03
8.409167866907707456e-03
-8.383568432561115116e-05
8.910508570399912343e-03
8.521830639244636595e-04
2.433947417188508933e-02
1.003698984909596852e-02
-7.729846006654383060e-03
2.002748625507899671e-02
1.778024725620295024e-02
4.854727632888066260e-03
1.093326675846158745e-02
1.633968835888097854e-02
1.898848653591694293e-03
9.810405009804125734e-03
-8.107895824583429695e-03
2.510128343753096139e-02
-8.308345144941031582e-04
1.795920075889390760e-02
1.253082242236098175e-02
8.377117903041773200e-03
2.137511800852999466e-02
9.151380254272324308e-03
1.951410016427789634e-02
1.546922819052211524e-02
6.427037458961816496e-03
-1.077004607401465912e-02
4.027793387152758635e-03
9.012567987524791949e-03
-2.561211410763869836e-03
-4.511074613896217181e-03
9.525663189492983990e-03
-4.019984186944311477e-03
5.630801367903799821e-03
-4.895684073319682764e-03
-3.804787247640754812e-04
1.300974812576916918e-02
-2.584284269492100744e-02
-4.523611427951618885e-03
4.974886192617013030e-03
3.408136132219492798e-02
2.276533967855340693e-02
5.434456421939083334e-03
2.304780852796656926e-02
3.410780108057332588e-02
1.221049008478435755e-02
-2.600836858086947451e-03
2.521432762367791999e-02
1.920182399750793370e-02
6.827701522438132074e-03
7.979038728287901269e-03
3.126773423186551566e-03
2.347230332729361053e-03
7.643279353383538796e-03
4.081527158520017323e-02
2.517744523276777349e-02
2.186987325543145178e-02
4.056678911045766972e-02
6.914585422802093685e-03
1.888219741790084227e-02
1.677986014455722444e-02
2.827989175952397294e-02
3.940241527065038718e-02
3.151851215090052671e-02
3.209937673338583708e-02
8.543047928220644238e-03
3.258087517171252834e-02
1.895021457032980070e-02
1.582414637297859319e-02
4.698537826559654948e-03
6.723657019402068565e-03
2.964581554259265034e-02
-1.032458805962703681e-03
-2.379539836327704098e-03
8.511861315905866476e-03
2.241376648231943602e-02
8.332648185791045534e-03
2.154536591416417873e-02
1.821832739047393387e-02
9.982219283117146555e-03
1.840911136029591000e-02
2.290715700401887989e-02
1.814723212539205363e-02
7.309683839339326319e-04
3.415236966758235237e-02
-1.000490295725688225e-03
-1.975935647386295457e-02
7.214423106746894500e-03
7.022004446467246946e-03
-4.054533145660744672e-03
3.484638992037914895e-03
-5.113361321974994704e-03
-9.062449536501012218e-03
2.003253790011359087e-02
1.391967071942031876e-02
1.798613868694068016e-02
8.961037295028088587e-03
1.495484867807610717e-02
2.193215511082629871e-03
-4.275308505740126226e-03
1.204939491772879546e-02
2.228839251106972709e-03
1.867220686496203971e-02
1.933521501700805360e-03
-6.649040081268841641e-03
2.987916075767567056e-02
8.719081854761877651e-03
1.723465360168780283e-02
1.697993621754247465e-02
1.849238372928278459e-02
1.818024198461326915e-02
1.481210133382048974e-02
3.035060977055249049e-02
1.877862077693473464e-02
2.862326606606885922e-03
-4.928842828735636658e-03
2.869542076192699385e-03
6.792700770139092946e-04
1.745932628170467071e-02
1.844963678463435591e-02
1.900614900669612582e-03
6.122435079725401484e-03
1.410345993963847992e-03
3.311336827850530000e-04
3.552794638028748935e-03
-5.962205220168387797e-03
-5.920290312773215241e-03
-9.920477362660827178e-03
-7.562726054440266181e-03
-1.151942488624070268e-02
-2.044546287866452414e-03
-3.983934652641663021e-02
-1.327164339588158930e-02
3.114300261245314411e-03
-2.561138255485672678e-03
8.852822416980342390e-03
6.208725360111187405e-03
8.170992082273237020e-03
3.886955104714618584e-03
6.478316103975867435e-03
6.114493373215078992e-03
2.464333337891128420e-02
1.061083916497621189e-02
3.763914221525964388e-03
1.785780653344394911e-03
2.160634869907974293e-02
1.555000956273914874e-02
-1.697261409531621978e-03
-1.970523278419911845e-02
1.271923576627112919e-03
1.120695707221982911e-02
-1.657375258703500803e-02
-2.544874778152036304e-02
-3.626926970058626937e-02
-3.484978667000306757e-02
-2.139353675529459542e-02
-3.034193459509380505e-02
-3.721401251618554340e-02
-3.549553076528154383e-02
-2.696126594290538733e-02
-3.123545964775258782e-02
-6.498877041354744755e-02
-2.937128705876012810e-02
-4.019994695529440637e-02
-5.394364443887288835e-02
-4.253348347296962567e-02
-2.613886803892179200e-02
-3.590517814725351087e-02
-2.153075890865812844e-02
-5.020906326833790394e-03
-2.885500894589163035e-02
-3.170498969579523679e-02
-2.984986332384467755e-02
-4.340321920056423172e-02
-2.831698411056831136e-02
-4.101858556970680580e-02
-3.353817652949710876e-02
-3.977351413356397525e-02
-1.685444038254446317e-02
5.501197509210328622e-03
-1.179658827029432663e-03
-9.575735352291107894e-03
-1.966723095008870645e-02
-3.186063036086268785e-02
-1.859697142609779280e-02
-2.569521928360020066e-02
-3.098742704147671584e-02
-3.333871695387748135e-02
-1.356254891045839163e-02
-2.477752044166515663e-02
-1.014948641639705322e-02
-2.070071963635756671e-02
-5.043446982367919690e-02
-5.204904137099761186e-02
-4.030550392198813808e-02
-2.316323204820960185e-02
-4.018224593747034973e-02
-4.473766155822939128e-02
-4.108967959022810645e-02
-3.234744783996532785e-02
-5.985162605352972037e-02
-3.542210546717700775e-02
-1.727198615994475148e-02
-2.012172749909560063e-02
-5.606435242957379106e-02
-2.223929725513279845e-02
-1.526864506696234795e-02
-3.596908366529087686e-03
-1.533308797651831458e-03
-1.608279655171259565e-02
-1.252469351702174480e-02
4.673908539582946088e-03
6.704164813183607560e-03
7.623609681615555606e-03
2.256496934036322094e-02
-8.793466654526228138e-03
1.403639144303042187e-02
-4.835573884169249229e-03
-1.263317098395777376e-02
-4.593596688703563500e-04
-6.629322662243283641e-03
-4.050696717907849992e-02
-1.521092345907147647e-02
8.783610455610839710e-03
-2.861126317629509360e-03
3.570759750282325156e-03
1.976907095421055749e-02
1.493421418984248322e-02
2.339891957582800053e-02
1.497087962384203476e-02
8.325363896148789411e-03
1.217857751809492926e-02
3.427658449186987699e-02
4.938560893045410016e-02
2.865902542668801248e-02
6.282357448279493085e-03
1.922527825550890716e-03
1.718018017314662180e-02
1.495060957462577200e-03
2.479447416893072395e-02
7.881886683645698485e-03
3.294642505981820041e-02
6.112836856689188303e-03
1.746773646750348491e-02
1.685635838241395998e-02
2.462423936435675573e-03
1.004065061826545611e-02
1.757882817524201308e-02
-3.399379948350286437e-03
2.213883784130219259e-02
-5.115630186845637403e-03
2.633181390631201407e-02
2.070293046742734122e-02
8.059872500109841603e-03
2.981124229897708436e-02
2.359823077043525161e-02
3.580331081378504421e-02
5.360278574887115954e-02
3.443747914273562888e-02
1.888699913262889551e-02
2.446417703481766279e-02
5.253121862366198075e-02
6.212777636237130918e-02
5.138085271856877162e-02
4.941609154362490430e-02
7.078680953857213742e-02
3.161302360715157606e-02
2.572856505709446989e-02
2.817092174414487921e-02
1.031364483306175528e-02
3.165759163708761759e-02
3.300269927696890954e-02
5.367848725470393545e-02
4.953391594428845773e-02
4.604865635109427896e-02
4.619061197455508888e-02
3.607828626782560305e-02
1.860870804493253497e-02
1.946690443435044812e-02
2.333242874116523563e-02
4.029565567445107799e-02
2.347521694687649749e-02
3.170717524621725902e-02
3.003133459786181195e-02
1.890294470795780835e-02
3.153501592745544535e-02
5.590273633653917995e-02
5.314872420234154765e-02
4.496354855987396565e-02
5.985377204053001637e-02
5.677977787380959068e-02
4.854633601517576585e-02
4.703589292921615816e-02
6.334876900141495071e-02
6.495529626975043991e-02
4.368272228825010456e-02
7.737164513417188472e-02
2.671998693035607109e-02
6.892020389918854240e-02
8.960322537405067400e-02
7.624995503742736103e-02
6.635486856273632716e-02
6.410397882390685143e-02
4.892092609942100961e-02
8.642616048430447340e-02
7.587517828259179864e-02
7.315179104848508473e-02
8.443203755820594125e-02
6.079624707989361027e-02
6.479749630785637537e-02
4.892200367662341565e-02
6.796302135768199360e-02
8.061417628590338003e-02
5.060211283784370878e-02
2.981509878027681359e-02
4.021755691587821507e-02
6.593868010862868889e-02
7.009877119685826996e-02
7.384378077150510755e-02
4.720578588713156276e-02
4.909251281145766976e-02
7.115766288098951398e-02
7.549505306915030300e-02
5.631219378289178262e-02
4.680631571309767230e-02
4.459392821811697383e-02
6.748969776416123556e-02
8.136733815871945164e-02
7.140462299879146713e-02
7.988709393840848216e-02
7.869172212466291061e-02
7.609149901880297995e-02
7.664207610956207117e-02
3.150963383216750374e-02
5.226671606764964756e-02
5.090666026069255723e-02
2.439081723709121685e-02
5.000539275685390861e-02
4.336375598735458387e-02
5.027070618956177434e-02
5.546239187186165209e-02
4.863769195296151204e-02
6.842247478453541976e-02
6.842733334137612866e-02
4.494402093879913684e-02
4.843969306950573345e-02
7.450606319965985547e-02
8.243433138308024766e-02
1.002525340045864050e-01
9.795974982098383521e-02
8.786440578473121710e-02
7.008350247975286829e-02
7.010265983757665853e-02
7.809381996933204007e-02
5.359908262543442575e-02
7.883463014603828145e-02
7.772313154390457501e-02
8.261608794791867882e-02
7.873712617800293634e-02
6.903912183086385879e-02
9.000837276082948590e-02
7.054693237757644897e-02
7.400735795446232446e-02
7.030282301378293353e-02
5.251335683766790441e-02
3.357979419028942619e-02
3.289432904300774313e-02
3.301894807367607848e-02
5.801971089215521987e-02
3.558913450058890510e-02
4.275334179533561707e-02
4.614497369578091091e-02
4.748285704962984521e-02
2.455303194150598722e-02
2.920136139512713100e-02
2.566794535063109811e-02
4.741014880041943130e-02
3.734806457637547539e-02
5.422428400148138899e-02
6.893345398283791392e-02
5.694566771021662699e-02
3.843987311828342412e-02
3.192673334450761569e-02
7.739069893382967413e-02
4.757867953899178048e-02
5.947842681518949320e-02
5.616966165508678610e-02
3.581655721649859569e-02
6.933049963356892331e-02
2.872361352104611104e-02
4.100914972731627833e-02
5.218966519004839683e-02
5.686667913902675175e-02
3.066482189426624622e-02
4.300079796555431738e-02
3.622875343312261659e-02
6.411002863439653823e-04
3.528373767594505245e-02
3.187322810738982271e-02
5.429013680411724080e-02
2.989228690561407387e-02
3.346638233402286777e-02
2.417391268096885995e-02
3.831894348514693072e-02
5.096875766117155149e-02
5.247720020420291315e-02
5.882513863206127042e-02
5.265684969594338488e-02
6.977461801569848077e-02
4.494107195389038245e-02
3.431583468012993493e-02
3.107740971601836988e-02
4.765384057881060648e-02
4.441141035910232265e-02
3.742399823957930777e-02
8.534558274070640563e-03
-1.533718396822681372e-02
-4.213953446460931042e-03
7.126182797795481590e-03
1.138559866899099089e-03
1.021036707978966764e-02
4.378331873229694693e-02
3.863576740098028511e-02
3.379360894037015950e-02
3.088036959524436201e-02
5.446450145966988399e-02
7.587088298579959533e-02
2.927232182279819114e-02
1.870422645469297859e-02
5.873244935932454142e-02
8.910262821872938499e-02
7.157366949820631596e-02
6.715224825336049697e-02
8.313881056199642905e-02
6.489703218952440344e-02
4.766187359870535656e-02
3.087906298048275974e-02
4.267597235227489627e-02
3.012419629526627562e-02
3.600716190737741212e-02
2.526918698932623802e-02
3.134281542823662281e-02
3.215725061012177782e-02
5.999941875339818813e-03
3.361200730459949076e-02
3.484471819820822436e-02
3.047306792149921326e-02
4.528272282485875516e-02
6.169162524700243927e-02
6.435463156868641288e-02
4.927631901813034343e-02
2.779545797007696578e-02
2.194334612090009101e-02
9.701789877231208406e-03
3.890235052612825428e-02
3.160021247224447521e-02
4.761384564190337260e-02
4.687961040319012229e-02
2.745374798798634608e-02
3.587060411250015540e-02
4.013511792089246438e-02
3.039030461969246047e-02
5.925755766156347998e-02
3.668801011916458105e-02
6.645009977027249715e-02
9.063744839584994550e-02
7.009209591896572999e-02
7.878150104897153894e-02
4.931107294237937338e-02
7.043537207914971066e-02
6.907100589605297269e-02
2.809101874556142048e-02
2.727172516228858895e-02
4.634433880579729575e-02
1.857774981111697324e-02
2.756079044148369850e-02
1.511327912837789368e-02
-4.087802965034438400e-03
1.633647234023394290e-02
1.267931151159871518e-02
-9.134240024703128282e-04
3.044824933557033209e-02
2.490342334951044928e-02
4.817516118575661255e-02
5.875494052924852550e-02
4.656526234313092261e-02
5.809542655691293106e-02
6.015498752161425183e-02
6.057730526258947590e-02
2.532058410746547764e-02
5.723274427546502785e-02
4.551499052441385085e-02
2.335220234300345102e-02
2.948333683559871410e-02
2.268725498943141572e-02
1.494558592092553630e-02
2.504942465954322281e-02
1.726606288614301529e-02
2.482401869792251817e-02
3.751628168983724143e-02
3.277288321370920576e-02
2.156155292972956189e-02
1.940500824847127964e-02
3.245819779246790493e-02
-1.220221844962042675e-02
1.248878890773660270e-03
-1.149791198111441322e-02
-9.039836660422769302e-03
2.634673750943052669e-03
-3.590792737525572067e-03
-3.033561211886193210e-02
-7.779863614054578595e-03
-9.082371791824146723e-03
-2.317174667537059279e-02
-2.138464119397743939e-03
-1.610205629419419679e-02
-2.622313032360634386e-03
4.356491367810437151e-04
-8.521607891949929117e-05
-2.141520551293295271e-02
1.955289857418339439e-02
9.062887744891492611e-03
2.426963937661461013e-02
3.011590454296948077e-02
3.436906101234193239e-02
6.165994170215143705e-02
4.199101468307091245e-02
5.622782357723820484e-02
6.234852809052497669e-02
4.500092615955861991e-02
6.572449842424099575e-02
6.443553718695606281e-02
7.684183544700928792e-02
7.510316994639212873e-02
6.294112397283492533e-02
4.267513666302392289e-02
6.281273549616619989e-02
5.321101780707953449e-02
6.150164867200390989e-02
7.816006684380386038e-02
6.018497271274228511e-02
6.839072943422247475e-02
4.682566352397295184e-02
6.248100355461547878e-02
6.580125572109796206e-02
5.042061694949589307e-02
5.946548583291912105e-02
5.967877084178367653e-02
6.064206025598405797e-02
8.344330339000279040e-02
8.548945659497740601e-02
6.166232407917889707e-02
4.673514787337280235e-02
7.104841826409025174e-02
4.408976341247264341e-02
4.630825346308428681e-02
3.808717407831327395e-02
7.274880127325289436e-02
6.425158813138059921e-02
5.718205330333286929e-02
6.812320576904069835e-02
4.487687086674648634e-02
5.099268405586269981e-02
5.605858585435043867e-02
7.055534051770002979e-02
4.886804843605101895e-02
7.123316438775070814e-02
5.151009266474904091e-02
7.656987512216299752e-02
6.894634914699414308e-02
7.944788085448011017e-02
6.796198883491036402e-02
5.875263980781781498e-02
4.059378745414127937e-02
5.056175591768003602e-02
4.372949157757078514e-02
3.379768085794419147e-02
6.412599508599295395e-02
4.295963588528908805e-02
4.881466762978852597e-02
6.648590694795200595e-02
4.903024102853121430e-02
6.441172660864392940e-02
6.062927480502718763e-02
4.526462489719876997e-02
5.442959948300369472e-02
6.873077752287858055e-02
4.273520387432615947e-02
5.853217743403357071e-02
5.820770939831623747e-02
7.285777816080855895e-02
5.848938280104403614e-02
3.808467432828219895e-02
5.513352665387110524e-02
5.664438662410360009e-02
4.728721763629856883e-02
8.119031469481291508e-02
5.890798180324058331e-02
4.996080939771124774e-02
5.489008617462787232e-02
5.699857796176200503e-02
3.576488531269857857e-02
5.156744781081275264e-02
6.002749319794512678e-02
7.091593726639858208e-02
5.182027360389456633e-02
5.153643515640654593e-02
4.672877407582194664e-02
3.787998823700651496e-02
1.984211040306098003e-02
2.256036955529828678e-02
4.364832565671407198e-03
5.790333635478174361e-03
4.077505112446037916e-02
2.646143801396671699e-02
3.111338336658787951e-02
4.209309352087665934e-02
4.655451656047798759e-02
4.756213076313432070e-02
6.472012472809872408e-02
5.033346124082255235e-02
4.903513191547916039e-02
3.691376118491634939e-02
4.964774669430081777e-02
4.225361028505119493e-02
5.699959062208084792e-02
4.758958612635586644e-02
5.589023906973947242e-02
7.104057887599349308e-02
6.787091181449839139e-02
6.633176780239855019e-02
5.034059283107168020e-02
5.968837458340296720e-02
5.127673582545454189e-02
2.072424265937605412e-02
3.425386366881237946e-03
3.180681621816128929e-02
7.657666026338089127e-02
5.591081006813013871e-02
6.933315343467011393e-02
5.032502660887321760e-02
8.357429267945873375e-02
6.565820072866743184e-02
6.400714710980552613e-02
5.199208780190622131e-02
7.055025992903468657e-02
4.996415183790167691e-02
2.203605013309238234e-02
4.343812783739288419e-02
6.463152940570060512e-02
7.699568377798828023e-02
5.401142996560513720e-02
6.028000037545427209e-02
5.809589829096978297e-02
5.054332058574035474e-02
4.521265457428422924e-02
5.932926381763049123e-02
7.026974538282389215e-02
7.194306671270224440e-02
4.690941993785942288e-02
5.126656851168422818e-02
4.724742978131126619e-02
6.296475449927899093e-02
5.198463409294644400e-02
4.409316624791809885e-02
3.868540308508683356e-02
3.104022188444102714e-02
2.690286403763385292e-02
5.534355790322495472e-02
7.296923327671213377e-02
5.995872416093992602e-02
6.405284614324116554e-02
5.842380812044029731e-02
5.639501109553502617e-02
5.196055653814853764e-02
5.456299992190289522e-02
5.687912367275103909e-02
4.175778226005045363e-02
2.771871255675542600e-02
3.265620258217807881e-02
4.846540389081301081e-02
2.730895232973121201e-02
3.521011280060103166e-02
2.340203141281553198e-02
2.611377124833623442e-02
3.381589509607742933e-02
1.722382876501574178e-02
2.491384817800830834e-02
2.423238511775611254e-02
2.913363298503942808e-02
1.882721085785396542e-02
2.432390816727384927e-02
1.234158235126363128e-02
2.252109919589027898e-02
2.131971510695654728e-02
-2.637790260636332061e-03
1.666431056752591330e-02
3.578251440689755869e-02
-4.555597896736316918e-03
5.788298385538227959e-03
7.345633270798686276e-03
1.403413203617936283e-02
2.841609844132915799e-02
3.363347118553009635e-02
7.068219130501415814e-03
5.939788564824858424e-04
2.148294815277636272e-02
4.043077233516910625e-03
1.689775688490035080e-02
2.625251151547252845e-02
8.719027063698522872e-03
7.309123053726248979e-03
2.017799395501681387e-02
1.749099921574332958e-02
3.049889790815613760e-02
1.604361801069402460e-02
1.722472194374955606e-02
5.042385404238814220e-03
2.699039225829981056e-02
1.323940943224884668e-02
3.589999711702078489e-02
7.219184052704529127e-03
9.804028545866046163e-03
1.219392452723034106e-02
4.125960482540439594e-02
2.019196583345464827e-02
6.704285800307192844e-03
2.380827679853115761e-02
1.460707022322949543e-02
6.576491366740944318e-03
1.603647197635905269e-02
-1.546064041378985253e-02
8.602609154025019078e-03
3.375830258058377942e-02
4.015306700408428214e-02
1.616747533772795384e-02
1.193310170276714460e-02
1.937831180455618432e-02
1.282601347752889212e-02
-7.368812051658841025e-03
-7.716504095806974231e-03
-1.243553950481205914e-02
-1.043071177484235917e-02
-1.390807398072813408e-02
2.075153445831363908e-02
6.921042535960506524e-03
-5.649647478674927649e-03
-1.499981797315266124e-02
5.229659228419317532e-03
2.661212509974087304e-03
-6.434412203745965876e-03
-1.387184239621370475e-02
-6.318739951285711094e-03
1.199994510505504597e-02
4.987289449789627203e-03
-1.829840440616352024e-02
2.774537226782211596e-03
-1.654650175121196234e-02
1.659902575782688447e-02
1.242520049103666702e-02
2.071579929314182941e-03
-7.993397313551022995e-03
-1.736220092420999797e-02
-1.966590544331018112e-02
1.177139258116139363e-02
-3.561327897667295947e-03
2.713939721063289220e-03
2.236333425724606246e-03
3.308901916062916004e-02
1.572804054467832544e-02
-6.908341173724915881e-04
2.426123963674600009e-02
3.043581618092107074e-02
2.816014720068946847e-02
2.320416330119066603e-02
2.130364589056584629e-02
3.912032393841182593e-02
2.872176187296137176e-02
1.519617200976192822e-02
1.763617280308267532e-02
1.704930712715831131e-02
1.118460616145031117e-02
-1.154063795499487123e-03
1.481274085177826209e-02
1.105571012774669501e-02
-2.839740941310299558e-03
1.428631923112844149e-02
-5.340870658784484595e-03
-1.259277777181133998e-02
-1.438288401041813496e-03
-7.943770549066645837e-04
1.152472726086184798e-02
1.236898742041590143e-02
-2.456562137337411911e-02
-6.464963506388124795e-03
-1.283331254256822769e-02
2.072634170023514993e-02
-8.427057880685404762e-03
3.694146087236799096e-03
-3.751764977200011328e-03
1.218050376198899325e-02
-1.995506004446143816e-02
9.266779639585656300e-03
-2.176974903716857521e-02
-1.529642638357390713e-02
-2.730603629131825305e-02
1.573386016558303221e-02
4.154472000570418044e-03
1.369071159414658907e-03
2.638899996359639691e-02
-2.445506824169969493e-02
-8.756884745412110010e-03
2.106375060490745833e-03
2.032869663179442607e-02
-1.089761309951044720e-02
-6.095496309456278038e-03
-5.959181514997768415e-03
-9.613828104780527614e-03
-2.829142105800182272e-02
-2.971159411189784952e-02
-2.961099453224107225e-02
-2.309125377398077439e-02
-1.450253924319881531e-02
-2.235422065859480473e-02
-1.759165751916097475e-02
3.650334997112725157e-03
-1.868513555332786125e-02
-1.489786545803766134e-02
-2.429066079844674486e-02
-2.866985850436580378e-03
-2.563013831665209713e-02
-2.879871445903043822e-02
-3.348667454443163966e-02
-3.977786271735495038e-02
-6.271541842497760193e-03
-5.453930614752747034e-03
-2.230544554148945757e-02
-3.160155366383721187e-02
-4.510137384196996613e-02
-4.188873262534724418e-02
-3.209809826690972895e-02
-4.808599190555754715e-02
-3.692294109303595473e-02
-4.002897494730515981e-02
-1.442994879351266503e-02
-2.671728058876990386e-02
9.333673603282259881e-03
9.430389559916896661e-03
4.353321610983432524e-03
-1.121148304697770076e-02
-2.515046068928386558e-02
-2.843306799608325344e-02
-1.936928932215307292e-02
6.510128069180830777e-03
5.591573325395781356e-03
-4.510556251977214381e-02
-1.559371632719694367e-02
-2.277837762244665221e-02
-1.792414060465212164e-02
-1.852388417112361269e-02
-1.326428406219248325e-02
-1.165588937974344937e-02
-2.454075835230986810e-02
7.714874527846371684e-03
2.806107353607148816e-02
2.004486896186191344e-02
1.802912780269714556e-03
1.948557942180013242e-02
7.370437847329832683e-03
8.603450640522687307e-03
-3.077922257449157342e-03
-1.627685285791086135e-03
6.510911265783262021e-03
-1.002904243982538288e-02
-1.827352115258097306e-02
-2.940412836292763052e-02
-5.651721599974453107e-03
-7.192520904363576204e-03
1.654062505891406220e-03
-2.647351854136475308e-02
-2.616272229144236353e-03
1.980878802384644990e-03
-2.315574126554627993e-02
-2.243040027489056482e-02
1.507751732172292729e-03
-1.995707920404334729e-02
-8.662716976802186872e-03
-5.954188309781560662e-03
8.122720552194971980e-03
-2.436609895970162296e-02
-7.326709050854785486e-03
3.587236289607471842e-03
-5.510810761514489155e-03
2.120836364532430185e-02
7.527283852339221835e-03
1.014792280108500928e-02
-1.275566418698481468e-02
1.483762198035871137e-03
2.164030570926644970e-02
-2.980588676738574628e-03
2.030842128184728521e-02
1.930533702363518636e-02
2.632240436037973363e-02
1.107635199843879509e-02
-1.880469376352203806e-03
1.749030835701067405e-02
1.568886978924547218e-02
-1.479945147705536476e-03
9.796922959279074153e-03
2.359399494039259373e-02
9.098899251095880769e-03
2.072993884789188848e-02
-1.511701903652847359e-02
1.358549745242404634e-02
3.694420712870084833e-02
1.231380396145050071e-02
1.097685740979379224e-02
9.142236851601585890e-03
1.447678385489083175e-02
-1.287201708186381903e-03
3.569356756088041399e-02
3.817119280035454615e-02
4.096712523111100540e-02
2.005982397857465627e-02
2.534884199939216667e-02
3.011236192889423305e-02
4.207274429597000071e-02
5.990044152597395755e-02
2.610965753154831370e-02
5.457440371372570403e-02
4.566311129258277673e-02
4.226792336311355897e-02
3.993850062539935214e-02
3.130051543696064226e-02
3.481997716787407077e-02
4.807310758085070815e-03
5.854715457856390914e-02
1.704128224279874426e-02
7.310030025909707669e-04
2.965311502483772288e-02
1.816883299808544003e-02
1.874354351264186092e-02
1.675820500228225249e-02
2.102626174195717373e-02
1.453555006452044232e-02
5.091600523847867460e-02
1.750569018139640221e-02
2.923100971692779021e-02
4.263636803001874531e-03
-9.503298186283886187e-03
1.705825518218822071e-02
2.189754683504268468e-02
1.399566584564851043e-02
1.181010807718119171e-02
-5.905075492464979467e-03
4.695938952509746966e-02
5.011383283374377245e-02
4.487887820442369724e-02
2.731107073997368975e-02
4.465761878094870463e-02
7.431284702667792508e-02
4.643876820147584128e-02
3.842851205493371530e-02
5.609348315594376438e-02
1.024840584930974616e-02
1.792831937875147968e-02
1.886704363996774894e-02
3.141481638837952811e-02
1.056925515344192545e-02
4.109079239037316533e-02
5.117164235832126484e-02
4.918513334610234017e-02
4.464197029389854743e-02
1.864000839226322148e-02
-3.675742140783725895e-03
6.225804641186932255e-03
3.692667132700249571e-02
3.107534579795604573e-02
2.110664811249377340e-02
1.950336045183561837e-02
1.425912005282810487e-02
4.338688297385057818e-02
9.807340669588290524e-03
3.389381815977727391e-02
5.304352479048828062e-02
5.077387824751714712e-02
4.441629578889029484e-02
3.771902769733932043e-02
3.887641760900421850e-02
3.049447479699413446e-02
3.620498975030381900e-02
5.299621849870796153e-02
2.621160775683269856e-02
3.450838455393358262e-02
2.554914432138209041e-02
3.283437059710242467e-02
3.792435153335099035e-02
4.460450533854287691e-02
3.263059272541395800e-02
3.749350827300141492e-02
3.486215280992258775e-02
6.795461095911727034e-02
2.424436027641107411e-02
3.533558381712140206e-02
3.317200154110178101e-02
3.925224516805821823e-02
2.253113157896137822e-02
1.446661515893634536e-02
2.059577716564622157e-02
3.508210898958460944e-02
3.626534252979453365e-02
2.715225501959092624e-02
4.430455661756573654e-02
1.788056525815839848e-02
2.045881539319531137e-02
2.069576601345419695e-02
2.730229961976309364e-02
1.207530110769187461e-02
1.982906013871991655e-02
8.757673750359214540e-03
1.597963848300648984e-02
2.120213439133197472e-02
2.261000839572046076e-02
4.754362851762874466e-03
2.014618663738552973e-02
2.712470436245899980e-02
-3.831109158939846604e-03
2.423130050979678280e-03
1.775443791700681562e-02
3.056495012756032040e-02
5.635865064119710728e-03
4.374524080644541686e-03
-1.612628122768461694e-02
8.050445577707104200e-03
1.165241662001433400e-04
1.161057257482636836e-03
2.196045459509587613e-02
2.054545331651322013e-02
-9.228496697817248741e-04
-1.406007918740592895e-02
2.015747008120672215e-02
2.715640344721752600e-02
1.511743537658141170e-03
1.450349389528197627e-02
-8.245686804899352365e-03
6.349984266515832330e-03
4.508863400144993983e-02
4.267630960452630656e-02
4.839732328801455569e-02
2.862749733346160036e-02
4.377019242559514883e-02
3.021850320340896748e-02
2.016216076412379737e-02
1.172142233872529131e-02
1.832745559210003598e-03
7.218057242243892425e-03
3.041303739136720641e-02
3.137819826146759361e-02
1.703842957293428065e-02
5.067978419809449075e-02
4.144106284920159866e-02
4.605325744986860093e-02
2.078257373064364491e-02
2.859602226000772934e-02
2.193133672519963911e-02
2.171303100427263502e-02
4.888912893132086462e-02
3.342074819300753369e-02
5.293316264158931528e-02
7.154825554033629464e-02
5.584715481545389493e-02
4.074563600368519972e-02
3.599671911594735929e-02
3.492944973184488461e-02
4.406389719545303341e-02
3.066956130700949565e-02
2.361667458758243132e-02
2.717647144738669085e-02
1.584842468077451647e-02
1.770375213864613592e-02
1.062314955772642074e-02
2.564360674793889072e-02
2.429079519928742381e-02
2.291049595189426080e-02
1.758831088826734099e-02
3.767771637335252249e-02
-2.624123807428216035e-02
-2.062694970482742245e-03
2.869911332040940219e-02
7.143446474964511642e-03
1.002629490986082887e-02
-1.731127753409797757e-02
3.556508096697549165e-02
3.062391479980159162e-02
1.271808923184443961e-02
3.796623107142183678e-02
4.624134575087457399e-02
2.634672415968700165e-02
7.133001972642222244e-02
8.252082483868637686e-02
4.666228367993410092e-02
5.849928178842096066e-02
5.114232512075995302e-02
4.643463470705054552e-02
4.088565283199387806e-02
6.731100180832515212e-02
4.415738285095718862e-02
5.571055255858731181e-02
5.470196698601935414e-02
7.494419953949391089e-02
5.503043735805691894e-02
4.216052777589140294e-02
2.389094970419763236e-02
5.102610395572242802e-02
4.780395906844860099e-02
4.329799244643750544e-02
2.832635875953547558e-02
3.386674363991429987e-02
4.188378032890650859e-02
7.028202860962826093e-02
6.708797605414044962e-02
4.111206261118803551e-02
3.876012736384480684e-02
2.653822043459478849e-02
4.702419070201225432e-02
4.473629856249503045e-02
3.266701261904192410e-02
4.130297787613187999e-02
4.206842287685470805e-02
3.455220984958463915e-02
1.121884442082164875e-02
4.549244407348196871e-03
5.018232978800771932e-02
5.808501056471392088e-02
4.247876477704528447e-02
5.231351949258924994e-02
3.788190250599281911e-02
2.128666663722907082e-02
4.799301083600557294e-02
5.530556556583765548e-02
3.948343350252171008e-02
5.923585742977667545e-02
1.533378363913300707e-02
2.749103876861240525e-02
4.383141942612597819e-02
5.592002438908351414e-02
6.142807320767405127e-02
5.414199843395433448e-02
3.861694800310862263e-02
5.164996304533884391e-02
2.409132313003412018e-02
5.102647719533360410e-02
5.637747757689910710e-02
6.228966259243386150e-02
5.996091049477967477e-02
4.205500618306401775e-03
4.183648677449937348e-02
4.624339124862860556e-02
2.930748403831879081e-02
1.120348826102141038e-02
3.415826498084376106e-02
1.586043010144743207e-02
3.073511052490696116e-02
3.730957224226151558e-02
2.637092412715346182e-02
2.351735777052082685e-02
1.565450806586298621e-02
4.926469304025701823e-02
3.633798084517042559e-02
4.092605196981527471e-02
3.687102448407917482e-02
3.754491510297202489e-02
4.922933937985787128e-02
3.783066671192422681e-02
5.178821525978830054e-02
6.452008122457299211e-02
6.319807015620715340e-02
2.982771667660112300e-02
2.234906730336761946e-02
4.242790782725834597e-02
4.366180894146386160e-03
2.501919225286346193e-02
4.880076694973157353e-02
2.501245912828988296e-02
3.351212880206782402e-02
1.772223679193007592e-02
3.558141022249222685e-02
4.014544904448307666e-02
8.140480763803144282e-03
8.718652205178008610e-03
3.622550194116343214e-02
2.448109384325855391e-03
1.954903332747760444e-02
2.252461838837038766e-02
2.634516198274173410e-02
1.611679434900691044e-02
4.416867649163209314e-02
2.585056719961694935e-02
2.155008770914212599e-02
4.380580753666583199e-02
2.042922359567805185e-02
9.061323453425246602e-03
1.816348056518898510e-02
2.313631019470989425e-02
1.387798886624042570e-02
-3.694455605141978762e-03
1.433750625781584145e-02
3.207912163477415202e-02
1.374761025664652213e-02
1.100460815002051417e-02
1.239669621765908565e-02
5.745550560324019264e-03
5.359314323734065168e-03
1.869491383735764206e-02
1.021415294941018306e-02
2.748248398496423370e-02
1.713016466875659158e-02
1.872080378496939618e-02
9.833373119518417152e-03
2.931173353906730769e-02
3.579729166473160501e-02
-8.469268760246936650e-04
3.449538334768308123e-02
5.142354099933092032e-02
4.872899087952643066e-02
4.895787932526802361e-02
3.231199650163400772e-02
3.495475416289624965e-02
4.664532866320356130e-02
3.840647403154191092e-02
5.090547574391256908e-02
1.819610641491560196e-02
4.671122184688245027e-02
2.884121046724268111e-02
1.678728517056866931e-02
4.085874835073816103e-02
3.307044468289296185e-02
3.478393894722890678e-02
2.698792111906303179e-02
1.403216161324420154e-02
2.735409635639242387e-02
-1.240047772633964384e-03
2.545447074583319716e-02
2.273580504704550594e-03
3.838500366530142940e-03
-2.458229498777814333e-03
3.029092838980319835e-02
1.531094348169400460e-02
-1.432418901688975801e-02
1.624699876514398150e-02
1.663180185767226121e-02
-9.807259444827000350e-03
8.205911407775405217e-03
3.706493056823370602e-02
3.319515113243588431e-03
5.902664348060230118e-03
1.397191236191474423e-02
1.398832851288573341e-02
4.130148378174307994e-03
-5.548976147470324749e-03
1.292148996318839664e-02
1.264818775931965400e-02
2.069554103625254049e-02
-4.013748607495687442e-05
2.314809700512704752e-02
4.946193896781210693e-03
9.285528388137316916e-03
1.592504407863054236e-02
3.002331524927260784e-02
1.376519557937566467e-02
4.689866773536396070e-04
2.196629174785985281e-02
4.123425339278979918e-02
4.971737529529848126e-02
1.243048459718522000e-02
6.475524172883952677e-03
4.007058493895052087e-02
2.757301868666416772e-02
2.158611863079016105e-02
2.502230576778435162e-02
2.847891161197010912e-02
1.666403305755593395e-02
1.816777219739639654e-02
8.810188181983138675e-03
5.603992438297634646e-03
-1.465436960612952373e-02
-2.766195436149775089e-03
1.726895740057503639e-02
1.342187771655952745e-02
1.611140562271830626e-02
2.040043206790287042e-02
-1.402043295573970894e-02
2.702633626346747763e-03
1.224186246497973793e-02
2.296153319665725223e-02
3.241156509974341127e-02
1.541535756161341308e-02
3.781699882677697772e-02
2.690604128706268472e-02
3.469025165555383872e-02
2.675635572034505694e-02
2.554965158518673202e-02
2.855800692028512971e-02
2.455134515902593004e-02
2.819016331969767877e-02
-5.739365510205456621e-03
-8.088857903238742125e-03
1.778200624452199591e-02
2.907973786468496386e-02
2.192080993072739389e-02
2.224639933927950036e-02
-1.152783843684827315e-02
2.881971452598924843e-02
7.756988543915965470e-03
2.405398041298736998e-03
1.600015378989643605e-02
4.920055838674626709e-03
3.020332935815940936e-02
4.041151951850603663e-02
2.025388137739561611e-02
6.265827966788271690e-03
2.233852212263796530e-02
-4.245628494706110700e-03
4.680170106170057978e-03
1.154238520121859783e-02
-9.828649188011566451e-03
-1.199934591892082812e-02
1.015175429794648067e-02
7.064527516514694863e-03
-1.539803674980016069e-03
3.868095200285345814e-03
1.291585906191476847e-02
-1.938937400128141336e-02
2.483491864312596751e-04
-5.989628879982529866e-03
-5.888680588110667240e-03
-4.548686454695314088e-03
-2.288795565813196362e-02
-2.229118757828617986e-02
-1.638252352893318281e-03
-4.865404815229672220e-03
-1.660019836339955354e-02
-1.329928065312478529e-02
1.943975389663341741e-02
1.271679921400561616e-02
1.023451543373048341e-02
-2.183233352442071756e-02
-2.000581902373842202e-02
-7.348270182243309698e-04
9.360322463480185567e-03
1.416497226123348240e-02
3.629093511567825503e-02
-5.327554358820662172e-04
-3.912303507794308126e-03
1.106720797809475527e-02
1.055593682463032987e-03
-4.581962704599444949e-03
-1.818962156663724364e-02
-8.908107449309818696e-03
-1.726954985679089033e-02
1.925428663468034280e-03
2.794795108545835780e-02
5.847144705370089894e-03
4.680622117559206244e-04
-3.843247823753065048e-03
-1.778382445839347611e-02
1.427538900667960423e-02
1.211658263922830471e-02
-9.022632612948760372e-03
8.136273504280571583e-04
1.825632895664039759e-02
-2.422255654006087895e-03
1.723926697101976421e-02
3.055167657190097086e-02
1.957803153479726818e-02
1.195365630856731233e-02
3.483206417859267129e-03
9.882993582607715183e-03
1.697375719204394576e-02
9.551635713543794523e-03
8.841476328763992615e-03
1.603691244494034537e-02
1.339744809129071908e-02
3.025055608275946731e-02
3.554590648357609795e-02
1.936953722647742279e-02
8.066904342608207171e-03
2.696072657578021947e-02
1.660430556953207751e-02
2.706392093204394028e-02
7.337500923062526860e-03
2.972343384932954816e-02
3.138246170837995924e-02
2.828571560130626120e-02
8.487985503648789315e-03
2.240072726750807694e-02
3.386679959652316718e-02
4.196280762098936190e-02
4.399979336099178046e-02
2.273081905528617774e-02
3.198521911653341709e-02
2.491563060573593127e-02
1.791315225761713759e-02
1.977566321744635841e-02
3.371911641204661941e-02
2.959692917548129368e-02
3.949165777581357950e-02
3.997785861863955431e-02
3.561363833085072483e-02
1.618428357312945778e-02
3.148118682819148889e-02
2.482868039632369142e-02
1.783826999680348038e-02
2.579904757384482786e-02
4.942302787306893097e-02
2.098453510747584974e-02
3.510679228535959148e-05
8.759853103901229371e-03
1.037808176823720036e-02
9.333877534088982214e-03
7.676788941634250102e-03
4.400287493500210090e-02
2.467889625938281262e-02
2.055454479910383270e-02
3.988291100167245390e-02
1.846016288811707165e-02
2.354984366203590612e-02
4.864405422774142895e-02
1.002182126650603966e-02
3.342544964463278756e-02
4.178331938703089971e-02
2.681125366510365288e-02
4.836360428729343658e-02
4.885570853115841355e-02
2.090785707171000790e-02
1.577935133987427158e-02
3.559175768403423368e-02
3.368245402531670762e-02
3.485569924128828490e-02
3.576535465412861159e-02
5.195993288843354929e-02
1.906773722858815662e-02
3.295928665326816609e-02
3.596813125850849974e-02
2.385805581081493210e-02
2.406000033682976005e-02
3.022323976871575668e-02
4.140340136786298947e-02
3.831472481065312241e-02
2.898648061136294835e-02
3.318104881802932254e-02
2.522196959924025497e-02
4.803342120805659948e-02
2.491410171172223770e-02
3.032940970279407109e-02
2.976178882230315001e-02
3.023856789542913107e-02
2.374350112713069158e-02
4.342290468677913184e-02
5.553743333704248136e-02
4.504274150111323149e-02
4.318987536260656540e-02
1.494520286003673398e-02
2.360767927386468387e-02
1.446092108522395968e-02
2.570101838352953361e-02
3.457955119381789927e-02
2.668948161967138813e-02
3.170221430902131488e-02
3.923468918800439992e-02
2.875698071534944777e-02
3.682071801976308928e-02
3.013857107837043456e-02
4.298132810265477971e-02
3.068154259618867050e-02
2.756739361619702303e-02
4.747090512495377723e-02
3.609431320407426036e-02
1.456677720213321245e-02
3.970232447332620179e-02
5.311354956775766328e-02
2.769904330983417526e-02
2.875727913691030965e-02
3.217175860828285633e-02
5.884514435481254246e-02
2.602652776081492564e-02
2.259858523927932988e-02
9.876153623034020571e-03
1.021117873708006496e-02
-9.387085940732745049e-03
-4.435331985699292952e-04
2.233516100522625614e-02
3.890761871411043977e-03
4.702626108464127118e-03
2.343587993550642207e-02
3.176624856512277884e-02
3.546651226331089951e-02
1.878905686173018910e-02
3.718941656240908056e-02
5.648831263417314341e-02
4.708914478152506633e-02
5.033003268001988439e-02
4.765249760999514667e-02
4.062523457721355785e-02
4.165236292084505132e-02
5.146744355585455843e-02
4.839550513259293502e-02
4.953411982072943032e-02
7.319145718231141740e-02
5.736421533557023444e-02
5.764003598317005844e-02
5.570750363339051908e-02
6.282481593100364137e-02
5.286973070146588904e-02
6.613954560409041061e-02
4.859330657883997179e-02
4.429934378821229202e-02
4.182757404641844479e-02
5.375529367467826725e-02
6.524727071801560141e-02
5.335462495142648254e-02
4.647267191630614219e-02
7.692695810696995040e-02
6.918581471011774064e-02
7.270043150797146636e-02
2.591103754494260974e-02
7.064630448606749880e-02
5.986210651209020878e-02
5.782848328718030728e-02
4.178452978705059218e-02
6.390299199957227838e-02
5.449802889049078919e-02
3.430785450097337957e-02
6.553651518335648629e-02
2.422451140456674534e-02
7.762378655868937272e-02
6.997072636729292916e-02
7.820483214018202067e-02
4.962640118137037065e-02
5.940046502359833114e-02
8.641333776212607731e-02
7.758132702017273008e-02
6.148969439886785293e-02
7.390261311344138717e-02
4.830066150121972712e-02
7.059697868351175187e-02
4.290423673720498987e-02
4.827211486569987081e-02
5.999473715844909349e-02
4.363625211921690061e-02
3.978901139786406027e-02
6.700265247508363498e-02
6.598579138444420067e-02
3.781161155628573467e-02
4.125882842995978739e-02
6.655391030696687638e-02
5.476840294501749556e-02
2.975787094490390389e-02
5.837249062748292583e-02
5.110183783342661656e-02
6.985756014013165538e-02
5.503490832626235785e-02
5.794667705332903068e-02
3.295063487184048817e-02
5.655858039104914164e-02
4.847418177890980284e-02
1.603081561057689841e-02
3.772679418469244983e-02
2.679795034631086634e-02
2.829584844052625281e-02
3.924382454559520450e-02
2.639039344010355587e-02
2.074341548502830340e-03
2.527136442737512589e-02
2.082900813579394161e-02
5.090282890957286040e-03
2.780325989713053683e-02
2.746072486881534838e-02
2.794727663410439059e-02
1.250387641316711568e-02
2.529711085132503590e-02
2.249770418033329722e-02
4.843843188617864143e-02
-1.429255732446838359e-03
2.327679678718978795e-02
3.228289457940831247e-02
4.073461500691926557e-02
4.664558698846341805e-02
3.329197155449650086e-02
2.681119045743343698e-02
4.236635641318060863e-02
5.407855043639610282e-02
3.245443739481355949e-02
3.439726521409920690e-02
2.003580919628426132e-02
3.227234642713342622e-02
1.597124397678908667e-02
3.291428459577164234e-02
4.817819421608562913e-02
3.284593554460547848e-02
4.761048725714310190e-03
3.130172857022830990e-02
2.653386851267903329e-02
2.308898222630006991e-02
2.345152197022250251e-02
3.391323412229240667e-03
5.349546283640157530e-03
3.451955873788022794e-02
1.442861941799685951e-02
3.158591914908261827e-02
2.354196904283713254e-02
1.665282957301809919e-02
-1.152035841826442794e-02
-2.322198296151636171e-02
8.716286160537342273e-03
1.942799316724626996e-02
2.081975415258275827e-02
2.731998753862070403e-02
6.869691154602637802e-03
9.608662368656368039e-03
2.547431093859010495e-02
1.374655101974275005e-02
3.579744212585055790e-02
2.668676180864993849e-02
3.800019832296677724e-02
1.828592853153366768e-02
2.020706294028984384e-02
7.122599853963462735e-03
5.222732548539654567e-03
-1.533151591941596913e-02
2.693690043254184235e-02
9.093098213213754791e-03
6.080563460740491533e-03
1.716707313656652342e-02
6.369936677390097661e-03
3.078266756522487525e-03
1.786092448181410622e-02
-2.302608601869148529e-03
1.031720053537470844e-02
2.746855635954666489e-02
1.599978740469730140e-02
2.784882366294177611e-02
9.878532659352701542e-03
3.229274072003808158e-03
-1.488224048349494170e-02
2.071579570674374118e-03
1.721594132075264169e-02
1.760985119051316355e-02
3.829415288574236631e-02
3.380112320949101024e-02
2.598017791051545483e-02
-1.362649659324801157e-02
3.276843438930716196e-02
1.558105618812688671e-02
1.502602783975449767e-02
-4.281104707382194473e-03
5.951905919575283498e-03
2.042608592846443041e-02
-4.825619112574054854e-03
-4.983347666826683231e-04
3.376097696302167179e-03
-2.255486634543812582e-02
-1.271767045700574091e-02
-2.882167178624788981e-02
-3.639494303082876914e-02
-6.540071890636976228e-03
-9.718633871759885592e-03
-1.753586238475588355e-03
-1.511747133998602062e-02
-3.587993119337930248e-02
-2.488393481288452697e-02
-2.494489854974360835e-02
-2.510117465511204488e-02
-2.215338843337225430e-02
-2.305972659889233764e-02
-3.655116106250909380e-02
-3.426610201597898864e-02
-2.392816852548104375e-02
-2.258620541470540005e-02
-3.121553184376178389e-02
-3.053665126688117140e-02
1.491494111526618128e-02
1.372966882072129517e-02
3.593697939589814844e-02
1.863376088048421600e-02
3.094952864649632047e-03
6.579020370945273290e-03
1.880694522763085366e-02
-1.872293926477939423e-03
5.161089168086526900e-04
-3.581577284745460915e-02
-1.840841119813613203e-02
-3.018069345868368281e-02
-3.629569237422721611e-02
-2.704501627626931110e-03
-1.693198165475146705e-02
-7.563414435462435283e-03
-1.821304181689276797e-02
-7.081232732395471331e-03
6.395113506710307406e-03
-8.387463257191108204e-03
-1.830513439820888669e-02
-1.263238464787592302e-02
-3.667045841473117167e-03
-1.038238923155949782e-02
-1.983348360271599761e-02
-1.591189079480125057e-02
-2.267722712174215227e-02
-3.680730223017405350e-02
-2.128367297737329342e-02
-3.320328588536414216e-02
-6.923894349787111484e-03
-1.395180641935975588e-02
-1.595403007105192922e-02
1.052458659977420843e-02
-1.562005876742405229e-02
1.016606204590084737e-02
-1.423521521343193788e-04
5.899429189467640666e-03
-8.753120597532302802e-03
-1.638471026180884221e-02
-1.140494880580049386e-02
-7.541771446584356366e-03
-3.061048522453818188e-04
6.805117827827857763e-03
2.053751956167709086e-02
1.532115953807125161e-02
3.245278123126128095e-02
7.863757908126574672e-03
9.666632650123324622e-03
-6.111786809128982693e-03
1.311482066456091770e-02
-4.652721558916514920e-03
-5.434852313446783718e-03
6.197412182589443798e-03
-1.900288239534681347e-03
5.192097671957674951e-04
1.882142998961806521e-02
2.555983379826942334e-02
3.382634358364838140e-02
-3.010663826645978026e-03
-5.336910205745136471e-04
3.354412282186054750e-02
-2.144871040577030143e-04
1.485985770480278099e-02
3.262164190638228156e-02
1.582550979402059729e-02
2.088603104459231530e-02
6.064958142926812380e-03
-1.065594203862446632e-02
3.363977915398951718e-02
1.889537349495636759e-02
1.440771835325581514e-02
1.819041535255576728e-02
2.142311487945675746e-02
2.975139577234402893e-02
1.306403450915111404e-02
2.309336225575559995e-02
3.931123226929682246e-02
3.223590247109882345e-02
3.597984440456207522e-02
5.179473114198832051e-02
2.057326791903764038e-02
2.000033778731098721e-02
1.898861943408437433e-02
1.447375136888422176e-02
7.312413832904729807e-03
2.767726063854971871e-02
3.617788171823117099e-02
4.319711256592709270e-02
3.292468089024340461e-02
1.324809296448316472e-02
8.695334592079616114e-04
1.150027938735131289e-02
2.983128136976625003e-02
1.361303257752676486e-02
2.552516054822921016e-02
3.660358929454158444e-02
5.034423341533878632e-02
3.549976269681395791e-02
4.736668797262372221e-02
4.610985187666212515e-02
5.335213065319490550e-02
3.486123485989192639e-02
1.935549149593455281e-02
4.822942424950929508e-02
4.170839678925931243e-02
4.667438897999905134e-02
5.937163007141586790e-02
7.088225166113151787e-02
5.042943040041868163e-02
5.466520728741951912e-02
4.977132692302160127e-02
4.055711924605494290e-02
5.394739248134392678e-02
4.847856942571714123e-02
2.755662202173168873e-02
5.455336606169230301e-02
3.331034167772401605e-02
2.764822394374208056e-02
3.526607412300830635e-02
4.021930625283679644e-02
4.588548669219900955e-02
2.186553913312839006e-02
2.933377071524557317e-02
3.991665886262520113e-02
7.555343250512044917e-02
5.960593934181786929e-02
2.986546276086553611e-02
3.988621813236850611e-02
3.214493223912328473e-02
1.044269635641544361e-02
2.801057298546748980e-02
2.906807272713147691e-02
2.223831543531470598e-02
4.126090595495407465e-02
2.005447043413593686e-02
9.696910236990700926e-03
1.211925363690240752e-02
8.252752851465374254e-03
5.943256876253749307e-03
1.452569680319210250e-02
3.732999108366965007e-03
1.027230010715007510e-02
3.088680408788971321e-02
1.615262574099548057e-02
8.125981349364985729e-03
3.842194882820618163e-02
2.871775720876499141e-02
4.698107154118734419e-02
3.434283460860041576e-02
2.097178897065869740e-02
2.498611992920998781e-02
2.495383291131452255e-02
2.313715281631063478e-02
4.327622209813423992e-02
5.245480875392294351e-02
2.704718753383076463e-02
2.089623000051583912e-02
2.083368466628969171e-02
4.199425407836670371e-02
2.438847060173960496e-02
2.149984937934912646e-02
3.655888244397186709e-02
2.284261581607103381e-02
1.873180220431129583e-02
9.932913717957830152e-03
1.890596511980688690e-02
3.566118625172834400e-02
2.079184508576153653e-02
2.445734068604173486e-02
-1.457865053955967761e-03
-8.316552629092545043e-03
-2.175221644839174517e-02
-1.812675464899351704e-02
-8.238444879899222209e-03
-8.841363699097545131e-03
-1.622137057510776581e-02
-2.289386969473404879e-02
-2.511625319001951906e-02
-2.719549913147591494e-02
-3.106722430990943237e-02
-6.876993675777118807e-03
1.755801869733297511e-03
-9.837257707524136793e-04
-2.293540850201882149e-03
-9.031243676162375219e-04
-5.339840592190217561e-02
-2.816107705982663634e-02
-2.801381206548312838e-02
6.424280173099653195e-04
3.966198284915924827e-03
2.345020049997942162e-03
2.231949216494895707e-02
-1.158497370305324944e-02
1.201067424106369921e-03
-1.474312182784558341e-02
-7.419281533800605073e-03
7.507785185530880916e-03
-8.905437607774702516e-03
-3.612770261638668240e-02
-1.506699653575471060e-02
-1.446620124693088170e-02
-2.974197837056703764e-02
-2.078639438525398120e-02
-1.751966519972607272e-02
-2.838199577959267181e-02
-1.201522148583349624e-02
-7.414665483253320144e-03
-3.855904645283755091e-03
5.612142292857603271e-03
-1.297641315970870200e-02
-2.096667124162189186e-02
-7.089400517019945128e-03
-1.706193596550174005e-03
-2.854512676052315887e-02
-4.483283425348081469e-02
-4.038787396191697437e-02
-4.776270508846972018e-02
-5.494418303292354644e-02
-1.627763139069746470e-02
-4.446103617419967791e-02
-1.605637457106618912e-02
-3.951887918148102100e-03
6.227898029566258237e-03
-7.161762041356966799e-03
-6.116718730887622281e-03
-1.191600369159573000e-02
-1.957011593253258144e-02
-2.117734390702604233e-02
-3.877194589081681825e-02
-2.953341107781409097e-02
-2.091813297548675982e-02
-1.834502833604495509e-02
-2.575725125584675881e-02
-4.060668262652042393e-03
-1.272952405161039899e-02
-6.954760416116533527e-03
-1.674999319026428124e-02
-3.590574995309261941e-02
-3.663966235585099096e-02
-2.797875931892846932e-02
-3.987145590299270848e-02
-3.433670913674570502e-02
-3.925185523338235727e-02
-5.104197058461248243e-02
-7.666993165720700776e-02
-6.001859515603825967e-02
-2.721510895222486667e-02
-4.781670516027142909e-02
-9.441338070548886685e-03
-1.630216446557187365e-02
-4.291063736439766282e-03
-2.549942147303026901e-02
-4.895911961862940004e-02
-4.303730767276956609e-02
-2.974490696148806082e-02
7.764237798200359329e-03
-2.117990574310257487e-02
-1.539223051554571876e-02
-2.081067015099553538e-02
-2.956399679239290687e-02
-4.121794124956937311e-02
-3.820054645702537083e-02
-2.412209371324698648e-02
-4.726937459825879262e-02
2.570232185335233257e-03
-2.516866716050809513e-02
-4.974803869788336358e-02
-4.852202742635220584e-02
-3.784130954246655437e-02
-5.268208328073029079e-02
-3.817501698278153582e-02
-4.092473064730547255e-02
-1.481924229541522683e-02
-2.153474352334264902e-02
-3.852091604172029615e-02
-1.861424605330808807e-02
-1.786146683745856029e-02
-5.072518494644420728e-02
1.901988557225052414e-03
-2.234849342110276429e-02
-5.267571949733667463e-02
-4.884862579925425968e-02
-5.808080550034732531e-02
-5.574758467890512936e-02
-7.022477156914577745e-02
-6.306407103471868558e-02
-5.099758227184567755e-02
-7.332470951475780763e-02
-6.008213874220807299e-02
-4.655082827895615921e-02
-4.010643367966152534e-02
-1.538686072466972747e-02
-4.839735197670035766e-02
-4.904308519259011762e-02
-2.012855866101229130e-02
-4.670087257995378383e-02
-6.121303054970200774e-02
-5.698052904820021664e-02
-2.732787157769272363e-02
-3.981932589999075123e-02
-4.101106607738418813e-02
-4.271480733428294208e-02
-4.654911929136425902e-02
-1.913780175327304059e-02
-4.871026434168679309e-02
-2.982468624248910821e-02
-2.977961742551287969e-02
-2.662391351057779784e-02
-3.290249547678133352e-02
-3.678178853603141646e-02
-3.058339876078013109e-02
-6.501098458727272607e-03
-2.160048210605390248e-02
-2.453146319696660610e-02
-2.271778697753226717e-02
1.002511570121433770e-02
-1.229625463279858735e-02
-2.555653449168600669e-02
-2.317733012070792575e-02
8.073692086399183315e-03
-5.597793804564079635e-03
9.401838427346159363e-03
-2.797358136522031316e-02
-3.494178727712395072e-02
-1.217488911500099434e-02
-2.780697694397564479e-02
-1.960969553070278718e-02
-2.453054477511039735e-02
-2.869586101778272974e-02
-2.019911324860431540e-02
-3.972093187965489852e-02
-2.798681001824829956e-02
-3.720942242836178943e-02
-4.373567432096255730e-02
-5.999536839950506822e-02
-3.263785897400060809e-02
-3.452881257289925482e-02
-4.437527850481834402e-02
-3.045452963870005220e-02
-4.095439614906365433e-02
-3.473099730496927162e-02
-2.839478311260582033e-02
-3.581089264167709729e-02
-3.963585709766909160e-02
-3.190521001276387658e-02
-3.968155957438245646e-02
-3.945473202475114488e-02
-4.272931040401949099e-02
-4.912567873063026364e-02
-4.080798469652516941e-02
-2.860165217574762650e-02
-5.143119418093196338e-02
-6.802734315819658484e-02
-7.128346534217760988e-02
-7.287579200880295316e-02
-6.620331254624063633e-02
-7.005384640524341122e-02
-6.429734611439334724e-02
-5.372326462320280854e-02
-3.837664538174376944e-02
-6.014999956843692513e-02
-3.525907213538830021e-02
-4.952919543976104511e-02
-6.632266888311630360e-02
-6.340712814892042470e-02
-4.814292908980533775e-02
-7.039913888413233678e-02
-7.116697835481920753e-02
-7.239364883800847306e-02
-4.106899917180922843e-02
-7.372471751451270539e-02
-6.228928116630340350e-02
-6.099420259471283884e-02
-7.301154761644908231e-02
-4.755736488540243667e-02
-6.162722704711959265e-02
-6.823868561774441843e-02
-4.965539882236378461e-02
-5.371056241186164537e-02
-4.505565039696309698e-02
-5.841875632253111517e-02
-3.325646881638729541e-02
-4.164490697673854658e-02
1.229782387228035845e-02
-2.077828883483955752e-02
-1.025751185423891612e-02
-5.295793703504907829e-02
-4.322305594171849813e-02
-3.156004900114921241e-02
-3.859359023238024405e-02
-1.619203449278551823e-02
-4.007736151955380161e-02
-4.892604350291752946e-02
-5.829420079333054450e-02
-4.934418588634487124e-02
-3.984797970933486727e-02
-5.468769765303854724e-02
-6.184879839643085686e-02
-7.117060146214379546e-02
-4.853026603808875683e-02
-5.888258131642522264e-02
-7.479281363429358953e-02
-5.956832769246094700e-02
-5.132970562498501144e-02
-6.920400894433795247e-02
-5.804838006368175096e-02
-2.732146351205342466e-02
-2.966120138209321633e-02
-3.250889163351839556e-02
-3.825690832445504536e-02
-2.552484091530464808e-02
-4.564718976653115573e-02
-4.785094600971106366e-02
-2.173074293521013584e-02
-3.298903443692247778e-02
-4.360597704206495284e-02
-4.411920536444972896e-02
-3.089418888769597180e-02
-3.346193024247217512e-02
-1.138081695057010199e-02
-2.062559925565530736e-02
-1.661971752975145017e-02
-2.516821921729315084e-02
-2.144429899028952452e-02
-3.669796077865374734e-02
-3.393110224542356113e-02
-5.041333179689745647e-02
-3.924349203085682192e-02
-4.584952841634287041e-02
-4.662059829335712946e-02
-3.556203643313471385e-02
-3.221473829060398503e-02
-4.214558335152622515e-02
-3.587156867720010106e-02
-3.208325719275648136e-02
-3.437501898765007308e-02
-4.621510318134623013e-02
-4.351908180041709484e-02
-5.218908255312992156e-02
-6.481926515998000238e-02
-6.146544256626847863e-02
-4.330002104524872941e-02
-5.691023070024212038e-02
-3.747214475192586769e-02
-4.190303929875267841e-02
-4.573414016788909797e-02
-8.053395164906827774e-02
-6.310554550682863362e-02
-6.063231578258828497e-02
-5.305319487183571964e-02
-3.880777901418293319e-02
-3.145294660487328586e-02
-5.644908671244058124e-02
-5.076817095552523668e-02
-3.910408518348832546e-02
-5.636522954754499826e-02
-2.633448145037343285e-02
-3.770068459084740392e-02
-2.245715307220329596e-02
-3.962817327484399743e-02
-4.427348131277043103e-02
-3.279496391104004538e-02
-3.827354252098143922e-02
-5.372104390331813861e-02
-4.698768794099326962e-02
-4.826698423105685309e-02
-3.889068171679662539e-02
-4.845583196605613568e-02
-5.261333112291997210e-02
-4.751582401118525922e-02
-4.429032419184647518e-02
-6.417340097017251721e-02
-3.543410406096168808e-02
-3.896509440715194283e-02
-5.424141044274146534e-02
-4.259409927358726727e-02
-1.524538828460590342e-02
-2.527832282887233425e-02
-4.307848458014231982e-03
-3.124314056046129454e-02
-3.503512749380627289e-02
-5.192612304735191170e-02
-2.257077248501174194e-02
-3.969661414444745212e-02
-2.700514631491305814e-02
-1.286086637761476963e-02
-9.590963479296551325e-03
-9.915382741884993037e-03
-3.538634946668301612e-02
-4.403365453695638754e-02
-3.158278272710025869e-02
-5.869505285287126423e-02
-7.063582368562512648e-02
-6.343479883407765474e-02
-4.821562007759418178e-02
-5.132579186143115119e-02
-3.612285301739468629e-02
-1.445351587790957848e-02
-4.067363155224963667e-02
-4.439437487838477497e-02
-4.919399989734384721e-02
-7.693409112649700343e-02
-8.187903512483928059e-02
-7.554016820285958111e-02
-7.098814433476022256e-02
-3.315776869960524592e-02
-4.118085001105302456e-02
-6.559068966788652102e-03
-1.031505578128986446e-02
-5.036052290824706568e-02
-3.516859631896583627e-02
-4.245199938169973847e-02
-2.575268871199941009e-02
-3.229246149536835458e-03
-1.945002726932806847e-02
-3.965987605923497472e-02
-2.615856890637597784e-02
-4.160087073050459244e-02
-5.932850930370767856e-02
-5.003477645224613246e-02
-2.909518410750360981e-02
-2.955464620653846727e-02
-2.107075708919329410e-02
-1.179659771708011819e-02
2.679742497258317743e-02
7.083010515242559382e-03
1.317508114782618743e-03
-4.051232469019838689e-03
-2.085488010018161920e-02
-1.328331814260095417e-02
-3.813173322531747400e-02
3.179615893408287240e-03
-2.612019210499566882e-02
-2.120482726468489801e-02
-9.503631965251051195e-03
-2.098860193252096319e-03
-2.748645323850781234e-04
1.179707725028661565e-02
4.329737229180439552e-03
1.964046441671206660e-03
1.188718747828588010e-02
-9.442809714170784935e-03
7.576696693312799484e-04
-1.686754824248048318e-02
-2.350305941982962915e-02
-1.963683045351003603e-02
-6.155530244371975115e-03
-1.156113846804230488e-02
-9.755947120160224709e-03
-1.864952121931953699e-02
-9.160515521373986669e-03
-1.079808392705455117e-02
-1.052316870259059969e-02
-1.164447417670308460e-02
-1.799005759153889106e-02
4.048999864032259109e-03
4.415793845304375430e-03
-1.598708979504416712e-03
-1.489006829115817635e-04
5.306648384569839262e-03
-1.948553047285588643e-03
1.009933575928399427e-02
-5.066249536183978393e-03
5.745349198237612379e-04
1.575117944066445341e-02
-1.529418636768706784e-02
-7.220340044182635419e-03
-1.314916831601345773e-02
-1.029956020657437320e-02
-1.311745872440530161e-02
-3.044117087372064795e-02
-1.283662606462468089e-02
-3.397096910374947792e-02
-1.494587623142266605e-02
-4.176190392965740961e-02
-1.261682745412773775e-02
-1.073864929572026887e-02
-4.077168191562392796e-02
-2.862472411032162059e-02
-2.294042576729418345e-02
-2.119652089845594500e-02
-3.220631575582683787e-02
-1.273940340370275509e-02
-2.831324363160605401e-02
-1.953309682805846881e-02
-1.181817623625682802e-02
-3.113779037317706763e-03
-3.662300083830748176e-02
-2.072955049941864122e-02
-4.478644532214271640e-02
-1.899575256980552337e-02
-3.993228944904657352e-02
-2.540232510312774583e-02
-2.496324952536480360e-02
-8.007159548789241285e-03
-1.730940087296390859e-02
-2.848433975853217545e-02
-2.101190400013301651e-02
-4.133810809329491187e-02
-5.324710657178514939e-02
-5.241009146325713991e-02
-5.099898117445197249e-02
-4.287374668519949861e-02
-2.663870917829137472e-02
-1.604331818117353536e-02
-8.731753162481519642e-03
-1.386860687493982926e-02
-7.482130497629648457e-03
-8.208346733095117642e-03
-3.964598708237724277e-03
-1.850685183426201488e-02
-2.174655882538663321e-02
9.466473451042848458e-03
1.432800531659298056e-02
-2.507280669360994682e-02
-2.091941342718919156e-02
6.754399486800437107e-04
7.085600915170291170e-03
-2.526929478310794858e-03
1.509145962779861322e-02
2.197766261413215336e-02
-9.845956426097864783e-03
-1.296383852900409930e-02
-1.263977769740825055e-02
-3.099614558244426481e-03
-2.238290349300226315e-02
1.302156065583719722e-03
-1.940293284714753388e-02
-8.403133165763389256e-03
-5.548113914679390739e-03
-3.105614923171579750e-02
9.241660447157669031e-03
-1.733284834212791073e-02
-1.140358773016627962e-02
-1.561923058651557006e-02
-2.403493651113413135e-02
-3.189180743427533909e-02
-1.223775401673631025e-02
-2.032784314442633716e-02
-8.975262881547976454e-03
-2.441281452818634332e-02
3.701046879903060072e-03
5.895231864980404052e-03
1.122531601855266715e-02
-1.285503495220756236e-03
-7.387923024600086958e-03
-1.262603440898371447e-02
-2.116171202661114303e-02
-2.431171415291914426e-02
-3.846223872392863508e-02
-3.293381199317111513e-02
-1.692958738528573329e-02
-3.641059067052056925e-02
4.746819097799450174e-03
5.582046541416516884e-03
-1.040922475375783730e-02
-1.614289905986230483e-02
-2.903911382340844654e-03
3.168648508393459313e-03
-3.401168032531966257e-03
-2.443825224831514334e-02
-9.506817635386162826e-03
-4.885840051368376367e-03
1.398116380281960031e-03
-3.273796698402576394e-02
6.127761773817898446e-03
-8.761655511524399365e-03
-1.088151001160627546e-02
-2.714161880180590569e-02
-3.125127080592266047e-03
-1.720239077490382656e-02
5.105365242647525066e-03
2.247067291924095735e-03
1.378854218802036923e-03
2.564489688363690793e-03
-1.706085779984471348e-02
6.709165128553138194e-03
-1.009435866303740742e-02
-2.176551866517736911e-02
-2.947731634380215682e-02
-3.388768775374146475e-02
-2.305706171632323359e-02
-4.340218138384491220e-02
-2.564439834954966926e-02
-4.533003702257480325e-03
1.834890964911683672e-02
-1.385466409754555935e-02
-3.077941400247008116e-02
-4.591583063228023981e-02
-3.395948488015953365e-02
-4.307813930719345957e-02
-3.675097862078573890e-02
-3.810993825245626715e-02
-3.711482153001975648e-02
-4.190038086625931524e-02
-2.113649077094777520e-02
-2.429777712465559444e-02
-2.849120258230468383e-02
-4.870392764613996894e-02
-4.184711567308789515e-02
-5.745550881821321482e-02
-5.740613699375349266e-02
-4.218650989118967465e-02
-3.106325927852009519e-02
-4.276922826899173802e-02
-6.776474850162027275e-02
-5.828390343045047883e-02
-7.296937936010020054e-02
-5.900833138993426263e-02
-6.240458716822989277e-02
-5.773586234307145210e-02
-4.850318286102443116e-02
-7.218544531009654652e-02
-9.211467454881784589e-02
-9.241091804127245235e-02
-7.969290305455133117e-02
-5.572213619138679380e-02
-5.765781481793488122e-02
-3.817400667557604294e-02
-4.018027026949507613e-02
-4.990945169464175435e-02
-6.503588708878993430e-02
-4.481943475680526950e-02
-5.519103030791511211e-02
-5.768600107843501607e-02
-8.054761550578665164e-02
-7.309589384938615375e-02
-8.060137042763269866e-02
-4.174682814641382522e-02
-5.287070269744106182e-02
-6.294269377757998052e-02
-4.324304398857255899e-02
-1.806027757076878945e-02
-1.566070674220888803e-02
-4.883845137454835561e-02
-5.083763963250010481e-02
-2.574878337371155554e-02
-1.793124684629518462e-02
-3.079752479997700798e-02
-6.358023939748929688e-03
-2.415701913216314334e-02
-2.192449204930942835e-02
-3.029386514167393615e-02
9.286405834493223835e-03
-1.531787186506558020e-02
-3.585477626221530989e-02
-1.988972826046500261e-02
-2.926987229470660173e-02
-2.450018446478997858e-02
-5.099711858307360429e-02
-4.471846151539802389e-02
-3.707860781420185825e-02
-2.600898680797315149e-02
-3.273218907012507423e-02
-1.997463305885316051e-02
-3.614220234729912523e-02
-5.758146241825755351e-02
-5.030154427889709651e-02
-6.014725264617419576e-02
-7.292386175618066624e-02
-5.101603333032020404e-02
-6.208305823005659529e-02
-7.364473473428696793e-02
-6.682811929453331967e-02
-7.284770130209795858e-02
-6.622312736421472057e-02
-6.473145008700369185e-02
-8.445189298272863521e-02
-5.508034266754716773e-02
-4.775627148463048449e-02
-5.609458664555355689e-02
-7.334063664068160571e-02
-7.567887240060221232e-02
-5.976882093529806844e-02
-6.337686609735995735e-02
-9.244264829311536757e-02
-9.515048446984870900e-02
-8.220655686283249997e-02
-9.385047392751197370e-02
-1.190749102378503982e-01
-1.007639657440038972e-01
-9.986316336635112090e-02
-7.948127461279466677e-02
-5.397760339096527998e-02
-9.002321741077314032e-02
-6.607163173110849885e-02
-5.543401684261291956e-02
-7.457890124947441635e-02
-5.085448347009491332e-02
-4.146305840579587315e-02
-3.960620322602875082e-02
-5.845083833967647247e-02
-6.244127704092465592e-02
-6.243011915648800231e-02
-8.447010864828116694e-02
-8.551135664895224975e-02
-7.910959682036160234e-02
-6.972429438398974888e-02
-8.766502216869055675e-02
-7.147038785162983243e-02
-7.746593360514457405e-02
-7.587883411789318744e-02
-1.002435068101137083e-01
-6.051415342892842858e-02
-8.444593267241683188e-02
-6.207721108793062131e-02
-8.684388456682612389e-02
-9.166883956767954422e-02
-9.490741694796443750e-02
-7.689934479053137095e-02
-6.952268809085326851e-02
-4.034891110698139716e-02
-6.883208884775302017e-02
-7.159677293387324559e-02
-4.667440078769226341e-02
-6.898442818729624837e-02
-8.232929164187921534e-02
-8.358308812211730221e-02
-8.927909171744996542e-02
-8.661251291340027469e-02
-7.718922805404561382e-02
-6.279784420014215829e-02
-8.271993149294931680e-02
-6.969528031028653092e-02
-7.281231329368600957e-02
-7.033362320174665894e-02
-1.024124138620378238e-01
-9.786885593884823986e-02
-9.673289831401614414e-02
-1.042705797497820441e-01
-1.029972628982778610e-01
-1.128930395504676720e-01
-1.172286610983726690e-01
-6.894278558913030652e-02
-8.093072279040848527e-02
-7.061946533853219465e-02
-8.130861105985462411e-02
-1.103641673414356705e-01
-9.333070651172503673e-02
-8.641841460042376521e-02
-9.095729768764934664e-02
-6.155802474069903968e-02
-1.042414911305925285e-01
-1.019275213973254296e-01
-1.049637283379992042e-01
-9.374037459632876546e-02
-1.032031871175788096e-01
-8.425374263118494411e-02
-1.024882553069534491e-01
-1.098390553609814163e-01
-1.141369891458902247e-01
-7.984614536019751796e-02
-1.045141473075808514e-01
-8.957334949202341856e-02
-7.955773784687668326e-02
-7.025978408623576033e-02
-1.005266970917573915e-01
-1.042502504407060715e-01
-9.253394579957473220e-02
-1.034817054986743867e-01
-7.120975693970603426e-02
-7.472533364079569917e-02
-1.169667687536271317e-01
-7.376005364027400646e-02
-6.535825843647698197e-02
-9.428819233604840422e-02
-1.224782936480712098e-01
-1.004086124481710779e-01
-8.658981875580459842e-02
-9.736331255711312693e-02
-9.968825803277918396e-02
-1.342506467458662034e-01
-9.871699071310904849e-02
-9.281088797365284748e-02
-1.482891027300220765e-01
-1.301889945978786378e-01
-1.248824367144616004e-01
-1.136956658890678207e-01
-1.436825459233229407e-01
-1.274937479924446448e-01
-1.370579062294721706e-01
-9.835754845019699377e-02
-1.085790041114968879e-01
-9.985349285809430597e-02
-1.011924539561128988e-01
-1.160794659789196048e-01
-1.378863689259349490e-01
-8.443304886759563088e-02
-1.010354054056087636e-01
-1.083733952942372708e-01
-1.081209390279548044e-01
-1.086820041908925366e-01
-1.181876335431647357e-01
-1.136754539478813664e-01
-1.115835443347765049e-01
-1.103800317019984906e-01
-1.265062056530852630e-01
-1.202988479427887364e-01
-1.212806959702654730e-01
-1.306255184303500849e-01
-1.124234439346194214e-01
-1.433145032334900981e-01
-1.383663112279997776e-01
-1.312657435628442337e-01
-1.110210335200722820e-01
-1.259222838091328955e-01
-9.154695530313725071e-02
-1.026966494051924778e-01
-1.165001964607615959e-01
-1.193651502440895157e-01
-1.055724042155447295e-01
-9.401720549570961871e-02
-1.266186626635063539e-01
-1.026686564441060545e-01
-1.106912938019998516e-01
-1.157758007161892450e-01
-1.139751661430685320e-01
-1.093594585218750498e-01
-6.767007526719154287e-02
-1.142714507480633579e-01
-1.113435054907303406e-01
-9.040400370879375647e-02
-1.052015504968385751e-01
-9.840504723657564345e-02
-1.067267135881301565e-01
-1.040463050947562224e-01
-9.335534147621617207e-02
-8.836151195799274438e-02
-9.595851918317058193e-02
-9.979914413808706197e-02
-1.193770582000123481e-01
-1.240723992679364368e-01
-1.202668920009287157e-01
-1.236711649869616514e-01
-1.262508809538683552e-01
-1.179304492304818625e-01
-1.115494650107228536e-01
-1.152211792622527819e-01
-9.726321481967173388e-02
-1.060574137542747986e-01
-1.085379919893165457e-01
-1.253557451742032258e-01
-7.273193960941425062e-02
-1.220485654596225045e-01
-1.027221513165240685e-01
-1.231947486164177430e-01
-1.245609018767159099e-01
-1.238227290794212121e-01
-8.882233619103188649e-02
-1.160330058118495405e-01
-1.213113663454059576e-01
-1.174815504621842116e-01
-1.212640733496324064e-01
-1.405673060844448985e-01
-1.091992893273502907e-01
-1.094230887599995927e-01
-1.490007417717764127e-01
-1.189616851865271385e-01
-1.020355199809092478e-01
-1.103392776377206952e-01
-1.002080660928947181e-01
-8.505390241922849981e-02
-7.533281944157445287e-02
-1.067719201165510251e-01
-1.158332846933157606e-01
-1.084505506792119295e-01
-6.126777894969873128e-02
-9.921076920233305729e-02
-1.188741191525439500e-01
-8.125672071272216357e-02
-1.173546676034309538e-01
-1.019648063714455044e-01
-1.061489077123380642e-01
-9.409883075964521615e-02
-1.278436273390079481e-01
-1.323677261842781672e-01
-1.321385682943685136e-01
-1.156872769714633181e-01
-7.395450395576738667e-02
-8.925662195637823482e-02
-8.409869346565940207e-02
-9.774590786023598654e-02
-8.925748332432688337e-02
-9.807404562603785902e-02
-7.023467754112422412e-02
-1.000227121718667983e-01
-1.353699726979036844e-01
-9.243906302711252243e-02
-1.000426501398706258e-01
-9.060082019379925300e-02
-9.516750300660761774e-02
-8.997508217198631197e-02
-9.141879476547158656e-02
-6.071321417203364573e-02
-7.160414547845306288e-02
-9.453265895825199716e-02
-9.489007251150095856e-02
-4.914862437800216616e-02
-8.496792181143467126e-02
-1.005410199309015040e-01
-9.840892803359099772e-02
-7.891821280418374884e-02
-8.923608035521912729e-02
-7.810968077402338783e-02
-5.832109322968194454e-02
-1.025162506709094840e-01
-1.085437221993743595e-01
-6.130166388970697405e-02
-1.194826575473461883e-01
-1.166159652741603769e-01
-1.149669538464476309e-01
-1.245123150204752865e-01
-1.061433806796831386e-01
-9.455514713872985311e-02
-9.942235488908894581e-02
-1.040309622569994957e-01
-1.235671571027571469e-01
-1.099038628284308983e-01
-1.282809579111648113e-01
-1.133195505665685054e-01
-1.001928912871879740e-01
-1.137218734926753044e-01
-1.173835398929404389e-01
-7.984829545627372682e-02
-1.073722876306349855e-01
-1.072890170883429861e-01
-1.046077737049697365e-01
-1.115368970252634123e-01
-9.943332475726031350e-02
-8.724259001363880717e-02
-1.111203805591666621e-01
