9.349249940093382061e-02
7.396958016821907067e-02
6.525815218217602409e-02
6.504557046822044553e-02
2.797439249437824391e-02
3.926788858531100185e-02
3.583674583562173471e-02
3.436912439136666220e-02
5.100648607282719932e-02
4.907484101262394455e-02
5.633401786617804607e-02
4.153832806533194755e-02
4.099780177167616779e-02
5.467402657769086793e-02
4.923797893780401669e-02
4.697224994975300605e-02
5.917268323423173493e-02
4.224247822448518735e-02
5.348226940292186149e-02
4.978611996107226018e-02
5.965982606434047653e-02
3.826370931754950050e-02
5.209843824958770853e-02
6.390621851308117551e-02
4.496741778061647682e-02
5.473201006255393186e-02
4.825235924957740896e-02
5.036418737693244135e-02
5.026605639612214543e-02
3.720243146624276076e-02
2.844274242245517503e-02
3.794396992954290199e-02
4.601986353751516545e-02
4.478792661020791765e-02
2.953095026339317905e-02
3.597832788151694716e-02
3.784400453045652646e-02
4.479553563379143344e-02
3.703021265972887555e-02
4.347416691284537033e-02
4.702039046411176509e-02
1.714527183094385551e-02
4.780482713558673047e-02
3.572164443752601226e-02
4.934704628205381638e-02
6.301861678129143385e-02
4.191164336321368672e-02
4.289382524820550130e-02
3.614111155030957229e-02
2.928576306073467014e-02
3.251911119960563396e-02
4.427625492839425136e-02
2.904156984358718940e-02
9.804116695295378436e-03
3.391018841393818317e-02
4.122059418256706492e-02
1.417518234120341072e-02
4.832986095215104083e-02
2.883987207061790639e-02
3.082425700117426628e-02
3.107750056452944151e-02
2.481819512040786199e-02
2.050408178783474575e-02
5.660130476304593185e-03
1.783979800874872443e-02
3.525476592635398004e-02
2.598724356421411655e-02
2.918316953372287678e-02
4.069651437683054901e-02
2.019528143036207479e-02
2.489042914667860540e-02
4.464121510402172671e-02
4.061477257082959924e-02
4.170947746683888180e-02
3.718904371166426720e-02
1.657498487049217581e-02
2.097239833120570843e-02
3.648239021985592162e-02
3.773705414230568711e-02
4.129737009194887898e-02
4.323991768781969974e-02
5.122855636720755751e-02
3.027860739965521075e-02
3.484228565556833634e-02
3.746509367887520398e-02
3.185938783148738879e-02
2.018717868290620734e-02
4.073520566195720088e-02
3.316763647604515503e-02
4.257160473290525632e-02
2.166583254150322366e-02
4.655177719334652880e-02
3.451257599481323546e-02
4.100600739623327939e-02
3.145390820915822810e-02
3.631221103360899455e-02
3.138914158513964048e-02
5.413381494983406789e-02
4.867318517217544133e-02
4.522494658211933388e-02
4.804272759070246646e-02
3.999856222033728453e-02
4.346868551058190311e-02
5.387901867409791712e-02
5.010294731246242583e-02
4.824942204844508142e-02
3.276178825361125702e-02
4.143022235936504732e-02
4.854556561495882577e-02
5.600035446083334589e-02
4.483171091367051109e-02
5.914199710065602689e-02
4.944463263626970584e-02
4.117368283129665962e-02
4.827925387993473039e-02
4.985529283688933805e-02
5.706674153650177078e-02
5.660164260227651400e-02
6.164958986673333557e-02
6.707951485166467609e-02
4.990913982339643951e-02
3.693153726880162718e-02
5.491181852873838753e-02
6.234432016124218101e-02
6.047290440003210560e-02
4.909104561399276617e-02
5.509814557392497814e-02
6.227913248045431616e-02
7.088161713619667292e-02
6.016580748899543613e-02
4.495062977422557143e-02
5.620026757996290229e-02
5.294364438433010051e-02
3.996515224158903729e-02
4.571175031023815005e-02
3.700735776107642871e-02
2.960089736980984002e-02
4.498039120659580448e-02
4.613328132104383555e-02
4.314899185939551768e-02
3.855818705224633297e-02
4.953218718950178762e-02
4.024226573638291227e-02
4.108277259113668478e-02
3.308772614072839902e-02
4.140830333113173362e-02
5.430596531937550292e-02
3.011986425344270399e-02
4.457916329940755235e-02
3.291960677511895916e-02
3.943435227773726959e-02
4.103912154997031714e-02
3.589043533547638803e-02
3.152562015199702333e-02
2.500178194723507927e-02
4.263661743086975819e-02
2.550821880872043007e-02
3.766904076505882271e-02
2.518009710406532084e-02
3.452696124593854221e-02
1.522485080940998159e-02
2.339526917604635436e-02
2.266385392722397932e-02
1.714919643430593693e-02
1.989457474685650887e-02
1.990087384419712835e-02
1.643032636961471241e-02
1.792611260017868552e-02
2.744621896945666217e-02
2.509025926161660008e-02
3.462995611879162577e-02
2.164975576661070170e-02
2.558771768468785790e-02
1.883976886797970526e-02
2.320444389638891269e-02
1.363110762189523491e-02
2.421498894699319199e-02
3.669321862124483302e-02
2.583484426357747152e-02
2.593325974577854673e-02
1.814327288077030934e-02
2.952145265494042145e-02
1.879320015652971229e-02
1.239233669522964328e-02
1.741554196487654985e-02
2.441385043630348375e-02
1.980470320871921541e-02
3.121626809801701999e-02
3.134911852892532935e-02
2.917094868439334965e-02
3.772065455450447635e-02
4.086086961561247871e-02
4.149293558872141352e-02
2.417043386042302955e-02
1.322924445401415898e-02
2.022877379305724338e-02
3.431248322422952163e-02
1.842077507417093710e-02
1.856556786165229969e-02
2.500220333143736429e-02
7.759300439682745298e-03
1.489800247897148100e-02
2.681630806338942963e-02
2.602130469827327805e-02
2.229069083343370589e-02
2.406162668739796062e-02
3.047551836586986571e-02
4.023387645034294524e-02
2.263943320157855640e-02
3.312462320911391256e-02
3.515741517330729649e-02
1.874426351384368000e-02
4.999965083210991361e-03
3.386961235438820661e-02
1.996005781512471058e-02
1.171395104104097987e-02
1.989745586193714805e-02
3.365528856493696375e-02
1.742533968259662655e-02
1.612090248541653628e-02
2.087026473566403265e-02
1.041661919130196928e-02
2.020640528036676473e-02
2.246257286808565901e-02
2.463076911846514422e-02
2.312183390336625469e-02
2.131522624302513436e-02
3.477560809407691939e-02
2.081140948033397692e-02
2.353389592134376082e-02
8.197822674402914164e-03
5.525653058156413007e-03
1.335807907838457327e-02
1.123517042740221003e-02
-2.261986800660908351e-03
9.056630184176215487e-03
4.506280616257550727e-03
1.230849124611303400e-02
1.325912907330779530e-02
2.074475802245421066e-02
2.926304202682921546e-02
1.700167160667446012e-02
3.428467646729514012e-02
1.675305080462104537e-02
7.056248144469056717e-03
1.046693483124245400e-02
1.800459170138424617e-02
2.920298152581251444e-02
3.128488135528620373e-02
2.734795432077861271e-02
2.664630663530899793e-02
2.114238733094037093e-02
1.613655968838779639e-02
4.500191158305884981e-02
3.970819981405834115e-02
2.659196597954958594e-02
3.723074435617770156e-02
3.248356824619084288e-02
3.614646647354393533e-02
3.717616984434680971e-02
4.290166499706792036e-02
2.423175491169348231e-02
3.119182571633725282e-02
3.297533758183449765e-02
3.766906727629065060e-02
1.972284409970057051e-02
1.027249662927334425e-02
1.063507425162653168e-02
1.803746231482275877e-02
1.276085276190055094e-02
2.626310304377968419e-02
9.463275748433823756e-03
2.705512571843645200e-02
2.650082939463914086e-02
3.072986460470447309e-02
2.856070695797557554e-02
3.610562963326836156e-02
3.387376403885254683e-02
2.967223458440534228e-02
2.395669067031606578e-02
2.234778746574572761e-02
2.020983905719487411e-02
1.465061483456416361e-02
1.500906714378787143e-02
1.361486844327835892e-02
1.511039040190348577e-02
2.736411625516327675e-02
3.783645139331154317e-02
3.257712845729803658e-02
5.309777681396970865e-03
2.554997605685695172e-02
1.496545018802242916e-02
1.983017958054839047e-02
1.453831121296722539e-02
1.973326224491302877e-02
2.446423350746460348e-02
9.995189171197406755e-03
1.906116419422407282e-02
2.720301801889557503e-02
3.067225778775804421e-02
3.514695468271786249e-02
3.755412404549822447e-02
1.791821640444124161e-02
2.976161158954910776e-02
2.279247924696665983e-02
3.163481378218285095e-02
2.782522444789536920e-02
1.288349176736462015e-02
2.959776656173752213e-02
2.350372212097872823e-02
1.186109033956795657e-02
2.664644107634599191e-02
1.237730947354463880e-02
2.118871151764652183e-02
2.039680140421248900e-02
5.915835195071311031e-03
7.915800476438266189e-03
1.423918800848372052e-02
1.292575064336921008e-02
8.864208386309163634e-03
1.165297551604724605e-02
-4.329480313551194691e-03
2.064646864079815788e-03
-1.286967458663348810e-03
1.261832034709029632e-02
-5.172956308733289189e-04
1.749147970426762760e-02
1.468368500453564804e-02
-3.992479043851868484e-03
-2.657219285699475523e-03
1.274828663564349374e-02
1.260422099463755219e-02
5.007173119192542300e-03
1.006712950393988219e-02
-1.249560901574683219e-03
-3.619558354719850865e-03
1.645913723954077826e-02
1.826932123933227691e-03
1.417666276441739703e-02
8.895793764976950638e-03
3.915657866485310924e-03
1.084694981261817050e-02
2.224499870348415828e-02
1.643946229176251883e-02
1.893630401038198102e-02
6.575285478068603091e-03
1.242301974076478327e-02
1.148763770521184224e-02
2.226419829207804471e-02
1.199655186309539490e-02
1.922155769217280194e-02
1.275908481238261644e-02
1.913616917504931333e-02
1.389412127617317867e-02
2.155400226352225182e-02
2.050322222889840174e-02
1.374911507941892208e-02
6.966367183994076270e-03
1.270596847093817192e-02
4.408449651131941815e-03
2.128571747805037967e-02
6.570105217239646973e-03
1.035492386271744288e-02
7.693246818816236975e-03
1.198085723138609879e-02
1.289272132220555672e-02
1.409287794474956522e-02
1.438493001230353903e-02
7.936743801116270119e-03
4.672971229490929454e-03
5.301659556963019340e-03
2.562087540610401629e-02
2.000662002353512103e-02
1.724463579188508996e-02
9.972753904410561199e-03
2.821858273936446448e-02
2.352832335764629482e-02
2.074226459658678676e-02
2.901236676547594082e-02
2.782125345942157782e-02
3.095925808044911950e-02
2.634337156386026141e-02
1.481569674155598128e-02
2.504212069961667467e-02
3.090200594813403978e-02
2.008798776181701731e-02
1.837025034711203125e-02
1.542616563914847236e-02
2.119467955329512598e-02
1.918524819471171053e-02
3.265873595171370908e-02
3.377593366135716452e-02
3.254104809198163362e-02
3.600642663459076992e-02
3.504587679602397254e-02
3.844253254172579765e-02
2.992011246415209047e-02
3.714966700143877698e-02
4.927174972370083200e-02
5.116949644466177449e-02
5.153906813354262872e-02
5.592645687266183802e-02
5.694523321669395927e-02
6.288221194024903871e-02
5.272282782687096048e-02
6.335754141246197069e-02
5.585717366292522468e-02
4.680782669724958128e-02
4.906719468517790894e-02
5.083220463329082839e-02
5.407390757080996618e-02
5.382812424782782573e-02
5.460729907831845392e-02
4.797101198195028587e-02
5.188411442622469644e-02
4.620435544911526832e-02
4.963957004101811343e-02
5.081332721536617469e-02
4.461468772394656251e-02
5.302820752798795972e-02
4.707661681719668006e-02
4.123601334660410150e-02
4.060216940246053063e-02
5.257320054305274215e-02
5.703210852356373206e-02
4.529133360054743429e-02
4.630414301350534168e-02
5.011436578354830362e-02
4.743792936416273143e-02
3.919437882169608811e-02
4.844753046648376388e-02
4.481456000008435941e-02
3.979514214072516626e-02
3.920396725654018422e-02
3.852848092458881213e-02
3.715286511562247013e-02
4.484299879290655488e-02
4.970653458970656496e-02
4.435158300731292108e-02
4.719474725070958027e-02
5.451794533564878475e-02
4.645379063716589124e-02
5.384748516742610125e-02
5.768280688769810566e-02
5.856963992074593756e-02
5.670555348927092121e-02
5.309206888772678712e-02
5.218831236894858061e-02
5.010795651137774781e-02
4.166426824552107999e-02
4.192623720487139577e-02
2.863054957518562302e-02
4.335242452706124933e-02
3.870112785169329411e-02
4.536175033386381089e-02
4.095032206237874534e-02
4.169761594464954646e-02
5.080292781604560381e-02
3.923109916425725902e-02
4.940295238620918961e-02
4.269729700112157023e-02
4.187490376864576314e-02
4.147929129865202819e-02
3.122844720346730843e-02
4.882440726137298598e-02
5.328407210732943877e-02
5.449157254757867885e-02
6.440062768403835569e-02
6.180393435265739421e-02
4.179561149079107779e-02
5.434576094322324941e-02
5.438454918789092235e-02
5.754548070558235251e-02
5.023391914161091237e-02
5.528154012079954799e-02
4.029122092764278462e-02
5.639553723868306195e-02
6.012143649862387862e-02
5.798289569294056561e-02
6.162610438902731830e-02
6.787771238848373800e-02
4.904365056964613001e-02
5.108720280905219846e-02
5.942579485667887768e-02
5.771715766214031984e-02
5.117094941286223081e-02
5.917178220671331229e-02
4.748238183810881557e-02
5.553498502559228028e-02
6.017108277844467057e-02
5.825057963901051489e-02
4.900644935190436036e-02
5.904468193417791028e-02
5.495363555401121258e-02
5.899172102510199384e-02
5.660257508281379968e-02
5.366019568138295781e-02
5.392525630370696016e-02
5.053227785731056326e-02
6.075894669461164022e-02
6.906066596394784540e-02
5.962227984181028839e-02
6.948163047074197574e-02
6.573093263725432456e-02
5.572301046643816924e-02
5.097975181586556631e-02
5.717506869283173199e-02
6.138108898529368723e-02
6.268565914041820952e-02
6.597133038910513170e-02
5.725136829570773994e-02
6.865221188665786289e-02
5.696977227328912929e-02
6.639657271404995897e-02
6.488961684991553791e-02
6.286272433489929756e-02
6.399371704181426590e-02
5.722267426094087422e-02
6.994228237806646153e-02
6.219373055733215527e-02
5.386048123509248886e-02
6.071145668703006176e-02
5.642333070412704904e-02
6.377045177465494319e-02
6.979222536770721130e-02
5.822721531962565811e-02
6.176908005322229167e-02
6.688467807231615603e-02
5.880095997468843400e-02
7.104074603119106546e-02
6.162688153067509556e-02
5.528367651380201170e-02
5.029630266689309737e-02
5.581890420220712856e-02
5.058518131265726803e-02
5.916322854805110970e-02
4.568381502602473360e-02
4.991601840213369390e-02
4.701071187656620520e-02
4.964772524826656375e-02
5.114246622002742437e-02
5.508801004643028992e-02
4.603807137897036189e-02
4.530805346068858541e-02
5.595386329343673276e-02
5.233033866443549675e-02
5.109665125967888938e-02
6.065711212816062708e-02
6.363900150308415826e-02
5.603809099062378313e-02
5.444540138682722741e-02
5.729185505988180355e-02
5.790857829980038812e-02
5.647208396702692312e-02
5.288467560570971754e-02
5.667708445999301847e-02
4.818279531667184201e-02
7.082462545752570005e-02
6.752774688315837937e-02
6.843716755912880589e-02
6.628916223136943620e-02
6.806795895822058406e-02
6.901476614039669943e-02
7.017424652877994606e-02
6.602809407537420239e-02
5.844361705010787944e-02
7.321735576902752007e-02
6.519601371713967808e-02
6.581674432022209531e-02
5.980934981417031920e-02
6.911034253105272085e-02
7.273653066522994814e-02
5.982219862706221469e-02
6.209861834174598000e-02
4.299498936474966532e-02
6.298085219268818868e-02
7.012008841421626948e-02
5.965914466191479110e-02
6.077421878940911237e-02
7.864982831192199320e-02
6.079830195315816949e-02
6.688824424576222949e-02
6.339740169095196831e-02
7.059675985889697636e-02
7.174676906064227089e-02
7.248271971285380477e-02
7.253071108401137890e-02
6.766821468623446245e-02
7.291231971235911935e-02
6.660545808399527534e-02
6.102945397239056824e-02
6.826664683789307464e-02
5.879347263303721927e-02
6.580963543637276258e-02
6.015532116297715726e-02
5.803107786615593205e-02
5.322262494875985850e-02
6.429140514621513314e-02
5.919940116920416329e-02
6.499194453931357585e-02
6.202014095154617657e-02
6.648993631778199465e-02
5.489904676303537095e-02
7.346839373545259455e-02
7.388374925466095755e-02
8.147691671307166761e-02
7.155291730845253495e-02
6.993660070760956970e-02
5.946402589685347712e-02
6.239941746412027562e-02
7.131807846556516284e-02
6.889344742662957544e-02
5.607596613740379460e-02
6.467398843653676677e-02
6.673336274836465243e-02
7.183156544515041653e-02
5.828012987453503463e-02
6.348148824051617900e-02
7.202619414495929628e-02
6.596377573987673160e-02
6.086323757470735868e-02
6.720768720036801591e-02
7.911008758332808977e-02
7.053356829858958843e-02
7.094025883029454749e-02
8.044975329281854604e-02
6.892656919844969421e-02
6.942577800647392605e-02
7.702801798282901680e-02
7.956782477408175236e-02
7.880550699457965214e-02
8.200647648802159018e-02
7.160126034433950126e-02
7.116348188657443952e-02
7.788731307235696733e-02
6.700351085902564452e-02
6.451280613658592900e-02
7.471215264496570974e-02
7.193130579184668638e-02
6.943403679404006046e-02
7.387367406960936023e-02
7.198658644673235074e-02
6.403392863852384875e-02
6.981081731473937069e-02
6.096991676948599476e-02
6.978899681296658886e-02
6.384294697440798250e-02
7.419209399513636283e-02
6.161939619800208684e-02
7.104085684008473733e-02
7.121911659702015451e-02
6.387362853081050840e-02
6.120651724365972629e-02
7.031112151093531215e-02
7.212403210631861128e-02
5.633646277754331133e-02
5.245343933216178867e-02
6.302093028671996999e-02
5.802024852753763506e-02
5.068164315189351010e-02
5.762592730117640366e-02
5.405334377458147904e-02
5.093597279975995568e-02
4.869766675234736553e-02
5.346560610213074022e-02
5.492482983771976995e-02
4.519027200266399064e-02
4.931418109591732823e-02
4.586705669591462781e-02
4.906627216693194848e-02
4.988349789404810525e-02
4.409424886314503023e-02
4.745714211836372931e-02
5.458256929008635516e-02
5.403048247873234317e-02
6.020047136375956259e-02
5.099299142331595314e-02
5.749566289010518000e-02
4.910681330550226847e-02
6.003882411242379008e-02
5.899300066902227885e-02
5.809959975575531427e-02
6.005698841937089083e-02
4.622865576937341958e-02
4.655153148825511011e-02
6.310035651669598789e-02
5.393435270711666868e-02
5.410622320825500542e-02
4.718022452162509012e-02
4.807278312301600104e-02
5.868098069266846489e-02
6.693654269420999670e-02
5.026265538227415314e-02
4.960902076372532277e-02
5.049690627535856347e-02
4.713488892322089535e-02
5.098735627516898933e-02
4.971401115699339984e-02
5.419576939277898769e-02
5.446529715988317893e-02
5.160733051690823137e-02
5.631190421604034130e-02
5.300344953790297325e-02
4.657587380800149585e-02
4.926352623035085143e-02
5.187926498619744448e-02
5.552964369549199392e-02
5.363133429116333228e-02
5.588715423251892911e-02
6.242624453399505530e-02
5.256717357953133440e-02
5.164311660514862151e-02
5.764576176476685077e-02
5.527991372984986107e-02
5.947813569005701295e-02
6.632322844382249061e-02
6.973876424723046696e-02
5.495922091814075400e-02
6.733577069950333338e-02
6.535624086178785930e-02
5.713930536712988340e-02
6.111673330673735721e-02
5.761824124331638847e-02
6.968064275214934378e-02
6.818779937822237736e-02
6.226711672649282159e-02
5.593654639419905900e-02
5.577034682826826489e-02
7.013017148625222408e-02
6.486253720300304282e-02
6.011941591063626328e-02
6.662214730371548987e-02
6.948878034166888762e-02
7.711832922970121573e-02
6.885821350831737575e-02
6.450915389287795176e-02
6.721806274434274919e-02
6.040124527020188094e-02
7.043355660767472437e-02
6.853515008782627704e-02
6.162395125275897667e-02
6.876450729429453568e-02
5.625904568166532893e-02
6.439327399485469949e-02
5.898718501547867837e-02
5.952992800302019799e-02
5.112290993745709916e-02
4.939839168119394136e-02
3.621210635566626812e-02
4.896110440617208043e-02
3.631309162354490194e-02
6.109904528342216534e-02
5.140366236532218497e-02
4.850593964200645980e-02
6.537793090125788853e-02
5.546934342896241849e-02
7.146705818253132336e-02
6.017137366446865393e-02
6.039101331809400980e-02
7.491913466133214017e-02
7.401718692895040141e-02
6.739520814639658741e-02
7.263648953582381440e-02
6.052741052218922613e-02
6.288341456889055825e-02
5.992124501157593958e-02
6.622966386513247372e-02
7.200158372069632995e-02
7.742541132333881360e-02
6.833859516110880883e-02
6.303316651857988895e-02
5.641389242943983806e-02
4.983244352575803143e-02
4.909359728329284328e-02
4.172879879672172082e-02
4.694117681848939544e-02
3.950446674921700291e-02
4.555730699911893222e-02
5.117034789371703585e-02
4.460207807543101199e-02
4.046651897639536727e-02
4.100203221503967432e-02
3.981074091116363484e-02
3.319997547902914931e-02
3.441260884953441235e-02
3.624734904988718281e-02
3.883492470729014295e-02
4.950366997039451489e-02
5.081128922066669579e-02
5.707372932813497418e-02
4.973610660289463220e-02
5.372427203584580896e-02
5.572662486654458153e-02
6.661814829574608243e-02
6.203057707382925168e-02
5.992936478241349396e-02
5.761026188200978060e-02
4.805716254838215962e-02
4.726177874625456937e-02
5.946780844097409452e-02
3.713868727652124002e-02
3.878923165518300548e-02
2.351503726491530749e-02
4.271540615280246950e-02
4.067403883962882744e-02
4.272800954187112865e-02
3.554776460417388706e-02
4.429090155593504857e-02
5.587893076523401531e-02
6.261911363582495227e-02
6.601856479463791283e-02
7.374460094671861365e-02
5.913795637558125901e-02
6.848822487367625667e-02
5.624901559752869956e-02
6.039018468079304647e-02
6.207745158255649487e-02
5.723722437770287913e-02
6.644779863720148838e-02
6.785635506808322670e-02
7.528133697718653039e-02
7.250250126028121023e-02
7.192870762777293925e-02
8.043275296464295898e-02
7.550406553661739850e-02
6.098612169487967888e-02
6.776602740103614131e-02
6.814585001092172967e-02
5.571930316183174720e-02
5.867030684832413162e-02
5.865915834981710181e-02
7.534331782283831824e-02
7.154025441710992750e-02
7.872459258048317143e-02
7.307551274878612557e-02
7.705279631185442402e-02
8.111517390126661564e-02
7.294018699551318985e-02
6.463200480756255140e-02
6.939742551098758427e-02
7.402146449887374302e-02
7.001531557178242160e-02
6.530222941006680326e-02
7.175374881266971538e-02
5.490641661335275703e-02
7.070265407764803056e-02
7.327495993928789808e-02
6.603248578374153188e-02
7.070849457167949215e-02
7.227273836527359219e-02
7.545073013128733574e-02
7.547602106515180487e-02
7.816775827888632067e-02
7.596560983638693532e-02
7.159061236626754199e-02
6.851959863393378147e-02
7.051305557823644987e-02
6.194139666438212150e-02
6.438882848587379470e-02
7.373079922782102558e-02
6.664873998642144304e-02
6.367356720079621335e-02
6.091004702168983237e-02
6.924354511762637054e-02
5.240523661062023580e-02
6.046101438620834351e-02
5.566410908547207020e-02
5.763292227841857601e-02
6.906614589631655809e-02
6.906007743635023122e-02
6.333763448208847013e-02
5.907594083536554797e-02
7.440522140034616649e-02
7.553126187287245719e-02
6.705115068842110171e-02
7.423364349588623678e-02
6.876799642176692484e-02
7.000797233938589603e-02
6.169372653225565356e-02
7.132996681017564344e-02
6.545052830646259923e-02
7.578502927455348093e-02
7.152060812407909363e-02
7.439337680468879888e-02
6.913844216244244278e-02
9.267699656195294011e-02
8.722218031982698072e-02
7.090001741664282708e-02
7.751845813859291334e-02
8.634281305966148845e-02
8.596476975211117533e-02
8.763882791586261045e-02
8.253821486505852345e-02
8.207432826451471763e-02
8.380530433168879856e-02
8.499902394680110274e-02
7.666945833589866588e-02
8.014231676604607890e-02
9.207316859992938085e-02
8.752892790882181584e-02
8.485964563315127884e-02
7.384152011851835562e-02
8.587145308309475367e-02
5.507245641967097732e-02
6.221760187080250387e-02
6.263847233141407733e-02
6.123882518868007524e-02
6.075844363651084629e-02
5.321338737210464659e-02
5.872090787936447287e-02
5.144632463124107491e-02
5.388321868877707366e-02
5.458966747711616746e-02
5.010921247631800607e-02
6.521537331021533268e-02
5.527208424612616022e-02
5.664252740787605045e-02
5.810184173041052502e-02
4.747280588343418678e-02
6.139339925381229884e-02
4.589486895896698754e-02
5.720154020023539981e-02
6.258452999755019508e-02
5.379652826116466946e-02
5.589201687977205651e-02
5.548817229880108337e-02
5.358359257850678348e-02
6.881001489141516658e-02
7.497312994237660677e-02
7.253756335624149398e-02
6.554646275367755071e-02
7.728507980576132530e-02
8.103825271138663522e-02
7.426654963552511979e-02
5.981667197636540700e-02
4.560957794271307264e-02
5.358060878806352595e-02
5.638873664980978417e-02
3.332552844118750329e-02
4.402980744529882973e-02
4.210154994505192066e-02
4.571844739440562161e-02
3.257167582606830536e-02
3.846267960363936034e-02
2.498329628692455562e-02
3.463086162395306866e-02
3.558441348813461830e-02
3.772021562529468547e-02
6.667659242750019477e-02
6.250618889630085717e-02
6.803427546505982915e-02
7.916425985061520398e-02
6.725041299756313873e-02
6.941708097310761438e-02
6.627956198600004623e-02
5.610875331977021457e-02
3.970735091539765588e-02
5.114119845190513020e-02
4.582020095091609430e-02
5.611906915506548882e-02
5.164123664124704166e-02
5.847626774854660509e-02
2.884076084480197838e-02
5.658887138179226339e-02
3.358113720774966865e-02
4.662992617819101959e-02
5.229156139318433261e-02
4.195012699684987079e-02
5.162177859518646966e-02
5.110026010657314766e-02
4.127123933734611755e-02
2.618209493899409726e-02
3.375833580652921190e-02
2.946222666126568218e-02
3.003397364064969502e-02
2.276823465991131834e-02
2.511719315538332720e-02
2.214984411851822488e-02
1.386149569056775374e-02
2.522029227317849898e-02
2.548469375624473968e-02
2.708689593792380432e-02
2.640832548546663203e-02
3.652152036844748956e-02
3.143082751005127351e-02
2.730037243817386855e-02
4.719601469540092575e-02
3.307334557090069876e-02
3.917353223938623008e-02
3.387249526218997359e-02
3.130261034082271882e-02
4.028983049235050629e-02
3.357114377106255182e-02
3.862957570023447390e-02
4.455175486957045627e-02
3.889022133284500415e-02
4.651032306396730293e-02
4.810896385335759751e-02
2.781261312622126253e-02
4.413862534182274450e-02
4.221083519629628689e-02
3.345670457396496267e-02
2.711470640341824209e-02
1.415231841843459307e-02
5.454660223179179195e-03
5.460772837022676886e-03
1.883629420317885217e-02
2.177656034223543133e-02
2.629522691655233543e-02
3.605373466726496945e-02
2.718901693978156495e-02
2.146255998251049568e-02
1.109420228192076717e-02
1.887107874895142465e-02
1.868400530153338859e-02
2.792177749148590238e-02
1.668388491367153378e-02
2.156986033389146282e-02
2.289684926799807549e-02
9.618662649951871882e-03
1.705643107039407462e-03
-1.119418457674814515e-02
-7.082109673050724155e-03
-7.717522805266050986e-03
-6.289035381205742431e-03
-3.132045834487004205e-03
-2.482496524003350961e-03
-1.220821312803713199e-02
-2.322574659437866285e-02
-2.016489452111288813e-02
-1.492721524719114838e-02
-1.008256660005589847e-02
-1.148419974156342921e-02
-1.178506702048084422e-02
-5.531547172261456341e-03
-5.571510127102700764e-03
-6.805718358619328341e-03
-1.122733406779310647e-02
-5.904428275781954324e-03
-1.680207841363841673e-02
-2.413141582411326355e-02
-2.434288560355086714e-02
-1.152780554918199189e-02
-1.353497647876913262e-02
-4.030034540642381605e-03
-1.795136453237571386e-02
-1.062443487648321271e-02
-3.407120953747848954e-03
-4.885160011440728076e-03
-2.452178321461491711e-03
-5.835864848859648006e-03
1.893123447001639290e-03
-1.407052492017787405e-03
-6.180154584998053674e-03
-5.570204971094795329e-03
-6.518276498566842920e-06
-2.827688293741265329e-03
-2.272856472803718559e-04
-6.888500361460710847e-03
6.306655690958733358e-03
6.342028245276487911e-03
1.067612608188623149e-02
-2.249255865823055096e-03
4.172599106064034218e-03
4.454784447220060291e-03
7.867611332340334121e-03
1.340967891579091138e-02
9.773664053372077207e-03
4.557575759690385593e-03
8.910909538087071272e-03
2.565410706136367000e-03
-3.216682102988274814e-03
-3.354710579414674340e-04
-1.005752158591157949e-02
1.906260811595158599e-03
4.836225380613482124e-03
7.274547440195234561e-03
2.457476404967314128e-03
7.139192403887926509e-03
-1.073355733162160465e-02
-7.234521684167103013e-03
5.840090407994758676e-03
5.805366031783885591e-03
-9.175363540997846963e-04
3.588079823797528985e-03
1.630666698868401404e-02
1.260242144909078620e-02
8.739475475209732697e-03
-2.072482911978982840e-03
4.231067303357651313e-03
5.289245518734551985e-05
7.562175629168652047e-03
9.466674870080361501e-03
1.132179658838392174e-02
1.018376780888522121e-03
9.904634770531786647e-03
8.422059181735786978e-03
5.604148920862505809e-03
-5.064358687714402493e-03
-9.658550981044616759e-04
4.486817896633280359e-03
-2.024812087810035251e-03
-2.163248937892326730e-03
-6.045533758950965078e-03
-6.350203805044800365e-03
3.627451092369077083e-03
-3.614657235145864438e-03
5.736891637513201123e-03
1.239047028077117085e-02
4.800237783001549616e-03
6.579637716201110730e-03
4.371680558859817982e-03
-1.117401242273947801e-04
9.931915332296722618e-04
-6.775790086247661425e-04
-8.171968668482316317e-03
1.399199281385597737e-02
-3.372795314209774565e-03
-8.358810722582274769e-03
-1.213239917394318829e-02
-1.244915176628024617e-02
-8.563247067662637171e-03
-6.550144403774139923e-03
-8.269708522691073330e-03
-1.553327175699400174e-02
-3.558958831354174825e-03
-4.227894165633586110e-03
-1.012843792588929807e-02
3.087033337008524263e-03
-3.543441250497247983e-03
-1.041151685858819620e-02
-6.078622319795765928e-03
4.528141331277913371e-03
-3.015338931073024455e-03
2.046381534986432219e-03
-1.025670011481765419e-02
-5.624204997253919903e-03
-5.543501007298263714e-03
-9.921069393692288213e-03
-8.989875986688050311e-03
-7.154519388482293886e-03
-6.161856340074204318e-03
-6.303917639762517296e-04
-1.238372923943561153e-02
-5.778449487528860770e-03
-9.017802608709212485e-04
1.798557083629382606e-03
-7.024724631180701007e-03
1.746614035696868487e-03
-3.227650456059745834e-03
-4.854076567441642856e-03
5.568373068246766470e-03
5.264246961719859334e-03
2.029847554580349600e-02
2.197806593946807600e-03
4.679997920335842235e-03
5.232222249677652599e-03
1.898396192496672533e-02
1.188829627876105376e-02
1.670831259997875018e-02
1.113495554007455125e-02
9.945404316663552721e-03
7.872293649930951764e-03
7.939424568455283326e-03
1.729450415776436281e-02
2.256129693682961540e-02
1.918992759986232546e-02
1.548700010993261066e-02
2.046680823005304559e-02
2.469675264273298032e-02
1.433080181129610560e-02
2.136074592562486885e-02
1.229975860239416671e-02
7.433689708198409039e-03
1.221394195077827455e-02
4.604243095487280460e-03
6.712740647515238503e-03
1.001142702958672179e-02
1.443608127616132636e-02
1.260876812065342585e-02
1.476374841238564488e-02
1.133172221751332052e-02
9.382389961023591962e-03
2.055920020090811623e-02
2.371340034240374678e-02
6.284941003483831765e-03
5.086199527652839406e-03
9.744869850494866995e-03
1.231132694066897591e-02
7.355313230329819062e-03
1.083194562402294697e-02
6.567381533456308380e-03
2.404491140457810667e-03
1.828436114135123178e-02
2.003581643552434718e-02
5.796902978193846714e-03
8.990095843811610893e-03
6.148960374814537236e-03
1.225233192345956748e-02
1.166176728492305560e-02
6.169795348952964234e-03
1.613204640255121169e-02
1.604938843205738069e-02
2.424004181701348154e-02
1.668412816624863194e-03
1.706246987768320414e-02
5.628029783424094365e-03
1.392818066676030329e-02
9.818046118746679568e-03
1.884152037595213450e-02
1.554305914695754479e-02
1.265685241450251880e-02
1.983799698030141653e-02
2.129840264096061198e-02
2.253212170913576270e-02
1.842498660272633149e-02
2.207608015786736641e-02
1.751027703897693744e-02
2.479741103564066934e-02
1.042945185196716626e-02
9.538499877312769937e-03
1.517089344435593873e-02
1.097414968910099924e-02
1.920706654000430696e-02
1.824452604210221457e-02
2.102876435038718295e-02
2.449398803479480025e-02
1.668849258203653277e-02
1.486536837823048546e-02
7.167771893902360851e-03
9.861985788829080377e-03
1.821826942858230380e-02
1.416044878778989838e-02
6.972293367720898936e-03
1.681664886172519122e-02
1.324948043116364743e-02
-4.967211149018739211e-04
-3.927586656636967294e-03
2.016685203679613805e-03
1.207784628335071588e-02
1.461657089767108911e-02
1.191104388352559780e-02
9.823498431357432364e-03
-3.676131427030461356e-03
2.529125168744414051e-02
1.863256976165426210e-02
1.072798366599684271e-02
1.039442398941146754e-02
7.960814975111519393e-03
7.770795648313091192e-03
3.660847472455295432e-03
9.174798716067208634e-03
5.646780195810585309e-03
-1.060876750703602413e-02
-1.135578355522097807e-02
-5.469168262452781676e-03
-2.014851042785820515e-02
-1.304603027761876144e-02
5.855138329625748754e-03
2.823647129543683815e-03
-1.151585030318284970e-02
-8.222828232874828530e-03
-1.559148765982816195e-02
-1.473510169724764028e-02
-2.046506304088902516e-03
-5.685725163704800564e-03
-1.289237572597490625e-02
-5.085111625708492629e-03
-1.596428785488987132e-02
-1.361205829293068992e-02
-1.405827353053527558e-04
-7.915071284683610972e-03
-9.445779132258177134e-04
-5.332292507915126385e-03
-6.564731229035214270e-04
-4.881235112227812374e-03
1.928903916233701580e-03
-1.878950842772299592e-04
4.414122120168583775e-03
-1.243342923475531173e-02
9.144484159731855813e-03
1.374859567719866104e-03
1.982223313147173961e-03
-2.559447449917063525e-03
-4.778834240244901263e-03
-9.310732867508204544e-03
-6.095534750069968484e-03
-6.976174235138932547e-03
3.718667209376191017e-03
-5.018652577832322971e-03
-4.300081146155687248e-03
-1.455406121156294650e-03
1.941888595912643570e-04
-4.199344987089658962e-03
2.383919572313656938e-04
7.685897265423841454e-03
-1.956377918327641824e-03
-2.863371573927755553e-03
-7.061067115421849026e-03
2.158941768087310926e-03
-1.707522783836342133e-03
-1.968048881370297251e-02
-9.786709559332706226e-03
6.977561694367518524e-03
-7.019570399181395554e-04
-1.033629283400437767e-03
-5.397349402280378350e-03
-4.752308324646576342e-03
-1.243227665253984673e-03
1.048621202160720384e-02
-1.016393671284754980e-03
-3.991304212117096663e-03
-8.193489650585649570e-03
-1.100294253076525286e-02
-9.881967187118438981e-03
-1.472789229937677274e-02
-5.226697708449372717e-03
-8.824409746446998035e-03
-1.974632637273235347e-02
-1.695283993929529859e-02
-1.704343097660790136e-03
-7.142167946859576469e-03
5.336542649414443770e-03
5.319170207554724944e-03
9.880696865103458064e-04
-1.428803924502535135e-02
-1.169332174987990081e-02
-5.370926138609807485e-03
-1.275827817799056463e-02
-4.663038587420352370e-03
-8.683743198072912950e-03
-9.879262107496478498e-03
-1.520829512569241843e-02
-3.795301704493190837e-03
-1.910452508395240473e-02
-1.179143592294367923e-02
-7.830328106432226862e-03
-7.012794087273684085e-03
-9.916911347998821208e-03
-1.044480564213249793e-02
-9.673521174694036176e-03
-5.417545315355284594e-03
-1.527007790139177715e-02
-1.704788020637461321e-02
-1.179296381601497266e-02
-4.776606689081104758e-03
-1.040782943138147260e-02
-5.377152422171091982e-03
-1.183214684602487167e-02
1.025008284191018457e-02
-7.501383216342210995e-03
-5.761910669295394576e-03
-1.754725517725649539e-02
-9.318892739478742623e-03
-1.191707475771861501e-02
-9.515055649585482320e-03
-1.251221814908784480e-02
-3.796043772764389618e-03
-1.067975340419282868e-02
-9.316381079199648890e-03
-1.390945730941929755e-02
-9.420616336173925215e-03
9.221527663190504445e-03
-9.689282328397517963e-03
-1.327891275567609150e-02
-1.322373399073824458e-02
-1.111643708313313737e-02
-1.500406276172083428e-02
-1.831216753088895158e-02
-1.326732997855754013e-02
-8.337692887484239590e-03
3.106445822332116677e-03
-1.038071796193439783e-02
-7.834376025817662778e-03
-1.178743657773538567e-02
-2.066139546273625116e-03
-1.061993643735185825e-03
2.576167137170650573e-03
1.765742843174365176e-04
1.502012839361953258e-03
-5.540964917356080641e-03
6.049417674506497172e-03
-1.051076654044587333e-03
-1.359397135726708380e-02
-2.617664020112911785e-02
-4.813129763611736535e-03
-1.088955199455792118e-02
-8.185072509839481231e-03
-1.243949734311501631e-02
-7.219956016417073894e-03
-1.668706641612960079e-03
-7.855436865353939910e-03
-1.319404306288785717e-03
-6.716861497247494234e-03
-1.890190767013544835e-03
-1.872452453514223715e-03
-9.276796429749874923e-03
-1.685006546606287320e-02
-1.755534865930505339e-02
-1.037559891387210276e-02
-1.990322407125580395e-02
-1.517803767214439235e-02
-6.244723555269212321e-03
-2.255228477211319686e-03
-1.421155096338125659e-02
-1.028556009010996031e-02
-1.185918721868848592e-02
-1.077832811732908763e-02
-1.507641180758030955e-02
-2.039572360274564261e-02
-4.300167608504401086e-03
3.467019311706179209e-04
7.433343803970400045e-03
-1.164222655771224318e-04
3.638831576199772714e-03
7.822978781341470220e-03
3.279866405287924086e-03
-7.881335709089812205e-04
-7.792833182901020596e-03
4.468856479468867604e-03
-3.191032119630822506e-03
7.697904453684354178e-03
3.054536481557475701e-04
8.054507407926906476e-03
2.739228146046148588e-02
4.916364102952464586e-03
-1.711418791808501936e-03
7.324535858000658442e-03
8.436538977669702510e-03
3.707860619651500138e-03
5.713339153298358387e-04
1.783715226681822788e-03
8.415300204787319605e-03
-1.262466868075746464e-02
-7.538789190610295510e-03
-1.498151381869925781e-02
3.153325827441467565e-03
-1.033894008733684568e-02
6.373733406725948410e-04
5.199849459605283830e-03
2.944250643080730846e-03
1.915674070565537811e-03
8.305268060943869074e-03
7.120063546606803483e-03
8.205649563072891020e-03
-2.133231830346083314e-03
-1.744714525807682624e-03
-8.085846404473687882e-03
-1.071906515779869236e-02
-4.511970487310196232e-03
2.671996348742101870e-03
5.154312373071927821e-03
8.018185982375677923e-03
6.293654962471284184e-03
-1.388928050769218468e-03
1.660597422446783485e-03
7.361064870282678016e-04
-1.117377970245551737e-02
4.018677586380137168e-03
5.270436824543926931e-03
1.379462004490884623e-02
5.280336071447100897e-03
1.014287604689737086e-03
1.740177198152313698e-02
1.162584076469916523e-02
-7.798410191331582933e-03
-3.593268078205908377e-04
4.836670919846081627e-03
-6.658921713330248756e-04
-9.099624237960554640e-03
8.078834525794782728e-03
9.520535502325268296e-03
1.657027381058684065e-02
8.893230833962586721e-03
1.690061711059303098e-02
-1.036911511574992986e-04
2.176851301321318204e-03
-1.751500907823086905e-03
5.820264787972121920e-03
1.263088208465386157e-02
1.834422398354453379e-02
1.443537478171068658e-02
1.270327460493462894e-02
1.024528733586429867e-02
5.236731497750862774e-03
9.123702160124968000e-03
1.179912523335737394e-02
1.572106444916379631e-02
2.034050887677647888e-03
-2.397412304425010940e-04
1.012570829887897601e-02
3.514287642880056968e-03
-6.453441752005500921e-04
5.557133065632891174e-03
8.075398611437962018e-03
1.600646609552421398e-02
1.009311836036070123e-02
2.612056687707561657e-03
4.644843723739717524e-03
9.099678848652129406e-03
1.122030180893790648e-02
1.495441805487367562e-02
1.127174078525288933e-02
2.083230680195272827e-02
1.689932649379352614e-02
1.541765775946428788e-02
1.283302173049709165e-02
1.323271060698308528e-02
1.081811485917895561e-02
3.633817274393421736e-03
6.302563048375672133e-03
3.253688743580030688e-03
8.172924145779679808e-03
-2.581590775890489371e-03
9.594858240650002909e-03
3.526525591075077744e-03
1.338110688987928162e-02
1.042332452194513759e-02
4.318250353173933714e-03
1.608188148660535249e-02
1.194098368389931095e-02
5.293888627459021438e-03
1.598585458823179387e-02
1.895870890579621701e-02
1.811629345295485971e-02
1.094825868489691240e-02
1.846965562153071380e-02
1.684201950447631810e-02
9.992556710829969199e-03
5.761958209020448703e-03
-6.251402132218227339e-03
6.536571406836108773e-03
-6.112022460308480726e-04
1.519599852833511226e-02
7.208289155765164758e-04
6.020683864579801613e-03
3.422817642246425512e-04
-6.477368735227874950e-03
1.751943127057347446e-03
-1.293840034422570097e-02
1.579917704587349312e-03
-6.808519776085466581e-03
-1.474373633119670929e-02
-1.098556978549062625e-02
-1.304250526218560420e-02
-1.554622162004747933e-02
-1.071589335326897548e-02
-1.781131559953060342e-02
-1.268661952792677662e-02
-6.547972184817939592e-03
-1.067597918472223614e-02
-9.708811449060378643e-03
-9.247597354856368010e-03
-2.222110989850416621e-02
-7.139310664201188247e-03
-8.102100358334030084e-03
-4.332039132490654934e-03
3.488801237346930012e-03
-1.639977897831649406e-02
-1.050978399656980408e-02
-1.480380865795189946e-02
-4.226305761899106818e-03
-2.819011416017435170e-02
-2.029974069773916867e-02
-1.632544547362601781e-02
-1.915410012134386580e-02
-1.719230133500071825e-02
-1.680300744563086729e-02
-1.249525164376426647e-02
-1.458441671162757219e-02
-1.334023619460166302e-02
-1.856948459492165082e-02
-7.544535147288327151e-03
-5.802853143690858868e-03
-1.511635785252322256e-02
-2.759445073990572303e-02
-1.392490104904564423e-02
-2.086778755787307288e-02
-8.430727746571666306e-03
-3.069659727433339882e-03
-2.749210108789586562e-02
-1.214082143420638221e-02
-1.304224565607222525e-02
-1.477518601594043739e-02
-2.458916941412622389e-02
-1.350914451447585499e-02
-2.311695651446310854e-02
-1.726463720704537325e-02
-1.277777807766333588e-02
-1.438482036512369298e-02
-1.005531787242290587e-02
-4.978412055215842083e-03
-4.187196949267940962e-03
-2.397943309195485332e-04
-1.085558524420382996e-02
-2.508632048468870113e-02
-2.274112673797638873e-02
-1.270408566401700495e-02
-2.363502623170853426e-02
-1.863810398576581928e-02
-2.576091190923061186e-02
-1.685200997008773002e-02
-2.237682105350435879e-02
-2.244015786538498120e-02
-5.363257454163930169e-03
-4.828455605129139232e-03
-3.666172764988714829e-03
7.438578414697041407e-04
-9.661219511602528107e-03
-2.595340063422701959e-02
-2.707539722481826922e-02
-8.426374357372848692e-03
-2.929308295055652479e-03
-1.031083800933468853e-02
-8.275991643007213350e-03
-1.930430443555695985e-02
-2.238982335098246151e-02
-2.196915513569221157e-02
-2.696448971830838967e-02
-2.333802114615186885e-02
-2.835280133637668731e-02
-2.010921066380758071e-02
-3.399499998071879581e-02
-1.446876563807007916e-02
-1.326435433468674957e-02
-4.188803076257885047e-03
-1.607512164871248081e-02
-6.435825719620417995e-03
3.340879946051319473e-03
8.999172200491593540e-03
9.365406612153700724e-03
-7.634047916799982861e-03
-1.035126937808318430e-02
-3.160960292774342949e-03
-7.542162084051557205e-03
1.019863575831457363e-03
-7.476138029298691305e-03
3.687107732826723581e-03
-5.054164324474239890e-03
-1.587679355654994648e-03
8.561567067667617131e-03
1.589522188340456842e-03
-7.446999895789684770e-03
-1.705797985151354806e-03
3.064274752852360825e-03
5.984973414638811336e-03
4.063069457227903858e-04
-2.632219996920355173e-03
-8.908203300532309063e-03
-8.859497734034025435e-03
-1.094158672861616187e-02
-1.837543099116645609e-02
6.362708271701300253e-03
5.343087731904981770e-03
1.038622588650623541e-02
1.792369131571233112e-03
6.180289858598346335e-03
2.028009939267328733e-03
9.904574847204318175e-03
-2.417217406764446928e-03
-2.597986729278325274e-03
-1.214339043201373078e-02
3.942925096113265686e-03
-1.034933318702278490e-02
-2.907131856755345786e-03
-1.035692266786411055e-02
-6.534292539454840745e-03
-7.489655754502244980e-03
4.440604327147096644e-03
4.418415527627609328e-03
-3.035204191539467994e-03
1.774170113294146027e-03
-1.630180659706045605e-03
7.397465809852165133e-03
2.509735582620244067e-03
-3.639576923712659908e-04
1.549617291390753722e-02
6.749517955136732743e-03
1.455660766577110280e-03
-2.776867963159815496e-03
-6.538048329782923706e-04
-8.807500478641686406e-03
1.131842802301802516e-02
2.741783290181043845e-02
2.106979644989928624e-02
6.587654095388623295e-03
1.994585066545094890e-02
1.090007758456591758e-02
1.017881884518401399e-02
-2.666144853507088856e-03
9.902496031245888036e-04
-5.029340638386995375e-03
-5.466617399934900305e-03
-3.640457032869640324e-03
-1.249648350439276981e-02
-2.023844876853445659e-03
-2.780174619930293571e-03
1.293057685480822859e-02
-1.863860074195342802e-04
-1.622044069354528417e-03
1.323686065303900095e-02
7.943269175447140520e-03
6.841389529808370590e-03
7.056293120983193022e-03
-3.581140992169070444e-03
-3.869387451811789435e-04
6.350796001589800906e-03
9.884668242051341744e-03
2.649849274971916892e-04
1.020305079898033672e-02
3.192713651523253985e-03
-1.611035501984163683e-03
3.931763358251865251e-03
5.508845155450595166e-03
1.013901512180603523e-02
1.074509801439831394e-02
-1.188897088899532441e-03
5.280025669141966485e-03
1.098608377195013121e-02
5.851143414328573676e-03
1.248770747560791830e-02
9.878655162009062490e-03
7.754349928175771275e-03
1.697810123568772303e-03
3.370775967164789996e-03
-6.837283469932085855e-03
-1.042337274138689998e-03
-1.967090710731280150e-03
6.561113136816692885e-03
1.911926009406044835e-04
1.130022246937582202e-03
3.704897312364841748e-04
1.772839575560675738e-03
4.589522674149521322e-03
6.154093108413525789e-03
-4.082099616457169657e-03
5.241179876366342666e-03
6.387606302902016503e-03
-1.322966914520600163e-03
1.941850493894017524e-02
-4.900666184131393863e-03
2.019651462427376684e-02
1.634427397147777614e-02
2.025025757577103916e-02
7.359155949247569474e-03
-8.934607996426027852e-05
2.126217642247521175e-02
1.525999845028109224e-02
2.304640311685058132e-02
1.851713650910277037e-02
1.151364037486861912e-02
1.896687110108723207e-02
2.136408030905228433e-02
-4.834815782392762676e-03
-7.661541013393309910e-03
3.266994099997315611e-03
7.820501549741024072e-03
3.962166280573822461e-03
1.436606739460228287e-02
1.612036889896435038e-02
1.795093823651618689e-03
-2.462179251361731880e-03
1.575142175550654430e-02
1.674401204774875543e-02
2.950481438812344558e-03
-8.437907875243816141e-04
1.197981394379490742e-02
1.467374285143851174e-02
3.154365538514397604e-02
2.678338075465960116e-02
8.193880695821895502e-03
2.423145896483792222e-02
2.396718340296674285e-02
2.146351643145572724e-02
3.988927247059172870e-02
1.491017654759494750e-02
2.216546131772385506e-02
3.335673794101722683e-02
2.471311847520852450e-02
2.727465395804783491e-02
2.322177864956711385e-02
3.086363636018334133e-02
2.025702896277264964e-02
1.310762413105307986e-02
2.224304505886932903e-02
1.177052438450519253e-02
1.747504970910014610e-02
2.028952671742216898e-02
9.964644556135583697e-03
2.279321383382895347e-02
1.300066302155932635e-02
1.767051481194325743e-02
1.948426524186759601e-02
2.203117704148447459e-02
1.630683717740866873e-02
1.805174574145759075e-02
2.863774688973273058e-02
1.859042710872312043e-02
2.963450539818309609e-02
1.276138993034805526e-02
1.933590207051426660e-02
4.695401359785050799e-03
3.249430150995775979e-02
1.207324950529903643e-02
7.313085639896994318e-03
7.039507781886620089e-03
2.314996580607260948e-02
1.236399582422681442e-02
2.312814718670459097e-02
2.480458241110853473e-02
2.951953744854535905e-02
4.451324285735425157e-02
3.529618521926704278e-02
4.977435427731526779e-02
5.891750770269631177e-02
4.769203821512171815e-02
5.089467071102387469e-02
4.214007346694320644e-02
3.537611138829691027e-02
6.238533009245185446e-02
5.365975887084058898e-02
6.607173679426142643e-02
5.568942009158183576e-02
5.533113662911076647e-02
7.302347161030665890e-02
7.104514636639583380e-02
6.497395358291162271e-02
6.104180489070733934e-02
7.071435552794286261e-02
6.444086914962862678e-02
7.530916157685257906e-02
6.465599514044258200e-02
7.635846315315535093e-02
7.116589640239155690e-02
5.682373364676143734e-02
7.576915395315979296e-02
6.023776974401122419e-02
6.188831692260503975e-02
6.383547028980622595e-02
6.591243598038357132e-02
6.880607423193783878e-02
5.301832510291379363e-02
6.078008764599977104e-02
6.054365476880906732e-02
5.683338379083529429e-02
5.469479840603840015e-02
6.864260930015014806e-02
6.579723041065131672e-02
6.569749252039927545e-02
6.052806426411486834e-02
6.115694646759391173e-02
5.339622404268236366e-02
5.026605682440014877e-02
5.537035377591954105e-02
5.071733248868669219e-02
5.716318609813253460e-02
5.389821444759004820e-02
5.265172531074407275e-02
6.293306040233159759e-02
5.717076362651894728e-02
5.371644492434761442e-02
5.841135120180767498e-02
5.623308935987923751e-02
3.547814704538041625e-02
5.801673402557043502e-02
5.918531733428573222e-02
5.220373297364929582e-02
4.717898530621705833e-02
5.845308303542975925e-02
6.002869188698153197e-02
6.063889950144886465e-02
5.997541334712937211e-02
5.203525505482922697e-02
5.398269041475101809e-02
5.378376901853985925e-02
4.988150324836675142e-02
5.609500203326139856e-02
5.329655445488036547e-02
4.762251969139481150e-02
5.074580328783515754e-02
5.262871142476763242e-02
5.007778654455977835e-02
4.866298957298843125e-02
5.690138299525018817e-02
4.953782117098035759e-02
4.659516501828193935e-02
4.682413501983744702e-02
4.765825859005692194e-02
4.810837120627104585e-02
4.350340522733652654e-02
3.648377553512668903e-02
3.860717045038274120e-02
3.598243872222232909e-02
3.998768591693713931e-02
3.017552942950257194e-02
3.439501715171826290e-02
3.484543523158098455e-02
3.019071148153038009e-02
3.962772562610453880e-02
3.748978603757747302e-02
4.256233585271808340e-02
3.681330575635128471e-02
3.582099641395156825e-02
4.841138499630056463e-02
4.867065070350671402e-02
4.223172721980970878e-02
4.700243152094864263e-02
5.268641067894429958e-02
5.200828230417066378e-02
4.707319523021074453e-02
6.066406876230124451e-02
5.396464938599345590e-02
5.825091841067982223e-02
5.482345998348104460e-02
6.085828184435548849e-02
5.473931770097890948e-02
4.412493645020258703e-02
4.291797910325665516e-02
4.106943265171947299e-02
5.653987285083028613e-02
5.242327849757881519e-02
5.801768032604194547e-02
5.851614217641529225e-02
4.909638573354190710e-02
4.563491517509258438e-02
5.315550838236938330e-02
5.824979601596298739e-02
5.944743017103441829e-02
5.222133276374188449e-02
5.854095789716285553e-02
5.040354266456641141e-02
6.317051466299396234e-02
5.888063314351488220e-02
6.404449360804857772e-02
6.708849440318147284e-02
6.144358767376994351e-02
6.433154070823342285e-02
5.472948673971787803e-02
6.491633991689609029e-02
7.422057786653370182e-02
6.195670906576947884e-02
7.103607031889795642e-02
6.197392192014525292e-02
6.192935212665851008e-02
6.914906968076926785e-02
6.923451114099736514e-02
5.559443972599993622e-02
6.172017125839014684e-02
6.139312243067588520e-02
3.890169719302300627e-02
4.567904242438305951e-02
4.664986242905596464e-02
4.379581500484439061e-02
4.270742405807066711e-02
3.899111494595277477e-02
3.609076791865344080e-02
4.497416695237182321e-02
3.796486079909659056e-02
3.321923708239019057e-02
3.140074100444395500e-02
4.020621955415010218e-02
2.678651094140609840e-02
3.495170498066194065e-02
2.434829903262395595e-02
4.308637067955940064e-02
3.427338532563891510e-02
3.904646289923035390e-02
3.872346542606502212e-02
3.802166310696712681e-02
3.806637311297007831e-02
3.714865057967024070e-02
3.703229526436475905e-02
4.224756319970098678e-02
3.749221146699219243e-02
4.668542715322146486e-02
4.265310181141992313e-02
4.105372418744523966e-02
4.510420012942393392e-02
4.125364181556127885e-02
3.163336810600175797e-02
2.884541555349929773e-02
2.321562971555886021e-02
4.179927430433320878e-02
2.821904999963159577e-02
3.743203280897552249e-02
3.440402737567802016e-02
4.050596700444418496e-02
4.043952855365821886e-02
3.911167939773232960e-02
4.132360948558220365e-02
5.096268340858462614e-02
4.389786484079218759e-02
5.059285523303325843e-02
4.997958226304205498e-02
5.308129900453330274e-02
3.908353285138659039e-02
3.597635420080796953e-02
4.406303957735168558e-02
4.984448544120539948e-02
4.350429504834972538e-02
5.235666132131987227e-02
4.591785045781798108e-02
4.724520331676878432e-02
5.320719951393813874e-02
5.356098776787432403e-02
4.576344254613123191e-02
4.437266746467796730e-02
3.914099618619782534e-02
5.099760195846705230e-02
5.279459549081919750e-02
4.148558244466885730e-02
4.839335928470019088e-02
4.752979471010251866e-02
5.792675139328520156e-02
5.887606334425846827e-02
4.947916941187726486e-02
6.078199349043642008e-02
6.125318688959881241e-02
5.980261569280007072e-02
5.588052301199689098e-02
5.881840887862211514e-02
5.584472946604446264e-02
5.473553575933418069e-02
6.238049220715832094e-02
6.269424050710788177e-02
5.663724085090941773e-02
5.258089958760033683e-02
4.132050046588004594e-02
3.598771250225039214e-02
3.906603263429872519e-02
3.454938884730687082e-02
3.562916774502208200e-02
5.181704902264486212e-02
6.115961057815694907e-02
5.677509061315350741e-02
5.186828421042712078e-02
5.157343844445952397e-02
6.692233281133591616e-02
6.632333097075106265e-02
5.513000424204164002e-02
5.463690233539777313e-02
6.119654059991316841e-02
5.066431763779998682e-02
4.092092528583071709e-02
4.348804469135172934e-02
4.684847298029656826e-02
5.013699817964489130e-02
4.738940626575466331e-02
4.964888336822492754e-02
5.225749508328959847e-02
5.295500378647410161e-02
5.680752785541704625e-02
5.481379554147861044e-02
4.977525373432069994e-02
6.326450986581751146e-02
6.161566884070799471e-02
6.051426369138440675e-02
6.419463138769307409e-02
7.435681914017133742e-02
7.373206215783340012e-02
7.646713043799767406e-02
6.870153333827826170e-02
6.834001482783950976e-02
6.911442371509977922e-02
6.256532431797778848e-02
6.272166227088195323e-02
6.990216821685191206e-02
7.047330871414830833e-02
7.237861382186941417e-02
6.905129124714880218e-02
7.954333785285123970e-02
7.573208881395084024e-02
7.192662939523922216e-02
7.282979771537245739e-02
7.118205679280421860e-02
7.605089931451354535e-02
7.656003029116281722e-02
7.756591048700382796e-02
7.965375959467281552e-02
7.709384444189966434e-02
7.613295854852690503e-02
7.451067716569526045e-02
7.899148894229025830e-02
7.364897820370394643e-02
7.635817025967789329e-02
8.042336679907458041e-02
7.263596068924978166e-02
7.685756235368391975e-02
7.221111669383706300e-02
7.319932945078100328e-02
6.614254468882176108e-02
6.461980079712452418e-02
7.381126471670797218e-02
6.785682256491309960e-02
7.018870653996230058e-02
7.447859109209620243e-02
6.617727892211261453e-02
6.155406703270137336e-02
6.849913808996740960e-02
6.404298820217993460e-02
6.793668338955818897e-02
6.798859555909016195e-02
6.479240633118801829e-02
7.314965080433553923e-02
6.945989690762942315e-02
7.221999736314947682e-02
6.872353596119960828e-02
6.585073320367997030e-02
7.168804983016931198e-02
7.167995017300604621e-02
6.776534867331589218e-02
7.554775723839082802e-02
6.828281250010084791e-02
6.252965121934307702e-02
6.876312294816014359e-02
7.417199777714784947e-02
6.519994504821627346e-02
7.558087601220529750e-02
6.723891796935645149e-02
7.402904399952608960e-02
7.730556528452882381e-02
7.755338833291527956e-02
7.181883365274051301e-02
7.049096015071039389e-02
7.639591029580415638e-02
6.932097416633165032e-02
8.165115808367065520e-02
7.815035536668898941e-02
8.215337996883324834e-02
7.769237795690510373e-02
7.556041506312889677e-02
6.889589740742362023e-02
7.334681819942076575e-02
7.018816022136370458e-02
8.152549459058605619e-02
7.393717699814157662e-02
6.787660596156580572e-02
6.996329291419177421e-02
7.377327043924444827e-02
7.560075393434796676e-02
7.167223926444768467e-02
7.558236710277431436e-02
6.827024200137485344e-02
7.079375923573881513e-02
7.001885499444872318e-02
6.506201525234203698e-02
7.059664675663152034e-02
7.620660155279312953e-02
7.794675392459554653e-02
7.301612180836654364e-02
7.779598608406287918e-02
7.765097956954861158e-02
7.514898660318154733e-02
7.683372271253285923e-02
8.090762506803368670e-02
7.604222816534639273e-02
7.769970716553530055e-02
8.139872082010385368e-02
8.059788464940481623e-02
8.112399156354146990e-02
7.177105590385178535e-02
7.890029378781314440e-02
7.833212740250031225e-02
7.742411443556403150e-02
7.677689926510632146e-02
8.178664510342004146e-02
8.878277746796993386e-02
8.269787909664619296e-02
7.740588775903263496e-02
8.829684116141332806e-02
8.699320714281846834e-02
8.216530101146370113e-02
8.231745576927369801e-02
8.381814222400105208e-02
8.505356574885995780e-02
8.661740488567362672e-02
7.904848031621461435e-02
8.973447822954137842e-02
7.494136275866769559e-02
8.463089453621612523e-02
7.955233491319066430e-02
8.807758906251841879e-02
9.006334857673888028e-02
8.710452406785680612e-02
8.574222131103659272e-02
8.858597515347202411e-02
7.824170714178893538e-02
8.230916329176471424e-02
7.979236727161831411e-02
9.039432128600703720e-02
8.365213470075819058e-02
8.518426078358377895e-02
7.756356622942316148e-02
7.639903344980059074e-02
7.439606116383563894e-02
7.472941110622005612e-02
8.017334686845579983e-02
8.790133400394507801e-02
8.467763032657520117e-02
8.164880689620472587e-02
7.686045403477931304e-02
8.427581028226918680e-02
8.200979073564246269e-02
8.030924414095835795e-02
7.719926005616503661e-02
8.448398294339660997e-02
9.202269555966641201e-02
8.185502677415427975e-02
8.809623233083173355e-02
7.608822120906004460e-02
8.182372253893469005e-02
8.074505720879458781e-02
8.345988277013989542e-02
8.555249343401048756e-02
7.968151787728548763e-02
7.411787630334513988e-02
8.470945342736325989e-02
8.976385749487621191e-02
8.484298538245524379e-02
8.762954179180135195e-02
8.246841229048468280e-02
8.205279779501518933e-02
8.598689488985615526e-02
7.882569537255958159e-02
8.071507853411208355e-02
8.952712639223804614e-02
6.875087727466458465e-02
6.972005945445758357e-02
7.143103744533463306e-02
7.128320906063387308e-02
7.397412996014511577e-02
7.827573135781736025e-02
8.126421215199583492e-02
8.768819705719355095e-02
8.184400607815499329e-02
9.041936330053909621e-02
8.301424283794492376e-02
8.233556663807023446e-02
7.495820594837528106e-02
7.198320002230744474e-02
7.182597738393946274e-02
8.321358191770245050e-02
7.943084544227585475e-02
6.825171143983614630e-02
7.272471022602784718e-02
8.359725997297648425e-02
7.747733477796600599e-02
7.964667946722087111e-02
6.826806255105560828e-02
6.683874949741061555e-02
7.145049969209939233e-02
7.634472143918390186e-02
7.921100055408888951e-02
6.797287635375842685e-02
5.940707830244445348e-02
6.091560805675259871e-02
5.700706317019398062e-02
6.132637689093864419e-02
7.400270260850688731e-02
7.301286190639405538e-02
7.266819948994546197e-02
7.101946688029425747e-02
8.845287684111700910e-02
7.300048600400385612e-02
5.870740816436119391e-02
5.774657590630547649e-02
7.123159526497468974e-02
6.862642239035506020e-02
8.091333753549531660e-02
8.378330965527223950e-02
7.265761323981638486e-02
7.245530391796320413e-02
7.559815599907541983e-02
6.203334153927451272e-02
7.068267887878681988e-02
8.015318403100109290e-02
7.204534971223287843e-02
8.396610545588591157e-02
7.058085956100558500e-02
8.140142991583257381e-02
8.778606749712362933e-02
7.793258717419318526e-02
8.302907728923905606e-02
8.256320846386736023e-02
7.089461588577496143e-02
7.721061144726762415e-02
7.472994681886702129e-02
7.705416623448108071e-02
8.449254282554603812e-02
6.569631267335986069e-02
7.130274296523995969e-02
6.752896395047493228e-02
7.088074005489167217e-02
7.279059084176792149e-02
7.474451177914090416e-02
6.507874229563787027e-02
5.679422874128771392e-02
6.612612057574362989e-02
5.873263769913311672e-02
5.513556914011473464e-02
5.741779638811921049e-02
7.090394534272220772e-02
5.455713289382697895e-02
6.256539038025908661e-02
6.862530004538101858e-02
7.141092687968586539e-02
5.590581958422212450e-02
6.404494133667122668e-02
5.566260418448470970e-02
6.457379330910148485e-02
5.788835647629603925e-02
5.809848074389615397e-02
7.006813902868419541e-02
5.639829971851283152e-02
6.137143901729106427e-02
5.444499695935368228e-02
5.782268854537370162e-02
7.106105948825001961e-02
6.633246181043991885e-02
7.162885503514346275e-02
6.763518818715077985e-02
6.466011114896806633e-02
6.910089283410190963e-02
6.039497150210117876e-02
6.740247068035262745e-02
7.048395772589516328e-02
6.619966967992214901e-02
7.311903575825373647e-02
7.646022704447305585e-02
7.044838087320953735e-02
7.126581779094981473e-02
7.464482676093459057e-02
7.001172367148014719e-02
7.302612893096105395e-02
7.983337201780074666e-02
7.282992636577204082e-02
7.335430988566232768e-02
6.528405848054817662e-02
7.750818771151664344e-02
7.403364954927769970e-02
6.551012535596331676e-02
5.984989172283199793e-02
6.821158390355260004e-02
6.880664120004356676e-02
7.144367240610267900e-02
6.402412223213925502e-02
6.049630575891178780e-02
6.213444353499635031e-02
6.486665634024656180e-02
6.753759844438816939e-02
7.083469607730799589e-02
6.650568327416661596e-02
7.373761271696671615e-02
7.810223418604596290e-02
7.634740245507766476e-02
8.733719794853918306e-02
7.704467782650466223e-02
7.388392988356176638e-02
7.083402089347470842e-02
7.395641257763277410e-02
6.934754430480682963e-02
7.577350464751747561e-02
6.270537558484755303e-02
6.442039437927947476e-02
7.122632052454123952e-02
7.488393265540159438e-02
7.262211616494060329e-02
5.991057732185234991e-02
5.658825266515324359e-02
6.647907760216968664e-02
6.736322479392979623e-02
5.904107247188530860e-02
6.373388511329135253e-02
5.861853098548247543e-02
5.921779844541409654e-02
6.607556546956409871e-02
7.127541809905249548e-02
6.406144874551017443e-02
6.768416009865335647e-02
8.106515814269028841e-02
6.918198331628171160e-02
5.416991629249683082e-02
6.563746077935693479e-02
5.658747174851917056e-02
6.861570039419893907e-02
6.807358572652244533e-02
6.617829395126754999e-02
6.742372781271244175e-02
6.897156781378353807e-02
6.189649225389350085e-02
6.770026531252852642e-02
7.779266654145591819e-02
5.688165105734622334e-02
6.319543467866964304e-02
5.435294027292330438e-02
5.449875547639299045e-02
5.105066919065606029e-02
5.956941665765682486e-02
6.675938842683441787e-02
4.844825524237311026e-02
4.850906595625643913e-02
4.706967788280161380e-02
6.144206238702025480e-02
5.455997278163992464e-02
5.698778013630615563e-02
5.284842800761773568e-02
6.088780027879832357e-02
6.206584992573741660e-02
6.890953511278348487e-02
5.591916134228630542e-02
6.633726494696765008e-02
6.623209115828032623e-02
5.031193258837146631e-02
5.856074811784031664e-02
5.208983461814246929e-02
5.159647970031554925e-02
4.860550339599441910e-02
4.979182585743519018e-02
5.390498611631475145e-02
4.990272590454951362e-02
5.308693891068359122e-02
4.759726558333159802e-02
5.256984311183968833e-02
5.555865564381998190e-02
4.153727205942489564e-02
5.493171860952743984e-02
5.138948368666674399e-02
4.086884052941137935e-02
4.670778627138484629e-02
4.803003400973714782e-02
4.423161780635315871e-02
6.226251055833040976e-02
5.594749805780868668e-02
4.194354905774562436e-02
4.608872384336304417e-02
4.654936067892839757e-02
5.244144033386634318e-02
5.659412119936971935e-02
5.872693254529875312e-02
5.257331833465772597e-02
5.646309277532792631e-02
6.257311379450528066e-02
5.396102700286116438e-02
5.426206718320478184e-02
5.892876792336938785e-02
6.466746247633409217e-02
7.336055021406225063e-02
6.612211004957532778e-02
7.105774766395411834e-02
6.449774381294141878e-02
5.582453830432387160e-02
6.075261531895896627e-02
6.022600995361769571e-02
6.290845118178095552e-02
5.443935579049415802e-02
6.910055889740333857e-02
4.867820333095346230e-02
6.927263826730262197e-02
6.407017881692586569e-02
6.097985205238853207e-02
6.668392843955969762e-02
6.588235341024090141e-02
5.980559073920764523e-02
6.322189467059745327e-02
6.075335992717557226e-02
6.175463206618893308e-02
6.496741384806838104e-02
5.737743905002377909e-02
4.661402190475989749e-02
5.114470555206801494e-02
5.922104049828371547e-02
5.337801113288153515e-02
5.871302740335129777e-02
5.601674900128252033e-02
6.792878715669421752e-02
5.763401396202397220e-02
6.123797467212679924e-02
6.450226487271179532e-02
7.442212211406377953e-02
6.057208007437442365e-02
6.460746375583528711e-02
6.468842770005303611e-02
6.720680927018621298e-02
6.192363483872764113e-02
5.847871625385332728e-02
6.432401211263601148e-02
6.144029064914245664e-02
5.614230521252748518e-02
6.664602875286457229e-02
6.848305239797947142e-02
6.961846418925683733e-02
6.009448190346788898e-02
6.957805458112832631e-02
6.647972548743681653e-02
7.581156103425329418e-02
6.108927698589666083e-02
5.992569305425904380e-02
5.794354443721663750e-02
7.102396047607877072e-02
6.106856552804736105e-02
7.201373857714252202e-02
6.877531480707023415e-02
6.911692254917037315e-02
7.261609905362859108e-02
7.242094954925439032e-02
7.346861435556870101e-02
6.665435159697598311e-02
6.626657055678483732e-02
7.795895180953907322e-02
6.781727321584407608e-02
6.817100799599297434e-02
6.951013127770258593e-02
7.216456545736127381e-02
6.974747658554088237e-02
7.002236683166350451e-02
6.556054365790033034e-02
7.075234608508196299e-02
6.726470472960066616e-02
7.137724058972763630e-02
6.543749603639505141e-02
6.579330733121910302e-02
6.404398659025549445e-02
7.423337371791970118e-02
6.832323453788197165e-02
6.926656413500337228e-02
6.619135816709893760e-02
6.464599657084185713e-02
5.998968663667035572e-02
6.821877167323958657e-02
5.562202627916699310e-02
5.127220747464133338e-02
6.419555596098398820e-02
6.240060715438720124e-02
6.371728544230925717e-02
7.198549282629480850e-02
6.591109842097511717e-02
7.506290475436580567e-02
7.830225662571234369e-02
7.140146088844093186e-02
7.163537808877139257e-02
7.387500819809221519e-02
6.477150254207642011e-02
6.402174488475413650e-02
7.401489468172914310e-02
6.776353112705758852e-02
7.208102392530486846e-02
6.278113858899632416e-02
6.639075915643467829e-02
6.525511346933036971e-02
5.767439686704686069e-02
5.387915172800041702e-02
6.029829712802438346e-02
5.426462349516945199e-02
7.651223000457703372e-02
7.319034775062371878e-02
8.015233109767537500e-02
7.421361494673767156e-02
5.454039887183180502e-02
7.420701367670680393e-02
6.334726696865232431e-02
6.952528709689295705e-02
6.616879256618278526e-02
6.454495047743404046e-02
6.539542639239850907e-02
7.349625098383022470e-02
6.631486750071251268e-02
6.325157156738085706e-02
7.388021448667987656e-02
8.124935392739809914e-02
6.860899945233103758e-02
8.305942433166114969e-02
9.020390513998799431e-02
7.819690420673656994e-02
8.402665619018748200e-02
9.408873989875608801e-02
9.609564049542372588e-02
9.042893528129493375e-02
8.093244307166388984e-02
8.243244992004487848e-02
8.336915722273369189e-02
8.500958352124292350e-02
8.707235577768848711e-02
8.626862324312731256e-02
8.337990805736127109e-02
8.555396639541493209e-02
8.362259589605147703e-02
8.061823014249727692e-02
8.738635235035320525e-02
8.052245818367817498e-02
8.502684599350265882e-02
8.415510321177209485e-02
9.011864990536395947e-02
8.504276794004661522e-02
7.653953859366141588e-02
7.643765584286410508e-02
7.732117858090147011e-02
7.814142426913128769e-02
7.765756257890943370e-02
7.408872755373648034e-02
8.794057303961200223e-02
8.675662545013988758e-02
9.766575015848219521e-02
8.690682467091917496e-02
7.930471258610270746e-02
8.742412223740340937e-02
8.344718719671857798e-02
7.875766965880938442e-02
8.660707197345776653e-02
8.092957086151741919e-02
9.083604634340308737e-02
8.177535629119846161e-02
8.273999792631824002e-02
9.150568385903300184e-02
8.853241451875308587e-02
8.613565655622161532e-02
8.110020591560834768e-02
8.176796003462163953e-02
8.378163139445558849e-02
8.279789420855826476e-02
8.907844856137714373e-02
8.704176966797093351e-02
8.624486866616525027e-02
8.692785040584452561e-02
8.543035183669375754e-02
8.994311556379704087e-02
9.098306722854300477e-02
1.027631403048141212e-01
8.878245949040010354e-02
7.675775576648090348e-02
7.587483478094106393e-02
7.334142090578170403e-02
8.418965723043732308e-02
8.161804941721081952e-02
7.636002916480266745e-02
7.536282312191493193e-02
6.793485825327338912e-02
6.742033123083487900e-02
7.998943193210446279e-02
9.116571945773596641e-02
8.631632219411940199e-02
7.672695276457712488e-02
7.729484762413448007e-02
7.404538172390133510e-02
7.866529670958181952e-02
7.811149079540945228e-02
8.547723403496111649e-02
8.108979879323024997e-02
7.069930482409232664e-02
7.376014789981193143e-02
7.021996767469025624e-02
6.631421718500599138e-02
7.620326407008534697e-02
7.715098730737252053e-02
7.608933466598798157e-02
8.268929036574564073e-02
8.837829334109896517e-02
9.330163368973025395e-02
7.906227563301244932e-02
8.611739308562819939e-02
7.970936002781463248e-02
8.793777965191404422e-02
8.114387565917331735e-02
8.979552411204412554e-02
8.612102455557126002e-02
8.577775830062156492e-02
9.458525992163294149e-02
8.451836881274081559e-02
9.256182402341776860e-02
8.138969750838676021e-02
8.581516818054120421e-02
8.049352863353029242e-02
9.210327327068303094e-02
7.741494153543686252e-02
8.192378392140954591e-02
7.895119376372629338e-02
7.576017018537183068e-02
7.390310863463270263e-02
7.458720711439614792e-02
6.820062309586803762e-02
6.819488598091510978e-02
6.312655455508739410e-02
7.820441732939868718e-02
7.884584236301291071e-02
6.645030024828858795e-02
5.769766146202059964e-02
6.139204715213939650e-02
5.950254321061618917e-02
7.127748840364511729e-02
6.607684908827776704e-02
5.278654864558255527e-02
5.525073103862512131e-02
6.951751101166392388e-02
5.152949881659258519e-02
6.840048496438257131e-02
7.070782609624902404e-02
6.919589198522287099e-02
7.725082360383538072e-02
7.063951294776464607e-02
8.012932009385990983e-02
7.011217003966969952e-02
7.145619590432177037e-02
7.268940168627371912e-02
6.742390168571893438e-02
7.529675158466689333e-02
7.034175854273622130e-02
6.516230979833669001e-02
7.320079143186122850e-02
6.229709264424435761e-02
7.257634508819117702e-02
6.053690388490656771e-02
6.950049497939646270e-02
7.755193287035699878e-02
6.814701718233082128e-02
6.243500462805873924e-02
6.351948068553099624e-02
6.566146976524896151e-02
5.959976173609608796e-02
7.276343941392440784e-02
6.957543055472160953e-02
6.291830369593283401e-02
5.714426859243584150e-02
6.521493584406690136e-02
5.436019782087142538e-02
5.119212308563889091e-02
6.446012154842629960e-02
7.564000264429374121e-02
6.423818793354295342e-02
5.626387203213024241e-02
6.249595814799448201e-02
7.050442816980927174e-02
6.711863975339706079e-02
8.032041351243274230e-02
6.953640070257273431e-02
7.044485048437945651e-02
6.960605316454530900e-02
7.519160587122875050e-02
7.274687415926373024e-02
7.075559275393865366e-02
6.959481052096634646e-02
7.162801363212259464e-02
7.435327399332138099e-02
8.225885582683190034e-02
8.291716817145856899e-02
8.918320294299099393e-02
6.693102318029554854e-02
7.314714504730915334e-02
7.465811820838677559e-02
8.467828064703641910e-02
7.590790530374197376e-02
8.133668664302308449e-02
8.946843082680491777e-02
7.953493885290527365e-02
8.696286949362364016e-02
8.566199942507335408e-02
7.517195681870023072e-02
7.442281627712352132e-02
7.982281415993612572e-02
7.667933226784195977e-02
7.684254660386775904e-02
8.741431189932781509e-02
8.819040754630796952e-02
7.448268900699214767e-02
7.230525658715251935e-02
8.339649560727011024e-02
8.719599307216890915e-02
8.176453867754954197e-02
8.275415371434399758e-02
7.446056531191906636e-02
9.395071630983506394e-02
8.851032996854292512e-02
7.488826279444373013e-02
8.598875827765732616e-02
8.873339860694047510e-02
8.652038424104470382e-02
8.816687626753380580e-02
9.317044098576424127e-02
8.311314236525021992e-02
8.633129125308125484e-02
8.359508467933300657e-02
8.132699962102649116e-02
7.360328218270709155e-02
8.052669248629441834e-02
8.262560083238722208e-02
7.754145657250832713e-02
6.941770544489678230e-02
7.288784571217382657e-02
7.841446076867836235e-02
8.440098269435829248e-02
9.185104929568643772e-02
9.244907016401487931e-02
8.346108285293683815e-02
8.178823571375641588e-02
8.526916676122070493e-02
6.914401119287592878e-02
7.755988695453890081e-02
8.481119125360828126e-02
8.465414279407590392e-02
7.514456589448730017e-02
8.217452660244316254e-02
7.645304191835541885e-02
7.964074174501553638e-02
8.639510142181375252e-02
7.718476258472958818e-02
8.561056357082622026e-02
8.290815367946098580e-02
5.789064214963071664e-02
6.734853753980296620e-02
7.512469586362188756e-02
7.327590264132237408e-02
8.090335461155104269e-02
5.624999411850954006e-02
6.055778242770258613e-02
6.309010115966252885e-02
7.675520804808980135e-02
8.131860822170172698e-02
6.548860178492654782e-02
8.358320409911856874e-02
7.282885749328953107e-02
7.484010305375529692e-02
6.526461136528483031e-02
6.522936284051654432e-02
7.342712929005579259e-02
6.685088490058493926e-02
7.046362435638461874e-02
7.447967351695010396e-02
7.584895320511721162e-02
7.249600737943948103e-02
7.900969785806781498e-02
8.152093188412523617e-02
6.807292757996918908e-02
7.450484903148574256e-02
7.113492569981270941e-02
7.132073668581424830e-02
7.310246180672248795e-02
6.325061694485517583e-02
7.357967458779506031e-02
7.487697444520038936e-02
7.017904557877319149e-02
5.782892304001206046e-02
7.163079675985334349e-02
5.353847592260140703e-02
5.864678307621486175e-02
6.215262886492579214e-02
6.935913453379058402e-02
5.174803111423766089e-02
6.279367218673168050e-02
5.836351872186900519e-02
6.955682382653610718e-02
4.588042258419171293e-02
7.000202608086916745e-02
6.641690541740181974e-02
6.425882018073320046e-02
5.653189146347117888e-02
5.853629419497925063e-02
4.976957729739537456e-02
5.807028286869795469e-02
5.800212139358537633e-02
5.893783948652957932e-02
6.731663444941095309e-02
6.053830096977375064e-02
6.205452547288013015e-02
5.156868290431363550e-02
6.687446566179597318e-02
5.680674168066079249e-02
5.185925695854073925e-02
5.874371207965862346e-02
5.568320395158939118e-02
5.039997014666459246e-02
3.780529625716408382e-02
5.615974509312992441e-02
7.062428485301737446e-02
6.080338075104617379e-02
6.812106486475887068e-02
5.931220551783569772e-02
5.089115580890209850e-02
5.345726946526965090e-02
7.037403988427633206e-02
5.973416125910547408e-02
5.292497713608738247e-02
5.305436638705695457e-02
6.580562275074913758e-02
6.091469519320483195e-02
7.076942880285315429e-02
6.886318108246429481e-02
7.456569902173243447e-02
7.640692363998620451e-02
8.511514072090367589e-02
6.685218554106106548e-02
6.350237827510096800e-02
7.092348360909460359e-02
7.396369154574092275e-02
8.390059053177253978e-02
6.969038686589046350e-02
7.349082598389675147e-02
7.087672489607320381e-02
6.636555500011598330e-02
7.487251008358894455e-02
6.427590186112200343e-02
6.548818720186966313e-02
6.227880707768127660e-02
5.858956959125666275e-02
6.613336703535531436e-02
6.489719343913359639e-02
7.612971307508382968e-02
7.817486769302912919e-02
8.058885993328182562e-02
7.344454102618540314e-02
8.975687925564568292e-02
7.599250297634368989e-02
8.070692825327835385e-02
6.363132861657333494e-02
6.192432342875130863e-02
7.409549352620008189e-02
6.499976686718188235e-02
7.342490992085878854e-02
8.393891533712027897e-02
9.265888680604614236e-02
8.866667037985018207e-02
8.849814509115240535e-02
8.532776929897123441e-02
8.040214045817239974e-02
8.106360753278722686e-02
7.356237219423146512e-02
8.381030271244170604e-02
7.335996962796964560e-02
7.433397100587350870e-02
6.415412814477157444e-02
7.497142435511919278e-02
6.797161447531847867e-02
6.433239277799197853e-02
7.368054395154666203e-02
7.112251553202222909e-02
7.303800488917439049e-02
6.845106691993534109e-02
7.028796375234959426e-02
6.714485561146962822e-02
7.213717775769688811e-02
6.070226297525217057e-02
5.898709453312366013e-02
6.461800294863172256e-02
6.109890228173715798e-02
5.933235715775696945e-02
6.012175196726344401e-02
6.676185449000479610e-02
6.120536168580349712e-02
6.539035802505836770e-02
7.448200256634519845e-02
6.255665382034013289e-02
6.582843173512963053e-02
7.531733889143786553e-02
6.467625959977435501e-02
6.408310214200282906e-02
6.282927433705012832e-02
6.940629736951896278e-02
7.120352980790686792e-02
6.772739529875750064e-02
6.869528644739365808e-02
6.832723360859921380e-02
8.316202689810031634e-02
8.287621787014594343e-02
7.299614979509003176e-02
7.846053023235909085e-02
7.951003921861320156e-02
7.271108093754410917e-02
7.455836820961675437e-02
7.192355554735128942e-02
7.024318046259979409e-02
8.297672862161173390e-02
8.160599381336997027e-02
7.824501068298815587e-02
7.902935520679799097e-02
7.659760607237242613e-02
7.303563642133995004e-02
7.813817451862095642e-02
7.618385028078696053e-02
6.692086148839072879e-02
7.509340728323692093e-02
8.188743158561280489e-02
7.712520453595474168e-02
7.696672477049615324e-02
7.367722722467281993e-02
8.210093466609383328e-02
7.343297252074999781e-02
6.621597736878497009e-02
7.426102701257730754e-02
7.607580038320947702e-02
7.625750973779001074e-02
7.556652489962634167e-02
6.894754511123346585e-02
6.762883939133539080e-02
7.400083149319350295e-02
6.291394059675495254e-02
6.184366641951406091e-02
5.778606955629997377e-02
4.427070957944430341e-02
5.706230007374914898e-02
5.451558575089565650e-02
5.676001296496028387e-02
6.669638832124262506e-02
5.898639858541634973e-02
