  07.13879000e+01   05.16523000e+01   03.47807000e+01  -06.11779000e-02
  06.18642000e+01   05.09531000e+01   03.65750000e+01   01.75852000e-02
  06.42665000e+01   05.86885000e+01   03.85299000e+01   01.01800000e-02
  07.11329000e+01   05.65330000e+01   03.48515000e+01  -01.32723000e-02
  06.79903000e+01   05.27724000e+01   03.49644000e+01  -04.57645000e-02
  07.12875000e+01   05.10504000e+01   03.62250000e+01   02.46758000e-02
  06.13485000e+01   05.13445000e+01   03.77476000e+01  -01.71993000e-02
  06.54003000e+01   05.89073000e+01   03.95954000e+01  -09.39340000e-03
  07.12142000e+01   05.50408000e+01   03.45383000e+01   07.66074000e-02
  06.51010000e+01   05.25936000e+01   03.57735000e+01   09.44338000e-02
  07.21345000e+01   05.72392000e+01   03.48376000e+01   01.54319000e-02
  07.27198000e+01   05.06751000e+01   03.67985000e+01  -01.56515000e-02
  07.15460000e+01   05.49442000e+01   03.30670000e+01  -02.00050000e-02
  06.77980000e+01   05.57389000e+01   03.56610000e+01  -08.09918000e-02
  07.24668000e+01   05.35091000e+01   03.13960000e+01   04.03650000e-03
  06.98753000e+01   05.44320000e+01   03.48950000e+01  -01.43447000e-01
  06.64919000e+01   05.09447000e+01   03.45539000e+01   01.23287000e-02
  06.33343000e+01   05.38471000e+01   03.69807000e+01   02.21683000e-01
  06.64831000e+01   05.76391000e+01   03.66738000e+01  -05.42921000e-02
  06.85796000e+01   05.06715000e+01   03.22881000e+01   02.66866000e-02
  06.39452000e+01   04.91678000e+01   03.48949000e+01   04.35609000e-02
  06.20752000e+01   05.59396000e+01   03.85276000e+01   02.36507000e-02
  06.91912000e+01   05.93498000e+01   03.58730000e+01  -06.09964000e-02
  07.44585000e+01   05.16738000e+01   03.81139000e+01   08.71130000e-03
  06.92734000e+01   05.31517000e+01   03.46748000e+01   01.26858000e-01
  06.52571000e+01   05.13911000e+01   03.51722000e+01  -03.45042000e-02
  06.39608000e+01   05.50975000e+01   03.71339000e+01  -02.04376000e-01
  06.76339000e+01   05.71307000e+01   03.60416000e+01   07.60142000e-02
  07.33895000e+01   04.97166000e+01   03.65336000e+01   05.08730000e-03
  07.09971000e+01   05.56243000e+01   03.22293000e+01   06.92200000e-04
  07.45293000e+01   05.29006000e+01   03.89402000e+01   00.00000000e+00
  07.00665000e+01   05.20115000e+01   03.40602000e+01   07.64245000e-02
  06.40976000e+01   05.05819000e+01   03.53767000e+01  -04.66821000e-02
  06.33907000e+01   05.61846000e+01   03.78753000e+01   01.65461000e-02
  06.88747000e+01   05.78627000e+01   03.57692000e+01   05.49912000e-02
  07.30517000e+01   05.16236000e+01   03.76939000e+01   03.30200000e-04
  07.25316000e+01   05.39795000e+01   03.27791000e+01   04.02810000e-03
  07.44324000e+01   05.29335000e+01   04.02608000e+01   00.00000000e+00
  06.89284000e+01   05.08673000e+01   03.37832000e+01  -04.69336000e-02
  06.31882000e+01   05.13647000e+01   03.61400000e+01  -07.68710000e-03
  06.42964000e+01   05.72576000e+01   03.78317000e+01  -03.37389000e-02
  06.97414000e+01   05.68735000e+01   03.52552000e+01   03.64969000e-02
  07.30856000e+01   05.32222000e+01   04.08974000e+01   00.00000000e+00
  06.77450000e+01   05.15600000e+01   03.44078000e+01  -09.58259000e-02
  06.38072000e+01   05.26781000e+01   03.63170000e+01  -01.77941000e-01
  06.53921000e+01   05.68373000e+01   03.70258000e+01   06.74294000e-02
  06.90509000e+01   05.55780000e+01   03.52533000e+01   01.44326000e-01
  07.55937000e+01   05.24506000e+01   04.11103000e+01   00.00000000e+00
  07.65496000e+01   05.35425000e+01   04.15140000e+01   00.00000000e+00
  07.57000000e+01   05.46901000e+01   04.20753000e+01   00.00000000e+00
  07.63974000e+01   05.58828000e+01   04.26500000e+01   00.00000000e+00
  07.73340000e+01   05.66587000e+01   04.16576000e+01   00.00000000e+00
  07.71954000e+01   05.53504000e+01   04.38536000e+01   00.00000000e+00
  07.75415000e+01   05.63278000e+01   04.49148000e+01   00.00000000e+00
  07.83357000e+01   05.57879000e+01   04.61468000e+01   00.00000000e+00
  07.87623000e+01   05.68067000e+01   04.72154000e+01   00.00000000e+00
  08.00332000e+01   05.64018000e+01   04.79728000e+01   00.00000000e+00
  07.76155000e+01   05.70643000e+01   04.83189000e+01   00.00000000e+00
  07.64710000e+01   05.79600000e+01   04.77724000e+01   00.00000000e+00
  07.56139000e+01   05.84178000e+01   04.89328000e+01   00.00000000e+00
  07.44625000e+01   05.93193000e+01   04.85715000e+01   00.00000000e+00
  07.32422000e+01   05.84644000e+01   04.80636000e+01   00.00000000e+00
  07.40996000e+01   06.02902000e+01   04.96719000e+01   00.00000000e+00
  06.51834000e+01   05.54709000e+01   03.67165000e+01   03.65717000e-02
  06.65389000e+01   05.41328000e+01   03.57970000e+01  -06.37550000e-03
  06.89093000e+01   05.99707000e+01   03.50241000e+01   01.79582000e-02
  06.87393000e+01   05.96869000e+01   03.68066000e+01   01.23366000e-02
  07.02762000e+01   05.94730000e+01   03.60652000e+01   01.80857000e-02
  06.18413000e+01   05.68899000e+01   03.89653000e+01  -03.55350000e-03
  06.12622000e+01   05.55832000e+01   03.79898000e+01  -05.48890000e-03
  06.21794000e+01   05.52058000e+01   03.93597000e+01  -05.73590000e-03
  06.38655000e+01   04.93242000e+01   03.38660000e+01  -01.16015000e-02
  06.48106000e+01   04.85069000e+01   03.51101000e+01  -01.03548000e-02
  06.30899000e+01   04.86951000e+01   03.53786000e+01  -01.10806000e-02
  06.84258000e+01   05.16056000e+01   03.17227000e+01  -06.50300000e-03
  06.94864000e+01   05.02012000e+01   03.17891000e+01  -03.84930000e-03
  06.77802000e+01   04.99033000e+01   03.22177000e+01  -06.75510000e-03
  07.31497000e+01   05.26323000e+01   03.13931000e+01   06.96000000e-05
  07.14830000e+01   05.31818000e+01   03.11275000e+01  -02.56130000e-03
  07.28343000e+01   05.42529000e+01   03.06471000e+01  -08.86000000e-04
  06.52022000e+01   05.98302000e+01   04.01974000e+01   02.66600000e-04
  06.55176000e+01   05.80640000e+01   04.02396000e+01   02.07780000e-03
  06.63345000e+01   05.90651000e+01   03.90912000e+01   03.44650000e-03
  06.02959000e+01   05.10526000e+01   03.79662000e+01   02.98050000e-03
  06.18312000e+01   05.20618000e+01   03.84197000e+01  -05.01900000e-04
  07.08439000e+01   05.17673000e+01   03.69853000e+01  -05.40000000e-06
  07.07550000e+01   05.01209000e+01   03.60873000e+01  -02.73660000e-03
  06.42936000e+01   05.95004000e+01   03.78169000e+01   06.65000000e-04
  06.33276000e+01   05.87840000e+01   03.91114000e+01  -04.07950000e-03
  07.18143000e+01   05.08493000e+01   03.42281000e+01   01.58140000e-02
  07.22019000e+01   05.23732000e+01   03.46508000e+01   09.11190000e-03
  07.32646000e+01   06.09013000e+01   04.94260000e+01   00.00000000e+00
  07.38345000e+01   05.97311000e+01   05.05380000e+01   00.00000000e+00
  07.50112000e+01   06.09602000e+01   04.97539000e+01   00.00000000e+00
  07.25136000e+01   05.91643000e+01   04.77119000e+01   00.00000000e+00
  07.35051000e+01   05.78102000e+01   04.72243000e+01   00.00000000e+00
  07.28518000e+01   05.77788000e+01   04.88316000e+01   00.00000000e+00
  07.51663000e+01   05.74630000e+01   04.92544000e+01   00.00000000e+00
  07.62862000e+01   05.89538000e+01   04.96271000e+01   00.00000000e+00
  07.68897000e+01   05.87941000e+01   04.72123000e+01   00.00000000e+00
  07.58416000e+01   05.73429000e+01   04.70715000e+01   00.00000000e+00
  07.71501000e+01   05.62166000e+01   04.87354000e+01   00.00000000e+00
  07.79787000e+01   05.76401000e+01   04.91621000e+01   00.00000000e+00
  08.01748000e+01   05.70207000e+01   04.88098000e+01   00.00000000e+00
  07.99776000e+01   05.53868000e+01   04.84065000e+01   00.00000000e+00
  08.09764000e+01   05.64586000e+01   04.74357000e+01   00.00000000e+00
  07.75974000e+01   05.49776000e+01   04.64682000e+01   00.00000000e+00
  07.92608000e+01   05.54301000e+01   04.56769000e+01   00.00000000e+00
  07.82280000e+01   05.70340000e+01   04.44285000e+01   00.00000000e+00
  07.67163000e+01   05.68184000e+01   04.52721000e+01   00.00000000e+00
  07.65596000e+01   05.46340000e+01   04.43709000e+01   00.00000000e+00
  07.81411000e+01   05.49307000e+01   04.34305000e+01   00.00000000e+00
  06.64935000e+01   05.86962000e+01   03.69253000e+01   07.20400000e-04
  06.22860000e+01   05.37844000e+01   03.72965000e+01  -02.39543000e-02
  06.65735000e+01   04.98915000e+01   03.42788000e+01   04.89340000e-03
  07.19593000e+01   05.45383000e+01   03.51503000e+01  -02.28199000e-02
  06.13272000e+01   05.02646000e+01   03.59546000e+01  -01.51750000e-03
  07.80198000e+01   05.59654000e+01   04.12162000e+01   00.00000000e+00
  07.67255000e+01   05.68470000e+01   04.08046000e+01   00.00000000e+00
  07.77384000e+01   05.75606000e+01   04.19468000e+01   00.00000000e+00
  07.56368000e+01   05.65262000e+01   04.31172000e+01   00.00000000e+00
  07.51118000e+01   05.51949000e+01   04.13436000e+01   00.00000000e+00
  07.49850000e+01   05.43021000e+01   04.27409000e+01   00.00000000e+00
  07.72695000e+01   05.30178000e+01   04.22220000e+01   00.00000000e+00
  07.70119000e+01   05.38925000e+01   04.05694000e+01   00.00000000e+00
  07.52023000e+01   05.21784000e+01   04.21042000e+01   00.00000000e+00
  07.61232000e+01   05.16230000e+01   04.06149000e+01   00.00000000e+00
  07.24239000e+01   05.25660000e+01   04.03308000e+01   00.00000000e+00
  07.30064000e+01   05.30530000e+01   04.19782000e+01   00.00000000e+00
  07.27918000e+01   05.41980000e+01   04.06216000e+01   00.00000000e+00
  06.90614000e+01   04.98927000e+01   03.42618000e+01   05.57290000e-03
  07.04336000e+01   05.23195000e+01   03.30615000e+01  -01.28866000e-02
  07.50026000e+01   05.37938000e+01   03.83909000e+01   00.00000000e+00
  07.48756000e+01   05.98856000e+01   04.76920000e+01   00.00000000e+00
  07.89333000e+01   05.77510000e+01   04.67331000e+01   00.00000000e+00
  07.47656000e+01   05.07960000e+01   03.86431000e+01  -01.99830000e-03
  07.50686000e+01   05.17894000e+01   03.71747000e+01  -01.85290000e-03
