  06.98570000e+01   05.20029000e+01   03.59134000e+01  -06.11779000e-02
  06.03017000e+01   05.17226000e+01   03.63308000e+01   01.75852000e-02
  06.26115000e+01   05.87698000e+01   03.94387000e+01   01.01800000e-02
  06.96976000e+01   05.70725000e+01   03.55934000e+01  -01.32723000e-02
  06.66688000e+01   05.33266000e+01   03.55499000e+01  -04.57645000e-02
  07.09701000e+01   05.11106000e+01   03.53668000e+01   02.46758000e-02
  05.94300000e+01   05.18955000e+01   03.73771000e+01  -01.71993000e-02
  06.37251000e+01   05.90309000e+01   04.04572000e+01  -09.39340000e-03
  06.97556000e+01   05.55219000e+01   03.51544000e+01   07.66074000e-02
  06.37745000e+01   05.30352000e+01   03.61762000e+01   09.44338000e-02
  07.06818000e+01   05.78373000e+01   03.54449000e+01   01.54319000e-02
  07.21252000e+01   05.08475000e+01   03.62660000e+01  -01.56515000e-02
  07.01556000e+01   05.52991000e+01   03.37467000e+01  -02.00050000e-02
  06.64034000e+01   05.61493000e+01   03.64316000e+01  -08.09918000e-02
  07.20337000e+01   05.45932000e+01   03.25393000e+01   04.03650000e-03
  06.83734000e+01   05.49575000e+01   03.54787000e+01  -01.43447000e-01
  06.52688000e+01   05.13218000e+01   03.53226000e+01   01.23287000e-02
  06.19140000e+01   05.42885000e+01   03.72024000e+01   02.21683000e-01
  06.52038000e+01   05.79311000e+01   03.76686000e+01  -05.42921000e-02
  06.76407000e+01   05.07669000e+01   03.32842000e+01   02.66866000e-02
  06.24793000e+01   04.96736000e+01   03.51561000e+01   04.35609000e-02
  06.06019000e+01   05.63776000e+01   03.90828000e+01   02.36507000e-02
  06.78028000e+01   05.95832000e+01   03.71244000e+01  -06.09964000e-02
  07.28131000e+01   05.02419000e+01   03.84364000e+01   08.71130000e-03
  06.79212000e+01   05.36794000e+01   03.53284000e+01   01.26858000e-01
  06.39878000e+01   05.17822000e+01   03.57190000e+01  -03.45042000e-02
  06.25193000e+01   05.54948000e+01   03.76171000e+01  -02.04376000e-01
  06.63161000e+01   05.74164000e+01   03.69759000e+01   07.60142000e-02
  07.32899000e+01   05.11276000e+01   03.59607000e+01   05.08730000e-03
  06.96607000e+01   05.57404000e+01   03.27194000e+01   06.92200000e-04
  07.30487000e+01   05.16819000e+01   03.89298000e+01   00.00000000e+00
  06.87602000e+01   05.24559000e+01   03.48731000e+01   07.64245000e-02
  06.27420000e+01   05.10651000e+01   03.56791000e+01  -04.66821000e-02
  06.19235000e+01   05.65706000e+01   03.84157000e+01   01.65461000e-02
  06.75292000e+01   05.81191000e+01   03.67597000e+01   05.49912000e-02
  07.17720000e+01   05.02784000e+01   03.74562000e+01   03.30200000e-04
  07.13254000e+01   05.45943000e+01   03.37940000e+01   04.02810000e-03
  07.27429000e+01   05.22198000e+01   04.01007000e+01   00.00000000e+00
  06.77125000e+01   05.13189000e+01   03.46938000e+01  -04.69336000e-02
  06.17502000e+01   05.19045000e+01   03.62726000e+01  -07.68710000e-03
  06.28544000e+01   05.75780000e+01   03.85562000e+01  -03.37389000e-02
  06.83579000e+01   05.72270000e+01   03.61192000e+01   03.64969000e-02
  07.14223000e+01   05.28756000e+01   04.04315000e+01   00.00000000e+00
  06.64370000e+01   05.20529000e+01   03.51901000e+01  -09.58259000e-02
  06.25019000e+01   05.31134000e+01   03.66717000e+01  -01.77941000e-01
  06.40558000e+01   05.71305000e+01   03.78157000e+01   06.74294000e-02
  06.76421000e+01   05.60149000e+01   03.60066000e+01   01.44326000e-01
  07.37003000e+01   05.21472000e+01   04.12581000e+01   00.00000000e+00
  07.51810000e+01   05.24325000e+01   04.10147000e+01   00.00000000e+00
  07.53653000e+01   05.39690000e+01   04.06527000e+01   00.00000000e+00
  07.51597000e+01   05.50234000e+01   04.18307000e+01   00.00000000e+00
  07.59321000e+01   05.63671000e+01   04.14487000e+01   00.00000000e+00
  07.55204000e+01   05.45496000e+01   04.32612000e+01   00.00000000e+00
  07.52239000e+01   05.55371000e+01   04.43833000e+01   00.00000000e+00
  07.54726000e+01   05.49812000e+01   04.58320000e+01   00.00000000e+00
  07.49678000e+01   05.59614000e+01   04.69793000e+01   00.00000000e+00
  07.34533000e+01   05.63095000e+01   04.67290000e+01   00.00000000e+00
  07.59062000e+01   05.72020000e+01   04.71463000e+01   00.00000000e+00
  07.58242000e+01   05.79559000e+01   04.84698000e+01   00.00000000e+00
  07.70055000e+01   05.89037000e+01   04.85805000e+01   00.00000000e+00
  07.72618000e+01   05.95418000e+01   04.99690000e+01   00.00000000e+00
  07.86185000e+01   06.01398000e+01   05.03320000e+01   00.00000000e+00
  07.60879000e+01   06.06384000e+01   05.02096000e+01   00.00000000e+00
  06.38109000e+01   05.58353000e+01   03.72491000e+01   03.65717000e-02
  06.51701000e+01   05.45389000e+01   03.63106000e+01  -06.37550000e-03
  06.88648000e+01   05.96347000e+01   03.73693000e+01   01.79582000e-02
  06.75948000e+01   06.03094000e+01   03.63424000e+01   01.23366000e-02
  06.72290000e+01   05.98121000e+01   03.80431000e+01   01.80857000e-02
  06.07623000e+01   05.56437000e+01   03.97340000e+01  -03.55350000e-03
  06.02857000e+01   05.72207000e+01   03.96388000e+01  -05.48890000e-03
  05.97751000e+01   05.61385000e+01   03.84304000e+01  -05.73590000e-03
  06.18889000e+01   04.97900000e+01   03.42784000e+01  -01.16015000e-02
  06.34097000e+01   04.92020000e+01   03.49078000e+01  -01.03548000e-02
  06.19022000e+01   04.90434000e+01   03.58753000e+01  -01.10806000e-02
  06.67166000e+01   05.03076000e+01   03.29992000e+01  -06.50300000e-03
  06.79153000e+01   05.14906000e+01   03.24796000e+01  -03.84930000e-03
  06.83516000e+01   04.99695000e+01   03.31645000e+01  -06.75510000e-03
  07.25167000e+01   05.55335000e+01   03.22755000e+01   06.96000000e-05
  07.28122000e+01   05.38474000e+01   03.25274000e+01  -02.56130000e-03
  07.13032000e+01   05.43520000e+01   03.18054000e+01  -08.86000000e-04
  06.33665000e+01   05.95822000e+01   04.12712000e+01   02.66600000e-04
  06.41001000e+01   05.80392000e+01   04.06575000e+01   02.07780000e-03
  06.45951000e+01   05.95792000e+01   04.00671000e+01   03.44650000e-03
  05.83869000e+01   05.17579000e+01   03.72181000e+01   02.98050000e-03
  05.97277000e+01   05.22981000e+01   03.84021000e+01  -05.01900000e-04
  07.06875000e+01   05.01415000e+01   03.50492000e+01  -05.40000000e-06
  07.13812000e+01   05.16211000e+01   03.45135000e+01  -02.73660000e-03
  06.26118000e+01   05.97189000e+01   03.88286000e+01   06.65000000e-04
  06.17057000e+01   05.86534000e+01   03.99997000e+01  -04.07950000e-03
  07.02673000e+01   05.29744000e+01   03.63000000e+01   01.58140000e-02
  06.93134000e+01   05.15444000e+01   03.67318000e+01   09.11190000e-03
  07.61284000e+01   06.08881000e+01   05.13130000e+01   00.00000000e+00
  07.62167000e+01   06.16594000e+01   04.97566000e+01   00.00000000e+00
  07.50614000e+01   06.03070000e+01   04.98248000e+01   00.00000000e+00
  07.94359000e+01   05.94227000e+01   05.03955000e+01   00.00000000e+00
  07.86925000e+01   06.09468000e+01   04.96386000e+01   00.00000000e+00
  07.86036000e+01   06.06677000e+01   05.12283000e+01   00.00000000e+00
  07.78812000e+01   05.83626000e+01   04.83987000e+01   00.00000000e+00
  07.69615000e+01   05.96738000e+01   04.78465000e+01   00.00000000e+00
  07.48517000e+01   05.83806000e+01   04.84330000e+01   00.00000000e+00
  07.59764000e+01   05.72224000e+01   04.92524000e+01   00.00000000e+00
  07.69203000e+01   05.69394000e+01   04.70623000e+01   00.00000000e+00
  07.55607000e+01   05.78885000e+01   04.63628000e+01   00.00000000e+00
  07.34492000e+01   05.70868000e+01   04.59402000e+01   00.00000000e+00
  07.29685000e+01   05.53457000e+01   04.64450000e+01   00.00000000e+00
  07.30249000e+01   05.66642000e+01   04.76618000e+01   00.00000000e+00
  07.49284000e+01   05.40704000e+01   04.59564000e+01   00.00000000e+00
  07.65826000e+01   05.49005000e+01   04.59894000e+01   00.00000000e+00
  07.59501000e+01   05.63751000e+01   04.41900000e+01   00.00000000e+00
  07.41918000e+01   05.57847000e+01   04.44013000e+01   00.00000000e+00
  07.51137000e+01   05.36068000e+01   04.35932000e+01   00.00000000e+00
  07.65887000e+01   05.43399000e+01   04.32356000e+01   00.00000000e+00
  06.52454000e+01   05.90282000e+01   03.80467000e+01   07.20400000e-04
  06.08085000e+01   05.41551000e+01   03.72818000e+01  -02.39543000e-02
  06.53368000e+01   05.03300000e+01   03.48576000e+01   04.89340000e-03
  07.04685000e+01   05.50902000e+01   03.59179000e+01  -02.28199000e-02
  05.98221000e+01   05.13243000e+01   03.54065000e+01  -01.51750000e-03
  07.70385000e+01   05.61708000e+01   04.15192000e+01   00.00000000e+00
  07.58413000e+01   05.66802000e+01   04.04330000e+01   00.00000000e+00
  07.57049000e+01   05.71521000e+01   04.21356000e+01   00.00000000e+00
  07.40851000e+01   05.53192000e+01   04.18407000e+01   00.00000000e+00
  07.63437000e+01   05.40740000e+01   04.01842000e+01   00.00000000e+00
  07.46468000e+01   05.43205000e+01   03.99092000e+01   00.00000000e+00
  07.55834000e+01   05.21530000e+01   04.19817000e+01   00.00000000e+00
  07.56411000e+01   05.17292000e+01   04.02431000e+01   00.00000000e+00
  07.34381000e+01   05.28695000e+01   04.20401000e+01   00.00000000e+00
  07.34489000e+01   05.11195000e+01   04.15550000e+01   00.00000000e+00
  07.16523000e+01   05.37551000e+01   04.10347000e+01   00.00000000e+00
  07.08004000e+01   05.31475000e+01   03.95414000e+01   00.00000000e+00
  07.08837000e+01   05.21552000e+01   04.09924000e+01   00.00000000e+00
  06.79134000e+01   05.05185000e+01   03.53667000e+01   05.57290000e-03
  06.91250000e+01   05.27150000e+01   03.38557000e+01  -01.28866000e-02
  07.35830000e+01   05.24532000e+01   03.83774000e+01   00.00000000e+00
  07.70196000e+01   05.87588000e+01   05.06858000e+01   00.00000000e+00
  07.49414000e+01   05.54497000e+01   04.78827000e+01   00.00000000e+00
  07.25018000e+01   04.96035000e+01   03.92552000e+01  -01.99830000e-03
  07.37842000e+01   04.98978000e+01   03.81335000e+01  -01.85290000e-03
