  07.19250000e+01   05.19589000e+01   03.48171000e+01  -06.11779000e-02
  06.24646000e+01   05.14118000e+01   03.66798000e+01   01.75852000e-02
  06.46443000e+01   05.90499000e+01   03.82522000e+01   01.01800000e-02
  07.16011000e+01   05.71000000e+01   03.43219000e+01  -01.32723000e-02
  06.84946000e+01   05.34376000e+01   03.47133000e+01  -04.57645000e-02
  07.18597000e+01   05.18960000e+01   03.63686000e+01   02.46758000e-02
  06.15352000e+01   05.06383000e+01   03.60156000e+01  -01.71993000e-02
  06.59007000e+01   05.92745000e+01   03.91578000e+01  -09.39340000e-03
  07.16382000e+01   05.55254000e+01   03.40434000e+01   07.66074000e-02
  06.56856000e+01   05.30798000e+01   03.56235000e+01   09.44338000e-02
  07.25927000e+01   05.78910000e+01   03.43054000e+01   01.54319000e-02
  07.30746000e+01   05.15751000e+01   03.71503000e+01  -01.56515000e-02
  07.19389000e+01   05.52838000e+01   03.26102000e+01  -02.00050000e-02
  06.82673000e+01   05.63124000e+01   03.52993000e+01  -08.09918000e-02
  07.33369000e+01   05.39621000e+01   03.11103000e+01   04.03650000e-03
  07.03208000e+01   05.49779000e+01   03.44483000e+01  -01.43447000e-01
  06.70162000e+01   05.14185000e+01   03.45281000e+01   01.23287000e-02
  06.40431000e+01   05.42008000e+01   03.69316000e+01   02.21683000e-01
  06.68958000e+01   05.81354000e+01   03.62335000e+01  -05.42921000e-02
  06.91715000e+01   05.07913000e+01   03.25312000e+01   02.66866000e-02
  06.45795000e+01   04.95783000e+01   03.48462000e+01   04.35609000e-02
  06.26801000e+01   05.64543000e+01   03.84754000e+01   02.36507000e-02
  06.96917000e+01   05.97584000e+01   03.55013000e+01  -06.09964000e-02
  07.39993000e+01   05.15602000e+01   03.94136000e+01   08.71130000e-03
  06.98331000e+01   05.36720000e+01   03.44789000e+01   01.26858000e-01
  06.58527000e+01   05.18248000e+01   03.51237000e+01  -03.45042000e-02
  06.46018000e+01   05.54996000e+01   03.70159000e+01  -02.04376000e-01
  06.81402000e+01   05.76816000e+01   03.56744000e+01   07.60142000e-02
  07.41085000e+01   05.11382000e+01   03.66562000e+01   05.08730000e-03
  07.13592000e+01   05.58260000e+01   03.16426000e+01   06.92200000e-04
  07.39011000e+01   05.25493000e+01   04.05848000e+01   00.00000000e+00
  07.05996000e+01   05.24562000e+01   03.39930000e+01   07.64245000e-02
  06.46462000e+01   05.10221000e+01   03.53746000e+01  -04.66821000e-02
  06.39273000e+01   05.66204000e+01   03.76579000e+01   01.65461000e-02
  06.93891000e+01   05.83276000e+01   03.53809000e+01   05.49912000e-02
  07.28635000e+01   05.18651000e+01   03.85085000e+01   03.30200000e-04
  07.29942000e+01   05.44301000e+01   03.24240000e+01   04.02810000e-03
  07.42544000e+01   05.22626000e+01   04.18483000e+01   00.00000000e+00
  06.94359000e+01   05.13942000e+01   03.39414000e+01  -04.69336000e-02
  06.37824000e+01   05.17823000e+01   03.61219000e+01  -07.68710000e-03
  06.47576000e+01   05.77039000e+01   03.74780000e+01  -03.37389000e-02
  07.02327000e+01   05.73772000e+01   03.48651000e+01   03.64969000e-02
  07.34708000e+01   05.12226000e+01   04.25897000e+01   00.00000000e+00
  06.82083000e+01   05.21442000e+01   03.44613000e+01  -09.58259000e-02
  06.44830000e+01   05.30616000e+01   03.62908000e+01  -01.77941000e-01
  06.58612000e+01   05.73126000e+01   03.66229000e+01   06.74294000e-02
  06.95303000e+01   05.61401000e+01   03.48235000e+01   01.44326000e-01
  07.54725000e+01   05.27685000e+01   04.25779000e+01   00.00000000e+00
  07.67519000e+01   05.32546000e+01   04.18975000e+01   00.00000000e+00
  07.63886000e+01   05.44923000e+01   04.09962000e+01   00.00000000e+00
  07.75818000e+01   05.53145000e+01   04.05104000e+01   00.00000000e+00
  07.83022000e+01   05.47364000e+01   03.92698000e+01   00.00000000e+00
  07.86269000e+01   05.56728000e+01   04.15558000e+01   00.00000000e+00
  07.81406000e+01   05.64261000e+01   04.27912000e+01   00.00000000e+00
  07.91131000e+01   05.73608000e+01   04.35157000e+01   00.00000000e+00
  07.85613000e+01   05.82379000e+01   04.47069000e+01   00.00000000e+00
  07.95491000e+01   05.93729000e+01   04.50016000e+01   00.00000000e+00
  07.81365000e+01   05.75012000e+01   04.59210000e+01   00.00000000e+00
  07.72580000e+01   05.82450000e+01   04.68825000e+01   00.00000000e+00
  07.69416000e+01   05.75097000e+01   04.82069000e+01   00.00000000e+00
  07.80247000e+01   05.75738000e+01   04.93449000e+01   00.00000000e+00
  07.75034000e+01   05.80688000e+01   05.07319000e+01   00.00000000e+00
  07.88928000e+01   05.63279000e+01   04.95567000e+01   00.00000000e+00
  06.57755000e+01   05.59682000e+01   03.64134000e+01   03.65717000e-02
  06.70297000e+01   05.47297000e+01   03.54734000e+01  -06.37550000e-03
  06.88297000e+01   06.02946000e+01   03.58498000e+01   01.79582000e-02
  07.04344000e+01   05.99504000e+01   03.63131000e+01   01.23366000e-02
  06.99524000e+01   06.01829000e+01   03.45658000e+01   01.80857000e-02
  06.28738000e+01   05.60050000e+01   03.94271000e+01  -03.55350000e-03
  06.20991000e+01   05.74228000e+01   03.84245000e+01  -05.48890000e-03
  06.20432000e+01   05.57226000e+01   03.79443000e+01  -05.73590000e-03
  06.48222000e+01   04.95715000e+01   03.38162000e+01  -01.16015000e-02
  06.50377000e+01   04.87281000e+01   03.53824000e+01  -01.03548000e-02
  06.35744000e+01   04.93084000e+01   03.49626000e+01  -01.10806000e-02
  06.83820000e+01   05.00808000e+01   03.25511000e+01  -06.50300000e-03
  06.89018000e+01   05.15725000e+01   03.18575000e+01  -03.84930000e-03
  07.01008000e+01   05.03813000e+01   03.20676000e+01  -06.75510000e-03
  07.25419000e+01   05.32758000e+01   03.08361000e+01   06.96000000e-05
  07.33446000e+01   05.48337000e+01   03.04822000e+01  -02.56130000e-03
  07.42732000e+01   05.34268000e+01   03.12885000e+01  -08.86000000e-04
  06.68338000e+01   05.94488000e+01   03.85869000e+01   02.66600000e-04
  06.57761000e+01   06.01921000e+01   03.97438000e+01   02.07780000e-03
  06.60406000e+01   05.83782000e+01   03.98282000e+01   03.44650000e-03
  06.05014000e+01   05.03827000e+01   03.63053000e+01   02.98050000e-03
  06.18412000e+01   05.03154000e+01   03.49534000e+01  -05.01900000e-04
  07.15626000e+01   05.29351000e+01   03.65850000e+01  -05.40000000e-06
  07.12104000e+01   05.10885000e+01   03.67035000e+01  -02.73660000e-03
  06.45225000e+01   05.99050000e+01   03.75946000e+01   06.65000000e-04
  06.37582000e+01   05.90023000e+01   03.89244000e+01  -04.07950000e-03
  07.23386000e+01   05.10709000e+01   03.43428000e+01   01.58140000e-02
  07.26775000e+01   05.27353000e+01   03.46192000e+01   09.11190000e-03
  07.83336000e+01   05.53773000e+01   04.97439000e+01   00.00000000e+00
  07.95033000e+01   05.61959000e+01   04.86621000e+01   00.00000000e+00
  07.95258000e+01   05.64403000e+01   05.04439000e+01   00.00000000e+00
  07.70681000e+01   05.90670000e+01   05.08170000e+01   00.00000000e+00
  07.66760000e+01   05.73958000e+01   05.07989000e+01   00.00000000e+00
  07.83570000e+01   05.80268000e+01   05.13752000e+01   00.00000000e+00
  07.59898000e+01   05.79146000e+01   04.86014000e+01   00.00000000e+00
  07.68415000e+01   05.64667000e+01   04.79549000e+01   00.00000000e+00
  07.76073000e+01   05.91601000e+01   04.72273000e+01   00.00000000e+00
  07.62592000e+01   05.85120000e+01   04.64044000e+01   00.00000000e+00
  07.76079000e+01   05.65576000e+01   04.56019000e+01   00.00000000e+00
  07.90380000e+01   05.72643000e+01   04.65374000e+01   00.00000000e+00
  08.03268000e+01   05.91555000e+01   04.57742000e+01   00.00000000e+00
  08.01009000e+01   05.97327000e+01   04.41385000e+01   00.00000000e+00
  07.89886000e+01   06.02432000e+01   04.52169000e+01   00.00000000e+00
  07.97527000e+01   05.66181000e+01   04.39545000e+01   00.00000000e+00
  07.97941000e+01   05.79043000e+01   04.28251000e+01   00.00000000e+00
  07.71968000e+01   05.69914000e+01   04.25100000e+01   00.00000000e+00
  07.78539000e+01   05.56863000e+01   04.35352000e+01   00.00000000e+00
  07.91531000e+01   05.47724000e+01   04.18165000e+01   00.00000000e+00
  07.93999000e+01   05.62903000e+01   04.10100000e+01   00.00000000e+00
  06.67183000e+01   05.91739000e+01   03.64328000e+01   07.20400000e-04
  06.30433000e+01   05.40686000e+01   03.73983000e+01  -02.39543000e-02
  06.70652000e+01   05.03366000e+01   03.42494000e+01   04.89340000e-03
  07.23625000e+01   05.50254000e+01   03.46125000e+01  -02.28199000e-02
  06.21763000e+01   05.18213000e+01   03.75868000e+01  -01.51750000e-03
  07.87560000e+01   05.37534000e+01   03.94956000e+01   00.00000000e+00
  07.77150000e+01   05.45412000e+01   03.84369000e+01   00.00000000e+00
  07.90660000e+01   05.54581000e+01   03.89129000e+01   00.00000000e+00
  07.72350000e+01   05.62464000e+01   04.01715000e+01   00.00000000e+00
  07.58321000e+01   05.40619000e+01   04.01422000e+01   00.00000000e+00
  07.57939000e+01   05.52660000e+01   04.14802000e+01   00.00000000e+00
  07.75207000e+01   05.34214000e+01   04.26367000e+01   00.00000000e+00
  07.71586000e+01   05.24870000e+01   04.13306000e+01   00.00000000e+00
  07.52291000e+01   05.35498000e+01   04.32114000e+01   00.00000000e+00
  07.58233000e+01   05.20317000e+01   04.32545000e+01   00.00000000e+00
  07.32823000e+01   05.17470000e+01   04.35503000e+01   00.00000000e+00
  07.24560000e+01   05.10807000e+01   04.21801000e+01   00.00000000e+00
  07.39129000e+01   05.02552000e+01   04.27548000e+01   00.00000000e+00
  06.96925000e+01   05.04840000e+01   03.45896000e+01   05.57290000e-03
  07.09727000e+01   05.26916000e+01   03.29492000e+01  -01.28866000e-02
  07.30631000e+01   05.32742000e+01   04.04698000e+01   00.00000000e+00
  07.87853000e+01   05.83020000e+01   04.90803000e+01   00.00000000e+00
  07.77485000e+01   05.88052000e+01   04.42915000e+01   00.00000000e+00
  07.40705000e+01   05.04591000e+01   03.97337000e+01  -01.99830000e-03
  07.49452000e+01   05.18496000e+01   03.89350000e+01  -01.85290000e-03
