  06.94757000e+01   05.10252000e+01   03.31357000e+01  -06.11779000e-02
  06.00040000e+01   05.15459000e+01   03.63018000e+01   01.75852000e-02
  06.35392000e+01   05.86280000e+01   03.78607000e+01   01.01800000e-02
  06.96301000e+01   05.58709000e+01   03.34091000e+01  -01.32723000e-02
  06.61959000e+01   05.25188000e+01   03.39075000e+01  -04.57645000e-02
  06.97162000e+01   05.13610000e+01   03.46401000e+01   02.46758000e-02
  05.90651000e+01   05.07249000e+01   03.58158000e+01  -01.71993000e-02
  06.45044000e+01   05.87461000e+01   03.90224000e+01  -09.39340000e-03
  06.94362000e+01   05.43992000e+01   03.27545000e+01   07.66074000e-02
  06.35279000e+01   05.25594000e+01   03.52762000e+01   09.44338000e-02
  07.06274000e+01   05.65358000e+01   03.32174000e+01   01.54319000e-02
  07.07377000e+01   05.04697000e+01   03.52964000e+01  -01.56515000e-02
  06.93783000e+01   05.45305000e+01   03.12653000e+01  -02.00050000e-02
  06.64961000e+01   05.52648000e+01   03.48156000e+01  -08.09918000e-02
  06.93705000e+01   05.33107000e+01   02.92351000e+01   04.03650000e-03
  06.80982000e+01   05.39406000e+01   03.33789000e+01  -01.43447000e-01
  06.47191000e+01   05.06433000e+01   03.42252000e+01   01.23287000e-02
  06.19767000e+01   05.40719000e+01   03.65484000e+01   02.21683000e-01
  06.56476000e+01   05.72096000e+01   03.60231000e+01  -05.42921000e-02
  06.62354000e+01   04.97743000e+01   03.16599000e+01   02.66866000e-02
  06.18388000e+01   04.92535000e+01   03.49002000e+01   04.35609000e-02
  06.10116000e+01   05.66809000e+01   03.78099000e+01   02.36507000e-02
  06.84198000e+01   05.85502000e+01   03.52616000e+01  -06.09964000e-02
  07.28419000e+01   05.02897000e+01   03.62772000e+01   08.71130000e-03
  06.74423000e+01   05.27066000e+01   03.32208000e+01   01.26858000e-01
  06.35406000e+01   05.12016000e+01   03.49090000e+01  -03.45042000e-02
  06.27149000e+01   05.52532000e+01   03.66126000e+01  -02.04376000e-01
  06.66269000e+01   05.66295000e+01   03.52654000e+01   07.60142000e-02
  07.06093000e+01   04.92625000e+01   03.54836000e+01   05.08730000e-03
  06.92228000e+01   05.55694000e+01   03.05797000e+01   06.92200000e-04
  07.38839000e+01   05.11432000e+01   03.69873000e+01   00.00000000e+00
  06.80439000e+01   05.14573000e+01   03.25900000e+01   07.64245000e-02
  06.22565000e+01   05.06218000e+01   03.52587000e+01  -04.66821000e-02
  06.23196000e+01   05.64038000e+01   03.72468000e+01   01.65461000e-02
  06.78261000e+01   05.71581000e+01   03.48952000e+01   05.49912000e-02
  07.18068000e+01   05.11737000e+01   03.56943000e+01   03.30200000e-04
  06.95462000e+01   05.32770000e+01   03.06962000e+01   04.02810000e-03
  07.37335000e+01   05.24726000e+01   03.73965000e+01   00.00000000e+00
  06.69444000e+01   05.04652000e+01   03.29294000e+01  -04.69336000e-02
  06.14616000e+01   05.16453000e+01   03.58467000e+01  -07.68710000e-03
  06.34426000e+01   05.72518000e+01   03.72486000e+01  -03.37389000e-02
  06.84435000e+01   05.61366000e+01   03.41044000e+01   03.64969000e-02
  07.39520000e+01   05.36169000e+01   03.64447000e+01   00.00000000e+00
  06.58653000e+01   05.12470000e+01   03.37567000e+01  -09.58259000e-02
  06.22965000e+01   05.28236000e+01   03.59340000e+01  -01.77941000e-01
  06.44153000e+01   05.66564000e+01   03.64223000e+01   06.74294000e-02
  06.76408000e+01   05.50053000e+01   03.41392000e+01   01.44326000e-01
  07.29976000e+01   05.28692000e+01   03.86107000e+01   00.00000000e+00
  07.36223000e+01   05.38985000e+01   03.95866000e+01   00.00000000e+00
  07.47186000e+01   05.32945000e+01   04.05082000e+01   00.00000000e+00
  07.53666000e+01   05.42097000e+01   04.15685000e+01   00.00000000e+00
  07.60841000e+01   05.54498000e+01   04.09399000e+01   00.00000000e+00
  07.62649000e+01   05.33538000e+01   04.24213000e+01   00.00000000e+00
  07.67264000e+01   05.37871000e+01   04.37488000e+01   00.00000000e+00
  07.56464000e+01   05.37253000e+01   04.48726000e+01   00.00000000e+00
  07.63025000e+01   05.38397000e+01   04.63718000e+01   00.00000000e+00
  07.52644000e+01   05.37253000e+01   04.74911000e+01   00.00000000e+00
  07.73035000e+01   05.50080000e+01   04.66745000e+01   00.00000000e+00
  07.67611000e+01   05.64389000e+01   04.64841000e+01   00.00000000e+00
  07.78014000e+01   05.75694000e+01   04.65540000e+01   00.00000000e+00
  07.86773000e+01   05.78004000e+01   04.52901000e+01   00.00000000e+00
  07.79782000e+01   05.80417000e+01   04.39912000e+01   00.00000000e+00
  07.97116000e+01   05.88671000e+01   04.55418000e+01   00.00000000e+00
  06.40083000e+01   05.53505000e+01   03.62223000e+01   03.65717000e-02
  06.50642000e+01   05.39348000e+01   03.49305000e+01  -06.37550000e-03
  06.83684000e+01   05.92943000e+01   03.44670000e+01   01.79582000e-02
  06.79023000e+01   05.89633000e+01   03.61745000e+01   01.23366000e-02
  06.94940000e+01   05.84210000e+01   03.54018000e+01   01.80857000e-02
  06.07520000e+01   05.77105000e+01   03.76887000e+01  -03.55350000e-03
  06.02238000e+01   05.60973000e+01   03.74184000e+01  -05.48890000e-03
  06.09942000e+01   05.64067000e+01   03.88586000e+01  -05.73590000e-03
  06.27773000e+01   04.87386000e+01   03.47378000e+01  -01.16015000e-02
  06.13409000e+01   04.89224000e+01   03.57677000e+01  -01.03548000e-02
  06.12540000e+01   04.91913000e+01   03.39881000e+01  -01.10806000e-02
  06.70413000e+01   04.94047000e+01   03.10507000e+01  -06.50300000e-03
  06.56769000e+01   04.88874000e+01   03.19846000e+01  -03.84930000e-03
  06.56556000e+01   05.04163000e+01   03.09849000e+01  -06.75510000e-03
  06.93344000e+01   05.22941000e+01   02.89369000e+01   06.96000000e-05
  06.85558000e+01   05.39894000e+01   02.89793000e+01  -02.56130000e-03
  07.01879000e+01   05.37941000e+01   02.87109000e+01  -08.86000000e-04
  06.45054000e+01   05.97526000e+01   03.93239000e+01   02.66600000e-04
  06.41069000e+01   05.82281000e+01   03.99236000e+01   02.07780000e-03
  06.55626000e+01   05.83726000e+01   03.88717000e+01   03.44650000e-03
  05.80886000e+01   05.07055000e+01   03.62623000e+01   02.98050000e-03
  05.92654000e+01   05.00931000e+01   03.49693000e+01  -05.01900000e-04
  06.99906000e+01   05.24367000e+01   03.48327000e+01  -05.40000000e-06
  06.88172000e+01   05.11292000e+01   03.52382000e+01  -02.73660000e-03
  06.39774000e+01   05.93183000e+01   03.71543000e+01   06.65000000e-04
  06.25309000e+01   05.89720000e+01   03.81542000e+01  -04.07950000e-03
  06.94230000e+01   04.99096000e+01   03.28698000e+01   01.58140000e-02
  07.02811000e+01   05.14517000e+01   03.25386000e+01   09.11190000e-03
  08.02474000e+01   05.85576000e+01   04.64623000e+01   00.00000000e+00
  08.04182000e+01   05.87556000e+01   04.46839000e+01   00.00000000e+00
  07.91904000e+01   05.98298000e+01   04.55520000e+01   00.00000000e+00
  07.86848000e+01   05.81479000e+01   04.31861000e+01   00.00000000e+00
  07.72753000e+01   05.72720000e+01   04.38228000e+01   00.00000000e+00
  07.74706000e+01   05.89728000e+01   04.40781000e+01   00.00000000e+00
  07.72315000e+01   05.84194000e+01   04.69231000e+01   00.00000000e+00
  07.84831000e+01   05.72799000e+01   04.73634000e+01   00.00000000e+00
  07.61335000e+01   05.64959000e+01   04.56234000e+01   00.00000000e+00
  07.59999000e+01   05.64872000e+01   04.73123000e+01   00.00000000e+00
  07.77297000e+01   05.48667000e+01   04.76447000e+01   00.00000000e+00
  07.81846000e+01   05.49109000e+01   04.60323000e+01   00.00000000e+00
  07.49128000e+01   05.26930000e+01   04.76194000e+01   00.00000000e+00
  07.57574000e+01   05.39979000e+01   04.84081000e+01   00.00000000e+00
  07.44420000e+01   05.43872000e+01   04.74236000e+01   00.00000000e+00
  07.49839000e+01   05.46203000e+01   04.47299000e+01   00.00000000e+00
  07.50760000e+01   05.28734000e+01   04.47980000e+01   00.00000000e+00
  07.75290000e+01   05.29756000e+01   04.40469000e+01   00.00000000e+00
  07.72069000e+01   05.47811000e+01   04.36744000e+01   00.00000000e+00
  07.58153000e+01   05.23439000e+01   04.26607000e+01   00.00000000e+00
  07.71574000e+01   05.32243000e+01   04.18458000e+01   00.00000000e+00
  06.57781000e+01   05.82395000e+01   03.62702000e+01   07.20400000e-04
  06.09550000e+01   05.40972000e+01   03.70984000e+01  -02.39543000e-02
  06.45720000e+01   04.95877000e+01   03.38450000e+01   04.89340000e-03
  07.01565000e+01   05.36937000e+01   03.30430000e+01  -02.28199000e-02
  05.96022000e+01   05.22552000e+01   03.70484000e+01  -01.51750000e-03
  07.68880000e+01   05.58071000e+01   04.15611000e+01   00.00000000e+00
  07.65147000e+01   05.52744000e+01   03.99712000e+01   00.00000000e+00
  07.53747000e+01   05.62848000e+01   04.07861000e+01   00.00000000e+00
  07.44817000e+01   05.44529000e+01   04.22236000e+01   00.00000000e+00
  07.42218000e+01   05.24770000e+01   04.10450000e+01   00.00000000e+00
  07.55172000e+01   05.28090000e+01   03.99581000e+01   00.00000000e+00
  07.39266000e+01   05.48430000e+01   03.91296000e+01   00.00000000e+00
  07.28453000e+01   05.41623000e+01   04.02676000e+01   00.00000000e+00
  07.20188000e+01   05.33139000e+01   03.83308000e+01   00.00000000e+00
  07.27486000e+01   05.19376000e+01   03.91529000e+01   00.00000000e+00
  07.41272000e+01   05.32184000e+01   03.54532000e+01   00.00000000e+00
  07.30993000e+01   05.42816000e+01   03.63485000e+01   00.00000000e+00
  07.48264000e+01   05.41993000e+01   03.67695000e+01   00.00000000e+00
  06.73331000e+01   04.96395000e+01   03.34755000e+01   05.57290000e-03
  06.81331000e+01   05.16134000e+01   03.15232000e+01  -01.28866000e-02
  07.48913000e+01   05.06826000e+01   03.71982000e+01   00.00000000e+00
  07.93115000e+01   05.69339000e+01   04.51773000e+01   00.00000000e+00
  07.69405000e+01   05.29907000e+01   04.64773000e+01   00.00000000e+00
  07.24574000e+01   04.96637000e+01   03.70413000e+01  -01.99830000e-03
  07.33740000e+01   04.96649000e+01   03.56179000e+01  -01.85290000e-03
