  06.99243000e+01   05.07478000e+01   03.49384000e+01  -06.11779000e-02
  06.09255000e+01   04.98256000e+01   03.74417000e+01   01.75852000e-02
  06.23022000e+01   05.78356000e+01   03.77182000e+01   01.01800000e-02
  06.95508000e+01   05.57623000e+01   03.44470000e+01  -01.32723000e-02
  06.66298000e+01   05.19038000e+01   03.47167000e+01  -04.57645000e-02
  07.07284000e+01   04.96163000e+01   03.45532000e+01   02.46758000e-02
  06.00542000e+01   04.88472000e+01   03.71663000e+01  -01.71993000e-02
  06.26924000e+01   05.81034000e+01   03.91633000e+01  -09.39340000e-03
  06.97274000e+01   05.41471000e+01   03.41814000e+01   07.66074000e-02
  06.39254000e+01   05.15996000e+01   03.58698000e+01   09.44338000e-02
  07.05338000e+01   05.64448000e+01   03.43777000e+01   01.54319000e-02
  07.20776000e+01   04.92906000e+01   03.53101000e+01  -01.56515000e-02
  07.00630000e+01   05.40036000e+01   03.27355000e+01  -02.00050000e-02
  06.63641000e+01   05.48397000e+01   03.53973000e+01  -08.09918000e-02
  07.10517000e+01   05.22873000e+01   03.12158000e+01   04.03650000e-03
  06.83424000e+01   05.35692000e+01   03.45472000e+01  -01.43447000e-01
  06.53662000e+01   04.98544000e+01   03.48113000e+01   01.23287000e-02
  06.21775000e+01   05.28236000e+01   03.71014000e+01   02.21683000e-01
  06.50226000e+01   05.66561000e+01   03.63906000e+01  -05.42921000e-02
  06.75241000e+01   04.93193000e+01   03.24268000e+01   02.66866000e-02
  06.29421000e+01   04.79690000e+01   03.56156000e+01   04.35609000e-02
  06.05037000e+01   05.52000000e+01   03.82698000e+01   02.36507000e-02
  06.77392000e+01   05.83891000e+01   03.56664000e+01  -06.09964000e-02
  07.30918000e+01   04.86025000e+01   03.73558000e+01   08.71130000e-03
  06.79575000e+01   05.22692000e+01   03.44998000e+01   01.26858000e-01
  06.41539000e+01   05.03024000e+01   03.54567000e+01  -03.45042000e-02
  06.26105000e+01   05.41067000e+01   03.71458000e+01  -02.04376000e-01
  06.62457000e+01   05.62046000e+01   03.58033000e+01   07.60142000e-02
  07.31464000e+01   04.97982000e+01   03.50262000e+01   05.08730000e-03
  06.96728000e+01   05.47209000e+01   03.18117000e+01   06.92200000e-04
  07.32758000e+01   04.99977000e+01   03.79816000e+01   00.00000000e+00
  06.87882000e+01   05.10495000e+01   03.39283000e+01   07.64245000e-02
  06.29850000e+01   04.95251000e+01   03.58252000e+01  -04.66821000e-02
  06.18668000e+01   05.52477000e+01   03.77145000e+01   01.65461000e-02
  06.74044000e+01   05.69437000e+01   03.54933000e+01   05.49912000e-02
  07.19396000e+01   04.85613000e+01   03.64345000e+01   03.30200000e-04
  07.08218000e+01   05.28773000e+01   03.25402000e+01   04.02810000e-03
  07.23852000e+01   05.08307000e+01   03.84335000e+01   00.00000000e+00
  06.77436000e+01   04.99511000e+01   03.38369000e+01  -04.69336000e-02
  06.21083000e+01   05.02793000e+01   03.66061000e+01  -07.68710000e-03
  06.26803000e+01   05.63996000e+01   03.74138000e+01  -03.37389000e-02
  06.82650000e+01   05.59943000e+01   03.49127000e+01   03.64969000e-02
  07.19639000e+01   05.20520000e+01   03.75083000e+01   00.00000000e+00
  06.64801000e+01   05.05555000e+01   03.44547000e+01  -09.58259000e-02
  06.27353000e+01   05.16140000e+01   03.65794000e+01  -01.77941000e-01
  06.39524000e+01   05.58629000e+01   03.68064000e+01   06.74294000e-02
  06.76215000e+01   05.47362000e+01   03.49366000e+01   01.44326000e-01
  07.17449000e+01   05.08090000e+01   03.97842000e+01   00.00000000e+00
  07.21678000e+01   05.19541000e+01   04.07393000e+01   00.00000000e+00
  07.37025000e+01   05.19667000e+01   04.10508000e+01   00.00000000e+00
  07.40574000e+01   05.31052000e+01   04.20303000e+01   00.00000000e+00
  07.39513000e+01   05.44617000e+01   04.13333000e+01   00.00000000e+00
  07.53866000e+01   05.28904000e+01   04.27975000e+01   00.00000000e+00
  07.58515000e+01   05.39229000e+01   04.38105000e+01   00.00000000e+00
  07.46822000e+01   05.39726000e+01   04.48981000e+01   00.00000000e+00
  07.48935000e+01   05.48732000e+01   04.61194000e+01   00.00000000e+00
  07.36699000e+01   05.48143000e+01   04.71048000e+01   00.00000000e+00
  07.52637000e+01   05.63838000e+01   04.59181000e+01   00.00000000e+00
  07.59357000e+01   05.70368000e+01   04.70812000e+01   00.00000000e+00
  07.66042000e+01   05.83756000e+01   04.67684000e+01   00.00000000e+00
  07.73134000e+01   05.89692000e+01   04.79983000e+01   00.00000000e+00
  07.86206000e+01   05.82060000e+01   04.83066000e+01   00.00000000e+00
  07.76248000e+01   06.03842000e+01   04.76396000e+01   00.00000000e+00
  06.38298000e+01   05.44841000e+01   03.66349000e+01   03.65717000e-02
  06.51616000e+01   05.31709000e+01   03.56946000e+01  -06.37550000e-03
  06.72281000e+01   05.89821000e+01   03.48788000e+01   01.79582000e-02
  06.73477000e+01   05.87419000e+01   03.66470000e+01   01.23366000e-02
  06.88587000e+01   05.84877000e+01   03.56405000e+01   01.80857000e-02
  06.00619000e+01   05.42124000e+01   03.80869000e+01  -03.55350000e-03
  06.05290000e+01   05.56038000e+01   03.92753000e+01  -05.48890000e-03
  05.99602000e+01   05.59973000e+01   03.77182000e+01  -05.73590000e-03
  06.38249000e+01   04.76244000e+01   03.59851000e+01  -01.16015000e-02
  06.21943000e+01   04.75722000e+01   03.63062000e+01  -01.03548000e-02
  06.27755000e+01   04.76747000e+01   03.45914000e+01  -01.10806000e-02
  06.71551000e+01   05.00748000e+01   03.16747000e+01  -06.50300000e-03
  06.83776000e+01   04.87943000e+01   03.21061000e+01  -03.84930000e-03
  06.66820000e+01   04.86237000e+01   03.25761000e+01  -06.75510000e-03
  07.13714000e+01   05.30314000e+01   03.04898000e+01   06.96000000e-05
  07.18409000e+01   05.15051000e+01   03.13375000e+01  -02.56130000e-03
  07.01845000e+01   05.18561000e+01   03.08817000e+01  -08.86000000e-04
  06.19882000e+01   05.76781000e+01   03.98599000e+01   02.66600000e-04
  06.37451000e+01   05.76925000e+01   03.93947000e+01   02.07780000e-03
  06.27023000e+01   05.91790000e+01   03.92128000e+01   03.44650000e-03
  05.91729000e+01   04.86565000e+01   03.77422000e+01   02.98050000e-03
  06.00575000e+01   04.83805000e+01   03.61389000e+01  -05.01900000e-04
  07.00352000e+01   04.87448000e+01   03.47403000e+01  -05.40000000e-06
  07.10496000e+01   04.98101000e+01   03.34749000e+01  -02.73660000e-03
  06.28042000e+01   05.85676000e+01   03.70562000e+01   06.65000000e-04
  06.12415000e+01   05.79958000e+01   03.75271000e+01  -04.07950000e-03
  07.06361000e+01   05.15740000e+01   03.48546000e+01   01.58140000e-02
  06.97104000e+01   05.07207000e+01   03.60140000e+01   09.11190000e-03
  07.80211000e+01   06.09023000e+01   04.84812000e+01   00.00000000e+00
  07.82921000e+01   06.04162000e+01   04.68129000e+01   00.00000000e+00
  07.66749000e+01   06.09139000e+01   04.73080000e+01   00.00000000e+00
  07.89822000e+01   05.84998000e+01   04.93267000e+01   00.00000000e+00
  07.85132000e+01   05.71025000e+01   04.84020000e+01   00.00000000e+00
  07.93034000e+01   05.85099000e+01   04.75085000e+01   00.00000000e+00
  07.73606000e+01   05.83033000e+01   04.59467000e+01   00.00000000e+00
  07.58049000e+01   05.90074000e+01   04.64397000e+01   00.00000000e+00
  07.52310000e+01   05.71774000e+01   04.78636000e+01   00.00000000e+00
  07.66991000e+01   05.62991000e+01   04.74123000e+01   00.00000000e+00
  07.60793000e+01   05.61761000e+01   04.52055000e+01   00.00000000e+00
  07.44598000e+01   05.70510000e+01   04.54512000e+01   00.00000000e+00
  07.34658000e+01   05.37694000e+01   04.73001000e+01   00.00000000e+00
  07.39287000e+01   05.53083000e+01   04.80234000e+01   00.00000000e+00
  07.27993000e+01   05.53101000e+01   04.67175000e+01   00.00000000e+00
  07.38567000e+01   05.44770000e+01   04.43405000e+01   00.00000000e+00
  07.44541000e+01   05.29372000e+01   04.52027000e+01   00.00000000e+00
  07.67708000e+01   05.34518000e+01   04.41533000e+01   00.00000000e+00
  07.61276000e+01   05.48648000e+01   04.33852000e+01   00.00000000e+00
  07.54357000e+01   05.19637000e+01   04.32312000e+01   00.00000000e+00
  07.62185000e+01   05.29243000e+01   04.21077000e+01   00.00000000e+00
  06.50398000e+01   05.77276000e+01   03.65616000e+01   07.20400000e-04
  06.13141000e+01   05.26795000e+01   03.77299000e+01  -02.39543000e-02
  06.52626000e+01   04.87470000e+01   03.45348000e+01   04.89340000e-03
  07.06235000e+01   05.38064000e+01   03.47252000e+01  -02.28199000e-02
  06.08181000e+01   05.02735000e+01   03.84150000e+01  -01.51750000e-03
  07.47907000e+01   05.46834000e+01   04.06580000e+01   00.00000000e+00
  07.30594000e+01   05.44530000e+01   04.07067000e+01   00.00000000e+00
  07.39491000e+01   05.52027000e+01   04.21604000e+01   00.00000000e+00
  07.32294000e+01   05.31091000e+01   04.27416000e+01   00.00000000e+00
  07.38497000e+01   05.09726000e+01   04.14851000e+01   00.00000000e+00
  07.41669000e+01   05.20262000e+01   04.00418000e+01   00.00000000e+00
  07.17732000e+01   05.29258000e+01   04.04308000e+01   00.00000000e+00
  07.16815000e+01   05.16544000e+01   04.16271000e+01   00.00000000e+00
  07.06749000e+01   05.08649000e+01   03.95544000e+01   00.00000000e+00
  07.18704000e+01   04.98271000e+01   04.02145000e+01   00.00000000e+00
  07.08570000e+01   05.20220000e+01   03.73923000e+01   00.00000000e+00
  07.22794000e+01   05.30204000e+01   03.79751000e+01   00.00000000e+00
  07.24738000e+01   05.19029000e+01   03.65049000e+01   00.00000000e+00
  06.79710000e+01   04.90564000e+01   03.44476000e+01   05.57290000e-03
  06.91623000e+01   05.13428000e+01   03.29704000e+01  -01.28866000e-02
  07.43076000e+01   05.02377000e+01   03.83274000e+01   00.00000000e+00
  07.66278000e+01   05.89962000e+01   04.88428000e+01   00.00000000e+00
  07.56939000e+01   05.44262000e+01   04.67083000e+01   00.00000000e+00
  07.31536000e+01   04.78502000e+01   03.81980000e+01  -01.99830000e-03
  07.40059000e+01   04.83261000e+01   03.67827000e+01  -01.85290000e-03
