  06.95847000e+01   05.11376000e+01   03.58468000e+01  -06.11779000e-02
  06.01739000e+01   05.05465000e+01   03.81727000e+01   01.75852000e-02
  06.26666000e+01   05.83450000e+01   03.95450000e+01   01.01800000e-02
  06.92569000e+01   05.62280000e+01   03.55486000e+01  -01.32723000e-02
  06.62580000e+01   05.23823000e+01   03.60719000e+01  -04.57645000e-02
  07.04401000e+01   04.99307000e+01   03.53389000e+01   02.46758000e-02
  05.94105000e+01   04.94784000e+01   03.78261000e+01  -01.71993000e-02
  06.37198000e+01   05.88314000e+01   04.05034000e+01  -09.39340000e-03
  06.92924000e+01   05.46582000e+01   03.51218000e+01   07.66074000e-02
  06.33323000e+01   05.21556000e+01   03.70227000e+01   09.44338000e-02
  07.01528000e+01   05.70532000e+01   03.54112000e+01   01.54319000e-02
  07.15045000e+01   04.94949000e+01   03.63090000e+01  -01.56515000e-02
  06.95373000e+01   05.44809000e+01   03.36492000e+01  -02.00050000e-02
  06.60030000e+01   05.52580000e+01   03.67392000e+01  -08.09918000e-02
  07.08096000e+01   05.31479000e+01   03.20368000e+01   04.03650000e-03
  06.79135000e+01   05.41051000e+01   03.55613000e+01  -01.43447000e-01
  06.47634000e+01   05.04020000e+01   03.59267000e+01   01.23287000e-02
  06.17227000e+01   05.32597000e+01   03.84771000e+01   02.21683000e-01
  06.47530000e+01   05.71057000e+01   03.77322000e+01  -05.42921000e-02
  06.69518000e+01   04.94585000e+01   03.38942000e+01   02.66866000e-02
  06.21937000e+01   04.85245000e+01   03.63711000e+01   04.35609000e-02
  06.04361000e+01   05.57970000e+01   03.99488000e+01   02.36507000e-02
  06.73243000e+01   05.87515000e+01   03.69456000e+01  -06.09964000e-02
  07.27989000e+01   05.03101000e+01   03.82111000e+01   08.71130000e-03
  06.75254000e+01   05.27231000e+01   03.56372000e+01   01.26858000e-01
  06.35629000e+01   05.08604000e+01   03.65144000e+01  -03.45042000e-02
  06.23209000e+01   05.45970000e+01   03.85710000e+01  -02.04376000e-01
  06.58896000e+01   05.66043000e+01   03.70741000e+01   07.60142000e-02
  07.19463000e+01   04.83586000e+01   03.65065000e+01   05.08730000e-03
  06.91384000e+01   05.52230000e+01   03.27810000e+01   06.92200000e-04
  07.28600000e+01   05.14587000e+01   03.91436000e+01   00.00000000e+00
  06.82361000e+01   05.14800000e+01   03.50696000e+01   07.64245000e-02
  06.23408000e+01   05.00462000e+01   03.68395000e+01  -04.66821000e-02
  06.17981000e+01   05.57550000e+01   03.92798000e+01   01.65461000e-02
  06.70635000e+01   05.72937000e+01   03.66932000e+01   05.49912000e-02
  07.19119000e+01   05.06093000e+01   03.70789000e+01   03.30200000e-04
  07.04945000e+01   05.34628000e+01   03.34459000e+01   04.02810000e-03
  07.26126000e+01   05.15451000e+01   04.04628000e+01   00.00000000e+00
  06.71735000e+01   05.02937000e+01   03.52170000e+01  -04.69336000e-02
  06.14921000e+01   05.08803000e+01   03.75808000e+01  -07.68710000e-03
  06.27321000e+01   05.68313000e+01   03.90601000e+01  -03.37389000e-02
  06.79022000e+01   05.64082000e+01   03.61200000e+01   03.64969000e-02
  07.12629000e+01   05.20461000e+01   04.09489000e+01   00.00000000e+00
  06.59370000e+01   05.10961000e+01   03.56348000e+01  -09.58259000e-02
  06.21626000e+01   05.22064000e+01   03.77072000e+01  -01.77941000e-01
  06.37205000e+01   05.63094000e+01   03.81951000e+01   06.74294000e-02
  06.71841000e+01   05.51643000e+01   03.61700000e+01   01.44326000e-01
  07.36376000e+01   05.11188000e+01   04.16515000e+01   00.00000000e+00
  07.40628000e+01   05.22867000e+01   04.25379000e+01   00.00000000e+00
  07.47771000e+01   05.34464000e+01   04.18209000e+01   00.00000000e+00
  07.50252000e+01   05.48315000e+01   04.26092000e+01   00.00000000e+00
  07.57811000e+01   05.58732000e+01   04.17517000e+01   00.00000000e+00
  07.56251000e+01   05.47227000e+01   04.40473000e+01   00.00000000e+00
  07.55845000e+01   05.59800000e+01   04.49829000e+01   00.00000000e+00
  07.55769000e+01   05.55883000e+01   04.64775000e+01   00.00000000e+00
  07.48366000e+01   05.64300000e+01   04.75630000e+01   00.00000000e+00
  07.33359000e+01   05.65353000e+01   04.71674000e+01   00.00000000e+00
  07.54588000e+01   05.78006000e+01   04.77230000e+01   00.00000000e+00
  07.69561000e+01   05.78842000e+01   04.81148000e+01   00.00000000e+00
  07.73178000e+01   05.93310000e+01   04.84826000e+01   00.00000000e+00
  07.87560000e+01   05.96469000e+01   04.90597000e+01   00.00000000e+00
  07.90095000e+01   06.11714000e+01   04.91998000e+01   00.00000000e+00
  07.89755000e+01   05.88861000e+01   05.04036000e+01   00.00000000e+00
  06.34726000e+01   05.49487000e+01   03.79336000e+01   03.65717000e-02
  06.47490000e+01   05.37118000e+01   03.69557000e+01  -06.37550000e-03
  06.67554000e+01   05.91098000e+01   03.77796000e+01   01.79582000e-02
  06.83553000e+01   05.89251000e+01   03.70185000e+01   01.23366000e-02
  06.70369000e+01   05.93839000e+01   03.61100000e+01   01.80857000e-02
  06.02719000e+01   05.50130000e+01   04.06338000e+01  -03.55350000e-03
  06.03761000e+01   05.67429000e+01   04.05131000e+01  -05.48890000e-03
  05.96881000e+01   05.57224000e+01   03.91607000e+01  -05.73590000e-03
  06.13855000e+01   04.85540000e+01   03.56577000e+01  -01.16015000e-02
  06.31732000e+01   04.81521000e+01   03.60604000e+01  -01.03548000e-02
  06.17974000e+01   04.79019000e+01   03.71936000e+01  -01.10806000e-02
  06.79605000e+01   04.90989000e+01   03.35606000e+01  -06.50300000e-03
  06.63862000e+01   04.85877000e+01   03.40876000e+01  -03.84930000e-03
  06.65316000e+01   05.02330000e+01   03.31843000e+01  -06.75510000e-03
  06.99953000e+01   05.25711000e+01   03.15595000e+01   06.96000000e-05
  07.09591000e+01   05.40547000e+01   03.14060000e+01  -02.56130000e-03
  07.17136000e+01   05.25401000e+01   03.19144000e+01  -08.86000000e-04
  06.33016000e+01   05.98254000e+01   04.07611000e+01   02.66600000e-04
  06.36517000e+01   05.82684000e+01   04.14089000e+01   02.07780000e-03
  06.46846000e+01   05.89283000e+01   04.00692000e+01   03.44650000e-03
  05.85122000e+01   04.91736000e+01   03.83408000e+01   02.98050000e-03
  05.97892000e+01   04.87757000e+01   03.69846000e+01  -05.01900000e-04
  06.97829000e+01   04.90638000e+01   03.50718000e+01  -05.40000000e-06
  07.09358000e+01   05.01877000e+01   03.44114000e+01  -02.73660000e-03
  06.28436000e+01   05.89950000e+01   03.87531000e+01   06.65000000e-04
  06.16777000e+01   05.85927000e+01   03.98609000e+01  -04.07950000e-03
  07.02267000e+01   05.19447000e+01   03.57926000e+01   01.58140000e-02
  06.94216000e+01   05.09256000e+01   03.68973000e+01   09.11190000e-03
  07.83105000e+01   05.94059000e+01   05.11115000e+01   00.00000000e+00
  07.85684000e+01   05.78486000e+01   05.02884000e+01   00.00000000e+00
  08.00158000e+01   05.89193000e+01   05.08056000e+01   00.00000000e+00
  07.89690000e+01   06.15413000e+01   04.82036000e+01   00.00000000e+00
  07.82882000e+01   06.16303000e+01   04.99058000e+01   00.00000000e+00
  08.00486000e+01   06.12453000e+01   04.95521000e+01   00.00000000e+00
  07.72248000e+01   05.99647000e+01   04.76098000e+01   00.00000000e+00
  07.65616000e+01   05.96921000e+01   04.92513000e+01   00.00000000e+00
  07.72141000e+01   05.72104000e+01   04.89358000e+01   00.00000000e+00
  07.73983000e+01   05.75729000e+01   04.71992000e+01   00.00000000e+00
  07.54441000e+01   05.82703000e+01   04.67825000e+01   00.00000000e+00
  07.47828000e+01   05.84367000e+01   04.84137000e+01   00.00000000e+00
  07.29739000e+01   05.55410000e+01   04.70951000e+01   00.00000000e+00
  07.27827000e+01   05.69225000e+01   04.79990000e+01   00.00000000e+00
  07.30616000e+01   05.71831000e+01   04.63135000e+01   00.00000000e+00
  07.51511000e+01   05.45570000e+01   04.65491000e+01   00.00000000e+00
  07.65613000e+01   05.53658000e+01   04.68757000e+01   00.00000000e+00
  07.63054000e+01   05.67120000e+01   04.47699000e+01   00.00000000e+00
  07.46749000e+01   05.64851000e+01   04.48677000e+01   00.00000000e+00
  07.49133000e+01   05.39632000e+01   04.45167000e+01   00.00000000e+00
  07.66537000e+01   05.43551000e+01   04.38930000e+01   00.00000000e+00
  06.47098000e+01   05.81788000e+01   03.80089000e+01   07.20400000e-04
  06.07861000e+01   05.31337000e+01   03.90044000e+01  -02.39543000e-02
  06.48243000e+01   04.93016000e+01   03.57662000e+01   04.89340000e-03
  06.99921000e+01   05.41837000e+01   03.58437000e+01  -02.28199000e-02
  05.96853000e+01   05.11597000e+01   03.88849000e+01  -01.51750000e-03
  07.52877000e+01   05.59163000e+01   04.07665000e+01   00.00000000e+00
  07.57357000e+01   05.68754000e+01   04.21561000e+01   00.00000000e+00
  07.67999000e+01   05.55973000e+01   04.15301000e+01   00.00000000e+00
  07.40387000e+01   05.52370000e+01   04.28214000e+01   00.00000000e+00
  07.57837000e+01   05.31217000e+01   04.17023000e+01   00.00000000e+00
  07.41983000e+01   05.37556000e+01   04.10057000e+01   00.00000000e+00
  07.31154000e+01   05.26323000e+01   04.28775000e+01   00.00000000e+00
  07.47634000e+01   05.18801000e+01   04.32898000e+01   00.00000000e+00
  07.30529000e+01   05.04337000e+01   04.22766000e+01   00.00000000e+00
  07.45624000e+01   05.06778000e+01   04.11406000e+01   00.00000000e+00
  07.07653000e+01   05.13543000e+01   04.16765000e+01   00.00000000e+00
  07.12946000e+01   05.29072000e+01   04.15576000e+01   00.00000000e+00
  07.06349000e+01   05.24197000e+01   04.01724000e+01   00.00000000e+00
  06.73681000e+01   04.96598000e+01   03.60233000e+01   05.57290000e-03
  06.85915000e+01   05.16324000e+01   03.40451000e+01  -01.28866000e-02
  07.33167000e+01   05.23963000e+01   03.86774000e+01   00.00000000e+00
  07.95761000e+01   05.93113000e+01   04.84738000e+01   00.00000000e+00
  07.48905000e+01   05.59169000e+01   04.85745000e+01   00.00000000e+00
  07.27044000e+01   04.93511000e+01   03.86670000e+01  -01.99830000e-03
  07.37942000e+01   05.02426000e+01   03.77560000e+01  -01.85290000e-03
