  07.01340000e+01   05.13128000e+01   03.53409000e+01  -06.11779000e-02
  06.04969000e+01   05.10757000e+01   03.61427000e+01   01.75852000e-02
  06.31641000e+01   05.80246000e+01   03.93053000e+01   01.01800000e-02
  07.00230000e+01   05.63784000e+01   03.54109000e+01  -01.32723000e-02
  06.67903000e+01   05.27626000e+01   03.49663000e+01  -04.57645000e-02
  07.14078000e+01   05.07519000e+01   03.45724000e+01   02.46758000e-02
  05.99628000e+01   05.12464000e+01   03.73610000e+01  -01.71993000e-02
  06.42402000e+01   05.78586000e+01   04.04088000e+01  -09.39340000e-03
  07.00964000e+01   05.48735000e+01   03.49725000e+01   07.66074000e-02
  06.39082000e+01   05.25830000e+01   03.55895000e+01   09.44338000e-02
  07.09715000e+01   05.71605000e+01   03.53038000e+01   01.54319000e-02
  07.28531000e+01   05.10106000e+01   03.51255000e+01  -01.56515000e-02
  07.05931000e+01   05.49067000e+01   03.35145000e+01  -02.00050000e-02
  06.66472000e+01   05.55305000e+01   03.60061000e+01  -08.09918000e-02
  07.21200000e+01   05.37798000e+01   03.19479000e+01   04.03650000e-03
  06.86510000e+01   05.42950000e+01   03.51653000e+01  -01.43447000e-01
  06.53292000e+01   05.08325000e+01   03.45478000e+01   01.23287000e-02
  06.21095000e+01   05.37453000e+01   03.68348000e+01   02.21683000e-01
  06.53473000e+01   05.73914000e+01   03.71667000e+01  -05.42921000e-02
  06.74878000e+01   05.05063000e+01   03.25674000e+01   02.66866000e-02
  06.25767000e+01   04.92570000e+01   03.46790000e+01   04.35609000e-02
  06.07728000e+01   05.59039000e+01   03.86842000e+01   02.36507000e-02
  06.81310000e+01   05.90149000e+01   03.65517000e+01  -06.09964000e-02
  07.40360000e+01   05.18637000e+01   03.70062000e+01   08.71130000e-03
  06.81425000e+01   05.30106000e+01   03.48959000e+01   01.26858000e-01
  06.40912000e+01   05.12861000e+01   03.50540000e+01  -03.45042000e-02
  06.26896000e+01   05.49151000e+01   03.71946000e+01  -02.04376000e-01
  06.65453000e+01   05.69031000e+01   03.65600000e+01   07.60142000e-02
  07.38566000e+01   05.11885000e+01   03.43880000e+01   05.08730000e-03
  07.00982000e+01   05.55329000e+01   03.26104000e+01   06.92200000e-04
  07.34699000e+01   05.27542000e+01   03.80366000e+01   00.00000000e+00
  06.89411000e+01   05.17793000e+01   03.44168000e+01   07.64245000e-02
  06.28387000e+01   05.06449000e+01   03.51259000e+01  -04.66821000e-02
  06.21404000e+01   05.59464000e+01   03.80372000e+01   01.65461000e-02
  06.77296000e+01   05.75661000e+01   03.62520000e+01   05.49912000e-02
  07.28386000e+01   05.11563000e+01   03.64554000e+01   03.30200000e-04
  07.16504000e+01   05.40087000e+01   03.33076000e+01   04.02810000e-03
  07.31222000e+01   05.24277000e+01   03.92642000e+01   00.00000000e+00
  06.77753000e+01   05.07772000e+01   03.41043000e+01  -04.69336000e-02
  06.19259000e+01   05.14440000e+01   03.57852000e+01  -07.68710000e-03
  06.31752000e+01   05.68936000e+01   03.83249000e+01  -03.37389000e-02
  06.86392000e+01   05.65732000e+01   03.57985000e+01   03.64969000e-02
  07.16960000e+01   05.20337000e+01   03.95200000e+01   00.00000000e+00
  06.65355000e+01   05.15178000e+01   03.45279000e+01  -09.58259000e-02
  06.26597000e+01   05.26200000e+01   03.61705000e+01  -01.77941000e-01
  06.42247000e+01   05.65553000e+01   03.74036000e+01   06.74294000e-02
  06.79397000e+01   05.53830000e+01   03.56928000e+01   01.44326000e-01
  07.40697000e+01   05.23015000e+01   04.04360000e+01   00.00000000e+00
  07.55972000e+01   05.26453000e+01   04.02840000e+01   00.00000000e+00
  07.59557000e+01   05.41425000e+01   04.02897000e+01   00.00000000e+00
  07.56889000e+01   05.50880000e+01   04.15367000e+01   00.00000000e+00
  07.65711000e+01   05.62805000e+01   04.12878000e+01   00.00000000e+00
  07.58318000e+01   05.43758000e+01   04.29215000e+01   00.00000000e+00
  07.54561000e+01   05.52252000e+01   04.41712000e+01   00.00000000e+00
  07.59873000e+01   05.46785000e+01   04.55516000e+01   00.00000000e+00
  07.54757000e+01   05.54463000e+01   04.68383000e+01   00.00000000e+00
  07.39453000e+01   05.57687000e+01   04.68928000e+01   00.00000000e+00
  07.63412000e+01   05.66359000e+01   04.72041000e+01   00.00000000e+00
  07.59545000e+01   05.76183000e+01   04.83257000e+01   00.00000000e+00
  07.68152000e+01   05.88898000e+01   04.85142000e+01   00.00000000e+00
  07.67808000e+01   05.95746000e+01   04.99125000e+01   00.00000000e+00
  07.76954000e+01   06.08684000e+01   04.99531000e+01   00.00000000e+00
  07.53251000e+01   06.01194000e+01   05.01850000e+01   00.00000000e+00
  06.39914000e+01   05.52771000e+01   03.69086000e+01   03.65717000e-02
  06.52649000e+01   05.40753000e+01   03.57238000e+01  -06.37550000e-03
  06.81461000e+01   05.95541000e+01   03.55849000e+01   01.79582000e-02
  06.75633000e+01   05.94591000e+01   03.74015000e+01   01.23366000e-02
  06.91510000e+01   05.88551000e+01   03.69926000e+01   01.80857000e-02
  06.01838000e+01   05.51664000e+01   03.81744000e+01  -03.55350000e-03
  06.07690000e+01   05.58541000e+01   03.97890000e+01  -05.48890000e-03
  06.04227000e+01   05.69183000e+01   03.84580000e+01  -05.73590000e-03
  06.17333000e+01   04.88761000e+01   03.52333000e+01  -01.16015000e-02
  06.22752000e+01   04.92500000e+01   03.36425000e+01  -01.03548000e-02
  06.32999000e+01   04.85199000e+01   03.49800000e+01  -01.10806000e-02
  06.71902000e+01   05.14198000e+01   03.20927000e+01  -06.50300000e-03
  06.84110000e+01   05.01124000e+01   03.21882000e+01  -03.84930000e-03
  06.66900000e+01   04.97529000e+01   03.25286000e+01  -06.75510000e-03
  07.12545000e+01   05.35044000e+01   03.13658000e+01   06.96000000e-05
  07.24040000e+01   05.47091000e+01   03.15049000e+01  -02.56130000e-03
  07.29408000e+01   05.30034000e+01   03.18870000e+01  -08.86000000e-04
  06.44373000e+01   05.87851000e+01   04.09919000e+01   02.66600000e-04
  06.38644000e+01   05.71079000e+01   04.10929000e+01   02.07780000e-03
  06.51979000e+01   05.76794000e+01   04.00783000e+01   03.44650000e-03
  05.88609000e+01   05.10416000e+01   03.75354000e+01   02.98050000e-03
  06.06107000e+01   05.17091000e+01   03.81548000e+01  -05.01900000e-04
  07.11666000e+01   04.96912000e+01   03.43778000e+01  -05.40000000e-06
  07.14833000e+01   05.13478000e+01   03.36025000e+01  -02.73660000e-03
  06.33003000e+01   05.89960000e+01   03.87881000e+01   06.65000000e-04
  06.21516000e+01   05.81289000e+01   03.97151000e+01  -04.07950000e-03
  07.06193000e+01   05.21854000e+01   03.58476000e+01   01.58140000e-02
  06.97704000e+01   05.05480000e+01   03.60184000e+01   09.11190000e-03
  07.47027000e+01   05.91979000e+01   05.01202000e+01   00.00000000e+00
  07.53479000e+01   06.06489000e+01   05.11518000e+01   00.00000000e+00
  07.49919000e+01   06.07753000e+01   04.93836000e+01   00.00000000e+00
  07.85643000e+01   06.07996000e+01   04.93434000e+01   00.00000000e+00
  07.72115000e+01   06.16999000e+01   04.95253000e+01   00.00000000e+00
  07.77829000e+01   06.12207000e+01   05.09496000e+01   00.00000000e+00
  07.78261000e+01   05.86051000e+01   04.84094000e+01   00.00000000e+00
  07.64926000e+01   05.95680000e+01   04.77363000e+01   00.00000000e+00
  07.49036000e+01   05.79172000e+01   04.81492000e+01   00.00000000e+00
  07.60721000e+01   05.70538000e+01   04.93011000e+01   00.00000000e+00
  07.74550000e+01   05.63750000e+01   04.73151000e+01   00.00000000e+00
  07.62537000e+01   05.72147000e+01   04.63419000e+01   00.00000000e+00
  07.36897000e+01   05.65788000e+01   04.62096000e+01   00.00000000e+00
  07.32933000e+01   05.49154000e+01   04.65476000e+01   00.00000000e+00
  07.36604000e+01   05.60192000e+01   04.79481000e+01   00.00000000e+00
  07.57425000e+01   05.35734000e+01   04.55855000e+01   00.00000000e+00
  07.70187000e+01   05.46703000e+01   04.54923000e+01   00.00000000e+00
  07.58393000e+01   05.62436000e+01   04.41036000e+01   00.00000000e+00
  07.43674000e+01   05.53105000e+01   04.42636000e+01   00.00000000e+00
  07.51623000e+01   05.34911000e+01   04.29353000e+01   00.00000000e+00
  07.68740000e+01   05.40376000e+01   04.30842000e+01   00.00000000e+00
  06.53008000e+01   05.83988000e+01   03.75327000e+01   07.20400000e-04
  06.10898000e+01   05.36005000e+01   03.71306000e+01  -02.39543000e-02
  06.52999000e+01   04.98084000e+01   03.41452000e+01   04.89340000e-03
  07.07830000e+01   05.42558000e+01   03.56305000e+01  -02.28199000e-02
  05.98791000e+01   05.05645000e+01   03.53371000e+01  -01.51750000e-03
  07.76276000e+01   05.60400000e+01   04.15463000e+01   00.00000000e+00
  07.64392000e+01   05.66009000e+01   04.02734000e+01   00.00000000e+00
  07.62738000e+01   05.70800000e+01   04.19062000e+01   00.00000000e+00
  07.47039000e+01   05.55069000e+01   04.15272000e+01   00.00000000e+00
  07.69767000e+01   05.42080000e+01   03.98817000e+01   00.00000000e+00
  07.53812000e+01   05.45724000e+01   03.94769000e+01   00.00000000e+00
  07.61112000e+01   05.23310000e+01   04.12493000e+01   00.00000000e+00
  07.61073000e+01   05.21782000e+01   03.94184000e+01   00.00000000e+00
  07.35968000e+01   05.29214000e+01   04.12624000e+01   00.00000000e+00
  07.39049000e+01   05.12446000e+01   04.07921000e+01   00.00000000e+00
  07.12155000e+01   05.13447000e+01   03.88105000e+01   00.00000000e+00
  07.16438000e+01   05.16287000e+01   04.05444000e+01   00.00000000e+00
  07.11659000e+01   05.29255000e+01   03.94133000e+01   00.00000000e+00
  06.79214000e+01   04.99243000e+01   03.47343000e+01   05.57290000e-03
  06.92999000e+01   05.20805000e+01   03.33925000e+01  -01.28866000e-02
  07.33641000e+01   05.38486000e+01   03.77204000e+01   00.00000000e+00
  07.70232000e+01   05.87800000e+01   05.06462000e+01   00.00000000e+00
  07.55533000e+01   05.47310000e+01   04.76132000e+01   00.00000000e+00
  07.47388000e+01   05.11448000e+01   03.74033000e+01  -01.99830000e-03
  07.46268000e+01   05.24252000e+01   03.62408000e+01  -01.85290000e-03
