  06.98065000e+01   05.07884000e+01   03.52663000e+01  -06.11779000e-02
  06.07692000e+01   05.06122000e+01   03.74337000e+01   01.75852000e-02
  06.31698000e+01   05.80965000e+01   03.88808000e+01   01.01800000e-02
  07.00292000e+01   05.58622000e+01   03.49807000e+01  -01.32723000e-02
  06.66007000e+01   05.23814000e+01   03.50032000e+01  -04.57645000e-02
  07.09369000e+01   04.97925000e+01   03.46997000e+01   02.46758000e-02
  05.98368000e+01   04.97169000e+01   03.69864000e+01  -01.71993000e-02
  06.43969000e+01   05.83671000e+01   03.97335000e+01  -09.39340000e-03
  06.99559000e+01   05.42108000e+01   03.47349000e+01   07.66074000e-02
  06.39038000e+01   05.21547000e+01   03.62114000e+01   09.44338000e-02
  07.10042000e+01   05.65318000e+01   03.47634000e+01   01.54319000e-02
  07.23372000e+01   04.98675000e+01   03.53362000e+01  -01.56515000e-02
  07.03424000e+01   05.38863000e+01   03.33134000e+01  -02.00050000e-02
  06.66164000e+01   05.51976000e+01   03.57790000e+01  -08.09918000e-02
  07.17853000e+01   05.25334000e+01   03.19022000e+01   04.03650000e-03
  06.85016000e+01   05.38108000e+01   03.50551000e+01  -01.43447000e-01
  06.51251000e+01   05.04285000e+01   03.48854000e+01   01.23287000e-02
  06.20795000e+01   05.33495000e+01   03.73211000e+01   02.21683000e-01
  06.53906000e+01   05.69804000e+01   03.68882000e+01  -05.42921000e-02
  06.72898000e+01   04.98686000e+01   03.24320000e+01   02.66866000e-02
  06.28634000e+01   04.85515000e+01   03.57423000e+01   04.35609000e-02
  06.08083000e+01   05.56596000e+01   03.89445000e+01   02.36507000e-02
  06.79994000e+01   05.86465000e+01   03.59991000e+01  -06.09964000e-02
  07.35917000e+01   05.11160000e+01   03.68292000e+01   08.71130000e-03
  06.78775000e+01   05.26047000e+01   03.48070000e+01   01.26858000e-01
  06.40681000e+01   05.08698000e+01   03.57058000e+01  -03.45042000e-02
  06.27499000e+01   05.45985000e+01   03.74762000e+01  -02.04376000e-01
  06.65303000e+01   05.64781000e+01   03.61530000e+01   07.60142000e-02
  07.33451000e+01   04.96100000e+01   03.47510000e+01   05.08730000e-03
  06.99192000e+01   05.45042000e+01   03.23895000e+01   06.92200000e-04
  07.32749000e+01   05.20611000e+01   03.79692000e+01   00.00000000e+00
  06.86444000e+01   05.13485000e+01   03.42689000e+01   07.64245000e-02
  06.29506000e+01   05.00330000e+01   03.60750000e+01  -04.66821000e-02
  06.21389000e+01   05.57347000e+01   03.81587000e+01   01.65461000e-02
  06.76901000e+01   05.71519000e+01   03.57987000e+01   05.49912000e-02
  07.23020000e+01   05.05448000e+01   03.64815000e+01   03.30200000e-04
  07.12040000e+01   05.28537000e+01   03.32493000e+01   04.02810000e-03
  07.27521000e+01   05.17710000e+01   03.91313000e+01   00.00000000e+00
  06.74793000e+01   05.03981000e+01   03.39467000e+01  -04.69336000e-02
  06.20435000e+01   05.08317000e+01   03.68132000e+01  -07.68710000e-03
  06.31267000e+01   05.67603000e+01   03.81121000e+01  -03.37389000e-02
  06.86579000e+01   05.61597000e+01   03.54001000e+01   03.64969000e-02
  07.12997000e+01   05.16477000e+01   03.92980000e+01   00.00000000e+00
  06.62815000e+01   05.11168000e+01   03.46143000e+01  -09.58259000e-02
  06.26776000e+01   05.22141000e+01   03.67870000e+01  -01.77941000e-01
  06.42292000e+01   05.62630000e+01   03.73393000e+01   06.74294000e-02
  06.78473000e+01   05.49752000e+01   03.54300000e+01   01.44326000e-01
  07.35591000e+01   05.14841000e+01   04.03964000e+01   00.00000000e+00
  07.41234000e+01   05.28027000e+01   04.11115000e+01   00.00000000e+00
  07.49174000e+01   05.25084000e+01   04.23881000e+01   00.00000000e+00
  07.50163000e+01   05.37011000e+01   04.34007000e+01   00.00000000e+00
  07.55467000e+01   05.49962000e+01   04.27579000e+01   00.00000000e+00
  07.57403000e+01   05.31768000e+01   04.46685000e+01   00.00000000e+00
  07.61730000e+01   05.43052000e+01   04.56933000e+01   00.00000000e+00
  07.49351000e+01   05.50152000e+01   04.63884000e+01   00.00000000e+00
  07.52596000e+01   05.61428000e+01   04.74830000e+01   00.00000000e+00
  07.39670000e+01   05.65235000e+01   04.82562000e+01   00.00000000e+00
  07.59424000e+01   05.73600000e+01   04.67817000e+01   00.00000000e+00
  07.63308000e+01   05.85192000e+01   04.76917000e+01   00.00000000e+00
  07.75024000e+01   05.81016000e+01   04.86645000e+01   00.00000000e+00
  07.79627000e+01   05.91340000e+01   04.97641000e+01   00.00000000e+00
  07.85488000e+01   05.85476000e+01   05.10516000e+01   00.00000000e+00
  07.89272000e+01   06.02100000e+01   04.92369000e+01   00.00000000e+00
  06.39987000e+01   05.49711000e+01   03.69868000e+01   03.65717000e-02
  06.53216000e+01   05.36692000e+01   03.60223000e+01  -06.37550000e-03
  06.71853000e+01   05.92913000e+01   03.55628000e+01   01.79582000e-02
  06.80402000e+01   05.87120000e+01   03.70674000e+01   01.23366000e-02
  06.89587000e+01   05.89380000e+01   03.55176000e+01   01.80857000e-02
  06.00404000e+01   05.55876000e+01   03.82138000e+01  -03.55350000e-03
  06.06903000e+01   05.46807000e+01   03.95384000e+01  -05.48890000e-03
  06.06212000e+01   05.64559000e+01   03.96655000e+01  -05.73590000e-03
  06.21087000e+01   04.80815000e+01   03.63773000e+01  -01.16015000e-02
  06.25554000e+01   04.83996000e+01   03.47132000e+01  -01.03548000e-02
  06.37830000e+01   04.80125000e+01   03.58750000e+01  -01.10806000e-02
  06.64347000e+01   04.92614000e+01   03.22932000e+01  -06.50300000e-03
  06.73115000e+01   05.06039000e+01   03.16785000e+01  -03.84930000e-03
  06.80951000e+01   04.92278000e+01   03.22358000e+01  -06.75510000e-03
  07.26050000e+01   05.18814000e+01   03.21262000e+01   06.96000000e-05
  07.10917000e+01   05.19255000e+01   03.13214000e+01  -02.56130000e-03
  07.22030000e+01   05.33898000e+01   03.13915000e+01  -08.86000000e-04
  06.53018000e+01   05.84097000e+01   03.90878000e+01   02.66600000e-04
  06.42259000e+01   05.93436000e+01   04.02576000e+01   02.07780000e-03
  06.44095000e+01   05.75965000e+01   04.04965000e+01   03.44650000e-03
  05.88915000e+01   04.96739000e+01   03.75634000e+01   02.98050000e-03
  05.99219000e+01   04.91685000e+01   03.60164000e+01  -05.01900000e-04
  07.05563000e+01   04.87698000e+01   03.49629000e+01  -05.40000000e-06
  07.10161000e+01   04.98767000e+01   03.36476000e+01  -02.73660000e-03
  06.30635000e+01   05.89570000e+01   03.81984000e+01   06.65000000e-04
  06.22824000e+01   05.81264000e+01   03.95428000e+01  -04.07950000e-03
  07.02912000e+01   05.16703000e+01   03.56421000e+01   01.58140000e-02
  06.93985000e+01   05.03770000e+01   03.61944000e+01   09.11190000e-03
  07.85585000e+01   06.07754000e+01   04.83564000e+01   00.00000000e+00
  07.90076000e+01   06.09397000e+01   05.00056000e+01   00.00000000e+00
  07.99035000e+01   05.97613000e+01   04.89604000e+01   00.00000000e+00
  07.82979000e+01   05.91814000e+01   05.19399000e+01   00.00000000e+00
  07.81547000e+01   05.75545000e+01   05.12522000e+01   00.00000000e+00
  07.96283000e+01   05.85063000e+01   05.09910000e+01   00.00000000e+00
  07.72168000e+01   05.72473000e+01   04.92973000e+01   00.00000000e+00
  07.83965000e+01   05.76944000e+01   04.81502000e+01   00.00000000e+00
  07.67410000e+01   05.93977000e+01   04.71336000e+01   00.00000000e+00
  07.55337000e+01   05.87678000e+01   04.83588000e+01   00.00000000e+00
  07.68221000e+01   05.69447000e+01   04.62859000e+01   00.00000000e+00
  07.52712000e+01   05.77151000e+01   04.60024000e+01   00.00000000e+00
  07.31669000e+01   05.69628000e+01   04.75918000e+01   00.00000000e+00
  07.34993000e+01   05.56228000e+01   04.86073000e+01   00.00000000e+00
  07.42461000e+01   05.71709000e+01   04.91196000e+01   00.00000000e+00
  07.42491000e+01   05.55280000e+01   04.57399000e+01   00.00000000e+00
  07.44879000e+01   05.41487000e+01   04.69987000e+01   00.00000000e+00
  07.66563000e+01   05.37944000e+01   04.65046000e+01   00.00000000e+00
  07.68850000e+01   05.50427000e+01   04.52265000e+01   00.00000000e+00
  07.50797000e+01   05.24999000e+01   04.51681000e+01   00.00000000e+00
  07.65821000e+01   05.26588000e+01   04.42970000e+01   00.00000000e+00
  06.55025000e+01   05.80601000e+01   03.70166000e+01   07.20400000e-04
  06.11293000e+01   05.32004000e+01   03.77785000e+01  -02.39543000e-02
  06.52251000e+01   04.93476000e+01   03.46097000e+01   04.89340000e-03
  07.06322000e+01   05.37755000e+01   03.54060000e+01  -02.28199000e-02
  06.05275000e+01   05.11434000e+01   03.82991000e+01  -01.51750000e-03
  07.47626000e+01   05.52554000e+01   04.19914000e+01   00.00000000e+00
  07.55528000e+01   05.58022000e+01   04.34829000e+01   00.00000000e+00
  07.65206000e+01   05.46624000e+01   04.23026000e+01   00.00000000e+00
  07.40746000e+01   05.38781000e+01   04.37753000e+01   00.00000000e+00
  07.44926000e+01   05.17352000e+01   04.30181000e+01   00.00000000e+00
  07.60140000e+01   05.23340000e+01   04.21171000e+01   00.00000000e+00
  07.47688000e+01   05.33060000e+01   04.03593000e+01   00.00000000e+00
  07.33010000e+01   05.34964000e+01   04.12675000e+01   00.00000000e+00
  07.28994000e+01   05.09238000e+01   04.11177000e+01   00.00000000e+00
  07.43625000e+01   05.08337000e+01   04.01201000e+01   00.00000000e+00
  07.06735000e+01   05.17225000e+01   03.83902000e+01   00.00000000e+00
  07.10744000e+01   05.07020000e+01   03.97178000e+01   00.00000000e+00
  07.10025000e+01   05.24514000e+01   03.99952000e+01   00.00000000e+00
  06.77795000e+01   04.95148000e+01   03.45311000e+01   05.57290000e-03
  06.90145000e+01   05.16054000e+01   03.33130000e+01  -01.28866000e-02
  07.33300000e+01   05.30621000e+01   03.77126000e+01   00.00000000e+00
  07.70369000e+01   05.96668000e+01   05.01073000e+01   00.00000000e+00
  07.59148000e+01   05.56880000e+01   04.81628000e+01   00.00000000e+00
  07.43431000e+01   05.04766000e+01   03.71925000e+01  -01.99830000e-03
  07.38526000e+01   05.17154000e+01   03.59887000e+01  -01.85290000e-03
