  06.96905000e+01   05.15307000e+01   03.40276000e+01  -06.11779000e-02
  06.04879000e+01   05.15000000e+01   03.64697000e+01   01.75852000e-02
  06.30421000e+01   05.88431000e+01   03.79120000e+01   01.01800000e-02
  06.98362000e+01   05.65233000e+01   03.40294000e+01  -01.32723000e-02
  06.64075000e+01   05.30111000e+01   03.41541000e+01  -04.57645000e-02
  07.03318000e+01   05.04355000e+01   03.32280000e+01   02.46758000e-02
  05.97900000e+01   05.03161000e+01   03.65050000e+01  -01.71993000e-02
  06.39530000e+01   05.86495000e+01   03.91571000e+01  -09.39340000e-03
  06.98155000e+01   05.49775000e+01   03.35961000e+01   07.66074000e-02
  06.36673000e+01   05.27946000e+01   03.52112000e+01   09.44338000e-02
  07.07420000e+01   05.72948000e+01   03.38407000e+01   01.54319000e-02
  07.15896000e+01   04.98894000e+01   03.38751000e+01  -01.56515000e-02
  07.00779000e+01   05.48453000e+01   03.21833000e+01  -02.00050000e-02
  06.64941000e+01   05.58243000e+01   03.49253000e+01  -08.09918000e-02
  07.08449000e+01   05.32113000e+01   03.05316000e+01   04.03650000e-03
  06.83804000e+01   05.45062000e+01   03.40244000e+01  -01.43447000e-01
  06.49017000e+01   05.10024000e+01   03.42129000e+01   01.23287000e-02
  06.20226000e+01   05.41104000e+01   03.64167000e+01   02.21683000e-01
  06.53807000e+01   05.76377000e+01   03.61495000e+01  -05.42921000e-02
  06.68818000e+01   05.04175000e+01   03.18655000e+01   02.66866000e-02
  06.24012000e+01   04.93201000e+01   03.46155000e+01   04.35609000e-02
  06.05788000e+01   05.67028000e+01   03.76916000e+01   02.36507000e-02
  06.81687000e+01   05.91279000e+01   03.53943000e+01  -06.09964000e-02
  07.23067000e+01   04.86090000e+01   03.57389000e+01   08.71130000e-03
  06.78226000e+01   05.33020000e+01   03.38252000e+01   01.26858000e-01
  06.37831000e+01   05.14686000e+01   03.48977000e+01  -03.45042000e-02
  06.26116000e+01   05.54005000e+01   03.65077000e+01  -02.04376000e-01
  06.64787000e+01   05.71362000e+01   03.54191000e+01   07.60142000e-02
  07.27116000e+01   04.99903000e+01   03.34301000e+01   05.08730000e-03
  06.98491000e+01   05.56831000e+01   03.13202000e+01   06.92200000e-04
  07.31731000e+01   04.96573000e+01   03.64272000e+01   00.00000000e+00
  06.84433000e+01   05.20047000e+01   03.32352000e+01   07.64245000e-02
  06.25833000e+01   05.07279000e+01   03.51552000e+01  -04.66821000e-02
  06.19023000e+01   05.65847000e+01   03.70479000e+01   01.65461000e-02
  06.78107000e+01   05.77514000e+01   03.51421000e+01   05.49912000e-02
  07.12388000e+01   04.92383000e+01   03.50379000e+01   03.30200000e-04
  07.08590000e+01   05.37371000e+01   03.18743000e+01   04.02810000e-03
  07.29917000e+01   05.09575000e+01   03.66379000e+01   00.00000000e+00
  06.72685000e+01   05.09393000e+01   03.32589000e+01  -04.69336000e-02
  06.18072000e+01   05.16066000e+01   03.58668000e+01  -07.68710000e-03
  06.29547000e+01   05.75236000e+01   03.71657000e+01  -03.37389000e-02
  06.85615000e+01   05.67125000e+01   03.45996000e+01   03.64969000e-02
  07.33785000e+01   05.20625000e+01   03.56659000e+01   00.00000000e+00
  06.60855000e+01   05.17031000e+01   03.38210000e+01  -09.58259000e-02
  06.24968000e+01   05.28623000e+01   03.59001000e+01  -01.77941000e-01
  06.41621000e+01   05.69639000e+01   03.63836000e+01   06.74294000e-02
  06.77601000e+01   05.56240000e+01   03.45377000e+01   01.44326000e-01
  07.22700000e+01   05.13554000e+01   03.79314000e+01   00.00000000e+00
  07.32624000e+01   05.18162000e+01   03.90462000e+01   00.00000000e+00
  07.26082000e+01   05.21461000e+01   04.03166000e+01   00.00000000e+00
  07.34871000e+01   05.29073000e+01   04.13961000e+01   00.00000000e+00
  07.49242000e+01   05.20925000e+01   04.15755000e+01   00.00000000e+00
  07.26746000e+01   05.30585000e+01   04.26983000e+01   00.00000000e+00
  07.33275000e+01   05.40678000e+01   04.36813000e+01   00.00000000e+00
  07.26688000e+01   05.38352000e+01   04.50794000e+01   00.00000000e+00
  07.28685000e+01   05.48872000e+01   04.62382000e+01   00.00000000e+00
  07.20773000e+01   05.61493000e+01   04.59154000e+01   00.00000000e+00
  07.43513000e+01   05.52041000e+01   04.66971000e+01   00.00000000e+00
  07.51758000e+01   05.62874000e+01   04.59675000e+01   00.00000000e+00
  07.65859000e+01   05.64104000e+01   04.65511000e+01   00.00000000e+00
  07.72548000e+01   05.77640000e+01   04.60677000e+01   00.00000000e+00
  07.85619000e+01   05.80038000e+01   04.69438000e+01   00.00000000e+00
  07.76065000e+01   05.77460000e+01   04.45454000e+01   00.00000000e+00
  06.38167000e+01   05.57271000e+01   03.60256000e+01   03.65717000e-02
  06.50813000e+01   05.43310000e+01   03.50718000e+01  -06.37550000e-03
  06.75849000e+01   05.98675000e+01   03.47633000e+01   01.79582000e-02
  06.79728000e+01   05.94632000e+01   03.63983000e+01   01.23366000e-02
  06.91407000e+01   05.93273000e+01   03.50821000e+01   01.80857000e-02
  06.01599000e+01   05.77183000e+01   03.77169000e+01  -03.55350000e-03
  05.99679000e+01   05.59770000e+01   03.71623000e+01  -05.48890000e-03
  06.06281000e+01   05.64929000e+01   03.87462000e+01  -05.73590000e-03
  06.30873000e+01   04.89697000e+01   03.37840000e+01  -01.16015000e-02
  06.24153000e+01   04.86173000e+01   03.54401000e+01  -01.03548000e-02
  06.14068000e+01   04.91195000e+01   03.41610000e+01  -01.10806000e-02
  06.63193000e+01   05.11698000e+01   03.14324000e+01  -06.50300000e-03
  06.77943000e+01   05.01900000e+01   03.13426000e+01  -03.84930000e-03
  06.62421000e+01   04.94806000e+01   03.17870000e+01  -06.75510000e-03
  07.15117000e+01   05.24429000e+01   03.04753000e+01   06.96000000e-05
  06.98494000e+01   05.29052000e+01   03.03878000e+01  -02.56130000e-03
  07.12143000e+01   05.39076000e+01   02.97477000e+01  -08.86000000e-04
  06.39827000e+01   05.95541000e+01   03.98329000e+01   02.66600000e-04
  06.36601000e+01   05.78252000e+01   03.97572000e+01   02.07780000e-03
  06.49358000e+01   05.85516000e+01   03.88138000e+01   03.44650000e-03
  05.88468000e+01   05.02251000e+01   03.70628000e+01   02.98050000e-03
  06.01346000e+01   04.93652000e+01   03.59747000e+01  -05.01900000e-04
  06.95884000e+01   04.96773000e+01   03.31620000e+01  -05.40000000e-06
  07.05298000e+01   05.07797000e+01   03.22463000e+01  -02.73660000e-03
  06.34653000e+01   05.96571000e+01   03.72987000e+01   06.65000000e-04
  06.20897000e+01   05.91022000e+01   03.82094000e+01  -04.07950000e-03
  07.04245000e+01   05.23344000e+01   03.41759000e+01   01.58140000e-02
  06.93530000e+01   05.11510000e+01   03.49426000e+01   09.11190000e-03
  07.66805000e+01   05.77722000e+01   04.40006000e+01   00.00000000e+00
  07.81742000e+01   05.86714000e+01   04.41963000e+01   00.00000000e+00
  07.81045000e+01   05.68417000e+01   04.42274000e+01   00.00000000e+00
  07.82580000e+01   05.81808000e+01   04.79465000e+01   00.00000000e+00
  07.93293000e+01   05.72485000e+01   04.68534000e+01   00.00000000e+00
  07.90679000e+01   05.88427000e+01   04.65817000e+01   00.00000000e+00
  07.65158000e+01   05.65894000e+01   04.76347000e+01   00.00000000e+00
  07.73333000e+01   05.56130000e+01   04.64512000e+01   00.00000000e+00
  07.51234000e+01   05.59324000e+01   04.49300000e+01   00.00000000e+00
  07.47472000e+01   05.72471000e+01   04.60890000e+01   00.00000000e+00
  07.44120000e+01   05.54610000e+01   04.77155000e+01   00.00000000e+00
  07.49209000e+01   05.42891000e+01   04.64240000e+01   00.00000000e+00
  07.24610000e+01   05.65824000e+01   04.49768000e+01   00.00000000e+00
  07.10411000e+01   05.59793000e+01   04.59219000e+01   00.00000000e+00
  07.23240000e+01   05.68953000e+01   04.66961000e+01   00.00000000e+00
  07.15945000e+01   05.37853000e+01   04.48427000e+01   00.00000000e+00
  07.28717000e+01   05.28855000e+01   04.55231000e+01   00.00000000e+00
  07.43565000e+01   05.39504000e+01   04.36159000e+01   00.00000000e+00
  07.30807000e+01   05.50988000e+01   04.33607000e+01   00.00000000e+00
  07.16363000e+01   05.35279000e+01   04.25440000e+01   00.00000000e+00
  07.27031000e+01   05.20981000e+01   04.31569000e+01   00.00000000e+00
  06.54791000e+01   05.86003000e+01   03.66526000e+01   07.20400000e-04
  06.09794000e+01   05.40411000e+01   03.66435000e+01  -02.39543000e-02
  06.50143000e+01   04.99564000e+01   03.41380000e+01   04.89340000e-03
  07.04336000e+01   05.44386000e+01   03.42756000e+01  -02.28199000e-02
  05.98412000e+01   05.23502000e+01   03.68593000e+01  -01.51750000e-03
  07.48107000e+01   05.09677000e+01   04.15658000e+01   00.00000000e+00
  07.56291000e+01   05.25523000e+01   04.08301000e+01   00.00000000e+00
  07.52882000e+01   05.22965000e+01   04.25542000e+01   00.00000000e+00
  07.37043000e+01   05.38708000e+01   04.09318000e+01   00.00000000e+00
  07.18011000e+01   05.28479000e+01   04.00869000e+01   00.00000000e+00
  07.21643000e+01   05.13020000e+01   04.07646000e+01   00.00000000e+00
  07.39144000e+01   05.09561000e+01   03.92294000e+01   00.00000000e+00
  07.37951000e+01   05.26116000e+01   03.86232000e+01   00.00000000e+00
  07.15852000e+01   05.21857000e+01   03.77410000e+01   00.00000000e+00
  07.16838000e+01   05.05320000e+01   03.82862000e+01   00.00000000e+00
  07.24739000e+01   05.25565000e+01   03.52881000e+01   00.00000000e+00
  07.40045000e+01   05.28722000e+01   03.61436000e+01   00.00000000e+00
  07.39389000e+01   05.17642000e+01   03.48833000e+01   00.00000000e+00
  06.74964000e+01   05.01454000e+01   03.39221000e+01   05.57290000e-03
  06.88169000e+01   05.23814000e+01   03.22727000e+01  -01.28866000e-02
  07.40592000e+01   04.91792000e+01   03.67690000e+01   00.00000000e+00
  07.65917000e+01   05.85900000e+01   04.63088000e+01   00.00000000e+00
  07.25490000e+01   05.43794000e+01   04.71690000e+01   00.00000000e+00
  07.18868000e+01   04.79862000e+01   03.64598000e+01  -01.99830000e-03
  07.29121000e+01   04.79675000e+01   03.51473000e+01  -01.85290000e-03
