  07.12382000e+01   05.14723000e+01   03.43785000e+01  -06.11779000e-02
  06.20062000e+01   05.14006000e+01   03.71302000e+01   01.75852000e-02
  06.45441000e+01   05.90025000e+01   03.86557000e+01   01.01800000e-02
  07.12082000e+01   05.65837000e+01   03.45799000e+01  -01.32723000e-02
  06.79651000e+01   05.30528000e+01   03.45959000e+01  -04.57645000e-02
  07.10709000e+01   05.11703000e+01   03.58216000e+01   02.46758000e-02
  06.16224000e+01   05.17931000e+01   03.83816000e+01  -01.71993000e-02
  06.54922000e+01   05.91954000e+01   03.98341000e+01  -09.39340000e-03
  07.12428000e+01   05.50602000e+01   03.42298000e+01   07.66074000e-02
  06.51759000e+01   05.29767000e+01   03.57503000e+01   09.44338000e-02
  07.22038000e+01   05.72984000e+01   03.45451000e+01   01.54319000e-02
  07.22756000e+01   05.04886000e+01   03.65751000e+01  -01.56515000e-02
  07.15131000e+01   05.49839000e+01   03.27109000e+01  -02.00050000e-02
  06.79338000e+01   05.58846000e+01   03.54690000e+01  -08.09918000e-02
  07.25530000e+01   05.35713000e+01   03.10767000e+01   04.03650000e-03
  06.98597000e+01   05.45736000e+01   03.45302000e+01  -01.43447000e-01
  06.63474000e+01   05.13022000e+01   03.44488000e+01   01.23287000e-02
  06.36613000e+01   05.42110000e+01   03.72199000e+01   02.21683000e-01
  06.68444000e+01   05.76940000e+01   03.68245000e+01  -05.42921000e-02
  06.83429000e+01   05.09010000e+01   03.19226000e+01   02.66866000e-02
  06.37342000e+01   04.95995000e+01   03.49506000e+01   04.35609000e-02
  06.24784000e+01   05.66050000e+01   03.90415000e+01   02.36507000e-02
  06.94185000e+01   05.92938000e+01   03.60346000e+01  -06.09964000e-02
  07.37288000e+01   05.07099000e+01   03.84390000e+01   08.71130000e-03
  06.93208000e+01   05.33191000e+01   03.43290000e+01   01.26858000e-01
  06.52159000e+01   05.17680000e+01   03.51331000e+01  -03.45042000e-02
  06.41553000e+01   05.54923000e+01   03.73168000e+01  -02.04376000e-01
  06.79292000e+01   05.71435000e+01   03.60776000e+01   07.60142000e-02
  07.25995000e+01   04.92870000e+01   03.65599000e+01   05.08730000e-03
  07.09789000e+01   05.55915000e+01   03.17884000e+01   06.92200000e-04
  07.42435000e+01   05.17693000e+01   03.92965000e+01   00.00000000e+00
  06.99636000e+01   05.21049000e+01   03.36399000e+01   07.64245000e-02
  06.40223000e+01   05.10021000e+01   03.55131000e+01  -04.66821000e-02
  06.36601000e+01   05.66245000e+01   03.81437000e+01   01.65461000e-02
  06.91395000e+01   05.78707000e+01   03.57296000e+01   05.49912000e-02
  07.28341000e+01   05.13992000e+01   03.74354000e+01   03.30200000e-04
  07.24467000e+01   05.39661000e+01   03.24834000e+01   04.02810000e-03
  07.52538000e+01   05.17515000e+01   04.02502000e+01   00.00000000e+00
  06.87111000e+01   05.11486000e+01   03.33828000e+01  -04.69336000e-02
  06.32109000e+01   05.18515000e+01   03.63631000e+01  -07.68710000e-03
  06.46309000e+01   05.76302000e+01   03.80476000e+01  -03.37389000e-02
  06.99038000e+01   05.68584000e+01   03.51194000e+01   03.64969000e-02
  07.49600000e+01   05.14919000e+01   04.16950000e+01   00.00000000e+00
  06.76052000e+01   05.18712000e+01   03.41658000e+01  -09.58259000e-02
  06.39788000e+01   05.30698000e+01   03.65014000e+01  -01.77941000e-01
  06.56684000e+01   05.70418000e+01   03.72032000e+01   06.74294000e-02
  06.91843000e+01   05.57114000e+01   03.49659000e+01   01.44326000e-01
  07.66956000e+01   05.18737000e+01   03.96791000e+01   00.00000000e+00
  07.75183000e+01   05.29820000e+01   04.03165000e+01   00.00000000e+00
  07.70432000e+01   05.43497000e+01   03.99903000e+01   00.00000000e+00
  07.78596000e+01   05.55760000e+01   04.04337000e+01   00.00000000e+00
  07.91618000e+01   05.56688000e+01   03.96334000e+01   00.00000000e+00
  07.81505000e+01   05.55430000e+01   04.20013000e+01   00.00000000e+00
  07.88640000e+01   05.67018000e+01   04.27233000e+01   00.00000000e+00
  07.85495000e+01   05.67399000e+01   04.42680000e+01   00.00000000e+00
  07.91822000e+01   05.78540000e+01   04.51019000e+01   00.00000000e+00
  08.07041000e+01   05.77650000e+01   04.49612000e+01   00.00000000e+00
  07.88318000e+01   05.78186000e+01   04.65703000e+01   00.00000000e+00
  07.74169000e+01   05.82557000e+01   04.69615000e+01   00.00000000e+00
  07.71107000e+01   05.80741000e+01   04.84423000e+01   00.00000000e+00
  07.57235000e+01   05.85813000e+01   04.89841000e+01   00.00000000e+00
  07.55877000e+01   06.00851000e+01   04.89791000e+01   00.00000000e+00
  07.45423000e+01   05.79086000e+01   04.82150000e+01   00.00000000e+00
  06.53955000e+01   05.57454000e+01   03.68060000e+01   03.65717000e-02
  06.65282000e+01   05.44032000e+01   03.56015000e+01  -06.37550000e-03
  06.93950000e+01   05.94097000e+01   03.71389000e+01   01.79582000e-02
  07.03782000e+01   05.95178000e+01   03.55897000e+01   01.23366000e-02
  06.86859000e+01   05.99120000e+01   03.55189000e+01   01.80857000e-02
  06.27649000e+01   05.63068000e+01   04.00281000e+01  -03.55350000e-03
  06.20386000e+01   05.75426000e+01   03.91632000e+01  -05.48890000e-03
  06.17419000e+01   05.59188000e+01   03.86674000e+01  -05.73590000e-03
  06.43022000e+01   04.87766000e+01   03.53886000e+01  -01.16015000e-02
  06.26818000e+01   04.94013000e+01   03.52786000e+01  -01.03548000e-02
  06.39545000e+01   04.97290000e+01   03.39452000e+01  -01.10806000e-02
  06.73991000e+01   05.03961000e+01   03.19515000e+01  -06.50300000e-03
  06.81698000e+01   05.17286000e+01   03.12244000e+01  -03.84930000e-03
  06.91064000e+01   05.01734000e+01   03.15272000e+01  -06.75510000e-03
  07.31740000e+01   05.27088000e+01   03.10868000e+01   06.96000000e-05
  07.15567000e+01   05.32939000e+01   03.07287000e+01  -02.56130000e-03
  07.30045000e+01   05.44443000e+01   03.05793000e+01  -08.86000000e-04
  06.60621000e+01   06.00542000e+01   03.95848000e+01   02.66600000e-04
  06.49400000e+01   05.94303000e+01   04.07755000e+01   02.07780000e-03
  06.62208000e+01   05.84076000e+01   04.00947000e+01   03.44650000e-03
  06.06894000e+01   05.14487000e+01   03.87901000e+01   02.98050000e-03
  06.21652000e+01   05.25055000e+01   03.90471000e+01  -05.01900000e-04
  07.07255000e+01   05.21133000e+01   03.62189000e+01  -05.40000000e-06
  07.02432000e+01   05.04628000e+01   03.58799000e+01  -02.73660000e-03
  06.47471000e+01   05.97411000e+01   03.79212000e+01   06.65000000e-04
  06.34950000e+01   05.92198000e+01   03.89540000e+01  -04.07950000e-03
  07.14803000e+01   05.06190000e+01   03.38480000e+01   01.58140000e-02
  07.20762000e+01   05.21816000e+01   03.42457000e+01   09.11190000e-03
  07.46940000e+01   05.68245000e+01   04.80186000e+01   00.00000000e+00
  07.35513000e+01   05.81275000e+01   04.85574000e+01   00.00000000e+00
  07.45515000e+01   05.83610000e+01   04.72232000e+01   00.00000000e+00
  07.46373000e+01   06.03951000e+01   04.92892000e+01   00.00000000e+00
  07.63744000e+01   06.05352000e+01   04.96257000e+01   00.00000000e+00
  07.57757000e+01   06.03959000e+01   04.80143000e+01   00.00000000e+00
  07.72519000e+01   05.70152000e+01   04.86283000e+01   00.00000000e+00
  07.78302000e+01   05.86831000e+01   04.90568000e+01   00.00000000e+00
  07.72697000e+01   05.93173000e+01   04.66903000e+01   00.00000000e+00
  07.66891000e+01   05.76802000e+01   04.63900000e+01   00.00000000e+00
  07.88919000e+01   05.68838000e+01   04.71136000e+01   00.00000000e+00
  07.96213000e+01   05.84045000e+01   04.70734000e+01   00.00000000e+00
  08.10734000e+01   05.80854000e+01   04.39912000e+01   00.00000000e+00
  08.10419000e+01   05.85127000e+01   04.57033000e+01   00.00000000e+00
  08.10445000e+01   05.67992000e+01   04.53521000e+01   00.00000000e+00
  07.74803000e+01   05.69022000e+01   04.42695000e+01   00.00000000e+00
  07.87414000e+01   05.57560000e+01   04.47251000e+01   00.00000000e+00
  07.99205000e+01   05.65637000e+01   04.25853000e+01   00.00000000e+00
  07.86481000e+01   05.76772000e+01   04.22234000e+01   00.00000000e+00
  07.71028000e+01   05.54544000e+01   04.23013000e+01   00.00000000e+00
  07.87003000e+01   05.46433000e+01   04.23293000e+01   00.00000000e+00
  06.69909000e+01   05.86956000e+01   03.70401000e+01   07.20400000e-04
  06.27331000e+01   05.42771000e+01   03.77022000e+01  -02.39543000e-02
  06.63075000e+01   05.02637000e+01   03.41416000e+01   04.89340000e-03
  07.20195000e+01   05.45552000e+01   03.48169000e+01  -02.28199000e-02
  06.13776000e+01   05.06402000e+01   03.66818000e+01  -01.51750000e-03
  07.97651000e+01   05.65340000e+01   03.99340000e+01   00.00000000e+00
  07.96895000e+01   05.47558000e+01   03.98243000e+01   00.00000000e+00
  07.88423000e+01   05.58345000e+01   03.85958000e+01   00.00000000e+00
  07.72270000e+01   05.63912000e+01   04.01517000e+01   00.00000000e+00
  07.68596000e+01   05.45254000e+01   03.89393000e+01   00.00000000e+00
  07.60666000e+01   05.44786000e+01   04.05491000e+01   00.00000000e+00
  07.74101000e+01   05.29342000e+01   04.13838000e+01   00.00000000e+00
  07.85198000e+01   05.28025000e+01   04.00659000e+01   00.00000000e+00
  07.71690000e+01   05.09060000e+01   03.97816000e+01   00.00000000e+00
  07.67667000e+01   05.19803000e+01   03.86001000e+01   00.00000000e+00
  07.55599000e+01   05.07458000e+01   04.21875000e+01   00.00000000e+00
  07.50822000e+01   05.24404000e+01   04.21679000e+01   00.00000000e+00
  07.39033000e+01   05.12738000e+01   04.18117000e+01   00.00000000e+00
  06.89739000e+01   05.02119000e+01   03.37939000e+01   05.57290000e-03
  07.04030000e+01   05.24759000e+01   03.27461000e+01  -01.28866000e-02
  07.37519000e+01   05.27696000e+01   03.91454000e+01   00.00000000e+00
  07.55846000e+01   05.82913000e+01   05.00079000e+01   00.00000000e+00
  07.89097000e+01   05.88001000e+01   04.46924000e+01   00.00000000e+00
  07.30813000e+01   04.99379000e+01   03.88854000e+01  -01.99830000e-03
  07.45180000e+01   05.05199000e+01   03.77202000e+01  -01.85290000e-03
