  07.05790000e+01   05.08997000e+01   03.61257000e+01  -06.11779000e-02
  06.13135000e+01   05.01809000e+01   03.72523000e+01   01.75852000e-02
  06.33441000e+01   05.74638000e+01   03.92378000e+01   01.01800000e-02
  07.04848000e+01   05.58644000e+01   03.57181000e+01  -01.32723000e-02
  06.74401000e+01   05.20503000e+01   03.55379000e+01  -04.57645000e-02
  07.17322000e+01   04.99279000e+01   03.58603000e+01   02.46758000e-02
  06.05420000e+01   04.92547000e+01   03.66522000e+01  -01.71993000e-02
  06.44863000e+01   05.77758000e+01   04.02639000e+01  -09.39340000e-03
  07.05722000e+01   05.42656000e+01   03.53789000e+01   07.66074000e-02
  06.46364000e+01   05.17046000e+01   03.64473000e+01   09.44338000e-02
  07.13860000e+01   05.66602000e+01   03.54744000e+01   01.54319000e-02
  07.31275000e+01   05.02070000e+01   03.63392000e+01  -01.56515000e-02
  07.12533000e+01   05.41084000e+01   03.39435000e+01  -02.00050000e-02
  06.71582000e+01   05.48990000e+01   03.64558000e+01  -08.09918000e-02
  07.27863000e+01   05.26318000e+01   03.26813000e+01   04.03650000e-03
  06.91595000e+01   05.36657000e+01   03.55238000e+01  -01.43447000e-01
  06.59921000e+01   05.00330000e+01   03.52393000e+01   01.23287000e-02
  06.28032000e+01   05.28009000e+01   03.75877000e+01   02.21683000e-01
  06.58036000e+01   05.65429000e+01   03.75137000e+01  -05.42921000e-02
  06.83180000e+01   04.98691000e+01   03.31179000e+01   02.66866000e-02
  06.33482000e+01   04.81677000e+01   03.57373000e+01   04.35609000e-02
  06.12963000e+01   05.49906000e+01   03.91954000e+01   02.36507000e-02
  06.85410000e+01   05.83804000e+01   03.69592000e+01  -06.09964000e-02
  07.44873000e+01   05.16535000e+01   03.75289000e+01   08.71130000e-03
  06.87178000e+01   05.23997000e+01   03.52957000e+01   01.26858000e-01
  06.48061000e+01   05.04295000e+01   03.58794000e+01  -03.45042000e-02
  06.33392000e+01   05.39914000e+01   03.78341000e+01  -02.04376000e-01
  06.70037000e+01   05.62305000e+01   03.69130000e+01   07.60142000e-02
  07.41840000e+01   04.97268000e+01   03.59198000e+01   05.08730000e-03
  07.10321000e+01   05.48493000e+01   03.29760000e+01   06.92200000e-04
  07.42100000e+01   05.26002000e+01   03.87138000e+01   00.00000000e+00
  06.95984000e+01   05.11683000e+01   03.49442000e+01   07.64245000e-02
  06.35817000e+01   04.96790000e+01   03.60876000e+01  -04.66821000e-02
  06.26024000e+01   05.50399000e+01   03.85064000e+01   01.65461000e-02
  06.82366000e+01   05.69196000e+01   03.67500000e+01   05.49912000e-02
  07.30883000e+01   05.12357000e+01   03.72352000e+01   03.30200000e-04
  07.19661000e+01   05.29248000e+01   03.38860000e+01   04.02810000e-03
  07.39764000e+01   05.23050000e+01   04.00583000e+01   00.00000000e+00
  06.84629000e+01   05.01313000e+01   03.46067000e+01  -04.69336000e-02
  06.27042000e+01   05.04837000e+01   03.68028000e+01  -07.68710000e-03
  06.35301000e+01   05.61350000e+01   03.85177000e+01  -03.37389000e-02
  06.91303000e+01   05.59554000e+01   03.62442000e+01   03.64969000e-02
  07.25294000e+01   05.21394000e+01   04.05125000e+01   00.00000000e+00
  06.72027000e+01   05.07445000e+01   03.51777000e+01  -09.58259000e-02
  06.33989000e+01   05.17406000e+01   03.69350000e+01  -01.77941000e-01
  06.46778000e+01   05.57376000e+01   03.77738000e+01   06.74294000e-02
  06.84222000e+01   05.47413000e+01   03.60932000e+01   01.44326000e-01
  07.50651000e+01   05.18176000e+01   04.10470000e+01   00.00000000e+00
  07.54197000e+01   05.28187000e+01   04.21145000e+01   00.00000000e+00
  07.61485000e+01   05.41252000e+01   04.16638000e+01   00.00000000e+00
  07.61006000e+01   05.53584000e+01   04.25836000e+01   00.00000000e+00
  07.69462000e+01   05.64933000e+01   04.20320000e+01   00.00000000e+00
  07.65046000e+01   05.49985000e+01   04.40705000e+01   00.00000000e+00
  07.60530000e+01   05.59906000e+01   04.51366000e+01   00.00000000e+00
  07.67124000e+01   05.58273000e+01   04.65536000e+01   00.00000000e+00
  07.62483000e+01   05.68473000e+01   04.76851000e+01   00.00000000e+00
  07.46728000e+01   05.67002000e+01   04.80848000e+01   00.00000000e+00
  07.65028000e+01   05.83478000e+01   04.72062000e+01   00.00000000e+00
  07.67029000e+01   05.93907000e+01   04.83983000e+01   00.00000000e+00
  07.80187000e+01   05.91844000e+01   04.91435000e+01   00.00000000e+00
  07.81800000e+01   05.98495000e+01   05.05197000e+01   00.00000000e+00
  07.95538000e+01   05.96411000e+01   05.11608000e+01   00.00000000e+00
  07.77578000e+01   06.13113000e+01   05.05119000e+01   00.00000000e+00
  06.45531000e+01   05.44352000e+01   03.73909000e+01   03.65717000e-02
  06.60116000e+01   05.32928000e+01   03.65068000e+01  -06.37550000e-03
  06.78791000e+01   05.87756000e+01   03.77068000e+01   01.79582000e-02
  06.95751000e+01   05.86501000e+01   03.72555000e+01   01.23366000e-02
  06.84123000e+01   05.89907000e+01   03.60203000e+01   01.80857000e-02
  06.04774000e+01   05.49918000e+01   03.84528000e+01  -03.55350000e-03
  06.12718000e+01   05.40904000e+01   03.98518000e+01  -05.48890000e-03
  06.10529000e+01   05.58945000e+01   03.97866000e+01  -05.73590000e-03
  06.27736000e+01   04.81416000e+01   03.48448000e+01  -01.16015000e-02
  06.43002000e+01   04.76432000e+01   03.56937000e+01  -01.03548000e-02
  06.27204000e+01   04.78599000e+01   03.66336000e+01  -01.10806000e-02
  06.91528000e+01   04.92590000e+01   03.26592000e+01  -06.50300000e-03
  06.74593000e+01   04.92343000e+01   03.30821000e+01  -03.84930000e-03
  06.82005000e+01   05.07899000e+01   03.25728000e+01  -06.75510000e-03
  07.26223000e+01   05.33478000e+01   03.18980000e+01   06.96000000e-05
  07.38680000e+01   05.26058000e+01   03.29307000e+01  -02.56130000e-03
  07.24689000e+01   05.16919000e+01   03.23019000e+01  -08.86000000e-04
  06.49369000e+01   05.68059000e+01   04.06080000e+01   02.66600000e-04
  06.52584000e+01   05.83877000e+01   03.98356000e+01   02.07780000e-03
  06.41402000e+01   05.84525000e+01   04.10189000e+01   03.44650000e-03
  05.95317000e+01   04.91090000e+01   03.70637000e+01   02.98050000e-03
  06.08228000e+01   04.86386000e+01   03.58293000e+01  -05.01900000e-04
  07.13590000e+01   04.89616000e+01   03.62831000e+01  -05.40000000e-06
  07.19235000e+01   04.97972000e+01   03.48159000e+01  -02.73660000e-03
  06.32949000e+01   05.83224000e+01   03.85774000e+01   06.65000000e-04
  06.24059000e+01   05.74049000e+01   03.97412000e+01  -04.07950000e-03
  07.10203000e+01   05.18503000e+01   03.64678000e+01   01.58140000e-02
  06.99045000e+01   05.04218000e+01   03.68535000e+01   09.11190000e-03
  07.68017000e+01   06.14308000e+01   05.00271000e+01   00.00000000e+00
  07.77364000e+01   06.16820000e+01   05.15329000e+01   00.00000000e+00
  07.84304000e+01   06.18504000e+01   04.99370000e+01   00.00000000e+00
  07.98414000e+01   05.86111000e+01   05.08904000e+01   00.00000000e+00
  08.02968000e+01   06.03666000e+01   05.07707000e+01   00.00000000e+00
  07.95351000e+01   05.98419000e+01   05.22991000e+01   00.00000000e+00
  07.78887000e+01   05.81813000e+01   04.93925000e+01   00.00000000e+00
  07.88182000e+01   05.93988000e+01   04.84555000e+01   00.00000000e+00
  07.67325000e+01   06.03973000e+01   04.79907000e+01   00.00000000e+00
  07.58452000e+01   05.93889000e+01   04.90970000e+01   00.00000000e+00
  07.73802000e+01   05.82612000e+01   04.65335000e+01   00.00000000e+00
  07.56346000e+01   05.85828000e+01   04.66147000e+01   00.00000000e+00
  07.45150000e+01   05.74698000e+01   04.88601000e+01   00.00000000e+00
  07.41098000e+01   05.70770000e+01   04.72099000e+01   00.00000000e+00
  07.44548000e+01   05.57230000e+01   04.83170000e+01   00.00000000e+00
  07.63916000e+01   05.48791000e+01   04.68546000e+01   00.00000000e+00
  07.77738000e+01   05.59160000e+01   04.65891000e+01   00.00000000e+00
  07.63818000e+01   05.69918000e+01   04.48364000e+01   00.00000000e+00
  07.49873000e+01   05.59642000e+01   04.51470000e+01   00.00000000e+00
  07.61940000e+01   05.39701000e+01   04.44132000e+01   00.00000000e+00
  07.75852000e+01   05.50221000e+01   04.42562000e+01   00.00000000e+00
  06.56492000e+01   05.75830000e+01   03.78081000e+01   07.20400000e-04
  06.17771000e+01   05.26489000e+01   03.79612000e+01  -02.39543000e-02
  06.60369000e+01   04.90689000e+01   03.50129000e+01   04.89340000e-03
  07.11983000e+01   05.37530000e+01   03.60698000e+01  -02.28199000e-02
  06.08997000e+01   05.06847000e+01   03.81750000e+01  -01.51750000e-03
  07.68601000e+01   05.73390000e+01   04.27069000e+01   00.00000000e+00
  07.80121000e+01   05.62159000e+01   04.19992000e+01   00.00000000e+00
  07.65667000e+01   05.67336000e+01   04.10164000e+01   00.00000000e+00
  07.49997000e+01   05.55912000e+01   04.26369000e+01   00.00000000e+00
  07.72282000e+01   05.38714000e+01   04.14775000e+01   00.00000000e+00
  07.56950000e+01   05.44613000e+01   04.07393000e+01   00.00000000e+00
  07.45014000e+01   05.31568000e+01   04.26019000e+01   00.00000000e+00
  07.60490000e+01   05.22649000e+01   04.28745000e+01   00.00000000e+00
  07.46619000e+01   05.08697000e+01   04.14958000e+01   00.00000000e+00
  07.59254000e+01   05.14091000e+01   04.04826000e+01   00.00000000e+00
  07.23050000e+01   05.29343000e+01   04.12876000e+01   00.00000000e+00
  07.18165000e+01   05.24491000e+01   03.97510000e+01   00.00000000e+00
  07.23508000e+01   05.11609000e+01   04.08976000e+01   00.00000000e+00
  06.86872000e+01   04.91528000e+01   03.49516000e+01   05.57290000e-03
  07.01094000e+01   05.14376000e+01   03.40370000e+01  -01.28866000e-02
  07.43798000e+01   05.36741000e+01   03.84812000e+01   00.00000000e+00
  07.74901000e+01   05.92858000e+01   05.11415000e+01   00.00000000e+00
  07.67309000e+01   05.65969000e+01   04.86299000e+01   00.00000000e+00
  07.52206000e+01   05.08773000e+01   03.79468000e+01  -01.99830000e-03
  07.49422000e+01   05.21982000e+01   03.67123000e+01  -01.85290000e-03
