  06.90178000e+01   05.11040000e+01   03.55824000e+01  -06.11779000e-02
  05.99906000e+01   05.09186000e+01   03.71866000e+01   01.75852000e-02
  06.27045000e+01   05.84151000e+01   03.87209000e+01   01.01800000e-02
  06.93771000e+01   05.60886000e+01   03.49218000e+01  -01.32723000e-02
  06.59810000e+01   05.25777000e+01   03.48753000e+01  -04.57645000e-02
  06.99368000e+01   04.99527000e+01   03.53983000e+01   02.46758000e-02
  05.91352000e+01   04.99861000e+01   03.66717000e+01  -01.71993000e-02
  06.39832000e+01   05.85831000e+01   03.95790000e+01  -09.39340000e-03
  06.93946000e+01   05.45087000e+01   03.47043000e+01   07.66074000e-02
  06.33009000e+01   05.23546000e+01   03.61916000e+01   09.44338000e-02
  07.03605000e+01   05.68404000e+01   03.47560000e+01   01.54319000e-02
  07.08804000e+01   04.95997000e+01   03.66060000e+01  -01.56515000e-02
  07.00223000e+01   05.41134000e+01   03.34475000e+01  -02.00050000e-02
  06.59795000e+01   05.54656000e+01   03.56476000e+01  -08.09918000e-02
  07.11454000e+01   05.24059000e+01   03.22417000e+01   04.03650000e-03
  06.79632000e+01   05.40503000e+01   03.49161000e+01  -01.43447000e-01
  06.46555000e+01   05.05333000e+01   03.50359000e+01   01.23287000e-02
  06.15765000e+01   05.36083000e+01   03.73465000e+01   02.21683000e-01
  06.47640000e+01   05.72998000e+01   03.66635000e+01  -05.42921000e-02
  06.69121000e+01   05.04505000e+01   03.23744000e+01   02.66866000e-02
  06.21670000e+01   04.88520000e+01   03.58092000e+01   04.35609000e-02
  06.05120000e+01   05.59923000e+01   03.91489000e+01   02.36507000e-02
  06.75591000e+01   05.88653000e+01   03.62585000e+01  -06.09964000e-02
  07.12454000e+01   05.02265000e+01   03.90321000e+01   08.71130000e-03
  06.73313000e+01   05.28315000e+01   03.46869000e+01   01.26858000e-01
  06.34789000e+01   05.10467000e+01   03.57559000e+01  -03.45042000e-02
  06.22353000e+01   05.48595000e+01   03.75088000e+01  -02.04376000e-01
  06.58954000e+01   05.67846000e+01   03.60187000e+01   07.60142000e-02
  07.16763000e+01   04.86721000e+01   03.66323000e+01   05.08730000e-03
  07.00337000e+01   05.47234000e+01   03.23906000e+01   06.92200000e-04
  07.11743000e+01   05.15600000e+01   03.97229000e+01   00.00000000e+00
  06.80908000e+01   05.14982000e+01   03.43483000e+01   07.64245000e-02
  06.22671000e+01   05.02937000e+01   03.60746000e+01  -04.66821000e-02
  06.17361000e+01   05.60116000e+01   03.82334000e+01   01.65461000e-02
  06.71831000e+01   05.74091000e+01   03.58205000e+01   05.49912000e-02
  07.07309000e+01   05.04468000e+01   03.76568000e+01   03.30200000e-04
  07.07326000e+01   05.29238000e+01   03.35506000e+01   04.02810000e-03
  07.08945000e+01   05.19496000e+01   04.09478000e+01   00.00000000e+00
  06.69617000e+01   05.04863000e+01   03.39241000e+01  -04.69336000e-02
  06.14190000e+01   05.11609000e+01   03.66664000e+01  -07.68710000e-03
  06.25890000e+01   05.70955000e+01   03.80392000e+01  -03.37389000e-02
  06.80222000e+01   05.63655000e+01   03.53125000e+01   03.64969000e-02
  06.95163000e+01   05.22428000e+01   04.14719000e+01   00.00000000e+00
  06.57810000e+01   05.12367000e+01   03.46202000e+01  -09.58259000e-02
  06.20693000e+01   05.24317000e+01   03.67477000e+01  -01.77941000e-01
  06.36235000e+01   05.65493000e+01   03.71430000e+01   06.74294000e-02
  06.72275000e+01   05.52189000e+01   03.52882000e+01   01.44326000e-01
  07.21032000e+01   05.22771000e+01   04.18131000e+01   00.00000000e+00
  07.29806000e+01   05.34549000e+01   04.13648000e+01   00.00000000e+00
  07.40075000e+01   05.38972000e+01   04.23904000e+01   00.00000000e+00
  07.47328000e+01   05.52899000e+01   04.22468000e+01   00.00000000e+00
  07.55389000e+01   05.52448000e+01   04.09097000e+01   00.00000000e+00
  07.56737000e+01   05.56891000e+01   04.34750000e+01   00.00000000e+00
  07.50609000e+01   05.56714000e+01   04.48810000e+01   00.00000000e+00
  07.62774000e+01   05.53850000e+01   04.58767000e+01   00.00000000e+00
  07.61545000e+01   05.55991000e+01   04.73771000e+01   00.00000000e+00
  07.50684000e+01   05.48253000e+01   04.81173000e+01   00.00000000e+00
  07.60913000e+01   05.71174000e+01   04.78231000e+01   00.00000000e+00
  07.74375000e+01   05.78936000e+01   04.79355000e+01   00.00000000e+00
  07.73405000e+01   05.93821000e+01   04.82351000e+01   00.00000000e+00
  07.86439000e+01   06.01505000e+01   04.80225000e+01   00.00000000e+00
  07.82912000e+01   06.16672000e+01   04.78543000e+01   00.00000000e+00
  07.95968000e+01   06.00767000e+01   04.91604000e+01   00.00000000e+00
  06.34128000e+01   05.51769000e+01   03.69133000e+01   03.65717000e-02
  06.46208000e+01   05.38717000e+01   03.58594000e+01  -06.37550000e-03
  06.76201000e+01   05.88517000e+01   03.73636000e+01   01.79582000e-02
  06.85529000e+01   05.91233000e+01   03.58187000e+01   01.23366000e-02
  06.68377000e+01   05.97012000e+01   03.61132000e+01   01.80857000e-02
  06.03867000e+01   05.69155000e+01   03.97219000e+01  -03.55350000e-03
  05.97019000e+01   05.57414000e+01   03.85382000e+01  -05.48890000e-03
  06.07223000e+01   05.52036000e+01   03.98817000e+01  -05.73590000e-03
  06.31163000e+01   04.84811000e+01   03.56645000e+01  -01.16015000e-02
  06.16151000e+01   04.82827000e+01   03.65238000e+01  -01.03548000e-02
  06.16049000e+01   04.87025000e+01   03.48784000e+01  -01.10806000e-02
  06.77961000e+01   04.98813000e+01   03.19625000e+01  -06.50300000e-03
  06.59290000e+01   05.00414000e+01   03.22437000e+01  -03.84930000e-03
  06.67898000e+01   05.14697000e+01   03.19061000e+01  -06.75510000e-03
  07.02415000e+01   05.22033000e+01   03.16896000e+01   06.96000000e-05
  07.18308000e+01   05.31417000e+01   03.18188000e+01  -02.56130000e-03
  07.17146000e+01   05.15365000e+01   03.24894000e+01  -08.86000000e-04
  06.49699000e+01   05.86741000e+01   03.90798000e+01   02.66600000e-04
  06.37244000e+01   05.93836000e+01   04.02376000e+01   02.07780000e-03
  06.40401000e+01   05.76021000e+01   04.00674000e+01   03.44650000e-03
  05.81522000e+01   04.98212000e+01   03.71096000e+01   02.98050000e-03
  05.94233000e+01   04.93687000e+01   03.57316000e+01  -05.01900000e-04
  06.93245000e+01   04.91247000e+01   03.53202000e+01  -05.40000000e-06
  07.06254000e+01   05.01140000e+01   03.45329000e+01  -02.73660000e-03
  06.24541000e+01   05.92839000e+01   03.80771000e+01   06.65000000e-04
  06.19048000e+01   05.84875000e+01   03.94145000e+01  -04.07950000e-03
  06.96403000e+01   05.19604000e+01   03.57781000e+01   01.58140000e-02
  06.84571000e+01   05.08959000e+01   03.64516000e+01   09.11190000e-03
  08.05410000e+01   06.05671000e+01   04.89367000e+01   00.00000000e+00
  07.91646000e+01   06.06121000e+01   05.00345000e+01   00.00000000e+00
  07.97859000e+01   05.90641000e+01   04.95175000e+01   00.00000000e+00
  07.77774000e+01   06.18288000e+01   04.68912000e+01   00.00000000e+00
  07.75884000e+01   06.20782000e+01   04.85658000e+01   00.00000000e+00
  07.91547000e+01   06.23588000e+01   04.79748000e+01   00.00000000e+00
  07.66172000e+01   05.98004000e+01   04.75059000e+01   00.00000000e+00
  07.69941000e+01   05.94456000e+01   04.93107000e+01   00.00000000e+00
  07.81464000e+01   05.73633000e+01   04.85453000e+01   00.00000000e+00
  07.78381000e+01   05.79309000e+01   04.69034000e+01   00.00000000e+00
  07.55607000e+01   05.76474000e+01   04.70748000e+01   00.00000000e+00
  07.56160000e+01   05.71350000e+01   04.87902000e+01   00.00000000e+00
  07.49791000e+01   05.37423000e+01   04.78601000e+01   00.00000000e+00
  07.52684000e+01   05.49313000e+01   04.92212000e+01   00.00000000e+00
  07.40411000e+01   05.53120000e+01   04.80320000e+01   00.00000000e+00
  07.66440000e+01   05.43778000e+01   04.57291000e+01   00.00000000e+00
  07.71149000e+01   05.60303000e+01   04.55877000e+01   00.00000000e+00
  07.46053000e+01   05.67003000e+01   04.50596000e+01   00.00000000e+00
  07.43796000e+01   05.48712000e+01   04.50154000e+01   00.00000000e+00
  07.62878000e+01   05.48155000e+01   04.33385000e+01   00.00000000e+00
  07.60271000e+01   05.67041000e+01   04.32010000e+01   00.00000000e+00
  06.46305000e+01   05.83989000e+01   03.66926000e+01   07.20400000e-04
  06.05104000e+01   05.35681000e+01   03.76550000e+01  -02.39543000e-02
  06.46015000e+01   04.94951000e+01   03.46940000e+01   04.89340000e-03
  07.01315000e+01   05.42248000e+01   03.54304000e+01  -02.28199000e-02
  05.96797000e+01   05.14462000e+01   03.80689000e+01  -01.51750000e-03
  07.59921000e+01   05.42505000e+01   04.09392000e+01   00.00000000e+00
  07.48696000e+01   05.54090000e+01   04.00370000e+01   00.00000000e+00
  07.62475000e+01   05.60014000e+01   04.08608000e+01   00.00000000e+00
  07.40119000e+01   05.60655000e+01   04.21652000e+01   00.00000000e+00
  07.34498000e+01   05.39894000e+01   04.33306000e+01   00.00000000e+00
  07.47149000e+01   05.31601000e+01   04.26320000e+01   00.00000000e+00
  07.34069000e+01   05.30597000e+01   04.04104000e+01   00.00000000e+00
  07.23414000e+01   05.43208000e+01   04.11580000e+01   00.00000000e+00
  07.16898000e+01   05.25327000e+01   04.27844000e+01   00.00000000e+00
  07.27680000e+01   05.13486000e+01   04.18883000e+01   00.00000000e+00
  06.90262000e+01   05.26839000e+01   04.05668000e+01   00.00000000e+00
  06.89185000e+01   05.14276000e+01   04.18296000e+01   00.00000000e+00
  06.96193000e+01   05.30537000e+01   04.21713000e+01   00.00000000e+00
  06.70309000e+01   04.94941000e+01   03.44008000e+01   05.57290000e-03
  06.86746000e+01   05.15774000e+01   03.34722000e+01  -01.28866000e-02
  07.13587000e+01   05.23578000e+01   03.90162000e+01   00.00000000e+00
  07.90929000e+01   05.98940000e+01   04.70454000e+01   00.00000000e+00
  07.71454000e+01   05.52818000e+01   04.77989000e+01   00.00000000e+00
  07.05595000e+01   04.95847000e+01   03.95312000e+01  -01.99830000e-03
  07.23067000e+01   04.97780000e+01   03.90679000e+01  -01.85290000e-03
