  07.09344000e+01   05.17910000e+01   03.43440000e+01  -06.11779000e-02
  06.18072000e+01   05.21486000e+01   03.72752000e+01   01.75852000e-02
  06.45914000e+01   05.97059000e+01   03.84695000e+01   01.01800000e-02
  07.12482000e+01   05.69349000e+01   03.43952000e+01  -01.32723000e-02
  06.78041000e+01   05.35219000e+01   03.47176000e+01  -04.57645000e-02
  07.09688000e+01   05.18897000e+01   03.58960000e+01   02.46758000e-02
  06.09268000e+01   05.12745000e+01   03.67178000e+01  -01.71993000e-02
  06.54229000e+01   05.96920000e+01   03.98121000e+01  -09.39340000e-03
  07.11034000e+01   05.53944000e+01   03.40205000e+01   07.66074000e-02
  06.51304000e+01   05.35366000e+01   03.60800000e+01   09.44338000e-02
  07.22494000e+01   05.75817000e+01   03.41473000e+01   01.54319000e-02
  07.18875000e+01   05.08785000e+01   03.65443000e+01  -01.56515000e-02
  07.14321000e+01   05.51516000e+01   03.25365000e+01  -02.00050000e-02
  06.79715000e+01   05.63272000e+01   03.56170000e+01  -08.09918000e-02
  07.26630000e+01   05.36220000e+01   03.10848000e+01   04.03650000e-03
  06.97164000e+01   05.48948000e+01   03.44753000e+01  -01.43447000e-01
  06.62615000e+01   05.16878000e+01   03.47566000e+01   01.23287000e-02
  06.34222000e+01   05.49345000e+01   03.71889000e+01   02.21683000e-01
  06.68799000e+01   05.82807000e+01   03.65347000e+01  -05.42921000e-02
  06.81313000e+01   05.09147000e+01   03.23123000e+01   02.66866000e-02
  06.37113000e+01   05.00533000e+01   03.54258000e+01   04.35609000e-02
  06.21890000e+01   05.75431000e+01   03.84149000e+01   02.36507000e-02
  06.95862000e+01   05.97530000e+01   03.56748000e+01  -06.09964000e-02
  07.36040000e+01   05.05834000e+01   03.81121000e+01   08.71130000e-03
  06.91196000e+01   05.36867000e+01   03.42948000e+01   01.26858000e-01
  06.51900000e+01   05.22414000e+01   03.55729000e+01  -03.45042000e-02
  06.40753000e+01   05.62085000e+01   03.71837000e+01  -02.04376000e-01
  06.79863000e+01   05.76701000e+01   03.59156000e+01   07.60142000e-02
  07.20766000e+01   04.97044000e+01   03.61911000e+01   05.08730000e-03
  07.10536000e+01   05.57768000e+01   03.15138000e+01   06.92200000e-04
  07.45204000e+01   05.14419000e+01   03.90481000e+01   00.00000000e+00
  06.96868000e+01   05.24356000e+01   03.36794000e+01   07.64245000e-02
  06.39360000e+01   05.15051000e+01   03.59565000e+01  -04.66821000e-02
  06.35468000e+01   05.74626000e+01   03.77245000e+01   01.65461000e-02
  06.92162000e+01   05.83326000e+01   03.54543000e+01   05.49912000e-02
  07.26040000e+01   05.14760000e+01   03.75526000e+01   03.30200000e-04
  07.22883000e+01   05.41351000e+01   03.24148000e+01   04.02810000e-03
  07.57945000e+01   05.18075000e+01   03.88042000e+01   00.00000000e+00
  06.84518000e+01   05.14956000e+01   03.36430000e+01  -04.69336000e-02
  06.30895000e+01   05.23350000e+01   03.65874000e+01  -07.68710000e-03
  06.45566000e+01   05.83581000e+01   03.77389000e+01  -03.37389000e-02
  06.99658000e+01   05.72373000e+01   03.49591000e+01   03.64969000e-02
  07.70059000e+01   05.08959000e+01   03.90350000e+01   00.00000000e+00
  06.73903000e+01   05.23014000e+01   03.42745000e+01  -09.58259000e-02
  06.38761000e+01   05.36777000e+01   03.66772000e+01  -01.77941000e-01
  06.57130000e+01   05.77349000e+01   03.69799000e+01   06.74294000e-02
  06.91685000e+01   05.60859000e+01   03.50458000e+01   01.44326000e-01
  07.61180000e+01   05.32214000e+01   03.83416000e+01   00.00000000e+00
  07.58327000e+01   05.43579000e+01   03.94055000e+01   00.00000000e+00
  07.64018000e+01   05.40016000e+01   04.08535000e+01   00.00000000e+00
  07.62992000e+01   05.50957000e+01   04.19427000e+01   00.00000000e+00
  07.71814000e+01   05.62669000e+01   04.16839000e+01   00.00000000e+00
  07.63024000e+01   05.45877000e+01   04.34395000e+01   00.00000000e+00
  07.61741000e+01   05.56357000e+01   04.45206000e+01   00.00000000e+00
  07.74740000e+01   05.61308000e+01   04.50887000e+01   00.00000000e+00
  07.73723000e+01   05.75369000e+01   04.57657000e+01   00.00000000e+00
  07.87876000e+01   05.81264000e+01   04.60459000e+01   00.00000000e+00
  07.64744000e+01   05.75777000e+01   04.70793000e+01   00.00000000e+00
  07.63922000e+01   05.90238000e+01   04.76938000e+01   00.00000000e+00
  07.50253000e+01   05.92845000e+01   04.83324000e+01   00.00000000e+00
  07.48938000e+01   06.07108000e+01   04.89437000e+01   00.00000000e+00
  07.35399000e+01   06.11936000e+01   04.91250000e+01   00.00000000e+00
  07.56589000e+01   06.10074000e+01   05.02992000e+01   00.00000000e+00
  06.53655000e+01   05.64312000e+01   03.66199000e+01   03.65717000e-02
  06.65342000e+01   05.49619000e+01   03.58086000e+01  -06.37550000e-03
  06.95942000e+01   06.00270000e+01   03.66913000e+01   01.79582000e-02
  07.05847000e+01   05.98125000e+01   03.52471000e+01   01.23366000e-02
  06.88982000e+01   06.03861000e+01   03.50844000e+01   01.80857000e-02
  06.13541000e+01   05.68981000e+01   03.81311000e+01  -03.55350000e-03
  06.24500000e+01   05.70893000e+01   03.93600000e+01  -05.48890000e-03
  06.19227000e+01   05.86039000e+01   03.84457000e+01  -05.73590000e-03
  06.35928000e+01   05.01036000e+01   03.43799000e+01  -01.16015000e-02
  06.45990000e+01   04.95368000e+01   03.58473000e+01  -01.03548000e-02
  06.28108000e+01   04.95878000e+01   03.59864000e+01  -01.10806000e-02
  06.88816000e+01   05.02178000e+01   03.19709000e+01  -06.50300000e-03
  06.72540000e+01   05.02568000e+01   03.23411000e+01  -03.84930000e-03
  06.79228000e+01   05.16221000e+01   03.15530000e+01  -06.75510000e-03
  07.30540000e+01   05.26179000e+01   03.12073000e+01   06.96000000e-05
  07.17474000e+01   05.35384000e+01   03.04552000e+01  -02.56130000e-03
  07.34026000e+01   05.43139000e+01   03.06977000e+01  -08.86000000e-04
  06.49251000e+01   05.93601000e+01   04.07068000e+01   02.66600000e-04
  06.62501000e+01   05.90176000e+01   03.95284000e+01   02.07780000e-03
  06.58622000e+01   06.06244000e+01   04.00271000e+01   03.44650000e-03
  06.00524000e+01   05.09296000e+01   03.72820000e+01   02.98050000e-03
  06.11178000e+01   05.08081000e+01   03.57557000e+01  -05.01900000e-04
  07.13181000e+01   05.28948000e+01   03.61130000e+01  -05.40000000e-06
  06.99544000e+01   05.16513000e+01   03.62344000e+01  -02.73660000e-03
  06.51632000e+01   06.03654000e+01   03.78097000e+01   06.65000000e-04
  06.36125000e+01   06.01285000e+01   03.86006000e+01  -04.07950000e-03
  07.10461000e+01   05.07022000e+01   03.40818000e+01   01.58140000e-02
  07.17937000e+01   05.23314000e+01   03.39270000e+01   09.11190000e-03
  07.53071000e+01   06.03167000e+01   05.10260000e+01   00.00000000e+00
  07.67190000e+01   06.08968000e+01   05.01273000e+01   00.00000000e+00
  07.54374000e+01   06.19707000e+01   05.06490000e+01   00.00000000e+00
  07.29432000e+01   06.04684000e+01   04.96331000e+01   00.00000000e+00
  07.34658000e+01   06.21569000e+01   04.96641000e+01   00.00000000e+00
  07.31944000e+01   06.13399000e+01   04.81286000e+01   00.00000000e+00
  07.43247000e+01   05.90780000e+01   04.75890000e+01   00.00000000e+00
  07.48040000e+01   05.85667000e+01   04.91300000e+01   00.00000000e+00
  07.71431000e+01   05.92351000e+01   04.84232000e+01   00.00000000e+00
  07.63913000e+01   05.97734000e+01   04.69146000e+01   00.00000000e+00
  07.54826000e+01   05.71310000e+01   04.69250000e+01   00.00000000e+00
  07.68601000e+01   05.69057000e+01   04.78767000e+01   00.00000000e+00
  07.88018000e+01   05.91578000e+01   04.63528000e+01   00.00000000e+00
  07.90707000e+01   05.74992000e+01   04.68745000e+01   00.00000000e+00
  07.94990000e+01   05.79138000e+01   04.52071000e+01   00.00000000e+00
  07.79627000e+01   05.54241000e+01   04.58137000e+01   00.00000000e+00
  07.81128000e+01   05.62030000e+01   04.42086000e+01   00.00000000e+00
  07.54987000e+01   05.64120000e+01   04.42502000e+01   00.00000000e+00
  07.57637000e+01   05.51656000e+01   04.53925000e+01   00.00000000e+00
  07.54724000e+01   05.38864000e+01   04.35521000e+01   00.00000000e+00
  07.72314000e+01   05.39954000e+01   04.37373000e+01   00.00000000e+00
  06.70043000e+01   05.93462000e+01   03.69123000e+01   07.20400000e-04
  06.23828000e+01   05.48640000e+01   03.76370000e+01  -02.39543000e-02
  06.60899000e+01   05.05823000e+01   03.45207000e+01   04.89340000e-03
  07.18872000e+01   05.48623000e+01   03.44369000e+01  -02.28199000e-02
  06.15316000e+01   05.26003000e+01   03.82430000e+01  -01.51750000e-03
  07.70093000e+01   05.70823000e+01   04.24592000e+01   00.00000000e+00
  07.81594000e+01   05.57658000e+01   04.17472000e+01   00.00000000e+00
  07.71045000e+01   05.67756000e+01   04.07372000e+01   00.00000000e+00
  07.52701000e+01   05.55278000e+01   04.17361000e+01   00.00000000e+00
  07.58082000e+01   05.32740000e+01   04.13123000e+01   00.00000000e+00
  07.74687000e+01   05.36785000e+01   04.08835000e+01   00.00000000e+00
  07.62535000e+01   05.52758000e+01   03.89865000e+01   00.00000000e+00
  07.47574000e+01   05.44932000e+01   03.95250000e+01   00.00000000e+00
  07.71059000e+01   05.33752000e+01   03.78402000e+01   00.00000000e+00
  07.55454000e+01   05.33953000e+01   03.74891000e+01   00.00000000e+00
  07.67118000e+01   04.98732000e+01   03.92507000e+01   00.00000000e+00
  07.75865000e+01   05.06932000e+01   03.80997000e+01   00.00000000e+00
  07.76134000e+01   05.13272000e+01   03.98050000e+01   00.00000000e+00
  06.87172000e+01   05.06736000e+01   03.43374000e+01   05.57290000e-03
  06.99660000e+01   05.27784000e+01   03.26445000e+01  -01.28866000e-02
  07.41207000e+01   05.16940000e+01   04.00077000e+01   00.00000000e+00
  07.53783000e+01   06.14510000e+01   04.82455000e+01   00.00000000e+00
  07.68242000e+01   05.81355000e+01   04.50365000e+01   00.00000000e+00
  07.30834000e+01   04.98635000e+01   03.86774000e+01  -01.99830000e-03
  07.42574000e+01   05.00768000e+01   03.73785000e+01  -01.85290000e-03
