  07.01726000e+01   05.19773000e+01   03.61055000e+01  -06.11779000e-02
  06.05771000e+01   05.17347000e+01   03.72169000e+01   01.75852000e-02
  06.32593000e+01   05.89403000e+01   03.97992000e+01   01.01800000e-02
  07.00192000e+01   05.69514000e+01   03.56755000e+01  -01.32723000e-02
  06.69162000e+01   05.32158000e+01   03.59328000e+01  -04.57645000e-02
  07.12984000e+01   05.09926000e+01   03.56176000e+01   02.46758000e-02
  05.96937000e+01   05.19399000e+01   03.82242000e+01  -01.71993000e-02
  06.38976000e+01   05.87605000e+01   04.11619000e+01  -09.39340000e-03
  07.01147000e+01   05.53713000e+01   03.54004000e+01   07.66074000e-02
  06.40896000e+01   05.30547000e+01   03.67653000e+01   09.44338000e-02
  07.09436000e+01   05.77116000e+01   03.55018000e+01   01.54319000e-02
  07.25532000e+01   05.08558000e+01   03.64480000e+01  -01.56515000e-02
  07.06147000e+01   05.50976000e+01   03.39690000e+01  -02.00050000e-02
  06.67165000e+01   05.60017000e+01   03.67260000e+01  -08.09918000e-02
  07.16890000e+01   05.34033000e+01   03.26679000e+01   04.03650000e-03
  06.86739000e+01   05.48123000e+01   03.57327000e+01  -01.43447000e-01
  06.54486000e+01   05.12592000e+01   03.56796000e+01   01.23287000e-02
  06.23430000e+01   05.42199000e+01   03.80612000e+01   02.21683000e-01
  06.56554000e+01   05.77813000e+01   03.79753000e+01  -05.42921000e-02
  06.75574000e+01   05.05576000e+01   03.36350000e+01   02.66866000e-02
  06.26093000e+01   04.96190000e+01   03.58100000e+01   04.35609000e-02
  06.08700000e+01   05.67756000e+01   03.92085000e+01   02.36507000e-02
  06.82782000e+01   05.94660000e+01   03.70837000e+01  -06.09964000e-02
  07.31403000e+01   05.03729000e+01   03.87376000e+01   08.71130000e-03
  06.81878000e+01   05.35141000e+01   03.56085000e+01   01.26858000e-01
  06.42342000e+01   05.17739000e+01   03.62481000e+01  -03.45042000e-02
  06.28934000e+01   05.55391000e+01   03.81783000e+01  -02.04376000e-01
  06.66790000e+01   05.73145000e+01   03.71406000e+01   07.60142000e-02
  07.36762000e+01   05.08659000e+01   03.60988000e+01   05.08730000e-03
  07.04254000e+01   05.58361000e+01   03.30174000e+01   06.92200000e-04
  07.33857000e+01   05.16982000e+01   03.94010000e+01   00.00000000e+00
  06.89524000e+01   05.22665000e+01   03.51648000e+01   07.64245000e-02
  06.29508000e+01   05.10454000e+01   03.64093000e+01  -04.66821000e-02
  06.23114000e+01   05.66703000e+01   03.88810000e+01   01.65461000e-02
  06.78936000e+01   05.80485000e+01   03.68330000e+01   05.49912000e-02
  07.21146000e+01   05.07179000e+01   03.77555000e+01   03.30200000e-04
  07.12996000e+01   05.39056000e+01   03.39676000e+01   04.02810000e-03
  07.30924000e+01   05.20911000e+01   04.06506000e+01   00.00000000e+00
  06.78860000e+01   05.11293000e+01   03.50383000e+01  -04.69336000e-02
  06.20424000e+01   05.19232000e+01   03.70272000e+01  -07.68710000e-03
  06.33423000e+01   05.76247000e+01   03.90109000e+01  -03.37389000e-02
  06.86949000e+01   05.71090000e+01   03.62010000e+01   03.64969000e-02
  07.17688000e+01   05.26046000e+01   04.10260000e+01   00.00000000e+00
  06.66669000e+01   05.19271000e+01   03.55482000e+01  -09.58259000e-02
  06.28151000e+01   05.31052000e+01   03.73407000e+01  -01.77941000e-01
  06.45003000e+01   05.70761000e+01   03.82926000e+01   06.74294000e-02
  06.79820000e+01   05.58840000e+01   03.61931000e+01   01.44326000e-01
  07.40900000e+01   05.18367000e+01   04.17134000e+01   00.00000000e+00
  07.56330000e+01   05.21339000e+01   04.14788000e+01   00.00000000e+00
  07.58999000e+01   05.35993000e+01   04.10967000e+01   00.00000000e+00
  07.54586000e+01   05.47172000e+01   04.20692000e+01   00.00000000e+00
  07.60240000e+01   05.60911000e+01   04.15547000e+01   00.00000000e+00
  07.59016000e+01   05.45103000e+01   04.35071000e+01   00.00000000e+00
  07.56028000e+01   05.56630000e+01   04.44822000e+01   00.00000000e+00
  07.60734000e+01   05.53314000e+01   04.58855000e+01   00.00000000e+00
  07.56208000e+01   05.63794000e+01   04.69163000e+01   00.00000000e+00
  07.40305000e+01   05.66656000e+01   04.70206000e+01   00.00000000e+00
  07.64744000e+01   05.76868000e+01   04.67949000e+01   00.00000000e+00
  07.65599000e+01   05.86827000e+01   04.79923000e+01   00.00000000e+00
  07.73766000e+01   05.99284000e+01   04.77822000e+01   00.00000000e+00
  07.73677000e+01   06.09043000e+01   04.89992000e+01   00.00000000e+00
  07.81572000e+01   06.03562000e+01   05.02064000e+01   00.00000000e+00
  07.80220000e+01   06.22443000e+01   04.85777000e+01   00.00000000e+00
  06.41766000e+01   05.58754000e+01   03.78135000e+01   03.65717000e-02
  06.54466000e+01   05.45066000e+01   03.67655000e+01  -06.37550000e-03
  06.92442000e+01   05.97105000e+01   03.66594000e+01   01.79582000e-02
  06.75413000e+01   06.01525000e+01   03.67517000e+01   01.23366000e-02
  06.84078000e+01   05.95387000e+01   03.82087000e+01   01.80857000e-02
  06.06549000e+01   05.77729000e+01   03.88197000e+01  -03.55350000e-03
  06.02323000e+01   05.60333000e+01   03.88052000e+01  -05.48890000e-03
  06.09994000e+01   05.68357000e+01   04.03171000e+01  -05.73590000e-03
  06.34959000e+01   04.89601000e+01   03.57350000e+01  -01.16015000e-02
  06.18016000e+01   04.91282000e+01   03.63699000e+01  -01.03548000e-02
  06.22042000e+01   04.98498000e+01   03.47757000e+01  -01.10806000e-02
  06.67907000e+01   04.98602000e+01   03.36991000e+01  -06.50300000e-03
  06.75267000e+01   05.12991000e+01   03.28971000e+01  -03.84930000e-03
  06.84832000e+01   04.99508000e+01   03.33733000e+01  -06.75510000e-03
  07.08933000e+01   05.27899000e+01   03.23005000e+01   06.96000000e-05
  07.19379000e+01   05.42383000e+01   03.19562000e+01  -02.56130000e-03
  07.25974000e+01   05.28072000e+01   03.28680000e+01  -08.86000000e-04
  06.43910000e+01   05.96267000e+01   04.16322000e+01   02.66600000e-04
  06.32308000e+01   05.81132000e+01   04.17695000e+01   02.07780000e-03
  06.47482000e+01   05.82131000e+01   04.09435000e+01   03.44650000e-03
  05.85937000e+01   05.18627000e+01   03.81276000e+01   02.98050000e-03
  06.01527000e+01   05.24852000e+01   03.91456000e+01  -05.01900000e-04
  07.08054000e+01   05.00499000e+01   03.54304000e+01  -05.40000000e-06
  07.17711000e+01   05.13869000e+01   03.46922000e+01  -02.73660000e-03
  06.38021000e+01   05.97373000e+01   03.92045000e+01   06.65000000e-04
  06.22331000e+01   05.92630000e+01   04.00325000e+01  -04.07950000e-03
  07.06935000e+01   05.28071000e+01   03.65415000e+01   01.58140000e-02
  06.98675000e+01   05.15244000e+01   03.69647000e+01   09.11190000e-03
  07.75704000e+01   06.26451000e+01   04.76976000e+01   00.00000000e+00
  07.78763000e+01   06.29282000e+01   04.93380000e+01   00.00000000e+00
  07.90861000e+01   06.20200000e+01   04.84325000e+01   00.00000000e+00
  07.86107000e+01   06.12320000e+01   05.07224000e+01   00.00000000e+00
  07.76633000e+01   05.98140000e+01   05.09910000e+01   00.00000000e+00
  07.89919000e+01   05.96539000e+01   04.98273000e+01   00.00000000e+00
  07.83096000e+01   05.95984000e+01   04.74756000e+01   00.00000000e+00
  07.71021000e+01   06.04284000e+01   04.68775000e+01   00.00000000e+00
  07.55101000e+01   05.88628000e+01   04.80500000e+01   00.00000000e+00
  07.69741000e+01   05.80687000e+01   04.87696000e+01   00.00000000e+00
  07.74752000e+01   05.73225000e+01   04.66468000e+01   00.00000000e+00
  07.61989000e+01   05.83046000e+01   04.59259000e+01   00.00000000e+00
  07.37141000e+01   05.74744000e+01   04.76681000e+01   00.00000000e+00
  07.35689000e+01   05.68982000e+01   04.60271000e+01   00.00000000e+00
  07.35253000e+01   05.57503000e+01   04.73498000e+01   00.00000000e+00
  07.56045000e+01   05.43638000e+01   04.61208000e+01   00.00000000e+00
  07.70773000e+01   05.52263000e+01   04.58792000e+01   00.00000000e+00
  07.60185000e+01   05.66369000e+01   04.42090000e+01   00.00000000e+00
  07.45499000e+01   05.57213000e+01   04.43897000e+01   00.00000000e+00
  07.53393000e+01   05.35729000e+01   04.39333000e+01   00.00000000e+00
  07.69895000e+01   05.44479000e+01   04.34840000e+01   00.00000000e+00
  06.57729000e+01   05.88227000e+01   03.83038000e+01   07.20400000e-04
  06.13021000e+01   05.41932000e+01   03.82519000e+01  -02.39543000e-02
  06.54178000e+01   05.01971000e+01   03.53371000e+01   04.89340000e-03
  07.09021000e+01   05.50091000e+01   03.60354000e+01  -02.28199000e-02
  06.00773000e+01   05.12920000e+01   03.63212000e+01  -01.51750000e-03
  07.70209000e+01   05.62057000e+01   04.19917000e+01   00.00000000e+00
  07.60791000e+01   05.61006000e+01   04.04706000e+01   00.00000000e+00
  07.53566000e+01   05.69089000e+01   04.18807000e+01   00.00000000e+00
  07.43887000e+01   05.47561000e+01   04.19869000e+01   00.00000000e+00
  07.69651000e+01   05.37652000e+01   04.08960000e+01   00.00000000e+00
  07.54144000e+01   05.38286000e+01   04.01311000e+01   00.00000000e+00
  07.62179000e+01   05.18400000e+01   04.23399000e+01   00.00000000e+00
  07.59701000e+01   05.14161000e+01   04.07360000e+01   00.00000000e+00
  07.38022000e+01   05.23150000e+01   04.26459000e+01   00.00000000e+00
  07.40563000e+01   05.07959000e+01   04.20392000e+01   00.00000000e+00
  07.14334000e+01   05.22119000e+01   04.19930000e+01   00.00000000e+00
  07.18849000e+01   05.36333000e+01   04.12179000e+01   00.00000000e+00
  07.09986000e+01   05.25440000e+01   04.02149000e+01   00.00000000e+00
  06.80566000e+01   05.02480000e+01   03.56433000e+01   05.57290000e-03
  06.93092000e+01   05.24306000e+01   03.41824000e+01  -01.28866000e-02
  07.39214000e+01   05.24495000e+01   03.88233000e+01   00.00000000e+00
  07.63305000e+01   06.10661000e+01   04.92348000e+01   00.00000000e+00
  07.60404000e+01   05.59771000e+01   04.78688000e+01   00.00000000e+00
  07.29897000e+01   04.95858000e+01   03.94400000e+01  -01.99830000e-03
  07.41027000e+01   05.00104000e+01   03.82907000e+01  -01.85290000e-03
