  06.99413000e+01   05.06688000e+01   03.54075000e+01  -06.11779000e-02
  06.05216000e+01   05.04309000e+01   03.67797000e+01   01.75852000e-02
  06.29984000e+01   05.79017000e+01   03.85966000e+01   01.01800000e-02
  06.99951000e+01   05.57036000e+01   03.46976000e+01  -01.32723000e-02
  06.67239000e+01   05.20712000e+01   03.51773000e+01  -04.57645000e-02
  07.10203000e+01   04.96750000e+01   03.47654000e+01   02.46758000e-02
  05.99125000e+01   04.92468000e+01   03.70693000e+01  -01.71993000e-02
  06.40875000e+01   05.82725000e+01   03.95699000e+01  -09.39340000e-03
  07.00476000e+01   05.40835000e+01   03.46073000e+01   07.66074000e-02
  06.38994000e+01   05.18929000e+01   03.59714000e+01   09.44338000e-02
  07.08982000e+01   05.65103000e+01   03.44949000e+01   01.54319000e-02
  07.25113000e+01   04.98561000e+01   03.51809000e+01  -01.56515000e-02
  07.06736000e+01   05.36922000e+01   03.32442000e+01  -02.00050000e-02
  06.66578000e+01   05.49747000e+01   03.57733000e+01  -08.09918000e-02
  07.21067000e+01   05.20498000e+01   03.21862000e+01   04.03650000e-03
  06.85989000e+01   05.35932000e+01   03.48633000e+01  -01.43447000e-01
  06.52369000e+01   05.01063000e+01   03.49648000e+01   01.23287000e-02
  06.21332000e+01   05.31900000e+01   03.70347000e+01   02.21683000e-01
  06.54085000e+01   05.67701000e+01   03.67952000e+01  -05.42921000e-02
  06.75054000e+01   04.95380000e+01   03.29242000e+01   02.66866000e-02
  06.26721000e+01   04.84844000e+01   03.50034000e+01   04.35609000e-02
  06.09234000e+01   05.52506000e+01   03.89197000e+01   02.36507000e-02
  06.82594000e+01   05.84165000e+01   03.61569000e+01  -06.09964000e-02
  07.38358000e+01   05.11766000e+01   03.68077000e+01   08.71130000e-03
  06.80707000e+01   05.23074000e+01   03.48381000e+01   01.26858000e-01
  06.40003000e+01   05.06373000e+01   03.55140000e+01  -03.45042000e-02
  06.27118000e+01   05.44441000e+01   03.72548000e+01  -02.04376000e-01
  06.65608000e+01   05.62999000e+01   03.61387000e+01   07.60142000e-02
  07.35385000e+01   04.97222000e+01   03.44502000e+01   05.08730000e-03
  07.04213000e+01   05.42876000e+01   03.22047000e+01   06.92200000e-04
  07.33338000e+01   05.21408000e+01   03.77723000e+01   00.00000000e+00
  06.88449000e+01   05.10445000e+01   03.43955000e+01   07.64245000e-02
  06.27990000e+01   04.98878000e+01   03.56783000e+01  -04.66821000e-02
  06.21562000e+01   05.54995000e+01   03.80840000e+01   01.65461000e-02
  06.78376000e+01   05.69716000e+01   03.58849000e+01   05.49912000e-02
  07.25877000e+01   05.03799000e+01   03.64723000e+01   03.30200000e-04
  07.14599000e+01   05.25733000e+01   03.33888000e+01   04.02810000e-03
  07.28152000e+01   05.19484000e+01   03.90113000e+01   00.00000000e+00
  06.77488000e+01   04.99494000e+01   03.43402000e+01  -04.69336000e-02
  06.18967000e+01   05.07328000e+01   03.63549000e+01  -07.68710000e-03
  06.30985000e+01   05.65636000e+01   03.79489000e+01  -03.37389000e-02
  06.86462000e+01   05.59506000e+01   03.52850000e+01   03.64969000e-02
  07.12961000e+01   05.18346000e+01   03.92780000e+01   00.00000000e+00
  06.65016000e+01   05.07361000e+01   03.48314000e+01  -09.58259000e-02
  06.26239000e+01   05.20186000e+01   03.64959000e+01  -01.77941000e-01
  06.41098000e+01   05.60626000e+01   03.70996000e+01   06.74294000e-02
  06.78814000e+01   05.47154000e+01   03.53115000e+01   01.44326000e-01
  07.36878000e+01   05.18757000e+01   04.02562000e+01   00.00000000e+00
  07.38907000e+01   05.33868000e+01   04.07220000e+01   00.00000000e+00
  07.49674000e+01   05.35319000e+01   04.16976000e+01   00.00000000e+00
  07.51933000e+01   05.48484000e+01   04.23606000e+01   00.00000000e+00
  07.54846000e+01   05.59673000e+01   04.12911000e+01   00.00000000e+00
  07.61800000e+01   05.47829000e+01   04.35335000e+01   00.00000000e+00
  07.62808000e+01   05.60811000e+01   04.43609000e+01   00.00000000e+00
  07.68692000e+01   05.56900000e+01   04.57103000e+01   00.00000000e+00
  07.69518000e+01   05.66599000e+01   04.68477000e+01   00.00000000e+00
  07.55460000e+01   05.70991000e+01   04.73482000e+01   00.00000000e+00
  07.78439000e+01   05.79684000e+01   04.64958000e+01   00.00000000e+00
  07.79469000e+01   05.90580000e+01   04.76009000e+01   00.00000000e+00
  07.85404000e+01   05.86453000e+01   04.89050000e+01   00.00000000e+00
  07.83368000e+01   05.96767000e+01   05.00519000e+01   00.00000000e+00
  07.90636000e+01   05.93140000e+01   05.13538000e+01   00.00000000e+00
  07.87337000e+01   06.11836000e+01   04.97201000e+01   00.00000000e+00
  06.38859000e+01   05.47921000e+01   03.67379000e+01   03.65717000e-02
  06.52102000e+01   05.34472000e+01   03.58132000e+01  -06.37550000e-03
  06.90803000e+01   05.87936000e+01   03.55248000e+01   01.79582000e-02
  06.74234000e+01   05.91199000e+01   03.59939000e+01   01.23366000e-02
  06.85351000e+01   05.85596000e+01   03.72254000e+01   01.80857000e-02
  06.08493000e+01   05.42227000e+01   03.90772000e+01  -03.55350000e-03
  06.10549000e+01   05.57670000e+01   03.98828000e+01  -05.48890000e-03
  05.99273000e+01   05.55825000e+01   03.85830000e+01  -05.73590000e-03
  06.30989000e+01   04.85623000e+01   03.39647000e+01  -01.16015000e-02
  06.31957000e+01   04.77502000e+01   03.56108000e+01  -01.03548000e-02
  06.16789000e+01   04.82128000e+01   03.49727000e+01  -01.10806000e-02
  06.67383000e+01   04.88357000e+01   03.29061000e+01  -06.50300000e-03
  06.73569000e+01   05.04675000e+01   03.23584000e+01  -03.84930000e-03
  06.83200000e+01   04.90228000e+01   03.24408000e+01  -06.75510000e-03
  07.14055000e+01   05.17213000e+01   03.14378000e+01   06.96000000e-05
  07.27177000e+01   05.27680000e+01   03.17533000e+01  -02.56130000e-03
  07.25611000e+01   05.10976000e+01   03.24401000e+01  -08.86000000e-04
  06.40382000e+01   05.76203000e+01   04.04514000e+01   02.66600000e-04
  06.50786000e+01   05.83167000e+01   03.90797000e+01   02.07780000e-03
  06.39290000e+01   05.92773000e+01   03.99769000e+01   03.44650000e-03
  05.88485000e+01   04.91672000e+01   03.73355000e+01   02.98050000e-03
  06.04708000e+01   04.83170000e+01   03.68957000e+01  -05.01900000e-04
  07.06782000e+01   04.86897000e+01   03.49713000e+01  -05.40000000e-06
  07.10017000e+01   04.97088000e+01   03.36657000e+01  -02.73660000e-03
  06.28974000e+01   05.87894000e+01   03.78616000e+01   06.65000000e-04
  06.20843000e+01   05.78691000e+01   03.92480000e+01  -04.07950000e-03
  07.04064000e+01   05.15956000e+01   03.56408000e+01   01.58140000e-02
  06.93778000e+01   05.02148000e+01   03.62677000e+01   09.11190000e-03
  07.86706000e+01   06.18588000e+01   05.05757000e+01   00.00000000e+00
  07.97338000e+01   06.11908000e+01   04.93673000e+01   00.00000000e+00
  07.81042000e+01   06.15906000e+01   04.89671000e+01   00.00000000e+00
  08.01408000e+01   05.92758000e+01   05.11151000e+01   00.00000000e+00
  07.89201000e+01   06.00937000e+01   05.20188000e+01   00.00000000e+00
  07.87433000e+01   05.84521000e+01   05.19332000e+01   00.00000000e+00
  07.81894000e+01   05.76989000e+01   04.92499000e+01   00.00000000e+00
  07.96193000e+01   05.85532000e+01   04.88650000e+01   00.00000000e+00
  07.85084000e+01   05.98291000e+01   04.71885000e+01   00.00000000e+00
  07.68669000e+01   05.93904000e+01   04.77900000e+01   00.00000000e+00
  07.88508000e+01   05.77067000e+01   04.62011000e+01   00.00000000e+00
  07.75577000e+01   05.84334000e+01   04.55391000e+01   00.00000000e+00
  07.50515000e+01   05.76762000e+01   04.65824000e+01   00.00000000e+00
  07.49333000e+01   05.62459000e+01   04.75198000e+01   00.00000000e+00
  07.56621000e+01   05.77350000e+01   04.83067000e+01   00.00000000e+00
  07.64362000e+01   05.47819000e+01   04.61159000e+01   00.00000000e+00
  07.78395000e+01   05.54432000e+01   04.53837000e+01   00.00000000e+00
  07.69585000e+01   05.67198000e+01   04.38094000e+01   00.00000000e+00
  07.52769000e+01   05.63594000e+01   04.45152000e+01   00.00000000e+00
  07.59051000e+01   05.38791000e+01   04.40893000e+01   00.00000000e+00
  07.70660000e+01   05.45596000e+01   04.28926000e+01   00.00000000e+00
  06.54480000e+01   05.78686000e+01   03.70716000e+01   07.20400000e-04
  06.10943000e+01   05.30788000e+01   03.74298000e+01  -02.39543000e-02
  06.52367000e+01   04.90824000e+01   03.44987000e+01   04.89340000e-03
  07.07250000e+01   05.36821000e+01   03.53199000e+01  -02.28199000e-02
  05.99130000e+01   05.13220000e+01   03.70224000e+01  -01.51750000e-03
  07.56459000e+01   05.69233000e+01   04.18058000e+01   00.00000000e+00
  07.63257000e+01   05.56668000e+01   04.06958000e+01   00.00000000e+00
  07.46184000e+01   05.59705000e+01   04.07088000e+01   00.00000000e+00
  07.42163000e+01   05.51684000e+01   04.28229000e+01   00.00000000e+00
  07.49085000e+01   05.27888000e+01   04.24513000e+01   00.00000000e+00
  07.58494000e+01   05.33186000e+01   04.10971000e+01   00.00000000e+00
  07.41318000e+01   05.39932000e+01   03.98403000e+01   00.00000000e+00
  07.30130000e+01   05.37726000e+01   04.12317000e+01   00.00000000e+00
  07.30377000e+01   05.14678000e+01   04.10615000e+01   00.00000000e+00
  07.45704000e+01   05.12510000e+01   04.01073000e+01   00.00000000e+00
  07.08503000e+01   05.18134000e+01   03.83122000e+01   00.00000000e+00
  07.10547000e+01   05.09193000e+01   03.98410000e+01   00.00000000e+00
  07.09593000e+01   05.25820000e+01   03.99648000e+01   00.00000000e+00
  06.81009000e+01   04.90737000e+01   03.48739000e+01   05.57290000e-03
  06.92662000e+01   05.13397000e+01   03.34492000e+01  -01.28866000e-02
  07.35317000e+01   05.31810000e+01   03.76128000e+01   00.00000000e+00
  07.72655000e+01   05.98290000e+01   05.03961000e+01   00.00000000e+00
  07.75294000e+01   05.60217000e+01   04.75902000e+01   00.00000000e+00
  07.46683000e+01   05.05566000e+01   03.71913000e+01  -01.99830000e-03
  07.41404000e+01   05.18077000e+01   03.59584000e+01  -01.85290000e-03
