  07.11857000e+01   05.11332000e+01   03.48416000e+01  -06.11779000e-02
  06.21966000e+01   05.14615000e+01   03.77294000e+01   01.75852000e-02
  06.49048000e+01   05.87573000e+01   03.90082000e+01   01.01800000e-02
  07.14993000e+01   05.60948000e+01   03.46693000e+01  -01.32723000e-02
  06.81231000e+01   05.26289000e+01   03.51346000e+01  -04.57645000e-02
  07.09319000e+01   05.11176000e+01   03.63409000e+01   02.46758000e-02
  06.18917000e+01   05.20098000e+01   03.89342000e+01  -01.71993000e-02
  06.53574000e+01   05.85718000e+01   04.04859000e+01  -09.39340000e-03
  07.13540000e+01   05.46312000e+01   03.42343000e+01   07.66074000e-02
  06.54685000e+01   05.25861000e+01   03.63603000e+01   09.44338000e-02
  07.25041000e+01   05.68093000e+01   03.45249000e+01   01.54319000e-02
  07.21694000e+01   05.07623000e+01   03.71283000e+01  -01.56515000e-02
  07.16394000e+01   05.44161000e+01   03.27658000e+01  -02.00050000e-02
  06.81719000e+01   05.55836000e+01   03.58080000e+01  -08.09918000e-02
  07.24313000e+01   05.29096000e+01   03.10395000e+01   04.03650000e-03
  06.99268000e+01   05.41955000e+01   03.47443000e+01  -01.43447000e-01
  06.64986000e+01   05.07789000e+01   03.50960000e+01   01.23287000e-02
  06.38247000e+01   05.40324000e+01   03.74950000e+01   02.21683000e-01
  06.71773000e+01   05.74306000e+01   03.71093000e+01  -05.42921000e-02
  06.82511000e+01   05.05030000e+01   03.23253000e+01   02.66866000e-02
  06.38324000e+01   04.92847000e+01   03.59705000e+01   04.35609000e-02
  06.26142000e+01   05.65901000e+01   03.90500000e+01   02.36507000e-02
  07.00585000e+01   05.87688000e+01   03.62924000e+01  -06.09964000e-02
  07.43885000e+01   05.16484000e+01   03.77357000e+01   08.71130000e-03
  06.93272000e+01   05.29330000e+01   03.45275000e+01   01.26858000e-01
  06.54808000e+01   05.12901000e+01   03.59083000e+01  -03.45042000e-02
  06.44313000e+01   05.53014000e+01   03.75775000e+01  -02.04376000e-01
  06.82123000e+01   05.68838000e+01   03.62868000e+01   07.60142000e-02
  07.25227000e+01   04.97316000e+01   03.76665000e+01   05.08730000e-03
  07.10165000e+01   05.50427000e+01   03.19256000e+01   06.92200000e-04
  07.41856000e+01   05.22817000e+01   03.91319000e+01   00.00000000e+00
  06.99688000e+01   05.16315000e+01   03.40345000e+01   07.64245000e-02
  06.42378000e+01   05.06847000e+01   03.62731000e+01  -04.66821000e-02
  06.39461000e+01   05.64761000e+01   03.83067000e+01   01.65461000e-02
  06.95283000e+01   05.74484000e+01   03.59498000e+01   05.49912000e-02
  07.30471000e+01   05.18717000e+01   03.70979000e+01   03.30200000e-04
  07.24345000e+01   05.33949000e+01   03.24136000e+01   04.02810000e-03
  07.42496000e+01   05.16771000e+01   04.03524000e+01   00.00000000e+00
  06.87722000e+01   05.06452000e+01   03.38389000e+01  -04.69336000e-02
  06.35439000e+01   05.15507000e+01   03.70964000e+01  -07.68710000e-03
  06.49790000e+01   05.74209000e+01   03.83419000e+01  -03.37389000e-02
  07.02012000e+01   05.63977000e+01   03.52850000e+01   03.64969000e-02
  07.29882000e+01   05.13496000e+01   04.11473000e+01   00.00000000e+00
  06.77353000e+01   05.13991000e+01   03.47370000e+01  -09.58259000e-02
  06.43046000e+01   05.28570000e+01   03.69906000e+01  -01.77941000e-01
  06.60154000e+01   05.67857000e+01   03.74318000e+01   06.74294000e-02
  06.93819000e+01   05.52762000e+01   03.52990000e+01   01.44326000e-01
  07.55249000e+01   05.14566000e+01   04.10972000e+01   00.00000000e+00
  07.65954000e+01   05.26103000e+01   04.09974000e+01   00.00000000e+00
  07.59895000e+01   05.38778000e+01   04.15838000e+01   00.00000000e+00
  07.69564000e+01   05.49940000e+01   04.19413000e+01   00.00000000e+00
  07.79513000e+01   05.53795000e+01   04.08344000e+01   00.00000000e+00
  07.76889000e+01   05.47691000e+01   04.32507000e+01   00.00000000e+00
  07.75299000e+01   05.59284000e+01   04.43129000e+01   00.00000000e+00
  07.87479000e+01   05.68774000e+01   04.42717000e+01   00.00000000e+00
  07.89157000e+01   05.78473000e+01   04.54700000e+01   00.00000000e+00
  08.01392000e+01   05.86916000e+01   04.51671000e+01   00.00000000e+00
  07.92285000e+01   05.71317000e+01   04.68130000e+01   00.00000000e+00
  07.89470000e+01   05.78561000e+01   04.81428000e+01   00.00000000e+00
  07.97404000e+01   05.71093000e+01   04.92762000e+01   00.00000000e+00
  07.96560000e+01   05.78847000e+01   05.06870000e+01   00.00000000e+00
  07.81609000e+01   05.79908000e+01   05.11375000e+01   00.00000000e+00
  08.04855000e+01   05.72118000e+01   05.18095000e+01   00.00000000e+00
  06.56647000e+01   05.55287000e+01   03.70215000e+01   03.65717000e-02
  06.68720000e+01   05.41035000e+01   03.61265000e+01  -06.37550000e-03
  06.96284000e+01   05.91581000e+01   03.72087000e+01   01.79582000e-02
  07.11534000e+01   05.88235000e+01   03.63696000e+01   01.23366000e-02
  06.96885000e+01   05.94662000e+01   03.55180000e+01   01.80857000e-02
  06.27295000e+01   05.59121000e+01   03.99185000e+01  -03.55350000e-03
  06.22960000e+01   05.75913000e+01   03.92206000e+01  -05.48890000e-03
  06.18301000e+01   05.61004000e+01   03.84805000e+01  -05.73590000e-03
  06.29596000e+01   04.90119000e+01   03.65471000e+01  -01.16015000e-02
  06.37118000e+01   04.90510000e+01   03.49578000e+01  -01.03548000e-02
  06.46596000e+01   04.87319000e+01   03.63864000e+01  -01.10806000e-02
  06.73080000e+01   04.99734000e+01   03.22319000e+01  -06.50300000e-03
  06.82753000e+01   05.14590000e+01   03.17764000e+01  -03.84930000e-03
  06.90397000e+01   04.99298000e+01   03.19126000e+01  -06.75510000e-03
  07.18647000e+01   05.35129000e+01   03.02971000e+01   06.96000000e-05
  07.34424000e+01   05.27951000e+01   03.07868000e+01  -02.56130000e-03
  07.20458000e+01   05.19686000e+01   03.10079000e+01  -08.86000000e-04
  06.49815000e+01   05.93852000e+01   04.10591000e+01   02.66600000e-04
  06.47894000e+01   05.77186000e+01   04.08613000e+01   02.07780000e-03
  06.64107000e+01   05.83704000e+01   04.05672000e+01   03.44650000e-03
  06.09210000e+01   05.19876000e+01   03.94691000e+01   02.98050000e-03
  06.26798000e+01   05.25275000e+01   03.95533000e+01  -05.01900000e-04
  07.07284000e+01   05.20983000e+01   03.67107000e+01  -05.40000000e-06
  07.01257000e+01   05.04565000e+01   03.65667000e+01  -02.73660000e-03
  06.55299000e+01   05.95632000e+01   03.85502000e+01   06.65000000e-04
  06.38816000e+01   05.89896000e+01   03.88134000e+01  -04.07950000e-03
  07.14177000e+01   05.01273000e+01   03.45688000e+01   01.58140000e-02
  07.19946000e+01   05.18712000e+01   03.46957000e+01   09.11190000e-03
  07.98454000e+01   05.64721000e+01   05.22392000e+01   00.00000000e+00
  08.13726000e+01   05.66956000e+01   05.13858000e+01   00.00000000e+00
  08.06627000e+01   05.80672000e+01   05.25088000e+01   00.00000000e+00
  07.81552000e+01   05.83422000e+01   05.21866000e+01   00.00000000e+00
  07.77598000e+01   05.87920000e+01   05.05122000e+01   00.00000000e+00
  07.76229000e+01   05.71123000e+01   05.10293000e+01   00.00000000e+00
  07.93513000e+01   05.60933000e+01   04.93273000e+01   00.00000000e+00
  08.07297000e+01   05.71074000e+01   04.89788000e+01   00.00000000e+00
  07.95477000e+01   05.88339000e+01   04.79726000e+01   00.00000000e+00
  07.78522000e+01   05.78396000e+01   04.82704000e+01   00.00000000e+00
  07.85399000e+01   05.62641000e+01   04.69372000e+01   00.00000000e+00
  08.02275000e+01   05.66377000e+01   04.67134000e+01   00.00000000e+00
  08.09815000e+01   05.81731000e+01   04.46887000e+01   00.00000000e+00
  07.97286000e+01   05.93431000e+01   04.44005000e+01   00.00000000e+00
  08.04622000e+01   05.93352000e+01   04.59102000e+01   00.00000000e+00
  07.95717000e+01   05.62871000e+01   04.40441000e+01   00.00000000e+00
  07.85059000e+01   05.74408000e+01   04.33871000e+01   00.00000000e+00
  07.66588000e+01   05.65412000e+01   04.40432000e+01   00.00000000e+00
  07.73621000e+01   05.54195000e+01   04.52196000e+01   00.00000000e+00
  07.73146000e+01   05.38540000e+01   04.37781000e+01   00.00000000e+00
  07.87424000e+01   05.46161000e+01   04.30407000e+01   00.00000000e+00
  06.74583000e+01   05.84071000e+01   03.76135000e+01   07.20400000e-04
  06.27777000e+01   05.39498000e+01   03.77826000e+01  -02.39543000e-02
  06.64401000e+01   04.97927000e+01   03.46919000e+01   04.89340000e-03
  07.21530000e+01   05.42671000e+01   03.48094000e+01  -02.28199000e-02
  06.13996000e+01   05.08859000e+01   03.72125000e+01  -01.51750000e-03
  07.86894000e+01   05.46150000e+01   04.05372000e+01   00.00000000e+00
  07.73370000e+01   05.55877000e+01   04.00447000e+01   00.00000000e+00
  07.84853000e+01   05.63270000e+01   04.11731000e+01   00.00000000e+00
  07.62663000e+01   05.58189000e+01   04.20377000e+01   00.00000000e+00
  07.53344000e+01   05.44068000e+01   04.08750000e+01   00.00000000e+00
  07.55415000e+01   05.36031000e+01   04.25162000e+01   00.00000000e+00
  07.75190000e+01   05.23118000e+01   04.15130000e+01   00.00000000e+00
  07.69662000e+01   05.26237000e+01   03.99620000e+01   00.00000000e+00
  07.52281000e+01   05.13119000e+01   04.21866000e+01   00.00000000e+00
  07.60776000e+01   05.06193000e+01   04.07043000e+01   00.00000000e+00
  07.31658000e+01   05.17425000e+01   04.22087000e+01   00.00000000e+00
  07.20691000e+01   05.17403000e+01   04.06911000e+01   00.00000000e+00
  07.28841000e+01   05.02863000e+01   04.12624000e+01   00.00000000e+00
  06.89646000e+01   04.96711000e+01   03.41935000e+01   05.57290000e-03
  07.03808000e+01   05.17300000e+01   03.30393000e+01  -01.28866000e-02
  07.43527000e+01   05.33815000e+01   03.91650000e+01   00.00000000e+00
  08.00777000e+01   05.88501000e+01   05.04866000e+01   00.00000000e+00
  07.79817000e+01   05.83794000e+01   04.55880000e+01   00.00000000e+00
  07.48655000e+01   05.06648000e+01   03.77621000e+01  -01.99830000e-03
  07.51631000e+01   05.22259000e+01   03.71711000e+01  -01.85290000e-03
