  06.92356000e+01   05.09041000e+01   03.36951000e+01  -06.11779000e-02
  06.02326000e+01   05.22127000e+01   03.73826000e+01   01.75852000e-02
  06.40959000e+01   05.90717000e+01   03.85542000e+01   01.01800000e-02
  06.96992000e+01   05.60287000e+01   03.36069000e+01  -01.32723000e-02
  06.61850000e+01   05.27402000e+01   03.42272000e+01  -04.57645000e-02
  06.94955000e+01   05.08377000e+01   03.51762000e+01   02.46758000e-02
  06.00137000e+01   05.28471000e+01   03.85643000e+01  -01.71993000e-02
  06.54150000e+01   05.91098000e+01   03.92257000e+01  -09.39340000e-03
  06.94582000e+01   05.44897000e+01   03.32272000e+01   07.66074000e-02
  06.36375000e+01   05.29972000e+01   03.59577000e+01   09.44338000e-02
  07.07478000e+01   05.66602000e+01   03.33458000e+01   01.54319000e-02
  07.08170000e+01   05.02415000e+01   03.55646000e+01  -01.56515000e-02
  06.94552000e+01   05.44733000e+01   03.16854000e+01  -02.00050000e-02
  06.65378000e+01   05.56743000e+01   03.49966000e+01  -08.09918000e-02
  06.97892000e+01   05.30105000e+01   02.97707000e+01   04.03650000e-03
  06.81515000e+01   05.40853000e+01   03.39114000e+01  -01.43447000e-01
  06.44187000e+01   05.10743000e+01   03.46397000e+01   01.23287000e-02
  06.21323000e+01   05.46145000e+01   03.70681000e+01   02.21683000e-01
  06.58797000e+01   05.76346000e+01   03.63370000e+01  -05.42921000e-02
  06.60122000e+01   04.98483000e+01   03.22605000e+01   02.66866000e-02
  06.16957000e+01   04.97460000e+01   03.58508000e+01   04.35609000e-02
  06.15192000e+01   05.70909000e+01   03.88602000e+01   02.36507000e-02
  06.87230000e+01   05.88594000e+01   03.53017000e+01  -06.09964000e-02
  07.29544000e+01   05.04876000e+01   03.66546000e+01   08.71130000e-03
  06.74584000e+01   05.28113000e+01   03.37794000e+01   01.26858000e-01
  06.34790000e+01   05.17176000e+01   03.54966000e+01  -03.45042000e-02
  06.29544000e+01   05.57006000e+01   03.71570000e+01  -02.04376000e-01
  06.67943000e+01   05.69959000e+01   03.54621000e+01   07.60142000e-02
  07.11189000e+01   04.90661000e+01   03.53390000e+01   05.08730000e-03
  06.91784000e+01   05.54058000e+01   03.09469000e+01   06.92200000e-04
  07.36805000e+01   05.15507000e+01   03.73246000e+01   00.00000000e+00
  06.79454000e+01   05.15035000e+01   03.31397000e+01   07.64245000e-02
  06.22450000e+01   05.11757000e+01   03.59498000e+01  -04.66821000e-02
  06.27191000e+01   05.69114000e+01   03.79315000e+01   01.65461000e-02
  06.80252000e+01   05.75377000e+01   03.49246000e+01   05.49912000e-02
  07.16935000e+01   05.11011000e+01   03.61770000e+01   03.30200000e-04
  06.97974000e+01   05.31935000e+01   03.12231000e+01   04.02810000e-03
  07.35009000e+01   05.28510000e+01   03.73282000e+01   00.00000000e+00
  06.66771000e+01   05.06059000e+01   03.34280000e+01  -04.69336000e-02
  06.16128000e+01   05.21457000e+01   03.67267000e+01  -07.68710000e-03
  06.38571000e+01   05.76955000e+01   03.78511000e+01  -03.37389000e-02
  06.85342000e+01   05.64086000e+01   03.42824000e+01   03.64969000e-02
  07.42637000e+01   05.37264000e+01   03.64116000e+01   00.00000000e+00
  06.56628000e+01   05.15240000e+01   03.41062000e+01  -09.58259000e-02
  06.24309000e+01   05.33185000e+01   03.66258000e+01  -01.77941000e-01
  06.46943000e+01   05.70246000e+01   03.68717000e+01   06.74294000e-02
  06.76812000e+01   05.52725000e+01   03.43749000e+01   01.44326000e-01
  07.24937000e+01   05.33133000e+01   03.83337000e+01   00.00000000e+00
  07.29095000e+01   05.41468000e+01   03.94649000e+01   00.00000000e+00
  07.41381000e+01   05.34423000e+01   04.01665000e+01   00.00000000e+00
  07.47183000e+01   05.39941000e+01   04.14671000e+01   00.00000000e+00
  07.55500000e+01   05.53183000e+01   04.12058000e+01   00.00000000e+00
  07.55548000e+01   05.29658000e+01   04.22637000e+01   00.00000000e+00
  07.61749000e+01   05.32397000e+01   04.36687000e+01   00.00000000e+00
  07.51400000e+01   05.37171000e+01   04.47393000e+01   00.00000000e+00
  07.54865000e+01   05.37779000e+01   04.63053000e+01   00.00000000e+00
  07.42156000e+01   05.38303000e+01   04.72316000e+01   00.00000000e+00
  07.63625000e+01   05.49891000e+01   04.65378000e+01   00.00000000e+00
  07.58994000e+01   05.64085000e+01   04.63718000e+01   00.00000000e+00
  07.70762000e+01   05.73858000e+01   04.64056000e+01   00.00000000e+00
  07.82242000e+01   05.74395000e+01   04.52858000e+01   00.00000000e+00
  07.77116000e+01   05.73707000e+01   04.38654000e+01   00.00000000e+00
  07.90921000e+01   05.86903000e+01   04.55289000e+01   00.00000000e+00
  06.41726000e+01   05.58551000e+01   03.65647000e+01   03.65717000e-02
  06.50363000e+01   05.43434000e+01   03.53988000e+01  -06.37550000e-03
  06.81091000e+01   05.97488000e+01   03.48399000e+01   01.79582000e-02
  06.86339000e+01   05.88206000e+01   03.63789000e+01   01.23366000e-02
  06.97917000e+01   05.89535000e+01   03.50816000e+01   01.80857000e-02
  06.09937000e+01   05.62055000e+01   03.92366000e+01  -03.55350000e-03
  06.18749000e+01   05.76870000e+01   03.97344000e+01  -05.48890000e-03
  06.07717000e+01   05.76151000e+01   03.83247000e+01  -05.73590000e-03
  06.05773000e+01   04.97402000e+01   03.57856000e+01  -01.16015000e-02
  06.20794000e+01   04.93058000e+01   03.49703000e+01  -01.03548000e-02
  06.19002000e+01   04.92756000e+01   03.68153000e+01  -01.10806000e-02
  06.68631000e+01   04.93163000e+01   03.17077000e+01  -06.50300000e-03
  06.53444000e+01   04.91234000e+01   03.26210000e+01  -03.84930000e-03
  06.54837000e+01   05.06714000e+01   03.17612000e+01  -06.75510000e-03
  06.88135000e+01   05.30262000e+01   02.93593000e+01   06.96000000e-05
  07.03167000e+01   05.37020000e+01   02.92459000e+01  -02.56130000e-03
  07.03285000e+01   05.21235000e+01   02.94062000e+01  -08.86000000e-04
  06.55009000e+01   06.00163000e+01   03.98054000e+01   02.66600000e-04
  06.54642000e+01   05.83673000e+01   03.99783000e+01   02.07780000e-03
  06.63147000e+01   05.91158000e+01   03.85759000e+01   03.44650000e-03
  05.90622000e+01   05.26343000e+01   03.90707000e+01   02.98050000e-03
  06.07742000e+01   05.34125000e+01   03.90844000e+01  -05.01900000e-04
  06.94782000e+01   05.19136000e+01   03.53888000e+01  -05.40000000e-06
  06.86413000e+01   05.03422000e+01   03.56853000e+01  -02.73660000e-03
  06.40578000e+01   05.98526000e+01   03.78168000e+01   06.65000000e-04
  06.32846000e+01   05.93378000e+01   03.92582000e+01  -04.07950000e-03
  06.93902000e+01   04.99081000e+01   03.32744000e+01   01.58140000e-02
  07.00072000e+01   05.15547000e+01   03.33067000e+01   09.11190000e-03
  07.95497000e+01   05.87842000e+01   04.65218000e+01   00.00000000e+00
  07.99400000e+01   05.85923000e+01   04.48560000e+01   00.00000000e+00
  07.85502000e+01   05.95979000e+01   04.52926000e+01   00.00000000e+00
  07.70182000e+01   05.81844000e+01   04.38430000e+01   00.00000000e+00
  07.85436000e+01   05.73842000e+01   04.31957000e+01   00.00000000e+00
  07.73167000e+01   05.64139000e+01   04.36396000e+01   00.00000000e+00
  07.67277000e+01   05.84452000e+01   04.65284000e+01   00.00000000e+00
  07.75186000e+01   05.71763000e+01   04.73631000e+01   00.00000000e+00
  07.53721000e+01   05.65940000e+01   04.53752000e+01   00.00000000e+00
  07.52461000e+01   05.67107000e+01   04.71642000e+01   00.00000000e+00
  07.67521000e+01   05.48471000e+01   04.74976000e+01   00.00000000e+00
  07.72059000e+01   05.49274000e+01   04.58311000e+01   00.00000000e+00
  07.38625000e+01   05.28092000e+01   04.72119000e+01   00.00000000e+00
  07.44427000e+01   05.42613000e+01   04.81723000e+01   00.00000000e+00
  07.34550000e+01   05.44191000e+01   04.66452000e+01   00.00000000e+00
  07.47928000e+01   05.47181000e+01   04.44202000e+01   00.00000000e+00
  07.43289000e+01   05.29756000e+01   04.45984000e+01   00.00000000e+00
  07.66512000e+01   05.23072000e+01   04.38862000e+01   00.00000000e+00
  07.69297000e+01   05.40405000e+01   04.36215000e+01   00.00000000e+00
  07.48810000e+01   05.21568000e+01   04.24710000e+01   00.00000000e+00
  07.62673000e+01   05.26874000e+01   04.14751000e+01   00.00000000e+00
  06.62812000e+01   05.86361000e+01   03.65878000e+01   07.20400000e-04
  06.11118000e+01   05.46719000e+01   03.74163000e+01  -02.39543000e-02
  06.41820000e+01   05.00796000e+01   03.43072000e+01   04.89340000e-03
  07.02204000e+01   05.37487000e+01   03.36051000e+01  -02.28199000e-02
  05.94749000e+01   05.14990000e+01   03.70095000e+01  -01.51750000e-03
  07.56386000e+01   05.59281000e+01   04.20464000e+01   00.00000000e+00
  07.65172000e+01   05.49842000e+01   04.08383000e+01   00.00000000e+00
  07.49385000e+01   05.59210000e+01   04.05223000e+01   00.00000000e+00
  07.38959000e+01   05.43017000e+01   04.20783000e+01   00.00000000e+00
  07.37889000e+01   05.24685000e+01   04.04522000e+01   00.00000000e+00
  07.50652000e+01   05.34663000e+01   03.95844000e+01   00.00000000e+00
  07.32603000e+01   05.52048000e+01   03.91473000e+01   00.00000000e+00
  07.20768000e+01   05.41656000e+01   04.01958000e+01   00.00000000e+00
  07.18623000e+01   05.39457000e+01   03.77601000e+01   00.00000000e+00
  07.19200000e+01   05.25209000e+01   03.88193000e+01   00.00000000e+00
  07.34369000e+01   05.42563000e+01   03.58057000e+01   00.00000000e+00
  07.47385000e+01   05.45010000e+01   03.69098000e+01   00.00000000e+00
  07.49146000e+01   05.30967000e+01   03.58233000e+01   00.00000000e+00
  06.69907000e+01   04.98289000e+01   03.41219000e+01   05.57290000e-03
  06.79548000e+01   05.16816000e+01   03.21129000e+01  -01.28866000e-02
  07.44155000e+01   05.11021000e+01   03.79544000e+01   00.00000000e+00
  07.89427000e+01   05.66130000e+01   04.53067000e+01   00.00000000e+00
  07.61355000e+01   05.28721000e+01   04.66567000e+01   00.00000000e+00
  07.29576000e+01   04.95473000e+01   03.72472000e+01  -01.99830000e-03
  07.35582000e+01   05.01024000e+01   03.58730000e+01  -01.85290000e-03
