  07.12983000e+01   05.18075000e+01   03.40629000e+01  -06.11779000e-02
  06.21234000e+01   05.18020000e+01   03.72511000e+01   01.75852000e-02
  06.47002000e+01   05.95964000e+01   03.78287000e+01   01.01800000e-02
  07.12269000e+01   05.67807000e+01   03.39596000e+01  -01.32723000e-02
  06.79808000e+01   05.32398000e+01   03.45234000e+01  -04.57645000e-02
  07.13927000e+01   05.16477000e+01   03.56183000e+01   02.46758000e-02
  06.20306000e+01   05.22291000e+01   03.85650000e+01  -01.71993000e-02
  06.53498000e+01   05.97878000e+01   03.91937000e+01  -09.39340000e-03
  07.11739000e+01   05.52834000e+01   03.35891000e+01   07.66074000e-02
  06.51484000e+01   05.33017000e+01   03.57411000e+01   09.44338000e-02
  07.22269000e+01   05.74062000e+01   03.36876000e+01   01.54319000e-02
  07.28964000e+01   05.18369000e+01   03.60258000e+01  -01.56515000e-02
  07.13656000e+01   05.49939000e+01   03.20980000e+01  -02.00050000e-02
  06.79129000e+01   05.61361000e+01   03.51295000e+01  -08.09918000e-02
  07.27111000e+01   05.34191000e+01   03.07731000e+01   04.03650000e-03
  06.97822000e+01   05.48093000e+01   03.41117000e+01  -01.43447000e-01
  06.62382000e+01   05.15315000e+01   03.43527000e+01   01.23287000e-02
  06.35475000e+01   05.47257000e+01   03.69562000e+01   02.21683000e-01
  06.70104000e+01   05.80193000e+01   03.63876000e+01  -05.42921000e-02
  06.85547000e+01   05.04058000e+01   03.23168000e+01   02.66866000e-02
  06.38732000e+01   04.98410000e+01   03.52439000e+01   04.35609000e-02
  06.24765000e+01   05.73162000e+01   03.85698000e+01   02.36507000e-02
  06.97222000e+01   05.94433000e+01   03.55392000e+01  -06.09964000e-02
  07.44647000e+01   05.31206000e+01   03.73811000e+01   08.71130000e-03
  06.92555000e+01   05.35146000e+01   03.41510000e+01   01.26858000e-01
  06.52031000e+01   05.20667000e+01   03.51996000e+01  -03.45042000e-02
  06.41659000e+01   05.59958000e+01   03.69712000e+01  -02.04376000e-01
  06.80178000e+01   05.74254000e+01   03.56329000e+01   07.60142000e-02
  07.38103000e+01   05.10955000e+01   03.57858000e+01   05.08730000e-03
  07.10253000e+01   05.56424000e+01   03.11417000e+01   06.92200000e-04
  07.42138000e+01   05.40793000e+01   03.85711000e+01   00.00000000e+00
  06.99302000e+01   05.22877000e+01   03.35000000e+01   07.64245000e-02
  06.40461000e+01   05.12888000e+01   03.56400000e+01  -04.66821000e-02
  06.37199000e+01   05.71916000e+01   03.76541000e+01   01.65461000e-02
  06.92675000e+01   05.80745000e+01   03.51831000e+01   05.49912000e-02
  07.31630000e+01   05.29133000e+01   03.67748000e+01   03.30200000e-04
  07.22552000e+01   05.39538000e+01   03.20317000e+01   04.02810000e-03
  07.39207000e+01   05.36566000e+01   03.97754000e+01   00.00000000e+00
  06.87654000e+01   05.11672000e+01   03.36233000e+01  -04.69336000e-02
  06.32928000e+01   05.21225000e+01   03.64364000e+01  -07.68710000e-03
  06.47382000e+01   05.81214000e+01   03.74106000e+01  -03.37389000e-02
  06.99960000e+01   05.70409000e+01   03.45976000e+01   03.64969000e-02
  07.24704000e+01   05.33826000e+01   04.01551000e+01   00.00000000e+00
  06.76003000e+01   05.20314000e+01   03.41226000e+01  -09.58259000e-02
  06.39245000e+01   05.34776000e+01   03.63666000e+01  -01.77941000e-01
  06.57294000e+01   05.75095000e+01   03.66887000e+01   06.74294000e-02
  06.91404000e+01   05.58831000e+01   03.45604000e+01   01.44326000e-01
  07.50102000e+01   05.33119000e+01   04.07958000e+01   00.00000000e+00
  07.64642000e+01   05.37596000e+01   04.04937000e+01   00.00000000e+00
  07.65837000e+01   05.53024000e+01   04.06773000e+01   00.00000000e+00
  07.78175000e+01   05.60653000e+01   04.02884000e+01   00.00000000e+00
  07.83947000e+01   05.55881000e+01   03.90269000e+01   00.00000000e+00
  07.89195000e+01   05.59739000e+01   04.14145000e+01   00.00000000e+00
  07.85861000e+01   05.68086000e+01   04.26636000e+01   00.00000000e+00
  07.98521000e+01   05.69142000e+01   04.35514000e+01   00.00000000e+00
  07.95908000e+01   05.72453000e+01   04.51033000e+01   00.00000000e+00
  07.90714000e+01   05.87253000e+01   04.50956000e+01   00.00000000e+00
  08.08260000e+01   05.71730000e+01   04.60126000e+01   00.00000000e+00
  08.06386000e+01   05.74671000e+01   04.74998000e+01   00.00000000e+00
  07.96265000e+01   05.64686000e+01   04.81153000e+01   00.00000000e+00
  07.96808000e+01   05.62441000e+01   04.96369000e+01   00.00000000e+00
  07.92796000e+01   05.74751000e+01   05.04907000e+01   00.00000000e+00
  07.87721000e+01   05.50669000e+01   05.00622000e+01   00.00000000e+00
  06.53417000e+01   05.62272000e+01   03.63467000e+01   03.65717000e-02
  06.65953000e+01   05.47149000e+01   03.53383000e+01  -06.37550000e-03
  06.93995000e+01   06.01880000e+01   03.48772000e+01   01.79582000e-02
  06.94601000e+01   05.97368000e+01   03.66225000e+01   01.23366000e-02
  07.07968000e+01   05.93520000e+01   03.53324000e+01   01.80857000e-02
  06.17469000e+01   05.66879000e+01   03.80745000e+01  -03.55350000e-03
  06.27161000e+01   05.68780000e+01   03.95275000e+01  -05.48890000e-03
  06.23073000e+01   05.83673000e+01   03.87516000e+01  -05.73590000e-03
  06.47652000e+01   04.92592000e+01   03.49596000e+01  -01.16015000e-02
  06.32416000e+01   04.94887000e+01   03.60715000e+01  -01.03548000e-02
  06.32640000e+01   04.99854000e+01   03.43806000e+01  -01.10806000e-02
  06.95275000e+01   04.99674000e+01   03.20015000e+01  -06.50300000e-03
  06.77944000e+01   04.97038000e+01   03.25237000e+01  -03.84930000e-03
  06.81104000e+01   05.10909000e+01   03.16008000e+01  -06.75510000e-03
  07.18573000e+01   05.29584000e+01   03.02912000e+01   06.96000000e-05
  07.30076000e+01   05.42580000e+01   03.01225000e+01  -02.56130000e-03
  07.35196000e+01   05.27234000e+01   03.09617000e+01  -08.86000000e-04
  06.48359000e+01   05.91034000e+01   03.99746000e+01   02.66600000e-04
  06.63724000e+01   05.95481000e+01   03.91332000e+01   02.07780000e-03
  06.53046000e+01   06.08198000e+01   03.94623000e+01   03.44650000e-03
  06.10972000e+01   05.19531000e+01   03.90942000e+01   02.98050000e-03
  06.28405000e+01   05.27977000e+01   03.90666000e+01  -05.01900000e-04
  07.07092000e+01   05.23743000e+01   03.61129000e+01  -05.40000000e-06
  07.12079000e+01   05.06080000e+01   03.58774000e+01  -02.73660000e-03
  06.52347000e+01   06.02253000e+01   03.70757000e+01   06.65000000e-04
  06.36357000e+01   05.99482000e+01   03.79409000e+01  -04.07950000e-03
  07.15222000e+01   05.09653000e+01   03.34933000e+01   01.58140000e-02
  07.21306000e+01   05.24415000e+01   03.37253000e+01   09.11190000e-03
  07.91663000e+01   05.41898000e+01   04.95701000e+01   00.00000000e+00
  07.87983000e+01   05.49446000e+01   05.11331000e+01   00.00000000e+00
  07.77267000e+01   05.52674000e+01   04.97621000e+01   00.00000000e+00
  07.82641000e+01   05.77893000e+01   05.02132000e+01   00.00000000e+00
  07.93749000e+01   05.72787000e+01   05.15728000e+01   00.00000000e+00
  07.99220000e+01   05.82434000e+01   05.01963000e+01   00.00000000e+00
  07.86762000e+01   05.66886000e+01   04.78041000e+01   00.00000000e+00
  07.97608000e+01   05.54703000e+01   04.77493000e+01   00.00000000e+00
  08.16346000e+01   05.72310000e+01   04.79271000e+01   00.00000000e+00
  08.03784000e+01   05.85090000e+01   04.76601000e+01   00.00000000e+00
  08.12562000e+01   05.62301000e+01   04.58862000e+01   00.00000000e+00
  08.15732000e+01   05.78482000e+01   04.55998000e+01   00.00000000e+00
  07.90673000e+01   05.91264000e+01   04.61124000e+01   00.00000000e+00
  07.97911000e+01   05.92693000e+01   04.45143000e+01   00.00000000e+00
  07.81189000e+01   05.88209000e+01   04.46647000e+01   00.00000000e+00
  08.04522000e+01   05.60039000e+01   04.35717000e+01   00.00000000e+00
  08.06165000e+01   05.76375000e+01   04.32401000e+01   00.00000000e+00
  07.81550000e+01   05.77845000e+01   04.23951000e+01   00.00000000e+00
  07.78089000e+01   05.62261000e+01   04.32453000e+01   00.00000000e+00
  07.92046000e+01   05.49351000e+01   04.16982000e+01   00.00000000e+00
  07.97836000e+01   05.64627000e+01   04.09656000e+01   00.00000000e+00
  06.72515000e+01   05.89921000e+01   03.67504000e+01   07.20400000e-04
  06.25159000e+01   05.46434000e+01   03.74134000e+01  -02.39543000e-02
  06.59429000e+01   05.05278000e+01   03.39917000e+01   04.89340000e-03
  07.19338000e+01   05.47749000e+01   03.41937000e+01  -02.28199000e-02
  06.12827000e+01   05.12682000e+01   03.68253000e+01  -01.51750000e-03
  07.85886000e+01   05.45306000e+01   03.90247000e+01   00.00000000e+00
  07.77552000e+01   05.57509000e+01   03.81613000e+01   00.00000000e+00
  07.93159000e+01   05.61294000e+01   03.88776000e+01   00.00000000e+00
  07.74162000e+01   05.71483000e+01   04.02479000e+01   00.00000000e+00
  07.57715000e+01   05.56973000e+01   04.00536000e+01   00.00000000e+00
  07.63282000e+01   05.56205000e+01   04.17241000e+01   00.00000000e+00
  07.71722000e+01   05.33078000e+01   04.12088000e+01   00.00000000e+00
  07.67974000e+01   05.34058000e+01   03.95212000e+01   00.00000000e+00
  07.46593000e+01   05.38620000e+01   04.16513000e+01   00.00000000e+00
  07.49624000e+01   05.22433000e+01   04.10240000e+01   00.00000000e+00
  07.23840000e+01   05.23179000e+01   04.01093000e+01   00.00000000e+00
  07.22485000e+01   05.37633000e+01   04.11752000e+01   00.00000000e+00
  07.18544000e+01   05.39775000e+01   03.94852000e+01   00.00000000e+00
  06.90129000e+01   05.04283000e+01   03.44678000e+01   05.57290000e-03
  07.01275000e+01   05.25008000e+01   03.24191000e+01  -01.28866000e-02
  07.43260000e+01   05.51122000e+01   03.83454000e+01   00.00000000e+00
  08.07199000e+01   05.59367000e+01   04.98452000e+01   00.00000000e+00
  07.88215000e+01   05.65304000e+01   04.54555000e+01   00.00000000e+00
  07.49255000e+01   05.22041000e+01   03.77276000e+01  -01.99830000e-03
  07.51262000e+01   05.36704000e+01   03.67555000e+01  -01.85290000e-03
