  06.85077000e+01   05.09935000e+01   03.37999000e+01  -06.11779000e-02
  05.95579000e+01   05.03106000e+01   03.62642000e+01   01.75852000e-02
  06.16372000e+01   05.79723000e+01   03.82037000e+01   01.01800000e-02
  06.84203000e+01   05.60585000e+01   03.40380000e+01  -01.32723000e-02
  06.53709000e+01   05.23837000e+01   03.37484000e+01  -04.57645000e-02
  06.93061000e+01   04.97707000e+01   03.31801000e+01   02.46758000e-02
  05.85400000e+01   04.95599000e+01   03.59468000e+01  -01.71993000e-02
  06.26113000e+01   05.83729000e+01   03.92920000e+01  -09.39340000e-03
  06.84808000e+01   05.45937000e+01   03.34839000e+01   07.66074000e-02
  06.26830000e+01   05.19848000e+01   03.50213000e+01   09.44338000e-02
  06.94030000e+01   05.68130000e+01   03.40431000e+01   01.54319000e-02
  07.04462000e+01   04.92800000e+01   03.41595000e+01  -01.56515000e-02
  06.89399000e+01   05.44204000e+01   03.20387000e+01  -02.00050000e-02
  06.51303000e+01   05.51731000e+01   03.47429000e+01  -08.09918000e-02
  07.00385000e+01   05.30122000e+01   03.04391000e+01   04.03650000e-03
  06.71103000e+01   05.40492000e+01   03.36790000e+01  -01.43447000e-01
  06.39208000e+01   05.04094000e+01   03.35410000e+01   01.23287000e-02
  06.09134000e+01   05.30705000e+01   03.64478000e+01   02.21683000e-01
  06.40806000e+01   05.68139000e+01   03.61776000e+01  -05.42921000e-02
  06.61591000e+01   05.02635000e+01   03.10465000e+01   02.66866000e-02
  06.16423000e+01   04.84833000e+01   03.43498000e+01   04.35609000e-02
  05.96254000e+01   05.53769000e+01   03.82698000e+01   02.36507000e-02
  06.65578000e+01   05.85488000e+01   03.55293000e+01  -06.09964000e-02
  07.20728000e+01   05.01778000e+01   03.57731000e+01   08.71130000e-03
  06.65988000e+01   05.27526000e+01   03.33750000e+01   01.26858000e-01
  06.28475000e+01   05.07690000e+01   03.43589000e+01  -03.45042000e-02
  06.14430000e+01   05.43976000e+01   03.66913000e+01  -02.04376000e-01
  06.50937000e+01   05.64422000e+01   03.52998000e+01   07.60142000e-02
  07.11064000e+01   04.82636000e+01   03.40667000e+01   05.08730000e-03
  06.84919000e+01   05.51049000e+01   03.11477000e+01   06.92200000e-04
  07.19452000e+01   05.10488000e+01   03.69760000e+01   00.00000000e+00
  06.74294000e+01   05.15416000e+01   03.28308000e+01   07.64245000e-02
  06.17391000e+01   04.99094000e+01   03.47844000e+01  -04.66821000e-02
  06.08735000e+01   05.54237000e+01   03.75077000e+01   01.65461000e-02
  06.62502000e+01   05.72349000e+01   03.49989000e+01   05.49912000e-02
  07.07518000e+01   05.02535000e+01   03.51184000e+01   03.30200000e-04
  06.97630000e+01   05.33882000e+01   03.18523000e+01   04.02810000e-03
  07.12352000e+01   05.07629000e+01   03.80960000e+01   00.00000000e+00
  06.63298000e+01   05.04798000e+01   03.25033000e+01  -04.69336000e-02
  06.08158000e+01   05.07377000e+01   03.55344000e+01  -07.68710000e-03
  06.18105000e+01   05.65701000e+01   03.74865000e+01  -03.37389000e-02
  06.70893000e+01   05.62930000e+01   03.44254000e+01   03.64969000e-02
  06.97793000e+01   05.11059000e+01   03.80965000e+01   00.00000000e+00
  06.50829000e+01   05.11211000e+01   03.32573000e+01  -09.58259000e-02
  06.14834000e+01   05.20308000e+01   03.56674000e+01  -01.77941000e-01
  06.28893000e+01   05.61061000e+01   03.65948000e+01   06.74294000e-02
  06.63818000e+01   05.50926000e+01   03.42634000e+01   01.44326000e-01
  07.18184000e+01   05.00522000e+01   03.93325000e+01   00.00000000e+00
  07.22766000e+01   05.09498000e+01   04.04262000e+01   00.00000000e+00
  07.24837000e+01   05.03896000e+01   04.18062000e+01   00.00000000e+00
  07.28015000e+01   05.14846000e+01   04.28350000e+01   00.00000000e+00
  07.41970000e+01   05.21464000e+01   04.26752000e+01   00.00000000e+00
  07.26898000e+01   05.09326000e+01   04.42591000e+01   00.00000000e+00
  07.26325000e+01   05.21306000e+01   04.52877000e+01   00.00000000e+00
  07.13275000e+01   05.28975000e+01   04.52865000e+01   00.00000000e+00
  07.11841000e+01   05.39933000e+01   04.64320000e+01   00.00000000e+00
  07.00765000e+01   05.50187000e+01   04.62465000e+01   00.00000000e+00
  07.24354000e+01   05.47741000e+01   04.68028000e+01   00.00000000e+00
  07.30251000e+01   05.57430000e+01   04.57580000e+01   00.00000000e+00
  07.44602000e+01   05.62162000e+01   04.62630000e+01   00.00000000e+00
  07.53216000e+01   05.71950000e+01   04.53570000e+01   00.00000000e+00
  07.67828000e+01   05.72621000e+01   04.60349000e+01   00.00000000e+00
  07.54321000e+01   05.66245000e+01   04.39412000e+01   00.00000000e+00
  06.26582000e+01   05.47974000e+01   03.60975000e+01   03.65717000e-02
  06.38879000e+01   05.35672000e+01   03.49173000e+01  -06.37550000e-03
  06.62369000e+01   05.85189000e+01   03.65996000e+01   01.79582000e-02
  06.76276000e+01   05.87167000e+01   03.55688000e+01   01.23366000e-02
  06.59618000e+01   05.92705000e+01   03.49958000e+01   01.80857000e-02
  05.99543000e+01   05.51628000e+01   03.93297000e+01  -03.55350000e-03
  05.91737000e+01   05.64122000e+01   03.83182000e+01  -05.48890000e-03
  05.90203000e+01   05.46294000e+01   03.77525000e+01  -05.73590000e-03
  06.06473000e+01   04.81319000e+01   03.45164000e+01  -01.16015000e-02
  06.19232000e+01   04.83555000e+01   03.32746000e+01  -01.03548000e-02
  06.22547000e+01   04.78157000e+01   03.49443000e+01  -01.10806000e-02
  06.62372000e+01   05.11427000e+01   03.04657000e+01  -06.50300000e-03
  06.70346000e+01   04.97209000e+01   03.07301000e+01  -03.84930000e-03
  06.52665000e+01   04.96362000e+01   03.08281000e+01  -06.75510000e-03
  07.08015000e+01   05.22435000e+01   03.03627000e+01   06.96000000e-05
  06.91954000e+01   05.25591000e+01   02.99390000e+01  -02.56130000e-03
  07.03786000e+01   05.38417000e+01   02.98886000e+01  -08.86000000e-04
  06.21137000e+01   05.91924000e+01   03.98097000e+01   02.66600000e-04
  06.28253000e+01   05.76144000e+01   04.00820000e+01   02.07780000e-03
  06.36010000e+01   05.86050000e+01   03.89135000e+01   03.44650000e-03
  05.75721000e+01   04.96183000e+01   03.64690000e+01   02.98050000e-03
  05.85484000e+01   04.90491000e+01   03.49732000e+01  -05.01900000e-04
  06.86991000e+01   04.89581000e+01   03.29139000e+01  -05.40000000e-06
  06.97778000e+01   05.00734000e+01   03.22619000e+01  -02.73660000e-03
  06.17382000e+01   05.88115000e+01   03.75313000e+01   06.65000000e-04
  06.07120000e+01   05.80405000e+01   03.86749000e+01  -04.07950000e-03
  06.93511000e+01   05.16921000e+01   03.39793000e+01   01.58140000e-02
  06.80554000e+01   05.06804000e+01   03.47612000e+01   09.11190000e-03
  07.57572000e+01   05.56038000e+01   04.39956000e+01   00.00000000e+00
  07.45042000e+01   05.67539000e+01   04.33655000e+01   00.00000000e+00
  07.62685000e+01   05.70238000e+01   04.33758000e+01   00.00000000e+00
  07.74348000e+01   05.79866000e+01   04.55832000e+01   00.00000000e+00
  07.66005000e+01   05.75972000e+01   04.70608000e+01   00.00000000e+00
  07.71782000e+01   05.62482000e+01   04.60067000e+01   00.00000000e+00
  07.42967000e+01   05.67196000e+01   04.72563000e+01   00.00000000e+00
  07.50415000e+01   05.52391000e+01   04.65106000e+01   00.00000000e+00
  07.31938000e+01   05.52769000e+01   04.47454000e+01   00.00000000e+00
  07.23732000e+01   05.66115000e+01   04.57237000e+01   00.00000000e+00
  07.23011000e+01   05.52765000e+01   04.78038000e+01   00.00000000e+00
  07.33355000e+01   05.40559000e+01   04.70498000e+01   00.00000000e+00
  07.02565000e+01   05.56391000e+01   04.54172000e+01   00.00000000e+00
  06.91943000e+01   05.44574000e+01   04.60609000e+01   00.00000000e+00
  06.99227000e+01   05.56309000e+01   04.70889000e+01   00.00000000e+00
  07.11332000e+01   05.32624000e+01   04.42862000e+01   00.00000000e+00
  07.04378000e+01   05.22081000e+01   04.54447000e+01   00.00000000e+00
  07.25899000e+01   05.16217000e+01   04.62866000e+01   00.00000000e+00
  07.34934000e+01   05.27958000e+01   04.51546000e+01   00.00000000e+00
  07.17942000e+01   05.03915000e+01   04.43233000e+01   00.00000000e+00
  07.35254000e+01   05.02361000e+01   04.43690000e+01   00.00000000e+00
  06.40161000e+01   05.78087000e+01   03.66553000e+01   07.20400000e-04
  05.98935000e+01   05.29112000e+01   03.68321000e+01  -02.39543000e-02
  06.38976000e+01   04.93465000e+01   03.32282000e+01   04.89340000e-03
  06.91656000e+01   05.41041000e+01   03.41530000e+01  -02.28199000e-02
  05.93615000e+01   05.08978000e+01   03.71387000e+01  -01.51750000e-03
  07.41447000e+01   05.25126000e+01   04.16482000e+01   00.00000000e+00
  07.43281000e+01   05.30087000e+01   04.33233000e+01   00.00000000e+00
  07.50450000e+01   05.14135000e+01   04.28508000e+01   00.00000000e+00
  07.20261000e+01   05.22845000e+01   04.26993000e+01   00.00000000e+00
  07.16097000e+01   04.98888000e+01   04.21223000e+01   00.00000000e+00
  07.33119000e+01   04.97027000e+01   04.16547000e+01   00.00000000e+00
  07.31769000e+01   05.15131000e+01   04.01236000e+01   00.00000000e+00
  07.15613000e+01   05.17353000e+01   04.04908000e+01   00.00000000e+00
  07.09775000e+01   04.94946000e+01   03.97593000e+01   00.00000000e+00
  07.25981000e+01   04.94227000e+01   03.89243000e+01   00.00000000e+00
  06.91521000e+01   05.02326000e+01   03.81350000e+01   00.00000000e+00
  06.96826000e+01   05.17041000e+01   03.89619000e+01   00.00000000e+00
  06.96151000e+01   05.16991000e+01   03.71729000e+01   00.00000000e+00
  06.65988000e+01   04.94910000e+01   03.28691000e+01   05.57290000e-03
  06.79364000e+01   05.17119000e+01   03.18403000e+01  -01.28866000e-02
  07.23329000e+01   05.20927000e+01   03.69775000e+01   00.00000000e+00
  07.48855000e+01   05.81530000e+01   04.53106000e+01   00.00000000e+00
  07.09977000e+01   05.34208000e+01   04.73501000e+01   00.00000000e+00
  07.23352000e+01   04.91364000e+01   03.60773000e+01  -01.99830000e-03
  07.27649000e+01   05.05368000e+01   03.50499000e+01  -01.85290000e-03
