  06.98477000e+01   05.19911000e+01   03.33993000e+01  -06.11779000e-02
  06.04989000e+01   05.19935000e+01   03.56112000e+01   01.75852000e-02
  06.30912000e+01   05.93060000e+01   03.73887000e+01   01.01800000e-02
  07.00141000e+01   05.70579000e+01   03.34057000e+01  -01.32723000e-02
  06.66714000e+01   05.34675000e+01   03.35535000e+01  -04.57645000e-02
  07.06207000e+01   05.08251000e+01   03.27368000e+01   02.46758000e-02
  05.95543000e+01   05.11346000e+01   03.51050000e+01  -01.71993000e-02
  06.39637000e+01   05.94178000e+01   03.86038000e+01  -09.39340000e-03
  06.98767000e+01   05.55798000e+01   03.29443000e+01   07.66074000e-02
  06.39370000e+01   05.31658000e+01   03.48574000e+01   09.44338000e-02
  07.10737000e+01   05.76971000e+01   03.34692000e+01   01.54319000e-02
  07.19103000e+01   05.03894000e+01   03.33057000e+01  -01.56515000e-02
  07.01526000e+01   05.54698000e+01   03.14452000e+01  -02.00050000e-02
  06.66459000e+01   05.63669000e+01   03.43696000e+01  -08.09918000e-02
  07.12767000e+01   05.40526000e+01   02.98777000e+01   04.03650000e-03
  06.84767000e+01   05.50783000e+01   03.32809000e+01  -01.43447000e-01
  06.51546000e+01   05.14708000e+01   03.34285000e+01   01.23287000e-02
  06.23166000e+01   05.44903000e+01   03.61352000e+01   02.21683000e-01
  06.56311000e+01   05.80983000e+01   03.57191000e+01  -05.42921000e-02
  06.69780000e+01   05.10875000e+01   03.09547000e+01   02.66866000e-02
  06.25190000e+01   04.98670000e+01   03.38380000e+01   04.35609000e-02
  06.08383000e+01   05.69480000e+01   03.74139000e+01   02.36507000e-02
  06.83456000e+01   05.96771000e+01   03.49855000e+01  -06.09964000e-02
  07.28246000e+01   04.94086000e+01   03.53025000e+01   08.71130000e-03
  06.79128000e+01   05.37768000e+01   03.31011000e+01   01.26858000e-01
  06.40587000e+01   05.19074000e+01   03.42044000e+01  -03.45042000e-02
  06.29336000e+01   05.57714000e+01   03.62954000e+01  -02.04376000e-01
  06.67105000e+01   05.76740000e+01   03.49322000e+01   07.60142000e-02
  07.30111000e+01   05.05972000e+01   03.28396000e+01   05.08730000e-03
  06.96667000e+01   05.61824000e+01   03.05802000e+01   06.92200000e-04
  07.34405000e+01   05.04627000e+01   03.62117000e+01   00.00000000e+00
  06.86162000e+01   05.24581000e+01   03.24732000e+01   07.64245000e-02
  06.27853000e+01   05.12295000e+01   03.44521000e+01  -04.66821000e-02
  06.22401000e+01   05.69241000e+01   03.68124000e+01   01.65461000e-02
  06.79296000e+01   05.83115000e+01   03.45192000e+01   05.49912000e-02
  07.16357000e+01   04.97973000e+01   03.45161000e+01   03.30200000e-04
  07.08693000e+01   05.43545000e+01   03.12299000e+01   04.02810000e-03
  07.33214000e+01   05.17875000e+01   03.60580000e+01   00.00000000e+00
  06.74426000e+01   05.15081000e+01   03.24277000e+01  -04.69336000e-02
  06.19521000e+01   05.21274000e+01   03.52438000e+01  -07.68710000e-03
  06.32730000e+01   05.79300000e+01   03.67976000e+01  -03.37389000e-02
  06.87429000e+01   05.73014000e+01   03.39462000e+01   03.64969000e-02
  07.42441000e+01   05.26433000e+01   03.53018000e+01   00.00000000e+00
  06.63739000e+01   05.21943000e+01   03.32279000e+01  -09.58259000e-02
  06.27396000e+01   05.33361000e+01   03.54362000e+01  -01.77941000e-01
  06.44293000e+01   05.73961000e+01   03.60581000e+01   06.74294000e-02
  06.79085000e+01   05.61718000e+01   03.38289000e+01   01.44326000e-01
  07.21499000e+01   05.24649000e+01   03.67805000e+01   00.00000000e+00
  07.23452000e+01   05.31806000e+01   03.81464000e+01   00.00000000e+00
  07.31443000e+01   05.22553000e+01   03.90832000e+01   00.00000000e+00
  07.34567000e+01   05.27323000e+01   04.04837000e+01   00.00000000e+00
  07.44643000e+01   05.39435000e+01   04.03648000e+01   00.00000000e+00
  07.40352000e+01   05.17132000e+01   04.14412000e+01   00.00000000e+00
  07.45073000e+01   05.21796000e+01   04.28795000e+01   00.00000000e+00
  07.34375000e+01   05.29741000e+01   04.36087000e+01   00.00000000e+00
  07.36768000e+01   05.33853000e+01   04.49986000e+01   00.00000000e+00
  07.24491000e+01   05.39340000e+01   04.57484000e+01   00.00000000e+00
  07.48779000e+01   05.43122000e+01   04.51295000e+01   00.00000000e+00
  07.46909000e+01   05.56746000e+01   04.44167000e+01   00.00000000e+00
  07.56921000e+01   05.68305000e+01   04.46987000e+01   00.00000000e+00
  07.72203000e+01   05.65577000e+01   04.43924000e+01   00.00000000e+00
  07.74149000e+01   05.60730000e+01   04.29024000e+01   00.00000000e+00
  07.80230000e+01   05.78282000e+01   04.46549000e+01   00.00000000e+00
  06.41105000e+01   05.61202000e+01   03.56946000e+01   03.65717000e-02
  06.53347000e+01   05.47596000e+01   03.46982000e+01  -06.37550000e-03
  06.82430000e+01   06.04505000e+01   03.42485000e+01   01.79582000e-02
  06.77729000e+01   05.98611000e+01   03.58769000e+01   01.23366000e-02
  06.94038000e+01   05.95480000e+01   03.52081000e+01   01.80857000e-02
  06.07799000e+01   05.65852000e+01   03.84565000e+01  -03.55350000e-03
  06.04036000e+01   05.80124000e+01   03.73212000e+01  -05.48890000e-03
  06.02115000e+01   05.63433000e+01   03.68634000e+01  -05.73590000e-03
  06.30277000e+01   04.96117000e+01   03.29664000e+01  -01.16015000e-02
  06.28265000e+01   04.91256000e+01   03.46183000e+01  -01.03548000e-02
  06.14585000e+01   04.98607000e+01   03.37038000e+01  -01.10806000e-02
  06.60486000e+01   05.06165000e+01   03.09997000e+01  -06.50300000e-03
  06.68810000e+01   05.20482000e+01   03.03922000e+01  -03.84930000e-03
  06.76729000e+01   05.03330000e+01   03.05834000e+01  -06.75510000e-03
  07.21584000e+01   05.34652000e+01   02.98265000e+01   06.96000000e-05
  07.05691000e+01   05.33985000e+01   02.94039000e+01  -02.56130000e-03
  07.13310000e+01   05.49277000e+01   02.92338000e+01  -08.86000000e-04
  06.36762000e+01   05.89158000e+01   03.94839000e+01   02.66600000e-04
  06.50183000e+01   05.91832000e+01   03.84196000e+01   02.07780000e-03
  06.39018000e+01   06.04694000e+01   03.89925000e+01   03.44650000e-03
  05.85092000e+01   05.10827000e+01   03.55108000e+01   02.98050000e-03
  05.96774000e+01   05.05108000e+01   03.41765000e+01  -05.01900000e-04
  07.00554000e+01   04.99025000e+01   03.29790000e+01  -05.40000000e-06
  07.06532000e+01   05.09103000e+01   03.16523000e+01  -02.73660000e-03
  06.34349000e+01   06.00917000e+01   03.67682000e+01   06.65000000e-04
  06.20735000e+01   05.96053000e+01   03.76233000e+01  -04.07950000e-03
  07.06331000e+01   05.27597000e+01   03.34176000e+01   01.58140000e-02
  06.95273000e+01   05.17813000e+01   03.44167000e+01   09.11190000e-03
  07.77036000e+01   05.86770000e+01   04.40222000e+01   00.00000000e+00
  07.78464000e+01   05.80625000e+01   04.56555000e+01   00.00000000e+00
  07.90475000e+01   05.76248000e+01   04.43507000e+01   00.00000000e+00
  07.84508000e+01   05.59886000e+01   04.26779000e+01   00.00000000e+00
  07.70606000e+01   05.50728000e+01   04.26671000e+01   00.00000000e+00
  07.69457000e+01   05.67856000e+01   04.23180000e+01   00.00000000e+00
  07.55752000e+01   05.76932000e+01   04.40138000e+01   00.00000000e+00
  07.55625000e+01   05.71721000e+01   04.57189000e+01   00.00000000e+00
  07.46775000e+01   05.55134000e+01   04.33237000e+01   00.00000000e+00
  07.37630000e+01   05.61852000e+01   04.45535000e+01   00.00000000e+00
  07.51275000e+01   05.44096000e+01   04.61140000e+01   00.00000000e+00
  07.57052000e+01   05.39022000e+01   04.46080000e+01   00.00000000e+00
  07.28122000e+01   05.40640000e+01   04.67820000e+01   00.00000000e+00
  07.20853000e+01   05.48638000e+01   04.53575000e+01   00.00000000e+00
  07.16069000e+01   05.33097000e+01   04.57627000e+01   00.00000000e+00
  07.32211000e+01   05.38179000e+01   04.28772000e+01   00.00000000e+00
  07.26040000e+01   05.23336000e+01   04.35658000e+01   00.00000000e+00
  07.48463000e+01   05.12452000e+01   04.34445000e+01   00.00000000e+00
  07.53718000e+01   05.28582000e+01   04.26936000e+01   00.00000000e+00
  07.31063000e+01   05.11582000e+01   04.15816000e+01   00.00000000e+00
  07.46710000e+01   05.10475000e+01   04.09178000e+01   00.00000000e+00
  06.57822000e+01   05.90593000e+01   03.60762000e+01   07.20400000e-04
  06.14179000e+01   05.44167000e+01   03.66127000e+01  -02.39543000e-02
  06.51383000e+01   05.04750000e+01   03.29657000e+01   04.89340000e-03
  07.06719000e+01   05.50544000e+01   03.35362000e+01  -02.28199000e-02
  06.00746000e+01   05.27670000e+01   03.63251000e+01  -01.51750000e-03
  07.52283000e+01   05.37192000e+01   03.96756000e+01   00.00000000e+00
  07.39702000e+01   05.48374000e+01   03.99701000e+01   00.00000000e+00
  07.48862000e+01   05.43783000e+01   04.12599000e+01   00.00000000e+00
  07.25320000e+01   05.30259000e+01   04.09364000e+01   00.00000000e+00
  07.25284000e+01   05.13896000e+01   03.91690000e+01   00.00000000e+00
  07.40375000e+01   05.19989000e+01   03.85249000e+01   00.00000000e+00
  07.29441000e+01   05.40801000e+01   03.80325000e+01   00.00000000e+00
  07.14445000e+01   05.35787000e+01   03.86158000e+01   00.00000000e+00
  07.17630000e+01   05.30998000e+01   03.60438000e+01   00.00000000e+00
  07.13655000e+01   05.17034000e+01   03.68984000e+01   00.00000000e+00
  07.41113000e+01   05.37245000e+01   03.54635000e+01   00.00000000e+00
  07.52547000e+01   05.23487000e+01   03.58101000e+01   00.00000000e+00
  07.43126000e+01   05.24909000e+01   03.42204000e+01   00.00000000e+00
  06.77281000e+01   05.06274000e+01   03.29734000e+01   05.57290000e-03
  06.88778000e+01   05.27934000e+01   03.14755000e+01  -01.28866000e-02
  07.40676000e+01   05.01250000e+01   03.70089000e+01   00.00000000e+00
  07.75868000e+01   05.58449000e+01   04.51170000e+01   00.00000000e+00
  07.38982000e+01   05.25263000e+01   04.55871000e+01   00.00000000e+00
  07.26853000e+01   04.85491000e+01   03.59572000e+01  -01.99830000e-03
  07.36585000e+01   04.90701000e+01   03.46656000e+01  -01.85290000e-03
