  07.16068000e+01   05.15470000e+01   03.44423000e+01  -06.11779000e-02
  06.22250000e+01   05.13883000e+01   03.69598000e+01   01.75852000e-02
  06.46812000e+01   05.90995000e+01   03.81052000e+01   01.01800000e-02
  07.14454000e+01   05.65124000e+01   03.43837000e+01  -01.32723000e-02
  06.82190000e+01   05.29870000e+01   03.45966000e+01  -04.57645000e-02
  07.16288000e+01   05.12853000e+01   03.59573000e+01   02.46758000e-02
  06.18953000e+01   05.18133000e+01   03.81986000e+01  -01.71993000e-02
  06.56824000e+01   05.93458000e+01   03.92414000e+01  -09.39340000e-03
  07.14967000e+01   05.49979000e+01   03.40350000e+01   07.66074000e-02
  06.54885000e+01   05.28583000e+01   03.57806000e+01   09.44338000e-02
  07.23608000e+01   05.72908000e+01   03.41739000e+01   01.54319000e-02
  07.30107000e+01   05.12432000e+01   03.65745000e+01  -01.56515000e-02
  07.18938000e+01   05.48621000e+01   03.25967000e+01  -02.00050000e-02
  06.81660000e+01   05.57736000e+01   03.53224000e+01  -08.09918000e-02
  07.32899000e+01   05.36262000e+01   03.10976000e+01   04.03650000e-03
  07.01236000e+01   05.44863000e+01   03.44248000e+01  -01.43447000e-01
  06.65630000e+01   05.11918000e+01   03.43765000e+01   01.23287000e-02
  06.38264000e+01   05.41902000e+01   03.70089000e+01   02.21683000e-01
  06.69745000e+01   05.77697000e+01   03.63471000e+01  -05.42921000e-02
  06.89334000e+01   05.01119000e+01   03.24289000e+01   02.66866000e-02
  06.39881000e+01   04.95698000e+01   03.50355000e+01   04.35609000e-02
  06.25881000e+01   05.65103000e+01   03.86515000e+01   02.36507000e-02
  06.98291000e+01   05.92457000e+01   03.56265000e+01  -06.09964000e-02
  07.46652000e+01   05.24672000e+01   03.77287000e+01   08.71130000e-03
  06.95610000e+01   05.31744000e+01   03.43223000e+01   01.26858000e-01
  06.55378000e+01   05.16478000e+01   03.51770000e+01  -03.45042000e-02
  06.43920000e+01   05.54397000e+01   03.70537000e+01  -02.04376000e-01
  06.81020000e+01   05.72145000e+01   03.57385000e+01   07.60142000e-02
  07.36505000e+01   05.02195000e+01   03.66192000e+01   05.08730000e-03
  07.15499000e+01   05.56484000e+01   03.17056000e+01   06.92200000e-04
  07.45311000e+01   05.34424000e+01   03.88140000e+01   00.00000000e+00
  07.01956000e+01   05.19128000e+01   03.37093000e+01   07.64245000e-02
  06.43185000e+01   05.08886000e+01   03.54654000e+01  -04.66821000e-02
  06.38838000e+01   05.65825000e+01   03.78163000e+01   01.65461000e-02
  06.94106000e+01   05.77661000e+01   03.54692000e+01   05.49912000e-02
  07.33662000e+01   05.24175000e+01   03.71374000e+01   03.30200000e-04
  07.28109000e+01   05.38990000e+01   03.24377000e+01   04.02810000e-03
  07.44123000e+01   05.32501000e+01   04.01047000e+01   00.00000000e+00
  06.90987000e+01   05.08710000e+01   03.37486000e+01  -04.69336000e-02
  06.34844000e+01   05.17391000e+01   03.62544000e+01  -07.68710000e-03
  06.47620000e+01   05.76689000e+01   03.76051000e+01  -03.37389000e-02
  07.01606000e+01   05.67766000e+01   03.48551000e+01   03.64969000e-02
  07.30308000e+01   05.32635000e+01   04.07676000e+01   00.00000000e+00
  06.78251000e+01   05.17249000e+01   03.41850000e+01  -09.58259000e-02
  06.42639000e+01   05.30255000e+01   03.63540000e+01  -01.77941000e-01
  06.58310000e+01   05.70589000e+01   03.67522000e+01   06.74294000e-02
  06.94080000e+01   05.56102000e+01   03.48999000e+01   01.44326000e-01
  07.56038000e+01   05.30695000e+01   04.10610000e+01   00.00000000e+00
  07.68816000e+01   05.37987000e+01   04.06787000e+01   00.00000000e+00
  07.67612000e+01   05.52669000e+01   04.07780000e+01   00.00000000e+00
  07.80772000e+01   05.60899000e+01   04.08018000e+01   00.00000000e+00
  07.88805000e+01   05.58803000e+01   03.95259000e+01   00.00000000e+00
  07.90175000e+01   05.58584000e+01   04.19551000e+01   00.00000000e+00
  07.84204000e+01   05.61436000e+01   04.33394000e+01   00.00000000e+00
  07.96415000e+01   05.62980000e+01   04.42738000e+01   00.00000000e+00
  07.93036000e+01   05.68780000e+01   04.57138000e+01   00.00000000e+00
  07.87314000e+01   05.83449000e+01   04.56340000e+01   00.00000000e+00
  08.05863000e+01   05.68648000e+01   04.65624000e+01   00.00000000e+00
  08.04847000e+01   05.73651000e+01   04.79612000e+01   00.00000000e+00
  07.96575000e+01   05.64014000e+01   04.88201000e+01   00.00000000e+00
  07.99395000e+01   05.66116000e+01   05.03262000e+01   00.00000000e+00
  07.97820000e+01   05.81085000e+01   05.08041000e+01   00.00000000e+00
  07.90691000e+01   05.56959000e+01   05.12751000e+01   00.00000000e+00
  06.55565000e+01   05.57382000e+01   03.64801000e+01   03.65717000e-02
  06.69079000e+01   05.43134000e+01   03.55744000e+01  -06.37550000e-03
  06.90228000e+01   06.00017000e+01   03.58261000e+01   01.79582000e-02
  07.07159000e+01   05.92078000e+01   03.62562000e+01   01.23366000e-02
  07.01017000e+01   05.95883000e+01   03.46443000e+01   01.80857000e-02
  06.16885000e+01   05.62597000e+01   03.80995000e+01  -03.55350000e-03
  06.27676000e+01   05.56502000e+01   03.93788000e+01  -05.48890000e-03
  06.24885000e+01   05.75030000e+01   03.91624000e+01  -05.73590000e-03
  06.35408000e+01   04.90569000e+01   03.58666000e+01  -01.16015000e-02
  06.31739000e+01   04.96508000e+01   03.44103000e+01  -01.03548000e-02
  06.47946000e+01   04.89844000e+01   03.45396000e+01  -01.10806000e-02
  06.98333000e+01   04.97422000e+01   03.20510000e+01  -06.50300000e-03
  06.82819000e+01   04.92623000e+01   03.25888000e+01  -03.84930000e-03
  06.84191000e+01   05.07490000e+01   03.16628000e+01  -06.75510000e-03
  07.25296000e+01   05.31525000e+01   03.05032000e+01   06.96000000e-05
  07.36268000e+01   05.46102000e+01   03.06069000e+01  -02.56130000e-03
  07.41181000e+01   05.29261000e+01   03.10540000e+01  -08.86000000e-04
  06.53948000e+01   06.02279000e+01   03.97945000e+01   02.66600000e-04
  06.58501000e+01   05.84832000e+01   03.98359000e+01   02.07780000e-03
  06.67429000e+01   05.95965000e+01   03.88267000e+01   03.44650000e-03
  06.09975000e+01   05.13469000e+01   03.86785000e+01   02.98050000e-03
  06.26034000e+01   05.24152000e+01   03.87850000e+01  -05.01900000e-04
  07.11327000e+01   05.21910000e+01   03.63482000e+01  -05.40000000e-06
  07.10038000e+01   05.04264000e+01   03.62253000e+01  -02.73660000e-03
  06.48181000e+01   05.96922000e+01   03.72350000e+01   06.65000000e-04
  06.37202000e+01   05.93121000e+01   03.85872000e+01  -04.07950000e-03
  07.20207000e+01   05.07073000e+01   03.39562000e+01   01.58140000e-02
  07.22820000e+01   05.23709000e+01   03.43624000e+01   09.11190000e-03
  07.80311000e+01   05.58826000e+01   05.12282000e+01   00.00000000e+00
  07.93077000e+01   05.46559000e+01   05.09230000e+01   00.00000000e+00
  07.93399000e+01   05.57815000e+01   05.23787000e+01   00.00000000e+00
  07.97959000e+01   05.81426000e+01   05.18672000e+01   00.00000000e+00
  08.06204000e+01   05.86867000e+01   05.05172000e+01   00.00000000e+00
  07.88969000e+01   05.85386000e+01   05.03248000e+01   00.00000000e+00
  07.86219000e+01   05.65769000e+01   04.86447000e+01   00.00000000e+00
  07.99004000e+01   05.53392000e+01   04.85928000e+01   00.00000000e+00
  08.15499000e+01   05.73903000e+01   04.83078000e+01   00.00000000e+00
  08.00732000e+01   05.83362000e+01   04.81477000e+01   00.00000000e+00
  08.09996000e+01   05.58310000e+01   04.66636000e+01   00.00000000e+00
  08.13509000e+01   05.75229000e+01   04.60533000e+01   00.00000000e+00
  07.95083000e+01   05.91373000e+01   04.54400000e+01   00.00000000e+00
  07.78852000e+01   05.84407000e+01   04.49838000e+01   00.00000000e+00
  07.83284000e+01   05.84053000e+01   04.66550000e+01   00.00000000e+00
  08.00547000e+01   05.52385000e+01   04.43369000e+01   00.00000000e+00
  08.03461000e+01   05.69955000e+01   04.38355000e+01   00.00000000e+00
  07.78797000e+01   05.71449000e+01   04.32770000e+01   00.00000000e+00
  07.77228000e+01   05.54385000e+01   04.37059000e+01   00.00000000e+00
  07.94034000e+01   05.47972000e+01   04.19328000e+01   00.00000000e+00
  07.98811000e+01   05.64510000e+01   04.18057000e+01   00.00000000e+00
  06.69603000e+01   05.88446000e+01   03.66422000e+01   07.20400000e-04
  06.29226000e+01   05.40542000e+01   03.75676000e+01  -02.39543000e-02
  06.63906000e+01   05.01986000e+01   03.38678000e+01   04.89340000e-03
  07.22384000e+01   05.45790000e+01   03.46188000e+01  -02.28199000e-02
  06.16328000e+01   05.06296000e+01   03.64229000e+01  -01.51750000e-03
  07.92427000e+01   05.48875000e+01   03.92612000e+01   00.00000000e+00
  07.81772000e+01   05.60232000e+01   03.86546000e+01   00.00000000e+00
  07.95402000e+01   05.66655000e+01   03.92058000e+01   00.00000000e+00
  07.78665000e+01   05.71880000e+01   04.08238000e+01   00.00000000e+00
  07.62769000e+01   05.56621000e+01   03.98290000e+01   00.00000000e+00
  07.60228000e+01   05.56057000e+01   04.15973000e+01   00.00000000e+00
  07.77104000e+01   05.35835000e+01   04.14078000e+01   00.00000000e+00
  07.73811000e+01   05.34628000e+01   03.98215000e+01   00.00000000e+00
  07.54401000e+01   05.32565000e+01   04.21604000e+01   00.00000000e+00
  07.57658000e+01   05.19570000e+01   04.07969000e+01   00.00000000e+00
  07.29613000e+01   05.22227000e+01   04.12732000e+01   00.00000000e+00
  07.30816000e+01   05.40532000e+01   04.15088000e+01   00.00000000e+00
  07.22163000e+01   05.34380000e+01   04.00902000e+01   00.00000000e+00
  06.92869000e+01   05.00489000e+01   03.44651000e+01   05.57290000e-03
  07.04540000e+01   05.21310000e+01   03.26502000e+01  -01.28866000e-02
  07.47898000e+01   05.44683000e+01   03.85048000e+01   00.00000000e+00
  08.09564000e+01   05.63332000e+01   05.05081000e+01   00.00000000e+00
  07.85315000e+01   05.62205000e+01   04.61029000e+01   00.00000000e+00
  07.49994000e+01   05.14926000e+01   03.81504000e+01  -01.99830000e-03
  07.53545000e+01   05.27601000e+01   03.69697000e+01  -01.85290000e-03
