  06.86499000e+01   05.05786000e+01   03.36151000e+01  -06.11779000e-02
  05.95790000e+01   05.08513000e+01   03.55427000e+01   01.75852000e-02
  06.24521000e+01   05.82429000e+01   03.74855000e+01   01.01800000e-02
  06.91534000e+01   05.57766000e+01   03.32866000e+01  -01.32723000e-02
  06.56434000e+01   05.23788000e+01   03.33721000e+01  -04.57645000e-02
  06.94559000e+01   04.94427000e+01   03.29696000e+01   02.46758000e-02
  05.90435000e+01   04.96425000e+01   03.58140000e+01  -01.71993000e-02
  06.37061000e+01   05.85579000e+01   03.83686000e+01  -09.39340000e-03
  06.90531000e+01   05.42083000e+01   03.30664000e+01   07.66074000e-02
  06.28970000e+01   05.22906000e+01   03.44495000e+01   09.44338000e-02
  07.01542000e+01   05.65004000e+01   03.30357000e+01   01.54319000e-02
  07.02995000e+01   04.86579000e+01   03.40175000e+01  -01.56515000e-02
  06.94690000e+01   05.38729000e+01   03.16222000e+01  -02.00050000e-02
  06.57407000e+01   05.52165000e+01   03.41404000e+01  -08.09918000e-02
  07.06365000e+01   05.23326000e+01   03.03096000e+01   04.03650000e-03
  06.75669000e+01   05.37421000e+01   03.33028000e+01  -01.43447000e-01
  06.39400000e+01   05.06367000e+01   03.31266000e+01   01.23287000e-02
  06.12833000e+01   05.34580000e+01   03.59064000e+01   02.21683000e-01
  06.47215000e+01   05.69192000e+01   03.55129000e+01  -05.42921000e-02
  06.62267000e+01   05.01266000e+01   03.08166000e+01   02.66866000e-02
  06.15246000e+01   04.89501000e+01   03.36426000e+01   04.35609000e-02
  06.03016000e+01   05.58121000e+01   03.78117000e+01   02.36507000e-02
  06.75858000e+01   05.85208000e+01   03.48476000e+01  -06.09964000e-02
  07.21526000e+01   04.88165000e+01   03.55488000e+01   08.71130000e-03
  06.69689000e+01   05.24867000e+01   03.32139000e+01   01.26858000e-01
  06.29258000e+01   05.11261000e+01   03.38654000e+01  -03.45042000e-02
  06.20514000e+01   05.46159000e+01   03.62034000e+01  -02.04376000e-01
  06.58223000e+01   05.64598000e+01   03.46961000e+01   07.60142000e-02
  07.02133000e+01   04.74412000e+01   03.42582000e+01   05.08730000e-03
  06.91820000e+01   05.45204000e+01   03.06452000e+01   06.92200000e-04
  07.31130000e+01   04.98785000e+01   03.59935000e+01   00.00000000e+00
  06.76058000e+01   05.12309000e+01   03.26405000e+01   07.64245000e-02
  06.17517000e+01   05.03314000e+01   03.42176000e+01  -04.66821000e-02
  06.15911000e+01   05.58073000e+01   03.70175000e+01   01.65461000e-02
  06.70966000e+01   05.71287000e+01   03.43860000e+01   05.49912000e-02
  07.11900000e+01   04.94490000e+01   03.46753000e+01   03.30200000e-04
  07.01806000e+01   05.26753000e+01   03.16522000e+01   04.02810000e-03
  07.27088000e+01   05.08301000e+01   03.68514000e+01   00.00000000e+00
  06.63899000e+01   05.03506000e+01   03.23499000e+01  -04.69336000e-02
  06.09240000e+01   05.11281000e+01   03.49614000e+01  -07.68710000e-03
  06.24804000e+01   05.68248000e+01   03.68450000e+01  -03.37389000e-02
  06.78804000e+01   05.60963000e+01   03.37871000e+01   03.64969000e-02
  07.23334000e+01   05.22833000e+01   03.65272000e+01   00.00000000e+00
  06.52544000e+01   05.11702000e+01   03.29802000e+01  -09.58259000e-02
  06.16937000e+01   05.24049000e+01   03.51357000e+01  -01.77941000e-01
  06.35401000e+01   05.63052000e+01   03.59357000e+01   06.74294000e-02
  06.69817000e+01   05.49338000e+01   03.37391000e+01   01.44326000e-01
  07.28388000e+01   05.05075000e+01   03.83658000e+01   00.00000000e+00
  07.42138000e+01   04.98338000e+01   03.88151000e+01   00.00000000e+00
  07.41382000e+01   04.95770000e+01   04.03308000e+01   00.00000000e+00
  07.42978000e+01   05.08219000e+01   04.13187000e+01   00.00000000e+00
  07.58331000e+01   05.12456000e+01   04.14381000e+01   00.00000000e+00
  07.37717000e+01   05.04844000e+01   04.28140000e+01   00.00000000e+00
  07.41144000e+01   05.15381000e+01   04.39200000e+01   00.00000000e+00
  07.32350000e+01   05.27545000e+01   04.36936000e+01   00.00000000e+00
  07.32541000e+01   05.37320000e+01   04.48769000e+01   00.00000000e+00
  07.21571000e+01   05.47831000e+01   04.46276000e+01   00.00000000e+00
  07.46490000e+01   05.44103000e+01   04.51343000e+01   00.00000000e+00
  07.53010000e+01   05.50082000e+01   04.39284000e+01   00.00000000e+00
  07.65558000e+01   05.58317000e+01   04.42316000e+01   00.00000000e+00
  07.69296000e+01   05.69486000e+01   04.32392000e+01   00.00000000e+00
  07.81012000e+01   05.77817000e+01   04.37723000e+01   00.00000000e+00
  07.73313000e+01   05.62775000e+01   04.18738000e+01   00.00000000e+00
  06.32738000e+01   05.49708000e+01   03.55524000e+01   03.65717000e-02
  06.43971000e+01   05.36435000e+01   03.44587000e+01  -06.37550000e-03
  06.77983000e+01   05.85398000e+01   03.59409000e+01   01.79582000e-02
  06.83515000e+01   05.89960000e+01   03.41978000e+01   01.23366000e-02
  06.67701000e+01   05.91865000e+01   03.47201000e+01   01.80857000e-02
  05.96156000e+01   05.51985000e+01   03.72194000e+01  -03.55350000e-03
  06.04065000e+01   05.53944000e+01   03.87692000e+01  -05.48890000e-03
  06.00508000e+01   05.68451000e+01   03.79212000e+01  -05.73590000e-03
  06.21905000e+01   04.81625000e+01   03.41229000e+01  -01.16015000e-02
  06.04982000e+01   04.87101000e+01   03.37226000e+01  -01.03548000e-02
  06.16529000e+01   04.89495000e+01   03.25782000e+01  -01.10806000e-02
  06.58479000e+01   05.10973000e+01   03.03866000e+01  -06.50300000e-03
  06.72175000e+01   04.98135000e+01   03.04891000e+01  -03.84930000e-03
  06.55910000e+01   04.92640000e+01   03.06927000e+01  -06.75510000e-03
  07.12366000e+01   05.14866000e+01   03.02547000e+01   06.96000000e-05
  06.98041000e+01   05.23028000e+01   02.95974000e+01  -02.56130000e-03
  07.13739000e+01   05.31035000e+01   03.01445000e+01  -08.86000000e-04
  06.34448000e+01   05.84468000e+01   03.93867000e+01   02.66600000e-04
  06.44694000e+01   05.78682000e+01   03.81236000e+01   02.07780000e-03
  06.39632000e+01   05.96192000e+01   03.81808000e+01   03.44650000e-03
  05.80668000e+01   04.95425000e+01   03.63470000e+01   02.98050000e-03
  05.96179000e+01   04.87120000e+01   03.57432000e+01  -05.01900000e-04
  06.88079000e+01   04.86575000e+01   03.25223000e+01  -05.40000000e-06
  07.00343000e+01   04.98771000e+01   03.21771000e+01  -02.73660000e-03
  06.24676000e+01   05.89621000e+01   03.66453000e+01   06.65000000e-04
  06.15446000e+01   05.83945000e+01   03.80247000e+01  -04.07950000e-03
  06.93285000e+01   05.13770000e+01   03.40089000e+01   01.58140000e-02
  06.81668000e+01   05.00716000e+01   03.44067000e+01   09.11190000e-03
  07.82737000e+01   05.58484000e+01   04.21171000e+01   00.00000000e+00
  07.67107000e+01   05.54266000e+01   04.16598000e+01   00.00000000e+00
  07.73666000e+01   05.69914000e+01   04.10640000e+01   00.00000000e+00
  07.88223000e+01   05.71810000e+01   04.42753000e+01   00.00000000e+00
  07.86616000e+01   05.82453000e+01   04.30086000e+01   00.00000000e+00
  07.77461000e+01   05.86538000e+01   04.44230000e+01   00.00000000e+00
  07.65074000e+01   05.63835000e+01   04.51753000e+01   00.00000000e+00
  07.73002000e+01   05.50238000e+01   04.43838000e+01   00.00000000e+00
  07.56768000e+01   05.42426000e+01   04.31733000e+01   00.00000000e+00
  07.46126000e+01   05.56082000e+01   04.34063000e+01   00.00000000e+00
  07.45976000e+01   05.51846000e+01   04.59200000e+01   00.00000000e+00
  07.53306000e+01   05.36487000e+01   04.54956000e+01   00.00000000e+00
  07.24582000e+01   05.52441000e+01   04.36729000e+01   00.00000000e+00
  07.11579000e+01   05.44272000e+01   04.45220000e+01   00.00000000e+00
  07.21774000e+01   05.54839000e+01   04.54280000e+01   00.00000000e+00
  07.35017000e+01   05.32242000e+01   04.28080000e+01   00.00000000e+00
  07.22296000e+01   05.23783000e+01   04.36290000e+01   00.00000000e+00
  07.38871000e+01   05.11025000e+01   04.48788000e+01   00.00000000e+00
  07.51312000e+01   05.18118000e+01   04.39746000e+01   00.00000000e+00
  07.27219000e+01   05.03866000e+01   04.27133000e+01   00.00000000e+00
  07.42087000e+01   04.95017000e+01   04.31528000e+01   00.00000000e+00
  06.48393000e+01   05.79005000e+01   03.58979000e+01   07.20400000e-04
  06.02691000e+01   05.33675000e+01   03.63010000e+01  -02.39543000e-02
  06.38611000e+01   04.96444000e+01   03.27583000e+01   04.89340000e-03
  06.97498000e+01   05.36891000e+01   03.36834000e+01  -02.28199000e-02
  05.88916000e+01   05.16425000e+01   03.57219000e+01  -01.51750000e-03
  07.64291000e+01   05.05150000e+01   04.19784000e+01   00.00000000e+00
  07.62607000e+01   05.13989000e+01   04.04347000e+01   00.00000000e+00
  07.59132000e+01   05.22015000e+01   04.19508000e+01   00.00000000e+00
  07.39297000e+01   05.17347000e+01   04.08909000e+01   00.00000000e+00
  07.31657000e+01   04.91289000e+01   04.06332000e+01   00.00000000e+00
  07.49611000e+01   04.89370000e+01   04.06466000e+01   00.00000000e+00
  07.42899000e+01   04.88917000e+01   03.83039000e+01   00.00000000e+00
  07.50752000e+01   05.05177000e+01   03.86642000e+01   00.00000000e+00
  07.27755000e+01   05.14953000e+01   03.88656000e+01   00.00000000e+00
  07.20584000e+01   04.98200000e+01   03.86700000e+01   00.00000000e+00
  07.25517000e+01   05.29444000e+01   03.73266000e+01   00.00000000e+00
  07.30436000e+01   05.24933000e+01   03.56643000e+01   00.00000000e+00
  07.13087000e+01   05.23481000e+01   03.62426000e+01   00.00000000e+00
  06.64909000e+01   04.93638000e+01   03.28476000e+01   05.57290000e-03
  06.81633000e+01   05.13437000e+01   03.16398000e+01  -01.28866000e-02
  07.41388000e+01   04.98021000e+01   03.57500000e+01   00.00000000e+00
  07.59989000e+01   05.74963000e+01   04.29964000e+01   00.00000000e+00
  07.29829000e+01   05.31727000e+01   04.58013000e+01   00.00000000e+00
  07.16249000e+01   04.83197000e+01   03.63083000e+01  -01.99830000e-03
  07.27240000e+01   04.79922000e+01   03.50534000e+01  -01.85290000e-03
