  06.88051000e+01   05.06337000e+01   03.41341000e+01  -06.11779000e-02
  05.94116000e+01   05.06185000e+01   03.57612000e+01   01.75852000e-02
  06.18818000e+01   05.81690000e+01   03.72149000e+01   01.01800000e-02
  06.88036000e+01   05.56976000e+01   03.35779000e+01  -01.32723000e-02
  06.55867000e+01   05.20474000e+01   03.39148000e+01  -04.57645000e-02
  06.97375000e+01   04.95510000e+01   03.35111000e+01   02.46758000e-02
  05.88661000e+01   05.10112000e+01   03.69331000e+01  -01.71993000e-02
  06.28292000e+01   05.83528000e+01   03.84238000e+01  -09.39340000e-03
  06.87364000e+01   05.41527000e+01   03.32615000e+01   07.66074000e-02
  06.28759000e+01   05.18958000e+01   03.50545000e+01   09.44338000e-02
  06.98100000e+01   05.64107000e+01   03.34427000e+01   01.54319000e-02
  07.09363000e+01   04.91902000e+01   03.42626000e+01  -01.56515000e-02
  06.90811000e+01   05.40082000e+01   03.17734000e+01  -02.00050000e-02
  06.55259000e+01   05.49324000e+01   03.46728000e+01  -08.09918000e-02
  06.99839000e+01   05.25487000e+01   03.01401000e+01   04.03650000e-03
  06.73780000e+01   05.36307000e+01   03.36823000e+01  -01.43447000e-01
  06.41449000e+01   05.00516000e+01   03.39351000e+01   01.23287000e-02
  06.10638000e+01   05.32714000e+01   03.60124000e+01   02.21683000e-01
  06.43714000e+01   05.67671000e+01   03.56797000e+01  -05.42921000e-02
  06.61860000e+01   04.94047000e+01   03.16822000e+01   02.66866000e-02
  06.15202000e+01   04.84685000e+01   03.42756000e+01   04.35609000e-02
  05.97449000e+01   05.57645000e+01   03.74347000e+01   02.36507000e-02
  06.70487000e+01   05.83416000e+01   03.50863000e+01  -06.09964000e-02
  07.16703000e+01   04.81113000e+01   03.62017000e+01   08.71130000e-03
  06.69317000e+01   05.22820000e+01   03.36838000e+01   01.26858000e-01
  06.29964000e+01   05.05765000e+01   03.45868000e+01  -03.45042000e-02
  06.16529000e+01   05.45192000e+01   03.62070000e+01  -02.04376000e-01
  06.54911000e+01   05.62887000e+01   03.50278000e+01   07.60142000e-02
  07.21017000e+01   04.92781000e+01   03.38858000e+01   05.08730000e-03
  06.88720000e+01   05.48724000e+01   03.08968000e+01   06.92200000e-04
  07.23290000e+01   04.91789000e+01   03.70249000e+01   00.00000000e+00
  06.76411000e+01   05.09766000e+01   03.32021000e+01   07.64245000e-02
  06.17912000e+01   04.99413000e+01   03.47206000e+01  -04.66821000e-02
  06.10443000e+01   05.57514000e+01   03.67444000e+01   01.65461000e-02
  06.66914000e+01   05.69699000e+01   03.47578000e+01   05.49912000e-02
  07.05819000e+01   04.85926000e+01   03.54637000e+01   03.30200000e-04
  06.97467000e+01   05.28174000e+01   03.15382000e+01   04.02810000e-03
  07.20763000e+01   05.05343000e+01   03.70634000e+01   00.00000000e+00
  06.64856000e+01   04.99405000e+01   03.31534000e+01  -04.69336000e-02
  06.08720000e+01   05.08498000e+01   03.53844000e+01  -07.68710000e-03
  06.19777000e+01   05.67711000e+01   03.66287000e+01  -03.37389000e-02
  06.75445000e+01   05.59642000e+01   03.41165000e+01   03.64969000e-02
  07.28809000e+01   05.14934000e+01   03.61712000e+01   00.00000000e+00
  06.53289000e+01   05.07374000e+01   03.36757000e+01  -09.58259000e-02
  06.16418000e+01   05.20762000e+01   03.55639000e+01  -01.77941000e-01
  06.31416000e+01   05.61596000e+01   03.59561000e+01   06.74294000e-02
  06.67420000e+01   05.47950000e+01   03.40343000e+01   01.44326000e-01
  07.10724000e+01   05.09648000e+01   03.81123000e+01   00.00000000e+00
  07.16588000e+01   05.17922000e+01   03.93671000e+01   00.00000000e+00
  07.29547000e+01   05.12047000e+01   04.00441000e+01   00.00000000e+00
  07.33430000e+01   05.17770000e+01   04.14102000e+01   00.00000000e+00
  07.48796000e+01   05.16689000e+01   04.17658000e+01   00.00000000e+00
  07.24052000e+01   05.11468000e+01   04.25247000e+01   00.00000000e+00
  07.26479000e+01   05.17391000e+01   04.39311000e+01   00.00000000e+00
  07.20636000e+01   05.31821000e+01   04.40627000e+01   00.00000000e+00
  07.20088000e+01   05.37755000e+01   04.55575000e+01   00.00000000e+00
  07.08598000e+01   05.47337000e+01   04.56935000e+01   00.00000000e+00
  07.33492000e+01   05.43685000e+01   04.59082000e+01   00.00000000e+00
  07.37928000e+01   05.56642000e+01   04.51938000e+01   00.00000000e+00
  07.50974000e+01   05.61933000e+01   04.58962000e+01   00.00000000e+00
  07.57879000e+01   05.71911000e+01   04.50132000e+01   00.00000000e+00
  07.54395000e+01   05.86638000e+01   04.54715000e+01   00.00000000e+00
  07.73323000e+01   05.70390000e+01   04.50758000e+01   00.00000000e+00
  06.29192000e+01   05.48134000e+01   03.58191000e+01   03.65717000e-02
  06.41907000e+01   05.34364000e+01   03.48829000e+01  -06.37550000e-03
  06.80274000e+01   05.86207000e+01   03.46828000e+01   01.79582000e-02
  06.63664000e+01   05.89783000e+01   03.46367000e+01   01.23366000e-02
  06.69941000e+01   05.86147000e+01   03.61284000e+01   01.80857000e-02
  05.92268000e+01   05.67143000e+01   03.73355000e+01  -03.55350000e-03
  05.90270000e+01   05.49570000e+01   03.71557000e+01  -05.48890000e-03
  06.00684000e+01   05.56491000e+01   03.84290000e+01  -05.73590000e-03
  06.05525000e+01   04.81220000e+01   03.42799000e+01  -01.16015000e-02
  06.18392000e+01   04.83089000e+01   03.32544000e+01  -01.03548000e-02
  06.20752000e+01   04.78663000e+01   03.49407000e+01  -01.10806000e-02
  06.58487000e+01   05.01748000e+01   03.09944000e+01  -06.50300000e-03
  06.71395000e+01   04.90024000e+01   03.13131000e+01  -03.84930000e-03
  06.54713000e+01   04.86131000e+01   03.17673000e+01  -06.75510000e-03
  07.03260000e+01   05.15497000e+01   02.99653000e+01   06.96000000e-05
  06.90364000e+01   05.25615000e+01   02.96186000e+01  -02.56130000e-03
  07.07051000e+01   05.32378000e+01   02.96816000e+01  -08.86000000e-04
  06.25234000e+01   05.74943000e+01   03.90391000e+01   02.66600000e-04
  06.38965000e+01   05.83681000e+01   03.81988000e+01   02.07780000e-03
  06.25034000e+01   05.92772000e+01   03.88831000e+01   03.44650000e-03
  05.77931000e+01   05.07726000e+01   03.70962000e+01   02.98050000e-03
  05.94039000e+01   05.15972000e+01   03.77096000e+01  -05.01900000e-04
  06.91608000e+01   04.86167000e+01   03.34074000e+01  -05.40000000e-06
  07.00908000e+01   04.98288000e+01   03.25304000e+01  -02.73660000e-03
  06.22558000e+01   05.88825000e+01   03.64898000e+01   06.65000000e-04
  06.08248000e+01   05.84932000e+01   03.73609000e+01  -04.07950000e-03
  06.94620000e+01   05.15112000e+01   03.43419000e+01   01.58140000e-02
  06.85075000e+01   05.03968000e+01   03.51717000e+01   09.11190000e-03
  07.77133000e+01   05.70995000e+01   04.60927000e+01   00.00000000e+00
  07.76657000e+01   05.60728000e+01   04.47151000e+01   00.00000000e+00
  07.77876000e+01   05.77024000e+01   04.44242000e+01   00.00000000e+00
  07.56786000e+01   05.88166000e+01   04.65007000e+01   00.00000000e+00
  07.59947000e+01   05.93429000e+01   04.47633000e+01   00.00000000e+00
  07.43655000e+01   05.88532000e+01   04.54063000e+01   00.00000000e+00
  07.48409000e+01   05.66045000e+01   04.68847000e+01   00.00000000e+00
  07.56560000e+01   05.53312000e+01   04.61071000e+01   00.00000000e+00
  07.40673000e+01   05.54144000e+01   04.41863000e+01   00.00000000e+00
  07.29774000e+01   05.63996000e+01   04.52775000e+01   00.00000000e+00
  07.32137000e+01   05.45205000e+01   04.69516000e+01   00.00000000e+00
  07.41423000e+01   05.36592000e+01   04.58348000e+01   00.00000000e+00
  06.99906000e+01   05.41541000e+01   04.56060000e+01   00.00000000e+00
  07.08915000e+01   05.51978000e+01   04.66439000e+01   00.00000000e+00
  07.09105000e+01   05.54779000e+01   04.49547000e+01   00.00000000e+00
  07.25572000e+01   05.38186000e+01   04.33312000e+01   00.00000000e+00
  07.11106000e+01   05.32025000e+01   04.36523000e+01   00.00000000e+00
  07.19440000e+01   05.11201000e+01   04.45597000e+01   00.00000000e+00
  07.36812000e+01   05.15955000e+01   04.43358000e+01   00.00000000e+00
  07.13855000e+01   05.11301000e+01   04.21277000e+01   00.00000000e+00
  07.27571000e+01   05.00932000e+01   04.26246000e+01   00.00000000e+00
  06.43249000e+01   05.78451000e+01   03.57376000e+01   07.20400000e-04
  05.99864000e+01   05.32789000e+01   03.62202000e+01  -02.39543000e-02
  06.42001000e+01   04.89465000e+01   03.38943000e+01   04.89340000e-03
  06.95302000e+01   05.37126000e+01   03.38087000e+01  -02.28199000e-02
  05.88303000e+01   05.00278000e+01   03.50652000e+01  -01.51750000e-03
  07.50468000e+01   05.06357000e+01   04.20035000e+01   00.00000000e+00
  07.55048000e+01   05.18483000e+01   04.08623000e+01   00.00000000e+00
  07.52362000e+01   05.23345000e+01   04.25221000e+01   00.00000000e+00
  07.31252000e+01   05.28843000e+01   04.14329000e+01   00.00000000e+00
  07.28821000e+01   05.01109000e+01   04.00006000e+01   00.00000000e+00
  07.37741000e+01   05.15828000e+01   03.93736000e+01   00.00000000e+00
  07.20167000e+01   05.27703000e+01   03.89014000e+01   00.00000000e+00
  07.07632000e+01   05.19788000e+01   04.00311000e+01   00.00000000e+00
  07.04080000e+01   05.16326000e+01   03.76263000e+01   00.00000000e+00
  07.06940000e+01   04.99635000e+01   03.84584000e+01   00.00000000e+00
  07.34012000e+01   05.22936000e+01   03.67483000e+01   00.00000000e+00
  07.36063000e+01   05.07937000e+01   03.55511000e+01   00.00000000e+00
  07.21330000e+01   05.18762000e+01   03.54658000e+01   00.00000000e+00
  06.66296000e+01   04.90387000e+01   03.37370000e+01   05.57290000e-03
  06.80051000e+01   05.11790000e+01   03.21672000e+01  -01.28866000e-02
  07.30298000e+01   04.88831000e+01   03.77778000e+01   00.00000000e+00
  07.55670000e+01   05.70409000e+01   04.40693000e+01   00.00000000e+00
  07.19989000e+01   05.28374000e+01   04.61017000e+01   00.00000000e+00
  07.13599000e+01   04.75798000e+01   03.70299000e+01  -01.99830000e-03
  07.23811000e+01   04.74244000e+01   03.57208000e+01  -01.85290000e-03
