  06.96296000e+01   05.02282000e+01   03.54591000e+01  -06.11779000e-02
  06.03065000e+01   05.01410000e+01   03.69618000e+01   01.75852000e-02
  06.28422000e+01   05.78612000e+01   03.82002000e+01   01.01800000e-02
  06.95528000e+01   05.53485000e+01   03.48522000e+01  -01.32723000e-02
  06.64368000e+01   05.17137000e+01   03.50125000e+01  -04.57645000e-02
  07.04003000e+01   04.90111000e+01   03.51112000e+01   02.46758000e-02
  05.99832000e+01   04.90604000e+01   03.77901000e+01  -01.71993000e-02
  06.38621000e+01   05.80435000e+01   03.92864000e+01  -09.39340000e-03
  06.96522000e+01   05.38217000e+01   03.44798000e+01   07.66074000e-02
  06.35823000e+01   05.16005000e+01   03.59451000e+01   09.44338000e-02
  07.05797000e+01   05.59835000e+01   03.48101000e+01   01.54319000e-02
  07.13971000e+01   04.86187000e+01   03.61526000e+01  -01.56515000e-02
  07.01584000e+01   05.36061000e+01   03.30162000e+01  -02.00050000e-02
  06.62064000e+01   05.46129000e+01   03.55377000e+01  -08.09918000e-02
  07.14217000e+01   05.19770000e+01   03.17695000e+01   04.03650000e-03
  06.81980000e+01   05.32485000e+01   03.47297000e+01  -01.43447000e-01
  06.50276000e+01   04.97095000e+01   03.51755000e+01   01.23287000e-02
  06.18312000e+01   05.29292000e+01   03.69756000e+01   02.21683000e-01
  06.50625000e+01   05.65180000e+01   03.65795000e+01  -05.42921000e-02
  06.71057000e+01   04.90864000e+01   03.27631000e+01   02.66866000e-02
  06.25494000e+01   04.80582000e+01   03.59083000e+01   04.35609000e-02
  06.03930000e+01   05.55687000e+01   03.83039000e+01   02.36507000e-02
  06.78096000e+01   05.79770000e+01   03.60653000e+01  -06.09964000e-02
  07.17749000e+01   04.81630000e+01   03.84774000e+01   08.71130000e-03
  06.77478000e+01   05.19473000e+01   03.47161000e+01   01.26858000e-01
  06.38307000e+01   05.02820000e+01   03.57372000e+01  -03.45042000e-02
  06.23333000e+01   05.42409000e+01   03.70145000e+01  -02.04376000e-01
  06.61922000e+01   05.59341000e+01   03.59823000e+01   07.60142000e-02
  07.26141000e+01   04.85648000e+01   03.59839000e+01   05.08730000e-03
  06.97786000e+01   05.41696000e+01   03.20018000e+01   06.92200000e-04
  07.21971000e+01   04.94362000e+01   03.90412000e+01   00.00000000e+00
  06.85274000e+01   05.06373000e+01   03.44135000e+01   07.64245000e-02
  06.26668000e+01   04.95252000e+01   03.60961000e+01  -04.66821000e-02
  06.17335000e+01   05.54556000e+01   03.76312000e+01   01.65461000e-02
  06.74040000e+01   05.66188000e+01   03.57318000e+01   05.49912000e-02
  07.08019000e+01   04.84629000e+01   03.74097000e+01   03.30200000e-04
  07.10469000e+01   05.25433000e+01   03.30304000e+01   04.02810000e-03
  07.15437000e+01   05.06481000e+01   03.91765000e+01   00.00000000e+00
  06.73936000e+01   04.95690000e+01   03.42205000e+01  -04.69336000e-02
  06.17309000e+01   05.04293000e+01   03.64806000e+01  -07.68710000e-03
  06.27788000e+01   05.64205000e+01   03.75908000e+01  -03.37389000e-02
  06.82008000e+01   05.55882000e+01   03.52465000e+01   03.64969000e-02
  07.15157000e+01   05.17261000e+01   03.80709000e+01   00.00000000e+00
  06.62061000e+01   05.03827000e+01   03.47800000e+01  -09.58259000e-02
  06.23448000e+01   05.17259000e+01   03.65130000e+01  -01.77941000e-01
  06.38952000e+01   05.57962000e+01   03.69009000e+01   06.74294000e-02
  06.74602000e+01   05.43768000e+01   03.50960000e+01   01.44326000e-01
  07.05606000e+01   05.09104000e+01   04.03434000e+01   00.00000000e+00
  07.10395000e+01   05.19940000e+01   04.14113000e+01   00.00000000e+00
  07.24974000e+01   05.16871000e+01   04.18205000e+01   00.00000000e+00
  07.32992000e+01   05.28972000e+01   04.24692000e+01   00.00000000e+00
  07.38566000e+01   05.39142000e+01   04.13636000e+01   00.00000000e+00
  07.44141000e+01   05.25185000e+01   04.35181000e+01   00.00000000e+00
  07.48021000e+01   05.36717000e+01   04.44266000e+01   00.00000000e+00
  07.39664000e+01   05.39174000e+01   04.56398000e+01   00.00000000e+00
  07.46002000e+01   05.48341000e+01   04.67538000e+01   00.00000000e+00
  07.34586000e+01   05.53493000e+01   04.76929000e+01   00.00000000e+00
  07.53173000e+01   05.60881000e+01   04.61541000e+01   00.00000000e+00
  07.57812000e+01   05.71781000e+01   04.71341000e+01   00.00000000e+00
  07.66039000e+01   05.82752000e+01   04.64753000e+01   00.00000000e+00
  07.66648000e+01   05.96308000e+01   04.73383000e+01   00.00000000e+00
  07.76049000e+01   05.94354000e+01   04.86551000e+01   00.00000000e+00
  07.73548000e+01   06.07674000e+01   04.65350000e+01   00.00000000e+00
  06.35548000e+01   05.45134000e+01   03.64760000e+01   03.65717000e-02
  06.48851000e+01   05.31562000e+01   03.56527000e+01  -06.37550000e-03
  06.78178000e+01   05.82193000e+01   03.71367000e+01   01.79582000e-02
  06.88353000e+01   05.82769000e+01   03.57156000e+01   01.23366000e-02
  06.71794000e+01   05.86672000e+01   03.54355000e+01   01.80857000e-02
  05.95434000e+01   05.58241000e+01   03.76338000e+01  -03.55350000e-03
  06.02092000e+01   05.46155000e+01   03.88177000e+01  -05.48890000e-03
  06.04432000e+01   05.63931000e+01   03.89909000e+01  -05.73590000e-03
  06.15527000e+01   04.77162000e+01   03.60823000e+01  -01.16015000e-02
  06.27531000e+01   04.77264000e+01   03.48735000e+01  -01.03548000e-02
  06.32882000e+01   04.74744000e+01   03.64849000e+01  -01.10806000e-02
  06.64751000e+01   04.82358000e+01   03.26282000e+01  -06.50300000e-03
  06.66881000e+01   04.99052000e+01   03.22599000e+01  -03.84930000e-03
  06.79503000e+01   04.87805000e+01   03.22218000e+01  -06.75510000e-03
  07.18255000e+01   05.27829000e+01   03.10819000e+01   06.96000000e-05
  07.21882000e+01   05.11742000e+01   03.18079000e+01  -02.56130000e-03
  07.05308000e+01   05.16036000e+01   03.12549000e+01  -08.86000000e-04
  06.48247000e+01   05.77069000e+01   03.89362000e+01   02.66600000e-04
  06.41401000e+01   05.90175000e+01   03.95938000e+01   02.07780000e-03
  06.37011000e+01   05.74750000e+01   04.02001000e+01   03.44650000e-03
  05.90434000e+01   04.89016000e+01   03.82584000e+01   02.98050000e-03
  06.07573000e+01   04.82879000e+01   03.80007000e+01  -05.01900000e-04
  06.97087000e+01   04.81582000e+01   03.51497000e+01  -05.40000000e-06
  07.07568000e+01   04.92089000e+01   03.41145000e+01  -02.73660000e-03
  06.29737000e+01   05.86089000e+01   03.74276000e+01   06.65000000e-04
  06.19241000e+01   05.81167000e+01   03.87561000e+01  -04.07950000e-03
  07.03597000e+01   05.09637000e+01   03.56716000e+01   01.58140000e-02
  06.92167000e+01   05.00535000e+01   03.64766000e+01   09.11190000e-03
  07.76464000e+01   06.16568000e+01   04.71841000e+01   00.00000000e+00
  07.81656000e+01   06.03636000e+01   04.59772000e+01   00.00000000e+00
  07.65687000e+01   06.10759000e+01   04.59246000e+01   00.00000000e+00
  07.72762000e+01   05.86200000e+01   04.93004000e+01   00.00000000e+00
  07.86088000e+01   05.91155000e+01   04.83949000e+01   00.00000000e+00
  07.75688000e+01   06.03124000e+01   04.92865000e+01   00.00000000e+00
  07.75889000e+01   05.78641000e+01   04.62885000e+01   00.00000000e+00
  07.61005000e+01   05.83969000e+01   04.54928000e+01   00.00000000e+00
  07.50253000e+01   05.77165000e+01   04.76016000e+01   00.00000000e+00
  07.64718000e+01   05.66884000e+01   04.78258000e+01   00.00000000e+00
  07.61779000e+01   05.57844000e+01   04.56995000e+01   00.00000000e+00
  07.46973000e+01   05.64980000e+01   04.53586000e+01   00.00000000e+00
  07.28642000e+01   05.45534000e+01   04.79904000e+01   00.00000000e+00
  07.37908000e+01   05.58551000e+01   04.86355000e+01   00.00000000e+00
  07.27700000e+01   05.59960000e+01   04.71863000e+01   00.00000000e+00
  07.31341000e+01   05.45206000e+01   04.53509000e+01   00.00000000e+00
  07.34950000e+01   05.30309000e+01   04.61264000e+01   00.00000000e+00
  07.57820000e+01   05.34105000e+01   04.47429000e+01   00.00000000e+00
  07.47823000e+01   05.46210000e+01   04.38969000e+01   00.00000000e+00
  07.40780000e+01   05.17545000e+01   04.42338000e+01   00.00000000e+00
  07.52800000e+01   05.21000000e+01   04.29819000e+01   00.00000000e+00
  06.51933000e+01   05.75801000e+01   03.67614000e+01   07.20400000e-04
  06.08190000e+01   05.27243000e+01   03.73734000e+01  -02.39543000e-02
  06.51263000e+01   04.86307000e+01   03.49994000e+01   04.89340000e-03
  07.03276000e+01   05.33487000e+01   03.51100000e+01  -02.28199000e-02
  05.95735000e+01   05.08776000e+01   03.67319000e+01  -01.51750000e-03
  07.46137000e+01   05.33495000e+01   04.08658000e+01   00.00000000e+00
  07.30569000e+01   05.40746000e+01   04.06775000e+01   00.00000000e+00
  07.41231000e+01   05.48081000e+01   04.19545000e+01   00.00000000e+00
  07.25864000e+01   05.35473000e+01   04.30283000e+01   00.00000000e+00
  07.24201000e+01   05.08514000e+01   04.24980000e+01   00.00000000e+00
  07.30685000e+01   05.14311000e+01   04.09185000e+01   00.00000000e+00
  07.07934000e+01   05.29263000e+01   04.08465000e+01   00.00000000e+00
  07.04640000e+01   05.19881000e+01   04.22933000e+01   00.00000000e+00
  06.95537000e+01   05.11887000e+01   03.99436000e+01   00.00000000e+00
  07.04781000e+01   04.99634000e+01   04.08823000e+01   00.00000000e+00
  07.17730000e+01   05.26795000e+01   03.85156000e+01   00.00000000e+00
  07.21351000e+01   05.15301000e+01   03.71879000e+01   00.00000000e+00
  07.05361000e+01   05.18908000e+01   03.77563000e+01   00.00000000e+00
  06.76257000e+01   04.87004000e+01   03.47855000e+01   05.57290000e-03
  06.89955000e+01   05.07774000e+01   03.34202000e+01  -01.28866000e-02
  07.32643000e+01   04.94937000e+01   03.92542000e+01   00.00000000e+00
  07.56060000e+01   05.97596000e+01   04.75621000e+01   00.00000000e+00
  07.53515000e+01   05.41206000e+01   04.71561000e+01   00.00000000e+00
  07.13144000e+01   04.76074000e+01   03.92519000e+01  -01.99830000e-03
  07.26118000e+01   04.75180000e+01   03.80633000e+01  -01.85290000e-03
