  07.04038000e+01   05.10999000e+01   03.49152000e+01  -06.11779000e-02
  06.11951000e+01   05.18631000e+01   03.70863000e+01   01.75852000e-02
  06.44703000e+01   05.89084000e+01   03.88395000e+01   01.01800000e-02
  07.09604000e+01   05.60280000e+01   03.50379000e+01  -01.32723000e-02
  06.72963000e+01   05.28172000e+01   03.51274000e+01  -04.57645000e-02
  07.04510000e+01   05.09832000e+01   03.64430000e+01   02.46758000e-02
  06.04562000e+01   05.07338000e+01   03.73930000e+01  -01.71993000e-02
  06.56604000e+01   05.87835000e+01   03.97852000e+01  -09.39340000e-03
  07.07658000e+01   05.45135000e+01   03.47361000e+01   07.66074000e-02
  06.46405000e+01   05.27541000e+01   03.62448000e+01   09.44338000e-02
  07.19608000e+01   05.67233000e+01   03.48868000e+01   01.54319000e-02
  07.17343000e+01   05.04177000e+01   03.70532000e+01  -01.56515000e-02
  07.11053000e+01   05.43601000e+01   03.32297000e+01  -02.00050000e-02
  06.75019000e+01   05.56806000e+01   03.58882000e+01  -08.09918000e-02
  07.19633000e+01   05.27688000e+01   03.17519000e+01   04.03650000e-03
  06.93320000e+01   05.42292000e+01   03.50160000e+01  -01.43447000e-01
  06.57411000e+01   05.09847000e+01   03.51969000e+01   01.23287000e-02
  06.30483000e+01   05.42060000e+01   03.74554000e+01   02.21683000e-01
  06.64579000e+01   05.76524000e+01   03.66995000e+01  -05.42921000e-02
  06.76513000e+01   05.01764000e+01   03.28295000e+01   02.66866000e-02
  06.30363000e+01   04.94597000e+01   03.56499000e+01   04.35609000e-02
  06.21325000e+01   05.68089000e+01   03.92047000e+01   02.36507000e-02
  06.94589000e+01   05.89687000e+01   03.58912000e+01  -06.09964000e-02
  07.37642000e+01   05.08764000e+01   03.82971000e+01   08.71130000e-03
  06.86211000e+01   05.30326000e+01   03.47976000e+01   01.26858000e-01
  06.46708000e+01   05.14719000e+01   03.58558000e+01  -03.45042000e-02
  06.37619000e+01   05.54593000e+01   03.75376000e+01  -02.04376000e-01
  06.75916000e+01   05.70300000e+01   03.61438000e+01   07.60142000e-02
  07.19811000e+01   04.91915000e+01   03.70351000e+01   05.08730000e-03
  07.07113000e+01   05.50775000e+01   03.23747000e+01   06.92200000e-04
  07.42183000e+01   05.21078000e+01   03.91207000e+01   00.00000000e+00
  06.91730000e+01   05.17056000e+01   03.42192000e+01   07.64245000e-02
  06.34326000e+01   05.08760000e+01   03.61353000e+01  -04.66821000e-02
  06.33110000e+01   05.66560000e+01   03.83119000e+01   01.65461000e-02
  06.89231000e+01   05.76054000e+01   03.58774000e+01   05.49912000e-02
  07.24104000e+01   05.12833000e+01   03.78376000e+01   03.30200000e-04
  07.18614000e+01   05.32025000e+01   03.30933000e+01   04.02810000e-03
  07.41886000e+01   05.23810000e+01   04.04453000e+01   00.00000000e+00
  06.80677000e+01   05.07494000e+01   03.42316000e+01  -04.69336000e-02
  06.26258000e+01   05.18772000e+01   03.67079000e+01  -07.68710000e-03
  06.43256000e+01   05.75712000e+01   03.80142000e+01  -03.37389000e-02
  06.96103000e+01   05.64473000e+01   03.55274000e+01   03.64969000e-02
  07.29634000e+01   05.28312000e+01   04.12165000e+01   00.00000000e+00
  06.69676000e+01   05.15534000e+01   03.48736000e+01  -09.58259000e-02
  06.34295000e+01   05.30095000e+01   03.68507000e+01  -01.77941000e-01
  06.53215000e+01   05.69802000e+01   03.71896000e+01   06.74294000e-02
  06.87340000e+01   05.53681000e+01   03.54503000e+01   01.44326000e-01
  07.53810000e+01   05.19959000e+01   04.13654000e+01   00.00000000e+00
  07.66297000e+01   05.27807000e+01   04.10635000e+01   00.00000000e+00
  07.64052000e+01   05.43475000e+01   04.13293000e+01   00.00000000e+00
  07.75871000e+01   05.52506000e+01   04.14017000e+01   00.00000000e+00
  07.84328000e+01   05.50785000e+01   04.01366000e+01   00.00000000e+00
  07.83863000e+01   05.52402000e+01   04.27005000e+01   00.00000000e+00
  07.77735000e+01   05.60880000e+01   04.38521000e+01   00.00000000e+00
  07.86948000e+01   05.61703000e+01   04.50259000e+01   00.00000000e+00
  07.86928000e+01   05.73393000e+01   04.59645000e+01   00.00000000e+00
  07.97161000e+01   05.83519000e+01   04.53937000e+01   00.00000000e+00
  07.88994000e+01   05.68721000e+01   04.74756000e+01   00.00000000e+00
  07.90058000e+01   05.79394000e+01   04.85537000e+01   00.00000000e+00
  07.91291000e+01   05.72729000e+01   04.99711000e+01   00.00000000e+00
  07.89099000e+01   05.81932000e+01   05.11971000e+01   00.00000000e+00
  07.75057000e+01   05.89081000e+01   05.12150000e+01   00.00000000e+00
  07.93057000e+01   05.73909000e+01   05.25221000e+01   00.00000000e+00
  06.49832000e+01   05.56687000e+01   03.69353000e+01   03.65717000e-02
  06.60866000e+01   05.42152000e+01   03.59702000e+01  -06.37550000e-03
  07.04056000e+01   05.88621000e+01   03.63083000e+01   01.79582000e-02
  06.94825000e+01   05.93428000e+01   03.48731000e+01   01.23366000e-02
  06.87936000e+01   05.95651000e+01   03.64541000e+01   01.80857000e-02
  06.24957000e+01   05.66130000e+01   04.01869000e+01  -03.55350000e-03
  06.16826000e+01   05.77848000e+01   03.92454000e+01  -05.48890000e-03
  06.13050000e+01   05.61074000e+01   03.89452000e+01  -05.73590000e-03
  06.19650000e+01   04.93138000e+01   03.56029000e+01  -01.16015000e-02
  06.35023000e+01   04.92327000e+01   03.46733000e+01  -01.03548000e-02
  06.34398000e+01   04.88163000e+01   03.64595000e+01  -01.10806000e-02
  06.68327000e+01   04.94763000e+01   03.29912000e+01  -06.50300000e-03
  06.72782000e+01   05.09076000e+01   03.20632000e+01  -03.84930000e-03
  06.83665000e+01   04.95388000e+01   03.23395000e+01  -06.75510000e-03
  07.10795000e+01   05.24479000e+01   03.13074000e+01   06.96000000e-05
  07.23783000e+01   05.34924000e+01   03.10923000e+01  -02.56130000e-03
  07.26865000e+01   05.19900000e+01   03.17251000e+01  -08.86000000e-04
  06.55192000e+01   05.93777000e+01   04.06705000e+01   02.66600000e-04
  06.56675000e+01   05.77322000e+01   04.01809000e+01   02.07780000e-03
  06.66654000e+01   05.88495000e+01   03.95007000e+01   03.44650000e-03
  05.93820000e+01   05.07911000e+01   03.75934000e+01   02.98050000e-03
  06.08897000e+01   04.97232000e+01   03.76048000e+01  -05.01900000e-04
  07.01464000e+01   05.19056000e+01   03.69429000e+01  -05.40000000e-06
  06.97254000e+01   05.02359000e+01   03.67428000e+01  -02.73660000e-03
  06.44549000e+01   05.98712000e+01   03.82554000e+01   06.65000000e-04
  06.35862000e+01   05.90292000e+01   03.94099000e+01  -04.07950000e-03
  07.07480000e+01   05.02399000e+01   03.44313000e+01   01.58140000e-02
  07.12502000e+01   05.17355000e+01   03.46294000e+01   09.11190000e-03
  07.85315000e+01   05.66460000e+01   05.27423000e+01   00.00000000e+00
  08.02878000e+01   05.68761000e+01   05.24884000e+01   00.00000000e+00
  07.94196000e+01   05.80542000e+01   05.33864000e+01   00.00000000e+00
  07.66709000e+01   05.82405000e+01   05.07586000e+01   00.00000000e+00
  07.73224000e+01   05.92146000e+01   05.22604000e+01   00.00000000e+00
  07.75458000e+01   05.97678000e+01   05.05545000e+01   00.00000000e+00
  07.82732000e+01   05.65573000e+01   05.00626000e+01   00.00000000e+00
  08.00545000e+01   05.67676000e+01   05.00908000e+01   00.00000000e+00
  07.99595000e+01   05.84422000e+01   04.83004000e+01   00.00000000e+00
  07.81166000e+01   05.86110000e+01   04.84655000e+01   00.00000000e+00
  07.80744000e+01   05.61552000e+01   04.78027000e+01   00.00000000e+00
  07.99016000e+01   05.62832000e+01   04.74611000e+01   00.00000000e+00
  08.06674000e+01   05.78561000e+01   04.50612000e+01   00.00000000e+00
  07.92598000e+01   05.88115000e+01   04.45340000e+01   00.00000000e+00
  07.99075000e+01   05.90235000e+01   04.62154000e+01   00.00000000e+00
  07.86011000e+01   05.53433000e+01   04.56291000e+01   00.00000000e+00
  07.97065000e+01   05.60224000e+01   04.45641000e+01   00.00000000e+00
  07.76489000e+01   05.71554000e+01   04.35455000e+01   00.00000000e+00
  07.68730000e+01   05.55741000e+01   04.42173000e+01   00.00000000e+00
  07.85376000e+01   05.42210000e+01   04.30510000e+01   00.00000000e+00
  07.94019000e+01   05.55872000e+01   04.24925000e+01   00.00000000e+00
  06.65480000e+01   05.87842000e+01   03.68301000e+01   07.20400000e-04
  06.21748000e+01   05.42735000e+01   03.80217000e+01  -02.39543000e-02
  06.56443000e+01   04.99662000e+01   03.48661000e+01   04.89340000e-03
  07.15848000e+01   05.39572000e+01   03.53219000e+01  -02.28199000e-02
  06.06532000e+01   05.27537000e+01   03.70417000e+01  -01.51750000e-03
  07.90781000e+01   05.41775000e+01   04.01792000e+01   00.00000000e+00
  07.78179000e+01   05.50157000e+01   03.92767000e+01   00.00000000e+00
  07.90224000e+01   05.59550000e+01   03.99410000e+01   00.00000000e+00
  07.72909000e+01   05.62494000e+01   04.13671000e+01   00.00000000e+00
  07.57678000e+01   05.48282000e+01   04.05590000e+01   00.00000000e+00
  07.59443000e+01   05.43774000e+01   04.22872000e+01   00.00000000e+00
  07.74422000e+01   05.24607000e+01   04.17041000e+01   00.00000000e+00
  07.69971000e+01   05.26936000e+01   04.00658000e+01   00.00000000e+00
  07.51541000e+01   05.22190000e+01   04.23992000e+01   00.00000000e+00
  07.55725000e+01   05.09773000e+01   04.12604000e+01   00.00000000e+00
  07.31716000e+01   05.38151000e+01   04.16376000e+01   00.00000000e+00
  07.21964000e+01   05.29766000e+01   04.03452000e+01   00.00000000e+00
  07.25698000e+01   05.21487000e+01   04.19611000e+01   00.00000000e+00
  06.82386000e+01   04.98658000e+01   03.48742000e+01   05.57290000e-03
  06.94525000e+01   05.17748000e+01   03.31889000e+01  -01.28866000e-02
  07.45314000e+01   05.30046000e+01   03.85331000e+01   00.00000000e+00
  07.96431000e+01   05.89188000e+01   05.10812000e+01   00.00000000e+00
  07.76908000e+01   05.78303000e+01   04.57950000e+01   00.00000000e+00
  07.38603000e+01   05.00374000e+01   03.89575000e+01  -01.99830000e-03
  07.45059000e+01   05.07633000e+01   03.75837000e+01  -01.85290000e-03
