  06.91320000e+01   05.21572000e+01   03.37884000e+01  -06.11779000e-02
  05.98932000e+01   05.28487000e+01   03.70700000e+01   01.75852000e-02
  06.31430000e+01   05.99607000e+01   03.82037000e+01   01.01800000e-02
  06.94797000e+01   05.71586000e+01   03.39488000e+01  -01.32723000e-02
  06.58749000e+01   05.38037000e+01   03.44601000e+01  -04.57645000e-02
  06.97123000e+01   05.09325000e+01   03.30324000e+01   02.46758000e-02
  05.94213000e+01   05.17730000e+01   03.76915000e+01  -01.71993000e-02
  06.45164000e+01   06.02094000e+01   03.89104000e+01  -09.39340000e-03
  06.93613000e+01   05.56604000e+01   03.35261000e+01   07.66074000e-02
  06.31760000e+01   05.38471000e+01   03.55652000e+01   09.44338000e-02
  07.04698000e+01   05.78500000e+01   03.37452000e+01   01.54319000e-02
  07.09835000e+01   05.03197000e+01   03.35717000e+01  -01.56515000e-02
  06.97547000e+01   05.55306000e+01   03.20451000e+01  -02.00050000e-02
  06.61294000e+01   05.66598000e+01   03.51382000e+01  -08.09918000e-02
  07.03482000e+01   05.38340000e+01   03.03351000e+01   04.03650000e-03
  06.79025000e+01   05.52389000e+01   03.39069000e+01  -01.43447000e-01
  06.42114000e+01   05.19979000e+01   03.44558000e+01   01.23287000e-02
  06.17655000e+01   05.52825000e+01   03.69030000e+01   02.21683000e-01
  06.51126000e+01   05.87075000e+01   03.60320000e+01  -05.42921000e-02
  06.60371000e+01   05.10778000e+01   03.19759000e+01   02.66866000e-02
  06.16464000e+01   05.04861000e+01   03.53599000e+01   04.35609000e-02
  06.08899000e+01   05.77277000e+01   03.85766000e+01   02.36507000e-02
  06.79096000e+01   05.99437000e+01   03.53732000e+01  -06.09964000e-02
  07.18416000e+01   04.94866000e+01   03.57224000e+01   08.71130000e-03
  06.72289000e+01   05.39813000e+01   03.39322000e+01   01.26858000e-01
  06.31727000e+01   05.25407000e+01   03.52159000e+01  -03.45042000e-02
  06.23808000e+01   05.65542000e+01   03.68770000e+01  -02.04376000e-01
  06.62402000e+01   05.79899000e+01   03.54683000e+01   07.60142000e-02
  07.19715000e+01   04.99838000e+01   03.29628000e+01   05.08730000e-03
  06.93446000e+01   05.62291000e+01   03.11260000e+01   06.92200000e-04
  07.24582000e+01   05.04256000e+01   03.67322000e+01   00.00000000e+00
  06.77930000e+01   05.26945000e+01   03.32398000e+01   07.64245000e-02
  06.19832000e+01   05.19233000e+01   03.56946000e+01  -04.66821000e-02
  06.20854000e+01   05.76888000e+01   03.76888000e+01   01.65461000e-02
  06.74979000e+01   05.85518000e+01   03.51483000e+01   05.49912000e-02
  07.08677000e+01   05.01906000e+01   03.49193000e+01   03.30200000e-04
  07.03951000e+01   05.43347000e+01   03.17432000e+01   04.02810000e-03
  07.22529000e+01   05.17004000e+01   03.68903000e+01   00.00000000e+00
  06.65623000e+01   05.16901000e+01   03.33537000e+01  -04.69336000e-02
  06.11892000e+01   05.29109000e+01   03.63600000e+01  -07.68710000e-03
  06.30854000e+01   05.86638000e+01   03.74843000e+01  -03.37389000e-02
  06.81715000e+01   05.74800000e+01   03.45501000e+01   03.64969000e-02
  07.31328000e+01   05.26848000e+01   03.61491000e+01   00.00000000e+00
  06.54456000e+01   05.25139000e+01   03.40751000e+01  -09.58259000e-02
  06.20457000e+01   05.41033000e+01   03.62405000e+01  -01.77941000e-01
  06.38868000e+01   05.81170000e+01   03.64591000e+01   06.74294000e-02
  06.73153000e+01   05.63585000e+01   03.45153000e+01   01.44326000e-01
  07.12043000e+01   05.22411000e+01   03.77518000e+01   00.00000000e+00
  07.16930000e+01   05.30240000e+01   03.89412000e+01   00.00000000e+00
  07.23364000e+01   05.22393000e+01   04.00392000e+01   00.00000000e+00
  07.29084000e+01   05.29726000e+01   04.13380000e+01   00.00000000e+00
  07.41017000e+01   05.38680000e+01   04.09401000e+01   00.00000000e+00
  07.34035000e+01   05.18182000e+01   04.23494000e+01   00.00000000e+00
  07.38266000e+01   05.22821000e+01   04.37586000e+01   00.00000000e+00
  07.27979000e+01   05.31778000e+01   04.44421000e+01   00.00000000e+00
  07.31519000e+01   05.39305000e+01   04.57351000e+01   00.00000000e+00
  07.21363000e+01   05.51303000e+01   04.59987000e+01   00.00000000e+00
  07.46866000e+01   05.42650000e+01   04.58367000e+01   00.00000000e+00
  07.52024000e+01   05.53937000e+01   04.49279000e+01   00.00000000e+00
  07.66624000e+01   05.57047000e+01   04.53228000e+01   00.00000000e+00
  07.74111000e+01   05.67170000e+01   04.44435000e+01   00.00000000e+00
  07.68024000e+01   05.80892000e+01   04.45156000e+01   00.00000000e+00
  07.88036000e+01   05.68087000e+01   04.50099000e+01   00.00000000e+00
  06.34117000e+01   05.68077000e+01   03.61334000e+01   03.65717000e-02
  06.46423000e+01   05.53269000e+01   03.52639000e+01  -06.37550000e-03
  06.81498000e+01   06.01699000e+01   03.64744000e+01   01.79582000e-02
  06.88248000e+01   06.01125000e+01   03.47608000e+01   01.23366000e-02
  06.70919000e+01   06.07090000e+01   03.52196000e+01   01.80857000e-02
  06.10229000e+01   05.85451000e+01   03.92445000e+01  -03.55350000e-03
  05.99226000e+01   05.77692000e+01   03.80712000e+01  -05.48890000e-03
  06.10623000e+01   05.68900000e+01   03.92503000e+01  -05.73590000e-03
  06.23788000e+01   05.00880000e+01   03.46067000e+01  -01.16015000e-02
  06.16980000e+01   04.98189000e+01   03.62266000e+01  -01.03548000e-02
  06.06648000e+01   05.04860000e+01   03.48038000e+01  -01.10806000e-02
  06.51157000e+01   05.06432000e+01   03.20615000e+01  -06.50300000e-03
  06.60252000e+01   05.18882000e+01   03.12419000e+01  -03.84930000e-03
  06.67360000e+01   05.03322000e+01   03.15466000e+01  -06.75510000e-03
  07.08408000e+01   05.28919000e+01   03.02164000e+01   06.96000000e-05
  06.92937000e+01   05.36590000e+01   03.00487000e+01  -02.56130000e-03
  07.06670000e+01   05.45609000e+01   02.95587000e+01  -08.86000000e-04
  06.45618000e+01   06.10665000e+01   03.96143000e+01   02.66600000e-04
  06.47801000e+01   05.93745000e+01   03.95790000e+01   02.07780000e-03
  06.52526000e+01   06.04690000e+01   03.81360000e+01   03.44650000e-03
  05.83327000e+01   05.19051000e+01   03.80109000e+01   02.98050000e-03
  05.99328000e+01   05.07846000e+01   03.76950000e+01  -05.01900000e-04
  06.89553000e+01   05.01289000e+01   03.29411000e+01  -05.40000000e-06
  06.99220000e+01   05.12489000e+01   03.20454000e+01  -02.73660000e-03
  06.30105000e+01   06.07484000e+01   03.75272000e+01   06.65000000e-04
  06.23873000e+01   06.01091000e+01   03.89452000e+01  -04.07950000e-03
  06.98892000e+01   05.28719000e+01   03.38451000e+01   01.58140000e-02
  06.89660000e+01   05.19401000e+01   03.48416000e+01   09.11190000e-03
  07.88655000e+01   05.71975000e+01   04.60105000e+01   00.00000000e+00
  07.92810000e+01   05.58797000e+01   04.49219000e+01   00.00000000e+00
  07.93153000e+01   05.74526000e+01   04.42997000e+01   00.00000000e+00
  07.57744000e+01   05.79625000e+01   04.41938000e+01   00.00000000e+00
  07.67042000e+01   05.83319000e+01   04.55676000e+01   00.00000000e+00
  07.73786000e+01   05.87031000e+01   04.38190000e+01   00.00000000e+00
  07.65901000e+01   05.60951000e+01   04.63129000e+01   00.00000000e+00
  07.72071000e+01   05.48031000e+01   04.54248000e+01   00.00000000e+00
  07.50968000e+01   05.51183000e+01   04.39000000e+01   00.00000000e+00
  07.45535000e+01   05.63002000e+01   04.51757000e+01   00.00000000e+00
  07.47975000e+01   05.45426000e+01   04.69276000e+01   00.00000000e+00
  07.52550000e+01   05.33819000e+01   04.55496000e+01   00.00000000e+00
  07.22085000e+01   05.55782000e+01   04.70012000e+01   00.00000000e+00
  07.24100000e+01   05.59370000e+01   04.53322000e+01   00.00000000e+00
  07.11542000e+01   05.47366000e+01   04.57943000e+01   00.00000000e+00
  07.24673000e+01   05.39376000e+01   04.37403000e+01   00.00000000e+00
  07.19278000e+01   05.26406000e+01   04.46161000e+01   00.00000000e+00
  07.41325000e+01   05.14944000e+01   04.44085000e+01   00.00000000e+00
  07.47539000e+01   05.28528000e+01   04.36159000e+01   00.00000000e+00
  07.25037000e+01   05.12331000e+01   04.24469000e+01   00.00000000e+00
  07.41471000e+01   05.11595000e+01   04.19337000e+01   00.00000000e+00
  06.52688000e+01   05.97999000e+01   03.62140000e+01   07.20400000e-04
  06.07834000e+01   05.52163000e+01   03.74793000e+01  -02.39543000e-02
  06.40858000e+01   05.10215000e+01   03.39801000e+01   04.89340000e-03
  07.01477000e+01   05.50546000e+01   03.39397000e+01  -02.28199000e-02
  05.92726000e+01   05.37643000e+01   03.70945000e+01  -01.51750000e-03
  07.44610000e+01   05.43693000e+01   04.18526000e+01   00.00000000e+00
  07.49715000e+01   05.33349000e+01   04.06280000e+01   00.00000000e+00
  07.38389000e+01   05.47267000e+01   04.02297000e+01   00.00000000e+00
  07.21783000e+01   05.36492000e+01   04.17072000e+01   00.00000000e+00
  07.16135000e+01   05.14788000e+01   04.04922000e+01   00.00000000e+00
  07.31347000e+01   05.17291000e+01   03.95596000e+01   00.00000000e+00
  07.23474000e+01   05.38645000e+01   03.86920000e+01   00.00000000e+00
  07.09137000e+01   05.35166000e+01   03.94561000e+01   00.00000000e+00
  07.05988000e+01   05.29868000e+01   03.72633000e+01   00.00000000e+00
  07.04845000e+01   05.14609000e+01   03.80301000e+01   00.00000000e+00
  07.35531000e+01   05.34505000e+01   03.68652000e+01   00.00000000e+00
  07.39046000e+01   05.21910000e+01   03.56088000e+01   00.00000000e+00
  07.26127000e+01   05.31664000e+01   03.53499000e+01   00.00000000e+00
  06.66967000e+01   05.09077000e+01   03.41031000e+01   05.57290000e-03
  06.79005000e+01   05.28083000e+01   03.21792000e+01  -01.28866000e-02
  07.28619000e+01   04.99712000e+01   03.75424000e+01   00.00000000e+00
  07.74779000e+01   05.64545000e+01   04.34082000e+01   00.00000000e+00
  07.29326000e+01   05.31831000e+01   04.65348000e+01   00.00000000e+00
  07.12997000e+01   04.87742000e+01   03.63493000e+01  -01.99830000e-03
  07.25925000e+01   04.88738000e+01   03.51902000e+01  -01.85290000e-03
