  07.10288000e+01   05.13797000e+01   03.39724000e+01  -06.11779000e-02
  06.18435000e+01   05.16259000e+01   03.65099000e+01   01.75852000e-02
  06.47722000e+01   05.91810000e+01   03.85479000e+01   01.01800000e-02
  07.15304000e+01   05.65589000e+01   03.43617000e+01  -01.32723000e-02
  06.79260000e+01   05.32269000e+01   03.43099000e+01  -04.57645000e-02
  07.08870000e+01   05.10379000e+01   03.54484000e+01   02.46758000e-02
  06.14753000e+01   05.17266000e+01   03.77905000e+01  -01.71993000e-02
  06.58696000e+01   05.93262000e+01   03.96020000e+01  -09.39340000e-03
  07.13884000e+01   05.50151000e+01   03.40086000e+01   07.66074000e-02
  06.51695000e+01   05.32004000e+01   03.54416000e+01   09.44338000e-02
  07.25630000e+01   05.72200000e+01   03.42473000e+01   01.54319000e-02
  07.21838000e+01   05.08560000e+01   03.63002000e+01  -01.56515000e-02
  07.19620000e+01   05.48479000e+01   03.25652000e+01  -02.00050000e-02
  06.80602000e+01   05.60773000e+01   03.53398000e+01  -08.09918000e-02
  07.35368000e+01   05.34884000e+01   03.12807000e+01   04.03650000e-03
  06.99043000e+01   05.46012000e+01   03.42867000e+01  -01.43447000e-01
  06.63073000e+01   05.15149000e+01   03.40251000e+01   01.23287000e-02
  06.35710000e+01   05.44763000e+01   03.68413000e+01   02.21683000e-01
  06.70968000e+01   05.79599000e+01   03.65219000e+01  -05.42921000e-02
  06.82761000e+01   05.09829000e+01   03.14741000e+01   02.66866000e-02
  06.37552000e+01   04.97703000e+01   03.46186000e+01   04.35609000e-02
  06.25404000e+01   05.67740000e+01   03.87141000e+01   02.36507000e-02
  07.00078000e+01   05.93362000e+01   03.55541000e+01  -06.09964000e-02
  07.45569000e+01   05.13722000e+01   03.63785000e+01   08.71130000e-03
  06.92812000e+01   05.33848000e+01   03.40170000e+01   01.26858000e-01
  06.51835000e+01   05.19919000e+01   03.47581000e+01  -03.45042000e-02
  06.42375000e+01   05.57198000e+01   03.71028000e+01  -02.04376000e-01
  06.81727000e+01   05.73660000e+01   03.58405000e+01   07.60142000e-02
  07.24013000e+01   05.01234000e+01   03.72474000e+01   05.08730000e-03
  07.14732000e+01   05.53360000e+01   03.15476000e+01   06.92200000e-04
  07.46595000e+01   05.23180000e+01   03.75971000e+01   00.00000000e+00
  06.98656000e+01   05.20967000e+01   03.32539000e+01   07.64245000e-02
  06.39774000e+01   05.12199000e+01   03.50294000e+01  -04.66821000e-02
  06.38220000e+01   05.68327000e+01   03.79516000e+01   01.65461000e-02
  06.94908000e+01   05.79152000e+01   03.54239000e+01   05.49912000e-02
  07.32792000e+01   05.15500000e+01   03.57195000e+01   03.30200000e-04
  07.30629000e+01   05.40757000e+01   03.25715000e+01   04.02810000e-03
  07.47203000e+01   05.20362000e+01   03.89249000e+01   00.00000000e+00
  06.86085000e+01   05.12507000e+01   03.30362000e+01  -04.69336000e-02
  06.31679000e+01   05.20418000e+01   03.58827000e+01  -07.68710000e-03
  06.48167000e+01   05.78409000e+01   03.78312000e+01  -03.37389000e-02
  07.01893000e+01   05.69041000e+01   03.48107000e+01   03.64969000e-02
  07.35680000e+01   05.18429000e+01   03.98764000e+01   00.00000000e+00
  06.75558000e+01   05.20507000e+01   03.38802000e+01  -09.58259000e-02
  06.39525000e+01   05.32885000e+01   03.60903000e+01  -01.77941000e-01
  06.58511000e+01   05.73096000e+01   03.69680000e+01   06.74294000e-02
  06.93303000e+01   05.57507000e+01   03.48733000e+01   01.44326000e-01
  07.61289000e+01   05.19742000e+01   03.94576000e+01   00.00000000e+00
  07.64746000e+01   05.29766000e+01   04.05672000e+01   00.00000000e+00
  07.63324000e+01   05.44301000e+01   04.01071000e+01   00.00000000e+00
  07.71930000e+01   05.54880000e+01   04.08342000e+01   00.00000000e+00
  07.86548000e+01   05.56541000e+01   04.03761000e+01   00.00000000e+00
  07.69752000e+01   05.54732000e+01   04.23545000e+01   00.00000000e+00
  07.75197000e+01   05.66742000e+01   04.31600000e+01   00.00000000e+00
  07.70810000e+01   05.64123000e+01   04.46766000e+01   00.00000000e+00
  07.76610000e+01   05.73028000e+01   04.58260000e+01   00.00000000e+00
  07.92455000e+01   05.73218000e+01   04.58553000e+01   00.00000000e+00
  07.70814000e+01   05.69544000e+01   04.72703000e+01   00.00000000e+00
  07.55516000e+01   05.70517000e+01   04.73064000e+01   00.00000000e+00
  07.49390000e+01   05.65745000e+01   04.86677000e+01   00.00000000e+00
  07.33990000e+01   05.62482000e+01   04.86293000e+01   00.00000000e+00
  07.28407000e+01   05.62076000e+01   05.00456000e+01   00.00000000e+00
  07.25934000e+01   05.70597000e+01   04.77185000e+01   00.00000000e+00
  06.54863000e+01   05.60208000e+01   03.65523000e+01   03.65717000e-02
  06.66109000e+01   05.47010000e+01   03.53776000e+01  -06.37550000e-03
  07.04922000e+01   05.97547000e+01   03.46512000e+01   01.79582000e-02
  06.91518000e+01   05.99241000e+01   03.58838000e+01   01.23366000e-02
  07.07714000e+01   05.94789000e+01   03.63073000e+01   01.80857000e-02
  06.28002000e+01   05.67753000e+01   03.97603000e+01  -03.55350000e-03
  06.19069000e+01   05.75939000e+01   03.84222000e+01  -05.48890000e-03
  06.19671000e+01   05.58805000e+01   03.85177000e+01  -05.73590000e-03
  06.46530000e+01   04.91934000e+01   03.49310000e+01  -01.16015000e-02
  06.29353000e+01   04.92935000e+01   03.50440000e+01  -01.03548000e-02
  06.35846000e+01   04.96283000e+01   03.35277000e+01  -01.10806000e-02
  06.79630000e+01   05.18307000e+01   03.09258000e+01  -06.50300000e-03
  06.90757000e+01   05.05120000e+01   03.09798000e+01  -03.84930000e-03
  06.74182000e+01   05.03752000e+01   03.13758000e+01  -06.75510000e-03
  07.45787000e+01   05.29660000e+01   03.14652000e+01   06.96000000e-05
  07.28103000e+01   05.27257000e+01   03.09050000e+01  -02.56130000e-03
  07.35974000e+01   05.42540000e+01   03.05465000e+01  -08.86000000e-04
  06.59498000e+01   06.03530000e+01   04.00514000e+01   02.66600000e-04
  06.56917000e+01   05.85869000e+01   04.04241000e+01   02.07780000e-03
  06.68560000e+01   05.91093000e+01   03.92119000e+01   03.44650000e-03
  06.05249000e+01   05.13034000e+01   03.81599000e+01   02.98050000e-03
  06.21733000e+01   05.21569000e+01   03.85781000e+01  -05.01900000e-04
  07.02002000e+01   05.18193000e+01   03.59268000e+01  -05.40000000e-06
  07.02806000e+01   05.01374000e+01   03.54422000e+01  -02.73660000e-03
  06.48670000e+01   06.00213000e+01   03.78944000e+01   06.65000000e-04
  06.39038000e+01   05.93740000e+01   03.91701000e+01  -04.07950000e-03
  07.12165000e+01   05.04704000e+01   03.34377000e+01   01.58140000e-02
  07.18618000e+01   05.20347000e+01   03.38131000e+01   09.11190000e-03
  07.29997000e+01   05.70521000e+01   04.67777000e+01   00.00000000e+00
  07.15573000e+01   05.66043000e+01   04.77050000e+01   00.00000000e+00
  07.24963000e+01   05.80757000e+01   04.81144000e+01   00.00000000e+00
  07.17082000e+01   05.61985000e+01   05.00722000e+01   00.00000000e+00
  07.33457000e+01   05.53401000e+01   05.05515000e+01   00.00000000e+00
  07.30182000e+01   05.72225000e+01   05.05440000e+01   00.00000000e+00
  07.54850000e+01   05.57266000e+01   04.90439000e+01   00.00000000e+00
  07.51449000e+01   05.73565000e+01   04.93812000e+01   00.00000000e+00
  07.53217000e+01   05.81115000e+01   04.71692000e+01   00.00000000e+00
  07.51026000e+01   05.63934000e+01   04.65914000e+01   00.00000000e+00
  07.72658000e+01   05.58985000e+01   04.74143000e+01   00.00000000e+00
  07.75297000e+01   05.73959000e+01   04.81131000e+01   00.00000000e+00
  07.96662000e+01   05.74774000e+01   04.49055000e+01   00.00000000e+00
  07.95627000e+01   05.81246000e+01   04.64571000e+01   00.00000000e+00
  07.96382000e+01   05.64247000e+01   04.63758000e+01   00.00000000e+00
  07.60123000e+01   05.64591000e+01   04.46399000e+01   00.00000000e+00
  07.75245000e+01   05.54001000e+01   04.48396000e+01   00.00000000e+00
  07.85368000e+01   05.68092000e+01   04.30097000e+01   00.00000000e+00
  07.69832000e+01   05.75667000e+01   04.27907000e+01   00.00000000e+00
  07.58769000e+01   05.54444000e+01   04.24225000e+01   00.00000000e+00
  07.73904000e+01   05.45497000e+01   04.28333000e+01   00.00000000e+00
  06.73492000e+01   05.89619000e+01   03.69343000e+01   07.20400000e-04
  06.25184000e+01   05.43498000e+01   03.71776000e+01  -02.39543000e-02
  06.60975000e+01   05.05331000e+01   03.36600000e+01   04.89340000e-03
  07.20044000e+01   05.44547000e+01   03.46818000e+01  -02.28199000e-02
  06.10404000e+01   05.12409000e+01   03.58518000e+01  -01.51750000e-03
  07.86136000e+01   05.55886000e+01   03.92788000e+01   00.00000000e+00
  07.90788000e+01   05.66153000e+01   04.07345000e+01   00.00000000e+00
  07.93286000e+01   05.48347000e+01   04.07134000e+01   00.00000000e+00
  07.66832000e+01   05.64246000e+01   04.06791000e+01   00.00000000e+00
  07.66188000e+01   05.46147000e+01   03.91502000e+01   00.00000000e+00
  07.52438000e+01   05.47361000e+01   04.00613000e+01   00.00000000e+00
  07.58341000e+01   05.28744000e+01   04.14719000e+01   00.00000000e+00
  07.75351000e+01   05.27451000e+01   04.08418000e+01   00.00000000e+00
  07.61997000e+01   05.09882000e+01   03.99741000e+01   00.00000000e+00
  07.68894000e+01   05.20650000e+01   03.85936000e+01   00.00000000e+00
  07.26838000e+01   05.24902000e+01   03.97687000e+01   00.00000000e+00
  07.32347000e+01   05.07864000e+01   03.98654000e+01   00.00000000e+00
  07.37412000e+01   05.20507000e+01   04.09624000e+01   00.00000000e+00
  06.86618000e+01   05.03300000e+01   03.36470000e+01   05.57290000e-03
  07.01820000e+01   05.25082000e+01   03.22725000e+01  -01.28866000e-02
  07.46636000e+01   05.33816000e+01   03.74475000e+01   00.00000000e+00
  07.34310000e+01   05.52451000e+01   04.82771000e+01   00.00000000e+00
  07.75007000e+01   05.83603000e+01   04.55799000e+01   00.00000000e+00
  07.47496000e+01   05.02986000e+01   03.66670000e+01  -01.99830000e-03
  07.54276000e+01   05.16124000e+01   03.57311000e+01  -01.85290000e-03
