  07.07473000e+01   05.15026000e+01   03.50075000e+01  -06.11779000e-02
  06.13533000e+01   05.23259000e+01   03.67749000e+01   01.75852000e-02
  06.46195000e+01   05.95906000e+01   03.81418000e+01   01.01800000e-02
  07.14187000e+01   05.64096000e+01   03.47002000e+01  -01.32723000e-02
  06.77343000e+01   05.31984000e+01   03.46726000e+01  -04.57645000e-02
  07.02337000e+01   05.14154000e+01   03.64468000e+01   02.46758000e-02
  06.03425000e+01   05.17498000e+01   03.60606000e+01  -01.71993000e-02
  06.43994000e+01   05.96019000e+01   03.96902000e+01  -09.39340000e-03
  07.12493000e+01   05.48622000e+01   03.42793000e+01   07.66074000e-02
  06.48725000e+01   05.33429000e+01   03.57925000e+01   09.44338000e-02
  07.24986000e+01   05.68905000e+01   03.46916000e+01   01.54319000e-02
  07.10553000e+01   05.06733000e+01   03.74544000e+01  -01.56515000e-02
  07.17086000e+01   05.47097000e+01   03.28601000e+01  -02.00050000e-02
  06.79293000e+01   05.61414000e+01   03.53582000e+01  -08.09918000e-02
  07.32769000e+01   05.36210000e+01   03.14855000e+01   04.03650000e-03
  06.97532000e+01   05.45481000e+01   03.46083000e+01  -01.43447000e-01
  06.59798000e+01   05.15093000e+01   03.45844000e+01   01.23287000e-02
  06.32934000e+01   05.47661000e+01   03.70991000e+01   02.21683000e-01
  06.68525000e+01   05.81040000e+01   03.64114000e+01  -05.42921000e-02
  06.81357000e+01   05.05620000e+01   03.25071000e+01   02.66866000e-02
  06.31754000e+01   05.00140000e+01   03.50698000e+01   04.35609000e-02
  06.21787000e+01   05.73493000e+01   03.84274000e+01   02.36507000e-02
  06.97730000e+01   05.94017000e+01   03.58858000e+01  -06.09964000e-02
  07.33566000e+01   05.07267000e+01   03.83409000e+01   08.71130000e-03
  06.90812000e+01   05.33430000e+01   03.43736000e+01   01.26858000e-01
  06.48725000e+01   05.20901000e+01   03.52895000e+01  -03.45042000e-02
  06.40030000e+01   05.59561000e+01   03.71976000e+01  -02.04376000e-01
  06.79706000e+01   05.74782000e+01   03.58007000e+01   07.60142000e-02
  07.07504000e+01   04.97051000e+01   03.81325000e+01   05.08730000e-03
  07.11220000e+01   05.50652000e+01   03.18193000e+01   06.92200000e-04
  07.41059000e+01   05.18773000e+01   03.90517000e+01   00.00000000e+00
  06.96646000e+01   05.20079000e+01   03.39920000e+01   07.64245000e-02
  06.35568000e+01   05.14472000e+01   03.54815000e+01  -04.66821000e-02
  06.35850000e+01   05.71512000e+01   03.78395000e+01   01.65461000e-02
  06.93221000e+01   05.79863000e+01   03.55094000e+01   05.49912000e-02
  07.22763000e+01   05.13570000e+01   03.76004000e+01   03.30200000e-04
  07.28736000e+01   05.40031000e+01   03.27860000e+01   04.02810000e-03
  07.45174000e+01   05.18192000e+01   04.03215000e+01   00.00000000e+00
  06.84106000e+01   05.11139000e+01   03.38967000e+01  -04.69336000e-02
  06.27743000e+01   05.23796000e+01   03.62409000e+01  -07.68710000e-03
  06.45838000e+01   05.80818000e+01   03.76211000e+01  -03.37389000e-02
  07.00710000e+01   05.68570000e+01   03.50862000e+01   03.64969000e-02
  07.36461000e+01   05.22472000e+01   04.14456000e+01   00.00000000e+00
  06.73109000e+01   05.19886000e+01   03.43856000e+01  -09.58259000e-02
  06.36670000e+01   05.35619000e+01   03.64243000e+01  -01.77941000e-01
  06.56151000e+01   05.75034000e+01   03.68139000e+01   06.74294000e-02
  06.91811000e+01   05.57747000e+01   03.50257000e+01   01.44326000e-01
  07.59020000e+01   05.13064000e+01   04.06123000e+01   00.00000000e+00
  07.68749000e+01   05.23065000e+01   04.12658000e+01   00.00000000e+00
  07.68615000e+01   05.36438000e+01   04.06021000e+01   00.00000000e+00
  07.76881000e+01   05.48387000e+01   04.11283000e+01   00.00000000e+00
  07.91729000e+01   05.47725000e+01   04.07453000e+01   00.00000000e+00
  07.75841000e+01   05.51276000e+01   04.26799000e+01   00.00000000e+00
  07.83280000e+01   05.63407000e+01   04.31512000e+01   00.00000000e+00
  07.80458000e+01   05.65655000e+01   04.46473000e+01   00.00000000e+00
  07.88671000e+01   05.76600000e+01   04.54455000e+01   00.00000000e+00
  08.04095000e+01   05.76698000e+01   04.52092000e+01   00.00000000e+00
  07.85392000e+01   05.75100000e+01   04.69765000e+01   00.00000000e+00
  07.70912000e+01   05.77117000e+01   04.73499000e+01   00.00000000e+00
  07.68706000e+01   05.77231000e+01   04.88353000e+01   00.00000000e+00
  07.54274000e+01   05.80576000e+01   04.92680000e+01   00.00000000e+00
  07.43627000e+01   05.69582000e+01   04.88647000e+01   00.00000000e+00
  07.55102000e+01   05.83605000e+01   05.08082000e+01   00.00000000e+00
  06.52224000e+01   05.61478000e+01   03.66048000e+01   03.65717000e-02
  06.63799000e+01   05.47253000e+01   03.55936000e+01  -06.37550000e-03
  06.91512000e+01   06.01566000e+01   03.53970000e+01   01.79582000e-02
  06.97975000e+01   05.95419000e+01   03.69799000e+01   01.23366000e-02
  07.07979000e+01   05.95299000e+01   03.55177000e+01   01.80857000e-02
  06.20381000e+01   05.83872000e+01   03.83246000e+01  -03.55350000e-03
  06.13710000e+01   05.67826000e+01   03.79815000e+01  -05.48890000e-03
  06.22809000e+01   05.70400000e+01   03.94573000e+01  -05.73590000e-03
  06.38545000e+01   04.92872000e+01   03.55720000e+01  -01.16015000e-02
  06.20863000e+01   04.97970000e+01   03.51475000e+01  -01.03548000e-02
  06.33105000e+01   04.98442000e+01   03.40202000e+01  -01.10806000e-02
  06.71139000e+01   05.00640000e+01   03.24154000e+01  -06.50300000e-03
  06.82850000e+01   05.13846000e+01   03.18371000e+01  -03.84930000e-03
  06.89520000e+01   04.99054000e+01   03.22412000e+01  -06.75510000e-03
  07.39436000e+01   05.27455000e+01   03.15791000e+01   06.96000000e-05
  07.24545000e+01   05.32081000e+01   03.09350000e+01  -02.56130000e-03
  07.37356000e+01   05.45036000e+01   03.11367000e+01  -08.86000000e-04
  06.52875000e+01   05.91513000e+01   04.01414000e+01   02.66600000e-04
  06.44276000e+01   06.06303000e+01   04.00440000e+01   02.07780000e-03
  06.34681000e+01   05.91709000e+01   04.00278000e+01   03.44650000e-03
  05.93162000e+01   05.16999000e+01   03.64425000e+01   02.98050000e-03
  06.05444000e+01   05.14165000e+01   03.50275000e+01  -05.01900000e-04
  06.99416000e+01   05.24088000e+01   03.69013000e+01  -05.40000000e-06
  06.93628000e+01   05.07713000e+01   03.63972000e+01  -02.73660000e-03
  06.56129000e+01   06.00450000e+01   03.80013000e+01   06.65000000e-04
  06.38206000e+01   06.02495000e+01   03.77810000e+01  -04.07950000e-03
  07.10233000e+01   05.05326000e+01   03.47045000e+01   01.58140000e-02
  07.14887000e+01   05.22980000e+01   03.48772000e+01   09.11190000e-03
  07.61715000e+01   05.92091000e+01   05.10307000e+01   00.00000000e+00
  07.44864000e+01   05.86041000e+01   05.11065000e+01   00.00000000e+00
  07.58738000e+01   05.74612000e+01   05.12958000e+01   00.00000000e+00
  07.39234000e+01   05.71147000e+01   04.78409000e+01   00.00000000e+00
  07.48279000e+01   05.59911000e+01   04.89273000e+01   00.00000000e+00
  07.35464000e+01   05.70834000e+01   04.95270000e+01   00.00000000e+00
  07.70979000e+01   05.67895000e+01   04.93154000e+01   00.00000000e+00
  07.74903000e+01   05.85029000e+01   04.92706000e+01   00.00000000e+00
  07.66696000e+01   05.86507000e+01   04.68686000e+01   00.00000000e+00
  07.65735000e+01   05.68220000e+01   04.69920000e+01   00.00000000e+00
  07.89001000e+01   05.66080000e+01   04.73882000e+01   00.00000000e+00
  07.90215000e+01   05.83169000e+01   04.74072000e+01   00.00000000e+00
  08.07889000e+01   05.78486000e+01   04.42237000e+01   00.00000000e+00
  08.07614000e+01   05.85118000e+01   04.58093000e+01   00.00000000e+00
  08.08759000e+01   05.68456000e+01   04.56649000e+01   00.00000000e+00
  07.70056000e+01   05.67814000e+01   04.47728000e+01   00.00000000e+00
  07.82489000e+01   05.55811000e+01   04.51661000e+01   00.00000000e+00
  07.93179000e+01   05.61917000e+01   04.28538000e+01   00.00000000e+00
  07.78711000e+01   05.72312000e+01   04.26223000e+01   00.00000000e+00
  07.65343000e+01   05.52487000e+01   04.29781000e+01   00.00000000e+00
  07.79661000e+01   05.43089000e+01   04.33472000e+01   00.00000000e+00
  06.69782000e+01   05.91524000e+01   03.65981000e+01   07.20400000e-04
  06.22727000e+01   05.48388000e+01   03.74442000e+01  -02.39543000e-02
  06.57436000e+01   05.03948000e+01   03.44118000e+01   04.89340000e-03
  07.19299000e+01   05.45025000e+01   03.50495000e+01  -02.28199000e-02
  06.12131000e+01   05.26643000e+01   03.78423000e+01  -01.51750000e-03
  07.91409000e+01   05.44281000e+01   03.97292000e+01   00.00000000e+00
  07.96287000e+01   05.57652000e+01   04.07475000e+01   00.00000000e+00
  07.97870000e+01   05.40899000e+01   04.12644000e+01   00.00000000e+00
  07.73060000e+01   05.56637000e+01   04.06104000e+01   00.00000000e+00
  07.70534000e+01   05.34431000e+01   03.95310000e+01   00.00000000e+00
  07.58512000e+01   05.40851000e+01   04.06907000e+01   00.00000000e+00
  07.65328000e+01   05.22991000e+01   04.22643000e+01   00.00000000e+00
  07.78901000e+01   05.18526000e+01   04.12388000e+01   00.00000000e+00
  07.58985000e+01   05.04631000e+01   04.12398000e+01   00.00000000e+00
  07.63238000e+01   05.08238000e+01   03.96572000e+01   00.00000000e+00
  07.40766000e+01   05.30482000e+01   04.19605000e+01   00.00000000e+00
  07.26375000e+01   05.25525000e+01   04.11981000e+01   00.00000000e+00
  07.34833000e+01   05.14093000e+01   04.21367000e+01   00.00000000e+00
  06.84708000e+01   05.01926000e+01   03.44807000e+01   05.57290000e-03
  07.02609000e+01   05.20910000e+01   03.30743000e+01  -01.28866000e-02
  07.42179000e+01   05.28542000e+01   03.84599000e+01   00.00000000e+00
  07.51301000e+01   05.89718000e+01   04.87066000e+01   00.00000000e+00
  07.84512000e+01   05.86250000e+01   04.51749000e+01   00.00000000e+00
  07.30480000e+01   04.99874000e+01   03.90935000e+01  -01.99830000e-03
  07.41211000e+01   05.02086000e+01   03.76777000e+01  -01.85290000e-03
