  07.02048000e+01   05.19739000e+01   03.60779000e+01  -06.11779000e-02
  06.05609000e+01   05.18389000e+01   03.70885000e+01   01.75852000e-02
  06.32270000e+01   05.91024000e+01   03.95989000e+01   01.01800000e-02
  06.99875000e+01   05.70538000e+01   03.57148000e+01  -01.32723000e-02
  06.68958000e+01   05.33985000e+01   03.59233000e+01  -04.57645000e-02
  07.10312000e+01   05.08038000e+01   03.55314000e+01   02.46758000e-02
  05.97434000e+01   05.22746000e+01   03.80768000e+01  -01.71993000e-02
  06.44566000e+01   05.93367000e+01   04.05497000e+01  -09.39340000e-03
  07.00968000e+01   05.55203000e+01   03.53069000e+01   07.66074000e-02
  06.39887000e+01   05.32916000e+01   03.66839000e+01   09.44338000e-02
  07.08365000e+01   05.79179000e+01   03.55929000e+01   01.54319000e-02
  07.23977000e+01   05.04546000e+01   03.61214000e+01  -01.56515000e-02
  07.04701000e+01   05.53062000e+01   03.38761000e+01  -02.00050000e-02
  06.66320000e+01   05.62521000e+01   03.65405000e+01  -08.09918000e-02
  07.15237000e+01   05.39097000e+01   03.22299000e+01   04.03650000e-03
  06.87310000e+01   05.49611000e+01   03.57365000e+01  -01.43447000e-01
  06.53918000e+01   05.15202000e+01   03.57535000e+01   01.23287000e-02
  06.20673000e+01   05.45764000e+01   03.75218000e+01   02.21683000e-01
  06.54088000e+01   05.80428000e+01   03.75970000e+01  -05.42921000e-02
  06.77432000e+01   05.05926000e+01   03.36908000e+01   02.66866000e-02
  06.28044000e+01   04.98419000e+01   03.57027000e+01   04.35609000e-02
  06.08022000e+01   05.68746000e+01   03.92292000e+01   02.36507000e-02
  06.81377000e+01   05.96399000e+01   03.71097000e+01  -06.09964000e-02
  07.34674000e+01   04.94099000e+01   03.80317000e+01   08.71130000e-03
  06.82176000e+01   05.37048000e+01   03.56698000e+01   01.26858000e-01
  06.41643000e+01   05.20291000e+01   03.61409000e+01  -03.45042000e-02
  06.26550000e+01   05.57684000e+01   03.78405000e+01  -02.04376000e-01
  06.65341000e+01   05.75567000e+01   03.69769000e+01   07.60142000e-02
  07.34748000e+01   05.07496000e+01   03.56600000e+01   05.08730000e-03
  07.00209000e+01   05.59776000e+01   03.29373000e+01   06.92200000e-04
  07.39765000e+01   05.06069000e+01   03.86908000e+01   00.00000000e+00
  06.90206000e+01   05.24350000e+01   03.51653000e+01   07.64245000e-02
  06.29814000e+01   05.12899000e+01   03.62665000e+01  -04.66821000e-02
  06.21572000e+01   05.68930000e+01   03.86286000e+01   01.65461000e-02
  06.78007000e+01   05.82458000e+01   03.68150000e+01   05.49912000e-02
  07.22403000e+01   04.97417000e+01   03.72835000e+01   03.30200000e-04
  07.12893000e+01   05.42346000e+01   03.36633000e+01   04.02810000e-03
  07.34643000e+01   05.14594000e+01   03.95813000e+01   00.00000000e+00
  06.79124000e+01   05.13238000e+01   03.50722000e+01  -04.69336000e-02
  06.19897000e+01   05.21159000e+01   03.68430000e+01  -07.68710000e-03
  06.31417000e+01   05.77827000e+01   03.87401000e+01  -03.37389000e-02
  06.86561000e+01   05.72780000e+01   03.62552000e+01   03.64969000e-02
  07.26462000e+01   05.26882000e+01   03.92859000e+01   00.00000000e+00
  06.66793000e+01   05.20263000e+01   03.56623000e+01  -09.58259000e-02
  06.26625000e+01   05.34154000e+01   03.70398000e+01  -01.77941000e-01
  06.41961000e+01   05.73296000e+01   03.78771000e+01   06.74294000e-02
  06.79313000e+01   05.60455000e+01   03.62608000e+01   01.44326000e-01
  07.38948000e+01   05.13420000e+01   04.10517000e+01   00.00000000e+00
  07.52475000e+01   05.17687000e+01   04.14663000e+01   00.00000000e+00
  07.53616000e+01   05.32474000e+01   04.15373000e+01   00.00000000e+00
  07.45401000e+01   05.40838000e+01   04.25707000e+01   00.00000000e+00
  07.46507000e+01   05.56135000e+01   04.23397000e+01   00.00000000e+00
  07.49994000e+01   05.37390000e+01   04.40357000e+01   00.00000000e+00
  07.42429000e+01   05.44661000e+01   04.50985000e+01   00.00000000e+00
  07.47079000e+01   05.39963000e+01   04.64659000e+01   00.00000000e+00
  07.43372000e+01   05.49405000e+01   04.76707000e+01   00.00000000e+00
  07.28276000e+01   05.53754000e+01   04.76508000e+01   00.00000000e+00
  07.53724000e+01   05.61348000e+01   04.78705000e+01   00.00000000e+00
  07.52620000e+01   05.69937000e+01   04.92410000e+01   00.00000000e+00
  07.60987000e+01   05.82964000e+01   04.91115000e+01   00.00000000e+00
  07.59030000e+01   05.94913000e+01   05.01390000e+01   00.00000000e+00
  07.61347000e+01   05.91829000e+01   05.16889000e+01   00.00000000e+00
  07.68136000e+01   06.06830000e+01   04.98277000e+01   00.00000000e+00
  06.39128000e+01   05.60765000e+01   03.74557000e+01   03.65717000e-02
  06.53258000e+01   05.47637000e+01   03.66134000e+01  -06.37550000e-03
  06.84531000e+01   05.97670000e+01   03.81826000e+01   01.79582000e-02
  06.89512000e+01   05.98385000e+01   03.64880000e+01   01.23366000e-02
  06.73925000e+01   06.03860000e+01   03.69097000e+01   01.80857000e-02
  06.06049000e+01   05.62624000e+01   04.01005000e+01  -03.55350000e-03
  06.05112000e+01   05.79420000e+01   03.94778000e+01  -05.48890000e-03
  06.01810000e+01   05.65670000e+01   03.84022000e+01  -05.73590000e-03
  06.32783000e+01   04.92009000e+01   03.64240000e+01  -01.16015000e-02
  06.17431000e+01   04.96492000e+01   03.56534000e+01  -01.03548000e-02
  06.32896000e+01   04.96418000e+01   03.47709000e+01  -01.10806000e-02
  06.86780000e+01   05.01199000e+01   03.33209000e+01  -06.50300000e-03
  06.69998000e+01   04.98448000e+01   03.35403000e+01  -03.84930000e-03
  06.76065000e+01   05.12638000e+01   03.29475000e+01  -06.75510000e-03
  07.23731000e+01   05.44282000e+01   03.18354000e+01   06.96000000e-05
  07.18406000e+01   05.28337000e+01   03.21964000e+01  -02.56130000e-03
  07.06031000e+01   05.39457000e+01   03.16363000e+01  -08.86000000e-04
  06.47374000e+01   06.03272000e+01   04.07531000e+01   02.66600000e-04
  06.42321000e+01   05.88986000e+01   04.15046000e+01   02.07780000e-03
  06.52706000e+01   05.87892000e+01   04.01600000e+01   03.44650000e-03
  05.86761000e+01   05.19969000e+01   03.81344000e+01   02.98050000e-03
  06.01455000e+01   05.28110000e+01   03.89751000e+01  -05.01900000e-04
  07.04987000e+01   04.98919000e+01   03.56659000e+01  -05.40000000e-06
  07.12763000e+01   05.11359000e+01   03.45077000e+01  -02.73660000e-03
  06.31319000e+01   05.99378000e+01   03.89098000e+01   06.65000000e-04
  06.23893000e+01   05.91037000e+01   04.02968000e+01  -04.07950000e-03
  07.09054000e+01   05.27822000e+01   03.61191000e+01   01.58140000e-02
  06.99929000e+01   05.17677000e+01   03.70969000e+01   09.11190000e-03
  07.78179000e+01   06.06495000e+01   05.02445000e+01   00.00000000e+00
  07.69735000e+01   06.07462000e+01   04.87932000e+01   00.00000000e+00
  07.63111000e+01   06.15839000e+01   05.02054000e+01   00.00000000e+00
  07.58826000e+01   06.00346000e+01   05.22872000e+01   00.00000000e+00
  07.54934000e+01   05.83532000e+01   05.20124000e+01   00.00000000e+00
  07.71304000e+01   05.89072000e+01   05.17909000e+01   00.00000000e+00
  07.71462000e+01   05.79925000e+01   04.92978000e+01   00.00000000e+00
  07.60988000e+01   05.88445000e+01   04.81704000e+01   00.00000000e+00
  07.42214000e+01   05.72303000e+01   04.92846000e+01   00.00000000e+00
  07.56200000e+01   05.64815000e+01   05.01331000e+01   00.00000000e+00
  07.63484000e+01   05.57596000e+01   04.77591000e+01   00.00000000e+00
  07.52199000e+01   05.69634000e+01   04.70739000e+01   00.00000000e+00
  07.22748000e+01   05.45599000e+01   04.71503000e+01   00.00000000e+00
  07.25036000e+01   05.57418000e+01   04.86940000e+01   00.00000000e+00
  07.27299000e+01   05.62385000e+01   04.70052000e+01   00.00000000e+00
  07.41213000e+01   05.30918000e+01   04.66762000e+01   00.00000000e+00
  07.57947000e+01   05.38093000e+01   04.64773000e+01   00.00000000e+00
  07.43392000e+01   05.55561000e+01   04.50087000e+01   00.00000000e+00
  07.31955000e+01   05.43136000e+01   04.50598000e+01   00.00000000e+00
  07.49876000e+01   05.26510000e+01   04.42751000e+01   00.00000000e+00
  07.60460000e+01   05.40529000e+01   04.40940000e+01   00.00000000e+00
  06.54015000e+01   05.91386000e+01   03.78889000e+01   07.20400000e-04
  06.10917000e+01   05.43065000e+01   03.78228000e+01  -02.39543000e-02
  06.53826000e+01   05.04260000e+01   03.55848000e+01   04.89340000e-03
  07.07330000e+01   05.50523000e+01   03.59892000e+01  -02.28199000e-02
  06.00591000e+01   05.11244000e+01   03.63949000e+01  -01.51750000e-03
  07.55599000e+01   05.59673000e+01   04.28554000e+01   00.00000000e+00
  07.46437000e+01   05.59222000e+01   04.12584000e+01   00.00000000e+00
  07.38280000e+01   05.59648000e+01   04.28966000e+01   00.00000000e+00
  07.34969000e+01   05.37403000e+01   04.24785000e+01   00.00000000e+00
  07.64044000e+01   05.34577000e+01   04.16048000e+01   00.00000000e+00
  07.49459000e+01   05.36141000e+01   04.06065000e+01   00.00000000e+00
  07.54562000e+01   05.14489000e+01   04.24936000e+01   00.00000000e+00
  07.60680000e+01   05.13704000e+01   04.08181000e+01   00.00000000e+00
  07.32027000e+01   05.18479000e+01   04.17483000e+01   00.00000000e+00
  07.37606000e+01   05.02612000e+01   04.11104000e+01   00.00000000e+00
  07.17603000e+01   05.27627000e+01   03.99464000e+01   00.00000000e+00
  07.32227000e+01   05.35881000e+01   03.93673000e+01   00.00000000e+00
  07.22730000e+01   05.27196000e+01   03.81830000e+01   00.00000000e+00
  06.81730000e+01   05.05237000e+01   03.57538000e+01   05.57290000e-03
  06.92491000e+01   05.26180000e+01   03.41551000e+01  -01.28866000e-02
  07.48911000e+01   05.08542000e+01   03.82164000e+01   00.00000000e+00
  07.48183000e+01   05.96350000e+01   05.01334000e+01   00.00000000e+00
  07.43597000e+01   05.42881000e+01   04.85653000e+01   00.00000000e+00
  07.31324000e+01   04.88011000e+01   03.88896000e+01  -01.99830000e-03
  07.42895000e+01   04.89024000e+01   03.74662000e+01  -01.85290000e-03
