  07.14426000e+01   05.11087000e+01   03.53732000e+01  -06.11779000e-02
  06.21729000e+01   05.11101000e+01   03.78419000e+01   01.75852000e-02
  06.47108000e+01   05.87516000e+01   03.85385000e+01   01.01800000e-02
  07.14667000e+01   05.62485000e+01   03.50411000e+01  -01.32723000e-02
  06.82248000e+01   05.25120000e+01   03.54277000e+01  -04.57645000e-02
  07.11352000e+01   05.08586000e+01   03.68539000e+01   02.46758000e-02
  06.16316000e+01   05.17484000e+01   03.89138000e+01  -01.71993000e-02
  06.57658000e+01   05.90342000e+01   03.95739000e+01  -09.39340000e-03
  07.14553000e+01   05.46956000e+01   03.46911000e+01   07.66074000e-02
  06.55087000e+01   05.23798000e+01   03.66412000e+01   09.44338000e-02
  07.23621000e+01   05.70491000e+01   03.48886000e+01   01.54319000e-02
  07.23974000e+01   05.06765000e+01   03.77272000e+01  -01.56515000e-02
  07.16948000e+01   05.43996000e+01   03.31841000e+01  -02.00050000e-02
  06.80634000e+01   05.55321000e+01   03.58778000e+01  -08.09918000e-02
  07.25564000e+01   05.27455000e+01   03.18395000e+01   04.03650000e-03
  07.00396000e+01   05.41375000e+01   03.51182000e+01  -01.43447000e-01
  06.67575000e+01   05.05071000e+01   03.56270000e+01   01.23287000e-02
  06.37179000e+01   05.37809000e+01   03.77420000e+01   02.21683000e-01
  06.68846000e+01   05.73623000e+01   03.68521000e+01  -05.42921000e-02
  06.85910000e+01   04.99049000e+01   03.30035000e+01   02.66866000e-02
  06.44102000e+01   04.89191000e+01   03.68308000e+01   04.35609000e-02
  06.25737000e+01   05.63324000e+01   03.90876000e+01   02.36507000e-02
  06.94629000e+01   05.90286000e+01   03.56313000e+01  -06.09964000e-02
  07.33904000e+01   05.02135000e+01   03.98888000e+01   08.71130000e-03
  06.95019000e+01   05.27818000e+01   03.49887000e+01   01.26858000e-01
  06.56138000e+01   05.10751000e+01   03.62888000e+01  -03.45042000e-02
  06.43326000e+01   05.50565000e+01   03.77115000e+01  -02.04376000e-01
  06.79844000e+01   05.68665000e+01   03.61852000e+01   07.60142000e-02
  07.35399000e+01   05.08461000e+01   03.73367000e+01   05.08730000e-03
  07.12350000e+01   05.49728000e+01   03.22044000e+01   06.92200000e-04
  07.36672000e+01   05.16086000e+01   04.03858000e+01   00.00000000e+00
  07.01839000e+01   05.15176000e+01   03.45078000e+01   07.64245000e-02
  06.44743000e+01   05.03255000e+01   03.68197000e+01  -04.66821000e-02
  06.38046000e+01   05.62825000e+01   03.83040000e+01   01.65461000e-02
  06.91780000e+01   05.75258000e+01   03.57053000e+01   05.49912000e-02
  07.21995000e+01   05.02592000e+01   03.90195000e+01   03.30200000e-04
  07.23958000e+01   05.32362000e+01   03.31590000e+01   04.02810000e-03
  07.38228000e+01   05.19717000e+01   04.16937000e+01   00.00000000e+00
  06.90053000e+01   05.04500000e+01   03.44116000e+01  -04.69336000e-02
  06.36242000e+01   05.12916000e+01   03.73845000e+01  -07.68710000e-03
  06.47219000e+01   05.72832000e+01   03.80880000e+01  -03.37389000e-02
  07.00798000e+01   05.64833000e+01   03.54551000e+01   03.64969000e-02
  07.25922000e+01   05.21642000e+01   04.25241000e+01   00.00000000e+00
  06.79092000e+01   05.12054000e+01   03.51515000e+01  -09.58259000e-02
  06.42970000e+01   05.25841000e+01   03.72934000e+01  -01.77941000e-01
  06.58186000e+01   05.66700000e+01   03.73943000e+01   06.74294000e-02
  06.93429000e+01   05.52942000e+01   03.55125000e+01   01.44326000e-01
  07.51687000e+01   05.19510000e+01   04.24812000e+01   00.00000000e+00
  07.63623000e+01   05.28120000e+01   04.20260000e+01   00.00000000e+00
  07.59599000e+01   05.42581000e+01   04.16993000e+01   00.00000000e+00
  07.70922000e+01   05.53091000e+01   04.13364000e+01   00.00000000e+00
  07.78612000e+01   05.49792000e+01   04.00534000e+01   00.00000000e+00
  07.79987000e+01   05.55429000e+01   04.25735000e+01   00.00000000e+00
  07.74360000e+01   05.61957000e+01   04.38753000e+01   00.00000000e+00
  07.85359000e+01   05.62603000e+01   04.50072000e+01   00.00000000e+00
  07.81994000e+01   05.72630000e+01   04.60654000e+01   00.00000000e+00
  07.85238000e+01   05.86663000e+01   04.56195000e+01   00.00000000e+00
  07.89188000e+01   05.70363000e+01   04.74214000e+01   00.00000000e+00
  07.84391000e+01   05.79074000e+01   04.85701000e+01   00.00000000e+00
  07.89574000e+01   05.73313000e+01   04.99994000e+01   00.00000000e+00
  07.89893000e+01   05.82704000e+01   05.12449000e+01   00.00000000e+00
  07.77035000e+01   05.90557000e+01   05.14337000e+01   00.00000000e+00
  07.91747000e+01   05.73780000e+01   05.24768000e+01   00.00000000e+00
  06.55950000e+01   05.53091000e+01   03.72301000e+01   03.65717000e-02
  06.68688000e+01   05.39292000e+01   03.63275000e+01  -06.37550000e-03
  06.96877000e+01   05.93486000e+01   03.46078000e+01   01.79582000e-02
  06.85391000e+01   05.95555000e+01   03.58322000e+01   01.23366000e-02
  07.02538000e+01   05.94142000e+01   03.62209000e+01   01.80857000e-02
  06.28783000e+01   05.60928000e+01   04.00688000e+01  -03.55350000e-03
  06.21733000e+01   05.73792000e+01   03.89748000e+01  -05.48890000e-03
  06.18434000e+01   05.56694000e+01   03.86277000e+01  -05.73590000e-03
  06.51190000e+01   04.85169000e+01   03.75660000e+01  -01.16015000e-02
  06.34142000e+01   04.84990000e+01   03.70978000e+01  -01.03548000e-02
  06.46492000e+01   04.84295000e+01   03.59103000e+01  -01.10806000e-02
  06.76468000e+01   04.93797000e+01   03.30272000e+01  -06.50300000e-03
  06.85775000e+01   05.06599000e+01   03.22301000e+01  -03.84930000e-03
  06.92340000e+01   04.91791000e+01   03.27465000e+01  -06.75510000e-03
  07.30863000e+01   05.18174000e+01   03.19935000e+01   06.96000000e-05
  07.15794000e+01   05.27117000e+01   03.13155000e+01  -02.56130000e-03
  07.31777000e+01   05.33292000e+01   03.12092000e+01  -08.86000000e-04
  06.57713000e+01   05.83704000e+01   04.03464000e+01   02.66600000e-04
  06.67157000e+01   05.89205000e+01   03.91267000e+01   02.07780000e-03
  06.56764000e+01   05.99955000e+01   04.00370000e+01   03.44650000e-03
  06.06185000e+01   05.15273000e+01   03.92994000e+01   02.98050000e-03
  06.22259000e+01   05.24279000e+01   03.94949000e+01  -05.01900000e-04
  07.06264000e+01   05.17535000e+01   03.72919000e+01  -05.40000000e-06
  07.05288000e+01   04.99919000e+01   03.69567000e+01  -02.73660000e-03
  06.48193000e+01   05.93790000e+01   03.76436000e+01   06.65000000e-04
  06.37252000e+01   05.90176000e+01   03.88969000e+01  -04.07950000e-03
  07.17928000e+01   05.01535000e+01   03.49810000e+01   01.58140000e-02
  07.22527000e+01   05.18067000e+01   03.52454000e+01   09.11190000e-03
  07.84645000e+01   05.65672000e+01   05.26179000e+01   00.00000000e+00
  08.01661000e+01   05.69369000e+01   05.22635000e+01   00.00000000e+00
  07.91788000e+01   05.79412000e+01   05.34305000e+01   00.00000000e+00
  07.79063000e+01   05.95106000e+01   05.24077000e+01   00.00000000e+00
  07.75100000e+01   05.99109000e+01   05.07836000e+01   00.00000000e+00
  07.68667000e+01   05.83463000e+01   05.14013000e+01   00.00000000e+00
  07.82685000e+01   05.65605000e+01   05.02128000e+01   00.00000000e+00
  07.98678000e+01   05.68084000e+01   04.98666000e+01   00.00000000e+00
  07.86574000e+01   05.90323000e+01   04.85441000e+01   00.00000000e+00
  07.73668000e+01   05.77970000e+01   04.85790000e+01   00.00000000e+00
  07.87478000e+01   05.59756000e+01   04.77635000e+01   00.00000000e+00
  07.99797000e+01   05.72242000e+01   04.72761000e+01   00.00000000e+00
  07.80702000e+01   05.88376000e+01   04.46707000e+01   00.00000000e+00
  07.80990000e+01   05.93719000e+01   04.62211000e+01   00.00000000e+00
  07.95913000e+01   05.87687000e+01   04.54729000e+01   00.00000000e+00
  07.85691000e+01   05.53054000e+01   04.55427000e+01   00.00000000e+00
  07.95171000e+01   05.65743000e+01   04.45740000e+01   00.00000000e+00
  07.68407000e+01   05.71593000e+01   04.36197000e+01   00.00000000e+00
  07.66232000e+01   05.55729000e+01   04.42729000e+01   00.00000000e+00
  07.84854000e+01   05.46048000e+01   04.28600000e+01   00.00000000e+00
  07.86959000e+01   05.62542000e+01   04.21365000e+01   00.00000000e+00
  06.70721000e+01   05.84127000e+01   03.70718000e+01   07.20400000e-04
  06.27273000e+01   05.38053000e+01   03.81488000e+01  -02.39543000e-02
  06.67516000e+01   04.94195000e+01   03.54299000e+01   04.89340000e-03
  07.22396000e+01   05.42357000e+01   03.53225000e+01  -02.28199000e-02
  06.16054000e+01   05.02681000e+01   03.74193000e+01  -01.51750000e-03
  07.73162000e+01   05.49722000e+01   03.91457000e+01   00.00000000e+00
  07.87941000e+01   05.55133000e+01   04.00082000e+01   00.00000000e+00
  07.81229000e+01   05.39154000e+01   04.00496000e+01   00.00000000e+00
  07.66024000e+01   05.62869000e+01   04.10633000e+01   00.00000000e+00
  07.52604000e+01   05.41109000e+01   04.08724000e+01   00.00000000e+00
  07.53552000e+01   05.47916000e+01   04.25088000e+01   00.00000000e+00
  07.71129000e+01   05.28489000e+01   04.28120000e+01   00.00000000e+00
  07.67836000e+01   05.23470000e+01   04.12071000e+01   00.00000000e+00
  07.50525000e+01   05.23226000e+01   04.35101000e+01   00.00000000e+00
  07.54227000e+01   05.08711000e+01   04.26469000e+01   00.00000000e+00
  07.17017000e+01   05.20983000e+01   04.19221000e+01   00.00000000e+00
  07.25577000e+01   05.12882000e+01   04.32253000e+01   00.00000000e+00
  07.25614000e+01   05.30699000e+01   04.30062000e+01   00.00000000e+00
  06.93041000e+01   04.96048000e+01   03.49568000e+01   05.57290000e-03
  07.05036000e+01   05.16137000e+01   03.34371000e+01  -01.28866000e-02
  07.35258000e+01   05.25017000e+01   03.97888000e+01   00.00000000e+00
  07.96823000e+01   05.90411000e+01   05.11820000e+01   00.00000000e+00
  07.70828000e+01   05.72854000e+01   04.62228000e+01   00.00000000e+00
  07.30871000e+01   04.96145000e+01   04.07753000e+01  -01.99830000e-03
  07.42828000e+01   04.97185000e+01   03.94812000e+01  -01.85290000e-03
