  07.06479000e+01   05.11958000e+01   03.49470000e+01  -06.11779000e-02
  06.16337000e+01   05.16329000e+01   03.67337000e+01   01.75852000e-02
  06.43596000e+01   05.92383000e+01   03.81138000e+01   01.01800000e-02
  07.14192000e+01   05.62707000e+01   03.48469000e+01  -01.32723000e-02
  06.77356000e+01   05.30603000e+01   03.45994000e+01  -04.57645000e-02
  07.01881000e+01   05.12838000e+01   03.64124000e+01   02.46758000e-02
  06.06839000e+01   05.07418000e+01   03.63693000e+01  -01.71993000e-02
  06.46201000e+01   05.93628000e+01   03.96583000e+01  -09.39340000e-03
  07.11911000e+01   05.47875000e+01   03.43557000e+01   07.66074000e-02
  06.49513000e+01   05.30587000e+01   03.56610000e+01   09.44338000e-02
  07.24660000e+01   05.69177000e+01   03.48233000e+01   01.54319000e-02
  07.11387000e+01   05.06163000e+01   03.74043000e+01  -01.56515000e-02
  07.16605000e+01   05.46025000e+01   03.28946000e+01  -02.00050000e-02
  06.79361000e+01   05.58362000e+01   03.56490000e+01  -08.09918000e-02
  07.26244000e+01   05.29541000e+01   03.14689000e+01   04.03650000e-03
  06.97542000e+01   05.43955000e+01   03.46611000e+01  -01.43447000e-01
  06.61336000e+01   05.12289000e+01   03.45679000e+01   01.23287000e-02
  06.33132000e+01   05.43616000e+01   03.68890000e+01   02.21683000e-01
  06.68227000e+01   05.76950000e+01   03.67751000e+01  -05.42921000e-02
  06.81029000e+01   05.06307000e+01   03.21604000e+01   02.66866000e-02
  06.36059000e+01   04.95801000e+01   03.52601000e+01   04.35609000e-02
  06.20802000e+01   05.67926000e+01   03.83027000e+01   02.36507000e-02
  06.95933000e+01   05.91567000e+01   03.61659000e+01  -06.09964000e-02
  07.24970000e+01   05.07824000e+01   03.93649000e+01   08.71130000e-03
  06.90692000e+01   05.32368000e+01   03.43209000e+01   01.26858000e-01
  06.50707000e+01   05.17505000e+01   03.52410000e+01  -03.45042000e-02
  06.39081000e+01   05.56780000e+01   03.69629000e+01  -02.04376000e-01
  06.79164000e+01   05.71829000e+01   03.60126000e+01   07.60142000e-02
  07.15816000e+01   04.94688000e+01   03.73531000e+01   05.08730000e-03
  07.12794000e+01   05.52781000e+01   03.19437000e+01   06.92200000e-04
  07.32063000e+01   05.18539000e+01   04.01204000e+01   00.00000000e+00
  06.96959000e+01   05.18851000e+01   03.38735000e+01   07.64245000e-02
  06.38241000e+01   05.10061000e+01   03.55581000e+01  -04.66821000e-02
  06.34067000e+01   05.68399000e+01   03.76467000e+01   01.65461000e-02
  06.92500000e+01   05.77621000e+01   03.58079000e+01   05.49912000e-02
  07.15329000e+01   05.14077000e+01   03.84283000e+01   03.30200000e-04
  07.23316000e+01   05.34227000e+01   03.28180000e+01   04.02810000e-03
  07.42455000e+01   05.16372000e+01   04.09078000e+01   00.00000000e+00
  06.84531000e+01   05.09552000e+01   03.37050000e+01  -04.69336000e-02
  06.29765000e+01   05.18468000e+01   03.62069000e+01  -07.68710000e-03
  06.43686000e+01   05.78082000e+01   03.75051000e+01  -03.37389000e-02
  07.00555000e+01   05.66468000e+01   03.52770000e+01   03.64969000e-02
  07.39971000e+01   05.14696000e+01   04.23706000e+01   00.00000000e+00
  06.73539000e+01   05.18061000e+01   03.43005000e+01  -09.58259000e-02
  06.37237000e+01   05.31643000e+01   03.62800000e+01  -01.77941000e-01
  06.54905000e+01   05.71673000e+01   03.69086000e+01   06.74294000e-02
  06.91500000e+01   05.55749000e+01   03.51842000e+01   01.44326000e-01
  07.55894000e+01   05.14509000e+01   04.02986000e+01   00.00000000e+00
  07.67048000e+01   05.24851000e+01   04.05860000e+01   00.00000000e+00
  07.62757000e+01   05.39340000e+01   04.02523000e+01   00.00000000e+00
  07.72332000e+01   05.51309000e+01   04.05762000e+01   00.00000000e+00
  07.87391000e+01   05.49352000e+01   04.01274000e+01   00.00000000e+00
  07.72103000e+01   05.53098000e+01   04.21699000e+01   00.00000000e+00
  07.80546000e+01   05.65337000e+01   04.27562000e+01   00.00000000e+00
  07.79353000e+01   05.66957000e+01   04.42653000e+01   00.00000000e+00
  07.86674000e+01   05.77510000e+01   04.51261000e+01   00.00000000e+00
  08.02756000e+01   05.77733000e+01   04.50590000e+01   00.00000000e+00
  07.83364000e+01   05.73929000e+01   04.66066000e+01   00.00000000e+00
  07.68587000e+01   05.77802000e+01   04.70893000e+01   00.00000000e+00
  07.64802000e+01   05.73817000e+01   04.85528000e+01   00.00000000e+00
  07.52595000e+01   05.81282000e+01   04.92190000e+01   00.00000000e+00
  07.39563000e+01   05.74590000e+01   04.86545000e+01   00.00000000e+00
  07.52226000e+01   05.80514000e+01   05.07608000e+01   00.00000000e+00
  06.51950000e+01   05.58720000e+01   03.65629000e+01   03.65717000e-02
  06.65297000e+01   05.43717000e+01   03.56489000e+01  -06.37550000e-03
  07.06190000e+01   05.92932000e+01   03.58456000e+01   01.79582000e-02
  06.88088000e+01   05.98986000e+01   03.58713000e+01   01.23366000e-02
  06.95975000e+01   05.92131000e+01   03.72394000e+01   01.80857000e-02
  06.15937000e+01   05.78100000e+01   03.82794000e+01  -03.55350000e-03
  06.14307000e+01   05.60239000e+01   03.80660000e+01  -05.48890000e-03
  06.22755000e+01   05.67370000e+01   03.93724000e+01  -05.73590000e-03
  06.37743000e+01   04.94531000e+01   03.41668000e+01  -01.16015000e-02
  06.42644000e+01   04.89855000e+01   03.58278000e+01  -01.03548000e-02
  06.26361000e+01   04.92121000e+01   03.56548000e+01  -01.10806000e-02
  06.82171000e+01   05.14977000e+01   03.15005000e+01  -06.50300000e-03
  06.88235000e+01   04.99246000e+01   03.18704000e+01  -03.84930000e-03
  06.71780000e+01   05.01328000e+01   03.21208000e+01  -06.75510000e-03
  07.33857000e+01   05.21756000e+01   03.14961000e+01   06.96000000e-05
  07.17315000e+01   05.26214000e+01   03.09886000e+01  -02.56130000e-03
  07.31286000e+01   05.35943000e+01   03.08300000e+01  -08.86000000e-04
  06.55861000e+01   05.89658000e+01   03.98881000e+01   02.66600000e-04
  06.44983000e+01   06.03631000e+01   04.02100000e+01   02.07780000e-03
  06.37810000e+01   05.88078000e+01   04.01159000e+01   03.44650000e-03
  05.97011000e+01   05.07728000e+01   03.68010000e+01   02.98050000e-03
  06.09233000e+01   05.01131000e+01   03.55335000e+01  -05.01900000e-04
  07.02140000e+01   05.23778000e+01   03.66320000e+01  -05.40000000e-06
  06.92240000e+01   05.08315000e+01   03.65749000e+01  -02.73660000e-03
  06.50727000e+01   05.98873000e+01   03.76128000e+01   06.65000000e-04
  06.33286000e+01   05.96467000e+01   03.80124000e+01  -04.07950000e-03
  07.07011000e+01   05.01713000e+01   03.46188000e+01   01.58140000e-02
  07.16363000e+01   05.16535000e+01   03.49067000e+01   09.11190000e-03
  07.61064000e+01   05.84604000e+01   05.12872000e+01   00.00000000e+00
  07.43362000e+01   05.84108000e+01   05.12028000e+01   00.00000000e+00
  07.52264000e+01   05.69580000e+01   05.11584000e+01   00.00000000e+00
  07.38045000e+01   05.75615000e+01   04.75722000e+01   00.00000000e+00
  07.40409000e+01   05.64222000e+01   04.90145000e+01   00.00000000e+00
  07.30893000e+01   05.80486000e+01   04.89743000e+01   00.00000000e+00
  07.63721000e+01   05.63042000e+01   04.86832000e+01   00.00000000e+00
  07.74061000e+01   05.77576000e+01   04.90428000e+01   00.00000000e+00
  07.66729000e+01   05.88712000e+01   04.70597000e+01   00.00000000e+00
  07.60913000e+01   05.73581000e+01   04.63815000e+01   00.00000000e+00
  07.84327000e+01   05.62759000e+01   04.68617000e+01   00.00000000e+00
  07.89795000e+01   05.80007000e+01   04.72399000e+01   00.00000000e+00
  08.06084000e+01   05.86308000e+01   04.56434000e+01   00.00000000e+00
  08.07019000e+01   05.68190000e+01   04.55563000e+01   00.00000000e+00
  08.06385000e+01   05.78303000e+01   04.40816000e+01   00.00000000e+00
  07.68098000e+01   05.66677000e+01   04.44586000e+01   00.00000000e+00
  07.83622000e+01   05.57590000e+01   04.46681000e+01   00.00000000e+00
  07.90883000e+01   05.64372000e+01   04.25736000e+01   00.00000000e+00
  07.77052000e+01   05.74257000e+01   04.21305000e+01   00.00000000e+00
  07.61932000e+01   05.55840000e+01   04.24011000e+01   00.00000000e+00
  07.74457000e+01   05.44155000e+01   04.26256000e+01   00.00000000e+00
  06.69201000e+01   05.86891000e+01   03.71980000e+01   07.20400000e-04
  06.24330000e+01   05.42670000e+01   03.75472000e+01  -02.39543000e-02
  06.61226000e+01   05.01446000e+01   03.44500000e+01   04.89340000e-03
  07.17205000e+01   05.41639000e+01   03.50629000e+01  -02.28199000e-02
  06.13202000e+01   05.23703000e+01   03.74607000e+01  -01.51750000e-03
  07.87492000e+01   05.46494000e+01   03.90889000e+01   00.00000000e+00
  07.93273000e+01   05.58259000e+01   04.02497000e+01   00.00000000e+00
  07.91989000e+01   05.42568000e+01   04.07421000e+01   00.00000000e+00
  07.68237000e+01   05.60430000e+01   04.01503000e+01   00.00000000e+00
  07.61543000e+01   05.40065000e+01   03.91639000e+01   00.00000000e+00
  07.53365000e+01   05.40396000e+01   04.07295000e+01   00.00000000e+00
  07.67712000e+01   05.24367000e+01   04.16905000e+01   00.00000000e+00
  07.76625000e+01   05.22372000e+01   04.01400000e+01   00.00000000e+00
  07.60054000e+01   05.05147000e+01   04.06104000e+01   00.00000000e+00
  07.55213000e+01   05.12762000e+01   03.92557000e+01   00.00000000e+00
  07.44046000e+01   05.22972000e+01   04.29538000e+01   00.00000000e+00
  07.29064000e+01   05.13369000e+01   04.25068000e+01   00.00000000e+00
  07.45224000e+01   05.05581000e+01   04.25662000e+01   00.00000000e+00
  06.86427000e+01   04.99791000e+01   03.41624000e+01   05.57290000e-03
  07.00900000e+01   05.20777000e+01   03.28880000e+01  -01.28866000e-02
  07.29570000e+01   05.28829000e+01   03.99161000e+01   00.00000000e+00
  07.52373000e+01   05.91395000e+01   04.88005000e+01   00.00000000e+00
  07.81944000e+01   05.87343000e+01   04.49265000e+01   00.00000000e+00
  07.19294000e+01   05.01127000e+01   04.00521000e+01  -01.99830000e-03
  07.32148000e+01   05.00453000e+01   03.90522000e+01  -01.85290000e-03
