  07.03967000e+01   05.06412000e+01   03.57848000e+01  -06.11779000e-02
  06.09695000e+01   05.05182000e+01   03.70199000e+01   01.75852000e-02
  06.32250000e+01   05.79207000e+01   03.86890000e+01   01.01800000e-02
  07.02919000e+01   05.56962000e+01   03.51787000e+01  -01.32723000e-02
  06.70562000e+01   05.20640000e+01   03.55122000e+01  -04.57645000e-02
  07.13104000e+01   04.94775000e+01   03.54446000e+01   02.46758000e-02
  06.00965000e+01   04.96810000e+01   03.63864000e+01  -01.71993000e-02
  06.42803000e+01   05.80738000e+01   03.97714000e+01  -09.39340000e-03
  07.03332000e+01   05.40978000e+01   03.49920000e+01   07.66074000e-02
  06.42871000e+01   05.18530000e+01   03.61991000e+01   09.44338000e-02
  07.12551000e+01   05.65203000e+01   03.50148000e+01   01.54319000e-02
  07.27526000e+01   04.98768000e+01   03.56640000e+01  -01.56515000e-02
  07.09495000e+01   05.37426000e+01   03.36303000e+01  -02.00050000e-02
  06.69575000e+01   05.49963000e+01   03.61658000e+01  -08.09918000e-02
  07.19418000e+01   05.17715000e+01   03.26130000e+01   04.03650000e-03
  06.89070000e+01   05.36115000e+01   03.53860000e+01  -01.43447000e-01
  06.56565000e+01   05.00247000e+01   03.54729000e+01   01.23287000e-02
  06.24329000e+01   05.32060000e+01   03.71079000e+01   02.21683000e-01
  06.56023000e+01   05.68602000e+01   03.70701000e+01  -05.42921000e-02
  06.80396000e+01   04.91775000e+01   03.34944000e+01   02.66866000e-02
  06.31568000e+01   04.82779000e+01   03.56097000e+01   04.35609000e-02
  06.10424000e+01   05.54223000e+01   03.89040000e+01   02.36507000e-02
  06.84579000e+01   05.84540000e+01   03.65227000e+01  -06.09964000e-02
  07.43135000e+01   05.08552000e+01   03.72363000e+01   08.71130000e-03
  06.84317000e+01   05.22786000e+01   03.52659000e+01   01.26858000e-01
  06.44413000e+01   05.05418000e+01   03.59038000e+01  -03.45042000e-02
  06.29981000e+01   05.44065000e+01   03.73404000e+01  -02.04376000e-01
  06.68805000e+01   05.63445000e+01   03.65333000e+01   07.60142000e-02
  07.37094000e+01   04.96918000e+01   03.49150000e+01   05.08730000e-03
  07.07403000e+01   05.43197000e+01   03.25841000e+01   06.92200000e-04
  07.39660000e+01   05.18191000e+01   03.83806000e+01   00.00000000e+00
  06.92203000e+01   05.09829000e+01   03.48290000e+01   07.64245000e-02
  06.32221000e+01   04.97927000e+01   03.59720000e+01  -04.66821000e-02
  06.23549000e+01   05.55185000e+01   03.81282000e+01   01.65461000e-02
  06.80946000e+01   05.70121000e+01   03.62336000e+01   05.49912000e-02
  07.29169000e+01   05.03462000e+01   03.69538000e+01   03.30200000e-04
  07.16941000e+01   05.25739000e+01   03.37771000e+01   04.02810000e-03
  07.32103000e+01   05.14898000e+01   03.94396000e+01   00.00000000e+00
  06.81254000e+01   04.98878000e+01   03.49017000e+01  -04.69336000e-02
  06.23272000e+01   05.06924000e+01   03.65382000e+01  -07.68710000e-03
  06.32996000e+01   05.65608000e+01   03.80421000e+01  -03.37389000e-02
  06.89461000e+01   05.59771000e+01   03.57323000e+01   03.64969000e-02
  07.16547000e+01   05.14809000e+01   03.94428000e+01   00.00000000e+00
  06.68573000e+01   05.06925000e+01   03.53278000e+01  -09.58259000e-02
  06.29807000e+01   05.19832000e+01   03.65972000e+01  -01.77941000e-01
  06.43959000e+01   05.60751000e+01   03.73686000e+01   06.74294000e-02
  06.81941000e+01   05.47948000e+01   03.57344000e+01   01.44326000e-01
  07.37980000e+01   05.10143000e+01   04.07511000e+01   00.00000000e+00
  07.46959000e+01   05.20330000e+01   04.14006000e+01   00.00000000e+00
  07.39233000e+01   05.32757000e+01   04.19459000e+01   00.00000000e+00
  07.47887000e+01   05.45511000e+01   04.24520000e+01   00.00000000e+00
  07.59457000e+01   05.50597000e+01   04.15105000e+01   00.00000000e+00
  07.53242000e+01   05.44778000e+01   04.39076000e+01   00.00000000e+00
  07.52407000e+01   05.58630000e+01   04.45279000e+01   00.00000000e+00
  07.59036000e+01   05.58545000e+01   04.58722000e+01   00.00000000e+00
  07.57830000e+01   05.69576000e+01   04.69462000e+01   00.00000000e+00
  07.43378000e+01   05.71476000e+01   04.73697000e+01   00.00000000e+00
  07.64517000e+01   05.82962000e+01   04.65258000e+01   00.00000000e+00
  07.63181000e+01   05.94790000e+01   04.75192000e+01   00.00000000e+00
  07.71814000e+01   05.92377000e+01   04.87422000e+01   00.00000000e+00
  07.72365000e+01   06.03374000e+01   04.98544000e+01   00.00000000e+00
  07.77676000e+01   05.99094000e+01   05.12048000e+01   00.00000000e+00
  07.78457000e+01   06.17136000e+01   04.93401000e+01   00.00000000e+00
  06.41957000e+01   05.47452000e+01   03.69903000e+01   03.65717000e-02
  06.56068000e+01   05.33727000e+01   03.62109000e+01  -06.37550000e-03
  06.94997000e+01   05.85435000e+01   03.67221000e+01   01.79582000e-02
  06.81993000e+01   05.89429000e+01   03.56606000e+01   01.23366000e-02
  06.79208000e+01   05.88148000e+01   03.74169000e+01   01.80857000e-02
  06.06542000e+01   05.44149000e+01   03.91095000e+01  -03.55350000e-03
  06.11450000e+01   05.60028000e+01   03.98230000e+01  -05.48890000e-03
  06.02311000e+01   05.58848000e+01   03.82872000e+01  -05.73590000e-03
  06.22060000e+01   04.79160000e+01   03.59398000e+01  -01.16015000e-02
  06.32697000e+01   04.81397000e+01   03.45026000e+01  -01.03548000e-02
  06.39117000e+01   04.77385000e+01   03.61586000e+01  -01.10806000e-02
  06.90032000e+01   04.87905000e+01   03.32786000e+01  -06.50300000e-03
  06.72592000e+01   04.83890000e+01   03.35286000e+01  -03.84930000e-03
  06.78141000e+01   04.99332000e+01   03.28342000e+01  -06.75510000e-03
  07.25250000e+01   05.22814000e+01   03.18819000e+01   06.96000000e-05
  07.25792000e+01   05.08990000e+01   03.28539000e+01  -02.56130000e-03
  07.11233000e+01   05.14168000e+01   03.20344000e+01  -08.86000000e-04
  06.53340000e+01   05.77395000e+01   03.95418000e+01   02.66600000e-04
  06.42668000e+01   05.91620000e+01   04.00387000e+01   02.07780000e-03
  06.40755000e+01   05.73608000e+01   04.05376000e+01   03.44650000e-03
  05.91047000e+01   04.96085000e+01   03.67831000e+01   02.98050000e-03
  06.03570000e+01   04.89782000e+01   03.55215000e+01  -05.01900000e-04
  07.10900000e+01   04.85980000e+01   03.59710000e+01  -05.40000000e-06
  07.10481000e+01   04.91395000e+01   03.44218000e+01  -02.73660000e-03
  06.33755000e+01   05.86947000e+01   03.79316000e+01   06.65000000e-04
  06.22397000e+01   05.81327000e+01   03.91178000e+01  -04.07950000e-03
  07.09879000e+01   05.14969000e+01   03.57117000e+01   01.58140000e-02
  06.99378000e+01   05.05953000e+01   03.67789000e+01   09.11190000e-03
  07.72212000e+01   06.22455000e+01   04.86860000e+01   00.00000000e+00
  07.82079000e+01   06.23847000e+01   05.01519000e+01   00.00000000e+00
  07.86966000e+01   06.14600000e+01   04.86912000e+01   00.00000000e+00
  07.87897000e+01   05.95450000e+01   05.11283000e+01   00.00000000e+00
  07.76417000e+01   06.07915000e+01   05.18226000e+01   00.00000000e+00
  07.71492000e+01   05.90936000e+01   05.15863000e+01   00.00000000e+00
  07.68875000e+01   05.83537000e+01   04.92894000e+01   00.00000000e+00
  07.81640000e+01   05.90751000e+01   04.83633000e+01   00.00000000e+00
  07.65404000e+01   06.04189000e+01   04.69529000e+01   00.00000000e+00
  07.52964000e+01   05.96932000e+01   04.76798000e+01   00.00000000e+00
  07.75433000e+01   05.81012000e+01   04.63532000e+01   00.00000000e+00
  07.61610000e+01   05.87343000e+01   04.55576000e+01   00.00000000e+00
  07.37603000e+01   05.75934000e+01   04.65537000e+01   00.00000000e+00
  07.38685000e+01   05.62245000e+01   04.75339000e+01   00.00000000e+00
  07.44024000e+01   05.77232000e+01   04.82763000e+01   00.00000000e+00
  07.56133000e+01   05.49175000e+01   04.63900000e+01   00.00000000e+00
  07.69377000e+01   05.57143000e+01   04.56325000e+01   00.00000000e+00
  07.55657000e+01   05.65214000e+01   04.37779000e+01   00.00000000e+00
  07.41737000e+01   05.61421000e+01   04.46531000e+01   00.00000000e+00
  07.46243000e+01   05.39535000e+01   04.45174000e+01   00.00000000e+00
  07.63445000e+01   05.40731000e+01   04.40653000e+01   00.00000000e+00
  06.56680000e+01   05.79093000e+01   03.73507000e+01   07.20400000e-04
  06.14522000e+01   05.31024000e+01   03.74273000e+01  -02.39543000e-02
  06.56417000e+01   04.89925000e+01   03.53100000e+01   04.89340000e-03
  07.09844000e+01   05.36870000e+01   03.57716000e+01  -02.28199000e-02
  06.06486000e+01   05.11079000e+01   03.79006000e+01  -01.51750000e-03
  07.69728000e+01   05.46449000e+01   04.15259000e+01   00.00000000e+00
  07.55978000e+01   05.50202000e+01   04.04575000e+01   00.00000000e+00
  07.60771000e+01   05.60879000e+01   04.16986000e+01   00.00000000e+00
  07.40285000e+01   05.53147000e+01   04.24547000e+01   00.00000000e+00
  07.34210000e+01   05.36658000e+01   04.10963000e+01   00.00000000e+00
  07.32821000e+01   05.29165000e+01   04.27164000e+01   00.00000000e+00
  07.53524000e+01   05.16409000e+01   04.22025000e+01   00.00000000e+00
  07.53355000e+01   05.24759000e+01   04.06178000e+01   00.00000000e+00
  07.30443000e+01   05.07060000e+01   04.14860000e+01   00.00000000e+00
  07.43660000e+01   05.00145000e+01   04.05836000e+01   00.00000000e+00
  07.12823000e+01   05.04670000e+01   03.94499000e+01   00.00000000e+00
  07.10965000e+01   05.19910000e+01   04.02542000e+01   00.00000000e+00
  07.13389000e+01   05.18786000e+01   03.85192000e+01   00.00000000e+00
  06.83286000e+01   04.91635000e+01   03.57298000e+01   05.57290000e-03
  06.95639000e+01   05.10270000e+01   03.38186000e+01  -01.28866000e-02
  07.39887000e+01   05.29094000e+01   03.81660000e+01   00.00000000e+00
  07.61921000e+01   06.05935000e+01   05.01802000e+01   00.00000000e+00
  07.63846000e+01   05.65821000e+01   04.78021000e+01   00.00000000e+00
  07.50696000e+01   05.00905000e+01   03.74736000e+01  -01.99830000e-03
  07.46365000e+01   05.14890000e+01   03.64209000e+01  -01.85290000e-03
