  07.12123000e+01   05.17050000e+01   03.53179000e+01  -06.11779000e-02
  06.18488000e+01   05.22520000e+01   03.85020000e+01   01.75852000e-02
  06.47169000e+01   05.96520000e+01   03.90631000e+01   01.01800000e-02
  07.13037000e+01   05.66329000e+01   03.50633000e+01  -01.32723000e-02
  06.79208000e+01   05.32576000e+01   03.59568000e+01  -04.57645000e-02
  07.14020000e+01   05.13907000e+01   03.67754000e+01   02.46758000e-02
  06.09900000e+01   05.12143000e+01   03.85429000e+01  -01.71993000e-02
  06.55796000e+01   05.98092000e+01   04.02575000e+01  -09.39340000e-03
  07.11937000e+01   05.51001000e+01   03.47259000e+01   07.66074000e-02
  06.51201000e+01   05.33422000e+01   03.71006000e+01   09.44338000e-02
  07.22562000e+01   05.73038000e+01   03.48282000e+01   01.54319000e-02
  07.28250000e+01   05.10382000e+01   03.72490000e+01  -01.56515000e-02
  07.13097000e+01   05.48493000e+01   03.32203000e+01  -02.00050000e-02
  06.79697000e+01   05.61569000e+01   03.63401000e+01  -08.09918000e-02
  07.22723000e+01   05.33675000e+01   03.15254000e+01   04.03650000e-03
  06.97617000e+01   05.46878000e+01   03.53176000e+01  -01.43447000e-01
  06.61876000e+01   05.15553000e+01   03.59512000e+01   01.23287000e-02
  06.36152000e+01   05.48188000e+01   03.84209000e+01   02.21683000e-01
  06.69546000e+01   05.81503000e+01   03.72590000e+01  -05.42921000e-02
  06.82054000e+01   05.06601000e+01   03.35612000e+01   02.66866000e-02
  06.36500000e+01   04.98964000e+01   03.67448000e+01   04.35609000e-02
  06.26598000e+01   05.73813000e+01   04.00130000e+01   02.36507000e-02
  06.98071000e+01   05.95057000e+01   03.64396000e+01  -06.09964000e-02
  07.50918000e+01   05.18390000e+01   03.72526000e+01   08.71130000e-03
  06.91892000e+01   05.34281000e+01   03.53311000e+01   01.26858000e-01
  06.51447000e+01   05.20473000e+01   03.66378000e+01  -03.45042000e-02
  06.42556000e+01   05.60652000e+01   03.83490000e+01  -02.04376000e-01
  06.80091000e+01   05.74785000e+01   03.66415000e+01   07.60142000e-02
  07.31421000e+01   04.99699000e+01   03.77935000e+01   05.08730000e-03
  07.06798000e+01   05.54908000e+01   03.24261000e+01   06.92200000e-04
  07.51406000e+01   05.27063000e+01   03.85056000e+01   00.00000000e+00
  06.97974000e+01   05.21751000e+01   03.47538000e+01   07.64245000e-02
  06.39491000e+01   05.13360000e+01   03.70655000e+01  -04.66821000e-02
  06.37987000e+01   05.72775000e+01   03.89251000e+01   01.65461000e-02
  06.92918000e+01   05.80687000e+01   03.61739000e+01   05.49912000e-02
  07.37466000e+01   05.19790000e+01   03.68088000e+01   03.30200000e-04
  07.22599000e+01   05.38792000e+01   03.29082000e+01   04.02810000e-03
  07.50521000e+01   05.23088000e+01   03.98014000e+01   00.00000000e+00
  06.85807000e+01   05.11656000e+01   03.48810000e+01  -04.69336000e-02
  06.32518000e+01   05.22737000e+01   03.78458000e+01  -07.68710000e-03
  06.47205000e+01   05.82734000e+01   03.85436000e+01  -03.37389000e-02
  07.00148000e+01   05.69868000e+01   03.57184000e+01   03.64969000e-02
  07.37871000e+01   05.22210000e+01   04.05759000e+01   00.00000000e+00
  06.74840000e+01   05.20320000e+01   03.56417000e+01  -09.58259000e-02
  06.39736000e+01   05.35664000e+01   03.77974000e+01  -01.77941000e-01
  06.57426000e+01   05.75707000e+01   03.77092000e+01   06.74294000e-02
  06.91491000e+01   05.58576000e+01   03.57703000e+01   01.44326000e-01
  07.62637000e+01   05.20795000e+01   04.07106000e+01   00.00000000e+00
  07.72639000e+01   05.33071000e+01   04.08788000e+01   00.00000000e+00
  07.64761000e+01   05.45892000e+01   04.13955000e+01   00.00000000e+00
  07.73693000e+01   05.57952000e+01   04.17208000e+01   00.00000000e+00
  07.83444000e+01   05.61674000e+01   04.05817000e+01   00.00000000e+00
  07.80982000e+01   05.56930000e+01   04.30616000e+01   00.00000000e+00
  07.86665000e+01   05.70123000e+01   04.37020000e+01   00.00000000e+00
  07.88586000e+01   05.66930000e+01   04.52419000e+01   00.00000000e+00
  07.93331000e+01   05.79111000e+01   04.61145000e+01   00.00000000e+00
  08.06655000e+01   05.86405000e+01   04.56352000e+01   00.00000000e+00
  07.94518000e+01   05.74615000e+01   04.76186000e+01   00.00000000e+00
  07.94171000e+01   05.85045000e+01   04.87362000e+01   00.00000000e+00
  07.95706000e+01   05.77186000e+01   05.00722000e+01   00.00000000e+00
  07.93869000e+01   05.85581000e+01   05.13788000e+01   00.00000000e+00
  07.78648000e+01   05.89446000e+01   05.15111000e+01   00.00000000e+00
  07.99653000e+01   05.78833000e+01   05.26075000e+01   00.00000000e+00
  06.54614000e+01   05.62264000e+01   03.76487000e+01   03.65717000e-02
  06.66371000e+01   05.47341000e+01   03.67159000e+01  -06.37550000e-03
  07.05747000e+01   05.98319000e+01   03.56848000e+01   01.79582000e-02
  06.89578000e+01   06.00917000e+01   03.62236000e+01   01.23366000e-02
  07.01849000e+01   05.94834000e+01   03.75168000e+01   01.80857000e-02
  06.30830000e+01   05.76494000e+01   04.09597000e+01  -03.55350000e-03
  06.20366000e+01   05.82934000e+01   03.97288000e+01  -05.48890000e-03
  06.20270000e+01   05.64934000e+01   04.00937000e+01  -05.73590000e-03
  06.45882000e+01   04.93342000e+01   03.67398000e+01  -01.16015000e-02
  06.29708000e+01   04.94194000e+01   03.74785000e+01  -01.03548000e-02
  06.33094000e+01   04.97780000e+01   03.57206000e+01  -01.10806000e-02
  06.80009000e+01   05.14308000e+01   03.28369000e+01  -06.50300000e-03
  06.89390000e+01   05.00159000e+01   03.31428000e+01  -03.84930000e-03
  06.72954000e+01   05.00960000e+01   03.36041000e+01  -06.75510000e-03
  07.26601000e+01   05.23349000e+01   03.13751000e+01   06.96000000e-05
  07.12797000e+01   05.32494000e+01   03.11571000e+01  -02.56130000e-03
  07.27102000e+01   05.41469000e+01   03.08797000e+01  -08.86000000e-04
  06.54688000e+01   06.08604000e+01   04.05518000e+01   02.66600000e-04
  06.54165000e+01   05.90815000e+01   04.10458000e+01   02.07780000e-03
  06.66681000e+01   05.97668000e+01   03.99205000e+01   03.44650000e-03
  05.99580000e+01   05.12294000e+01   03.89235000e+01   02.98050000e-03
  06.11981000e+01   05.03086000e+01   03.80037000e+01  -05.01900000e-04
  07.11455000e+01   05.22200000e+01   03.74437000e+01  -05.40000000e-06
  07.08769000e+01   05.05793000e+01   03.72032000e+01  -02.73660000e-03
  06.49113000e+01   06.02928000e+01   03.82468000e+01   06.65000000e-04
  06.37128000e+01   05.98605000e+01   03.93891000e+01  -04.07950000e-03
  07.13784000e+01   05.08111000e+01   03.46463000e+01   01.58140000e-02
  07.19553000e+01   05.24450000e+01   03.49854000e+01   09.11190000e-03
  07.95104000e+01   05.68797000e+01   05.27503000e+01   00.00000000e+00
  08.10466000e+01   05.76873000e+01   05.25026000e+01   00.00000000e+00
  07.97940000e+01   05.84005000e+01   05.35549000e+01   00.00000000e+00
  07.72181000e+01   05.80842000e+01   05.14376000e+01   00.00000000e+00
  07.75949000e+01   05.94767000e+01   05.24523000e+01   00.00000000e+00
  07.74721000e+01   05.95968000e+01   05.07013000e+01   00.00000000e+00
  07.89370000e+01   05.68316000e+01   05.00788000e+01   00.00000000e+00
  08.05762000e+01   05.72631000e+01   05.01275000e+01   00.00000000e+00
  08.02187000e+01   05.92024000e+01   04.87132000e+01   00.00000000e+00
  07.84881000e+01   05.90236000e+01   04.87975000e+01   00.00000000e+00
  07.88254000e+01   05.66449000e+01   04.78008000e+01   00.00000000e+00
  08.04662000e+01   05.70330000e+01   04.77361000e+01   00.00000000e+00
  08.06920000e+01   05.91492000e+01   04.46759000e+01   00.00000000e+00
  08.09586000e+01   05.94147000e+01   04.63887000e+01   00.00000000e+00
  08.13710000e+01   05.78101000e+01   04.56225000e+01   00.00000000e+00
  07.78644000e+01   05.64272000e+01   04.56651000e+01   00.00000000e+00
  07.95346000e+01   05.58601000e+01   04.54208000e+01   00.00000000e+00
  07.96329000e+01   05.72909000e+01   04.31644000e+01   00.00000000e+00
  07.79695000e+01   05.78210000e+01   04.34911000e+01   00.00000000e+00
  07.74269000e+01   05.52282000e+01   04.37606000e+01   00.00000000e+00
  07.89883000e+01   05.49939000e+01   04.29495000e+01   00.00000000e+00
  06.69478000e+01   05.92134000e+01   03.74683000e+01   07.20400000e-04
  06.26448000e+01   05.48144000e+01   03.90232000e+01  -02.39543000e-02
  06.60397000e+01   05.05870000e+01   03.55157000e+01   04.89340000e-03
  07.20332000e+01   05.46605000e+01   03.52859000e+01  -02.28199000e-02
  06.15798000e+01   05.31181000e+01   03.90302000e+01  -01.51750000e-03
  07.87793000e+01   05.71548000e+01   04.07105000e+01   00.00000000e+00
  07.91940000e+01   05.55306000e+01   04.06344000e+01   00.00000000e+00
  07.79965000e+01   05.61739000e+01   03.95764000e+01   00.00000000e+00
  07.66584000e+01   05.66479000e+01   04.17728000e+01   00.00000000e+00
  07.58551000e+01   05.49137000e+01   04.05617000e+01   00.00000000e+00
  07.58153000e+01   05.42942000e+01   04.22412000e+01   00.00000000e+00
  07.80377000e+01   05.29556000e+01   04.15535000e+01   00.00000000e+00
  07.75982000e+01   05.34413000e+01   03.98464000e+01   00.00000000e+00
  07.59513000e+01   05.16673000e+01   04.16823000e+01   00.00000000e+00
  07.68450000e+01   05.12732000e+01   04.02440000e+01   00.00000000e+00
  07.32665000e+01   05.12766000e+01   04.04732000e+01   00.00000000e+00
  07.40317000e+01   05.24515000e+01   04.16123000e+01   00.00000000e+00
  07.30629000e+01   05.30443000e+01   04.04002000e+01   00.00000000e+00
  06.89157000e+01   05.02461000e+01   03.54121000e+01   05.57290000e-03
  06.97513000e+01   05.23877000e+01   03.37076000e+01  -01.28866000e-02
  07.53012000e+01   05.37313000e+01   03.82511000e+01   00.00000000e+00
  08.00103000e+01   05.94961000e+01   05.13453000e+01   00.00000000e+00
  07.85005000e+01   05.85932000e+01   04.60989000e+01   00.00000000e+00
  07.52310000e+01   05.08072000e+01   03.73681000e+01  -01.99830000e-03
  07.56897000e+01   05.20455000e+01   03.64328000e+01  -01.85290000e-03
