  06.94515000e+01   05.09110000e+01   03.40360000e+01  -06.11779000e-02
  06.06007000e+01   05.13894000e+01   03.77197000e+01   01.75852000e-02
  06.37826000e+01   05.87664000e+01   03.90664000e+01   01.01800000e-02
  06.99819000e+01   05.58114000e+01   03.46496000e+01  -01.32723000e-02
  06.63477000e+01   05.26129000e+01   03.48613000e+01  -04.57645000e-02
  06.97242000e+01   05.06690000e+01   03.55000000e+01   02.46758000e-02
  05.94868000e+01   05.07985000e+01   03.73158000e+01  -01.71993000e-02
  06.50448000e+01   05.89547000e+01   03.99717000e+01  -09.39340000e-03
  06.97470000e+01   05.43602000e+01   03.40162000e+01   07.66074000e-02
  06.36582000e+01   05.26544000e+01   03.62313000e+01   09.44338000e-02
  07.09498000e+01   05.64234000e+01   03.43455000e+01   01.54319000e-02
  07.08552000e+01   04.97003000e+01   03.58282000e+01  -01.56515000e-02
  06.98037000e+01   05.44464000e+01   03.25212000e+01  -02.00050000e-02
  06.67668000e+01   05.53563000e+01   03.58819000e+01  -08.09918000e-02
  07.01486000e+01   05.33247000e+01   03.04245000e+01   04.03650000e-03
  06.83055000e+01   05.39991000e+01   03.44579000e+01  -01.43447000e-01
  06.46119000e+01   05.09281000e+01   03.47305000e+01   01.23287000e-02
  06.22581000e+01   05.39860000e+01   03.76714000e+01   02.21683000e-01
  06.58480000e+01   05.72760000e+01   03.71862000e+01  -05.42921000e-02
  06.64780000e+01   04.99935000e+01   03.21618000e+01   02.66866000e-02
  06.20404000e+01   04.94122000e+01   03.53713000e+01   04.35609000e-02
  06.12170000e+01   05.66803000e+01   03.91829000e+01   02.36507000e-02
  06.86975000e+01   05.85793000e+01   03.64841000e+01  -06.09964000e-02
  07.32100000e+01   04.95824000e+01   03.64857000e+01   08.71130000e-03
  06.76107000e+01   05.27711000e+01   03.43090000e+01   01.26858000e-01
  06.36339000e+01   05.14023000e+01   03.56120000e+01  -03.45042000e-02
  06.29702000e+01   05.52067000e+01   03.77631000e+01  -02.04376000e-01
  06.69072000e+01   05.66495000e+01   03.64261000e+01   07.60142000e-02
  07.08566000e+01   04.84524000e+01   03.56447000e+01   05.08730000e-03
  06.97665000e+01   05.54638000e+01   03.18690000e+01   06.92200000e-04
  07.42206000e+01   05.04870000e+01   03.70687000e+01   00.00000000e+00
  06.80853000e+01   05.14882000e+01   03.35543000e+01   07.64245000e-02
  06.23365000e+01   05.07984000e+01   03.58541000e+01  -04.66821000e-02
  06.25389000e+01   05.64447000e+01   03.84357000e+01   01.65461000e-02
  06.81887000e+01   05.71993000e+01   03.61417000e+01   05.49912000e-02
  07.20122000e+01   05.03711000e+01   03.62411000e+01   03.30200000e-04
  07.00490000e+01   05.32513000e+01   03.18570000e+01   04.02810000e-03
  07.41196000e+01   05.18064000e+01   03.69642000e+01   00.00000000e+00
  06.68845000e+01   05.05183000e+01   03.36349000e+01  -04.69336000e-02
  06.17894000e+01   05.15834000e+01   03.69111000e+01  -07.68710000e-03
  06.36491000e+01   05.73710000e+01   03.84371000e+01  -03.37389000e-02
  06.88070000e+01   05.61625000e+01   03.53664000e+01   03.64969000e-02
  07.45392000e+01   05.25833000e+01   03.58030000e+01   00.00000000e+00
  06.58729000e+01   05.14299000e+01   03.44116000e+01  -09.58259000e-02
  06.24747000e+01   05.28436000e+01   03.69315000e+01  -01.77941000e-01
  06.46191000e+01   05.66986000e+01   03.75885000e+01   06.74294000e-02
  06.78831000e+01   05.51386000e+01   03.52210000e+01   01.44326000e-01
  07.33175000e+01   05.25772000e+01   03.79893000e+01   00.00000000e+00
  07.42289000e+01   05.35525000e+01   03.87743000e+01   00.00000000e+00
  07.51740000e+01   05.27646000e+01   03.97858000e+01   00.00000000e+00
  07.56667000e+01   05.36653000e+01   04.11173000e+01   00.00000000e+00
  07.63167000e+01   05.49912000e+01   04.05768000e+01   00.00000000e+00
  07.67275000e+01   05.28181000e+01   04.20277000e+01   00.00000000e+00
  07.70897000e+01   05.32801000e+01   04.34457000e+01   00.00000000e+00
  07.58002000e+01   05.31259000e+01   04.43200000e+01   00.00000000e+00
  07.58962000e+01   05.31201000e+01   04.58372000e+01   00.00000000e+00
  07.45656000e+01   05.26804000e+01   04.64129000e+01   00.00000000e+00
  07.63157000e+01   05.45314000e+01   04.64972000e+01   00.00000000e+00
  07.53768000e+01   05.57453000e+01   04.61620000e+01   00.00000000e+00
  07.57743000e+01   05.69208000e+01   04.70897000e+01   00.00000000e+00
  07.71374000e+01   05.75962000e+01   04.67805000e+01   00.00000000e+00
  07.72328000e+01   05.79896000e+01   04.52853000e+01   00.00000000e+00
  07.74040000e+01   05.88016000e+01   04.76742000e+01   00.00000000e+00
  06.41676000e+01   05.54357000e+01   03.72253000e+01   03.65717000e-02
  06.51741000e+01   05.40115000e+01   03.60097000e+01  -06.37550000e-03
  06.85024000e+01   05.88374000e+01   03.75491000e+01   01.79582000e-02
  06.97883000e+01   05.86599000e+01   03.62700000e+01   01.23366000e-02
  06.81165000e+01   05.92582000e+01   03.58729000e+01   01.80857000e-02
  06.06178000e+01   05.73973000e+01   03.86435000e+01  -03.55350000e-03
  06.06513000e+01   05.57580000e+01   03.93480000e+01  -05.48890000e-03
  06.15394000e+01   05.70131000e+01   04.01479000e+01  -05.73590000e-03
  06.20551000e+01   04.94218000e+01   03.43138000e+01  -01.16015000e-02
  06.28631000e+01   04.88083000e+01   03.57209000e+01  -01.03548000e-02
  06.10212000e+01   04.90471000e+01   03.56391000e+01  -01.10806000e-02
  06.72216000e+01   04.93229000e+01   03.17604000e+01  -06.50300000e-03
  06.55871000e+01   04.94012000e+01   03.23473000e+01  -03.84930000e-03
  06.62903000e+01   05.08717000e+01   03.15687000e+01  -06.75510000e-03
  07.03913000e+01   05.23268000e+01   03.00244000e+01   06.96000000e-05
  06.91711000e+01   05.35992000e+01   02.99981000e+01  -02.56130000e-03
  07.10006000e+01   05.39629000e+01   03.01058000e+01  -08.86000000e-04
  06.59825000e+01   05.86723000e+01   03.94692000e+01   02.66600000e-04
  06.50169000e+01   06.00645000e+01   04.02539000e+01   02.07780000e-03
  06.49056000e+01   05.83462000e+01   04.08391000e+01   03.44650000e-03
  05.85546000e+01   05.07363000e+01   03.79375000e+01   02.98050000e-03
  05.93560000e+01   05.02994000e+01   03.63497000e+01  -05.01900000e-04
  06.97385000e+01   05.15433000e+01   03.60616000e+01  -05.40000000e-06
  06.88450000e+01   05.02406000e+01   03.58955000e+01  -02.73660000e-03
  06.36941000e+01   05.95421000e+01   03.83114000e+01   06.65000000e-04
  06.29445000e+01   05.90287000e+01   03.97090000e+01  -04.07950000e-03
  06.95336000e+01   04.99226000e+01   03.35797000e+01   01.58140000e-02
  07.02590000e+01   05.15020000e+01   03.36816000e+01   09.11190000e-03
  07.83674000e+01   05.91780000e+01   04.74056000e+01   00.00000000e+00
  07.67109000e+01   05.96342000e+01   04.76066000e+01   00.00000000e+00
  07.76266000e+01   05.83949000e+01   04.86300000e+01   00.00000000e+00
  07.83259000e+01   05.81901000e+01   04.52000000e+01   00.00000000e+00
  07.69843000e+01   05.73068000e+01   04.44905000e+01   00.00000000e+00
  07.66911000e+01   05.88949000e+01   04.51269000e+01   00.00000000e+00
  07.50837000e+01   05.77684000e+01   04.70905000e+01   00.00000000e+00
  07.59169000e+01   05.64847000e+01   04.80935000e+01   00.00000000e+00
  07.53849000e+01   05.61096000e+01   04.51307000e+01   00.00000000e+00
  07.43792000e+01   05.54893000e+01   04.63590000e+01   00.00000000e+00
  07.63950000e+01   05.43173000e+01   04.75136000e+01   00.00000000e+00
  07.72874000e+01   05.47372000e+01   04.61362000e+01   00.00000000e+00
  07.42761000e+01   05.17574000e+01   04.58738000e+01   00.00000000e+00
  07.45822000e+01   05.23941000e+01   04.74432000e+01   00.00000000e+00
  07.38301000e+01   05.34946000e+01   04.62746000e+01   00.00000000e+00
  07.51207000e+01   05.39633000e+01   04.41321000e+01   00.00000000e+00
  07.53517000e+01   05.21912000e+01   04.40926000e+01   00.00000000e+00
  07.78727000e+01   05.27759000e+01   04.39167000e+01   00.00000000e+00
  07.73681000e+01   05.43703000e+01   04.33932000e+01   00.00000000e+00
  07.62846000e+01   05.18531000e+01   04.21942000e+01   00.00000000e+00
  07.76909000e+01   05.27608000e+01   04.15474000e+01   00.00000000e+00
  06.61379000e+01   05.82571000e+01   03.75200000e+01   07.20400000e-04
  06.12206000e+01   05.39616000e+01   03.80980000e+01  -02.39543000e-02
  06.43321000e+01   05.00395000e+01   03.42357000e+01   04.89340000e-03
  07.05803000e+01   05.37563000e+01   03.43862000e+01  -02.28199000e-02
  06.07040000e+01   05.16756000e+01   03.86816000e+01  -01.51750000e-03
  07.71810000e+01   05.47499000e+01   03.99476000e+01   00.00000000e+00
  07.58069000e+01   05.56642000e+01   03.99212000e+01   00.00000000e+00
  07.65805000e+01   05.55119000e+01   04.14659000e+01   00.00000000e+00
  07.47451000e+01   05.38173000e+01   04.16929000e+01   00.00000000e+00
  07.45607000e+01   05.19277000e+01   04.02006000e+01   00.00000000e+00
  07.59766000e+01   05.23166000e+01   03.92355000e+01   00.00000000e+00
  07.48515000e+01   05.40207000e+01   03.79952000e+01   00.00000000e+00
  07.36342000e+01   05.42952000e+01   03.91927000e+01   00.00000000e+00
  07.25644000e+01   05.32117000e+01   03.74543000e+01   00.00000000e+00
  07.26671000e+01   05.20112000e+01   03.86144000e+01   00.00000000e+00
  07.47897000e+01   05.20697000e+01   03.48966000e+01   00.00000000e+00
  07.36987000e+01   05.32150000e+01   03.55885000e+01   00.00000000e+00
  07.54107000e+01   05.32125000e+01   03.60971000e+01   00.00000000e+00
  06.69281000e+01   04.96142000e+01   03.43144000e+01   05.57290000e-03
  06.81876000e+01   05.17037000e+01   03.24592000e+01  -01.28866000e-02
  07.50321000e+01   05.00312000e+01   03.75677000e+01   00.00000000e+00
  07.79393000e+01   05.68932000e+01   04.70161000e+01   00.00000000e+00
  07.67200000e+01   05.24872000e+01   04.60471000e+01   00.00000000e+00
  07.29517000e+01   04.89034000e+01   03.72628000e+01  -01.99830000e-03
  07.34680000e+01   04.89821000e+01   03.56001000e+01  -01.85290000e-03
