  06.91532000e+01   05.13700000e+01   03.43205000e+01  -06.11779000e-02
  06.01654000e+01   05.24202000e+01   03.69717000e+01   01.75852000e-02
  06.35707000e+01   05.94966000e+01   03.81504000e+01   01.01800000e-02
  06.98126000e+01   05.64152000e+01   03.40440000e+01  -01.32723000e-02
  06.61275000e+01   05.31616000e+01   03.42534000e+01  -04.57645000e-02
  06.98358000e+01   05.01959000e+01   03.38489000e+01   02.46758000e-02
  05.91187000e+01   05.16341000e+01   03.66203000e+01  -01.71993000e-02
  06.47664000e+01   05.94147000e+01   03.91399000e+01  -09.39340000e-03
  06.96334000e+01   05.48859000e+01   03.36784000e+01   07.66074000e-02
  06.34352000e+01   05.34271000e+01   03.54118000e+01   09.44338000e-02
  07.08261000e+01   05.70660000e+01   03.38526000e+01   01.54319000e-02
  07.05761000e+01   04.93924000e+01   03.49819000e+01  -01.56515000e-02
  07.01413000e+01   05.45919000e+01   03.22241000e+01  -02.00050000e-02
  06.63667000e+01   05.60631000e+01   03.48338000e+01  -08.09918000e-02
  07.10671000e+01   05.28373000e+01   03.09087000e+01   04.03650000e-03
  06.82099000e+01   05.44791000e+01   03.40695000e+01  -01.43447000e-01
  06.43789000e+01   05.14778000e+01   03.41284000e+01   01.23287000e-02
  06.20776000e+01   05.48070000e+01   03.68763000e+01   02.21683000e-01
  06.55623000e+01   05.81422000e+01   03.60341000e+01  -05.42921000e-02
  06.62528000e+01   05.05856000e+01   03.18061000e+01   02.66866000e-02
  06.16730000e+01   05.02705000e+01   03.48806000e+01   04.35609000e-02
  06.10095000e+01   05.73009000e+01   03.84005000e+01   02.36507000e-02
  06.84941000e+01   05.92764000e+01   03.51301000e+01  -06.09964000e-02
  07.21425000e+01   04.95042000e+01   03.67055000e+01   08.71130000e-03
  06.74840000e+01   05.32654000e+01   03.38901000e+01   01.26858000e-01
  06.34086000e+01   05.21649000e+01   03.49261000e+01  -03.45042000e-02
  06.27488000e+01   05.60459000e+01   03.69704000e+01  -02.04376000e-01
  06.65334000e+01   05.73975000e+01   03.52523000e+01   07.60142000e-02
  07.03499000e+01   04.82169000e+01   03.52534000e+01   05.08730000e-03
  06.99948000e+01   05.53122000e+01   03.12208000e+01   06.92200000e-04
  07.29331000e+01   05.06016000e+01   03.71886000e+01   00.00000000e+00
  06.80082000e+01   05.19721000e+01   03.33701000e+01   07.64245000e-02
  06.21273000e+01   05.16074000e+01   03.53446000e+01  -04.66821000e-02
  06.22797000e+01   05.72055000e+01   03.76352000e+01   01.65461000e-02
  06.78359000e+01   05.79284000e+01   03.48625000e+01   05.49912000e-02
  07.15103000e+01   05.01649000e+01   03.55841000e+01   03.30200000e-04
  07.06160000e+01   05.33060000e+01   03.22554000e+01   04.02810000e-03
  07.26541000e+01   05.19085000e+01   03.72673000e+01   00.00000000e+00
  06.66658000e+01   05.11165000e+01   03.33244000e+01  -04.69336000e-02
  06.14773000e+01   05.24956000e+01   03.62238000e+01  -07.68710000e-03
  06.34052000e+01   05.81443000e+01   03.75848000e+01  -03.37389000e-02
  06.84908000e+01   05.68102000e+01   03.44799000e+01   03.64969000e-02
  07.31986000e+01   05.29684000e+01   03.62895000e+01   00.00000000e+00
  06.55859000e+01   05.19943000e+01   03.37986000e+01  -09.58259000e-02
  06.23866000e+01   05.36171000e+01   03.62162000e+01  -01.77941000e-01
  06.43766000e+01   05.76041000e+01   03.65735000e+01   06.74294000e-02
  06.76353000e+01   05.57046000e+01   03.44698000e+01   01.44326000e-01
  07.17427000e+01   05.24504000e+01   03.83788000e+01   00.00000000e+00
  07.23857000e+01   05.31238000e+01   03.95546000e+01   00.00000000e+00
  07.33900000e+01   05.23526000e+01   04.02801000e+01   00.00000000e+00
  07.41185000e+01   05.30276000e+01   04.15324000e+01   00.00000000e+00
  07.52259000e+01   05.40993000e+01   04.10227000e+01   00.00000000e+00
  07.48719000e+01   05.20055000e+01   04.25177000e+01   00.00000000e+00
  07.52701000e+01   05.25351000e+01   04.39337000e+01   00.00000000e+00
  07.40045000e+01   05.30181000e+01   04.46908000e+01   00.00000000e+00
  07.42081000e+01   05.32571000e+01   04.62411000e+01   00.00000000e+00
  07.29027000e+01   05.36221000e+01   04.69968000e+01   00.00000000e+00
  07.53218000e+01   05.42858000e+01   04.65021000e+01   00.00000000e+00
  07.51747000e+01   05.57025000e+01   04.59267000e+01   00.00000000e+00
  07.64225000e+01   05.65040000e+01   04.62916000e+01   00.00000000e+00
  07.76800000e+01   05.61404000e+01   04.55084000e+01   00.00000000e+00
  07.77068000e+01   05.67161000e+01   04.40998000e+01   00.00000000e+00
  07.89631000e+01   05.65112000e+01   04.62654000e+01   00.00000000e+00
  06.39433000e+01   05.62554000e+01   03.63368000e+01   03.65717000e-02
  06.49685000e+01   05.47157000e+01   03.51807000e+01  -06.37550000e-03
  06.79263000e+01   06.01329000e+01   03.46974000e+01   01.79582000e-02
  06.83997000e+01   05.94685000e+01   03.61742000e+01   01.23366000e-02
  06.95774000e+01   05.94122000e+01   03.47628000e+01   01.80857000e-02
  06.03307000e+01   05.74524000e+01   03.76035000e+01  -03.55350000e-03
  06.08714000e+01   05.63134000e+01   03.88907000e+01  -05.48890000e-03
  06.10433000e+01   05.81725000e+01   03.90412000e+01  -05.73590000e-03
  06.11470000e+01   05.02627000e+01   03.39455000e+01  -01.16015000e-02
  06.25133000e+01   04.96077000e+01   03.47538000e+01  -01.03548000e-02
  06.10658000e+01   04.97241000e+01   03.56299000e+01  -01.10806000e-02
  06.52367000e+01   05.01511000e+01   03.18362000e+01  -06.50300000e-03
  06.61559000e+01   05.13250000e+01   03.10121000e+01  -03.84930000e-03
  06.69239000e+01   04.97711000e+01   03.15687000e+01  -06.75510000e-03
  07.10974000e+01   05.17922000e+01   03.09973000e+01   06.96000000e-05
  07.03297000e+01   05.30910000e+01   03.01330000e+01  -02.56130000e-03
  07.20839000e+01   05.30668000e+01   03.05825000e+01  -08.86000000e-04
  06.47033000e+01   06.03427000e+01   03.97689000e+01   02.66600000e-04
  06.48849000e+01   05.84919000e+01   03.97109000e+01   02.07780000e-03
  06.56600000e+01   05.94832000e+01   03.85550000e+01   03.44650000e-03
  05.81560000e+01   05.15481000e+01   03.71460000e+01   02.98050000e-03
  05.91561000e+01   05.10099000e+01   03.56650000e+01  -05.01900000e-04
  06.91366000e+01   04.94746000e+01   03.33553000e+01  -05.40000000e-06
  07.06080000e+01   05.05277000e+01   03.31403000e+01  -02.73660000e-03
  06.37510000e+01   06.02148000e+01   03.73089000e+01   06.65000000e-04
  06.26966000e+01   05.97842000e+01   03.86456000e+01  -04.07950000e-03
  06.98545000e+01   05.20923000e+01   03.44924000e+01   01.58140000e-02
  06.86350000e+01   05.10852000e+01   03.52055000e+01   09.11190000e-03
  07.97203000e+01   05.59521000e+01   04.57572000e+01   00.00000000e+00
  07.91955000e+01   05.75712000e+01   04.62172000e+01   00.00000000e+00
  07.89976000e+01   05.63157000e+01   04.73550000e+01   00.00000000e+00
  07.75093000e+01   05.77608000e+01   04.40229000e+01   00.00000000e+00
  07.86560000e+01   05.65277000e+01   04.35318000e+01   00.00000000e+00
  07.68941000e+01   05.62563000e+01   04.35492000e+01   00.00000000e+00
  07.62244000e+01   05.75801000e+01   04.62020000e+01   00.00000000e+00
  07.65725000e+01   05.62295000e+01   04.73089000e+01   00.00000000e+00
  07.48694000e+01   05.57668000e+01   04.48759000e+01   00.00000000e+00
  07.43311000e+01   05.62312000e+01   04.65092000e+01   00.00000000e+00
  07.55245000e+01   05.42640000e+01   04.75504000e+01   00.00000000e+00
  07.62099000e+01   05.36773000e+01   04.61012000e+01   00.00000000e+00
  07.20645000e+01   05.28580000e+01   04.67959000e+01   00.00000000e+00
  07.29814000e+01   05.36395000e+01   04.81606000e+01   00.00000000e+00
  07.27056000e+01   05.45775000e+01   04.66215000e+01   00.00000000e+00
  07.35452000e+01   05.39021000e+01   04.43255000e+01   00.00000000e+00
  07.33404000e+01   05.20967000e+01   04.45676000e+01   00.00000000e+00
  07.58340000e+01   05.17202000e+01   04.43761000e+01   00.00000000e+00
  07.58902000e+01   05.33991000e+01   04.37055000e+01   00.00000000e+00
  07.42520000e+01   05.10650000e+01   04.26307000e+01   00.00000000e+00
  07.58060000e+01   05.16203000e+01   04.20290000e+01   00.00000000e+00
  06.58727000e+01   05.90970000e+01   03.62841000e+01   07.20400000e-04
  06.10831000e+01   05.47677000e+01   03.73988000e+01  -02.39543000e-02
  06.41359000e+01   05.04146000e+01   03.38319000e+01   04.89340000e-03
  07.03540000e+01   05.44464000e+01   03.43736000e+01  -02.28199000e-02
  06.00946000e+01   05.29948000e+01   03.78591000e+01  -01.51750000e-03
  07.57938000e+01   05.35665000e+01   04.02278000e+01   00.00000000e+00
  07.46500000e+01   05.49777000e+01   04.06352000e+01   00.00000000e+00
  07.58987000e+01   05.43403000e+01   04.18227000e+01   00.00000000e+00
  07.33448000e+01   05.35390000e+01   04.20459000e+01   00.00000000e+00
  07.29930000e+01   05.14872000e+01   04.05971000e+01   00.00000000e+00
  07.42419000e+01   05.20381000e+01   03.96048000e+01   00.00000000e+00
  07.29560000e+01   05.39758000e+01   03.92736000e+01   00.00000000e+00
  07.16397000e+01   05.32838000e+01   04.03042000e+01   00.00000000e+00
  07.09850000e+01   05.31426000e+01   03.80025000e+01   00.00000000e+00
  07.11466000e+01   05.16102000e+01   03.85443000e+01   00.00000000e+00
  07.39573000e+01   05.35615000e+01   03.68541000e+01   00.00000000e+00
  07.36334000e+01   05.24641000e+01   03.54162000e+01   00.00000000e+00
  07.24557000e+01   05.36822000e+01   03.59044000e+01   00.00000000e+00
  06.67469000e+01   05.02062000e+01   03.39462000e+01   05.57290000e-03
  06.83961000e+01   05.21890000e+01   03.24136000e+01  -01.28866000e-02
  07.38247000e+01   05.03015000e+01   03.77559000e+01   00.00000000e+00
  07.77190000e+01   05.50523000e+01   04.54530000e+01   00.00000000e+00
  07.45616000e+01   05.23437000e+01   04.66922000e+01   00.00000000e+00
  07.13797000e+01   04.92673000e+01   03.74553000e+01  -01.99830000e-03
  07.27000000e+01   04.86147000e+01   03.63948000e+01  -01.85290000e-03
