  07.09956000e+01   05.17552000e+01   03.46937000e+01  -06.11779000e-02
  06.17670000e+01   05.24576000e+01   03.68713000e+01   01.75852000e-02
  06.49275000e+01   05.99440000e+01   03.76480000e+01   01.01800000e-02
  07.14818000e+01   05.67644000e+01   03.42601000e+01  -01.32723000e-02
  06.78238000e+01   05.34655000e+01   03.45821000e+01  -04.57645000e-02
  07.08205000e+01   05.16682000e+01   03.62255000e+01   02.46758000e-02
  06.13537000e+01   05.28093000e+01   03.81185000e+01  -01.71993000e-02
  06.59579000e+01   06.00479000e+01   03.87748000e+01  -09.39340000e-03
  07.13072000e+01   05.51940000e+01   03.39574000e+01   07.66074000e-02
  06.50051000e+01   05.36015000e+01   03.56120000e+01   09.44338000e-02
  07.24829000e+01   05.73809000e+01   03.41050000e+01   01.54319000e-02
  07.18543000e+01   05.09321000e+01   03.69935000e+01  -01.56515000e-02
  07.16262000e+01   05.50577000e+01   03.25011000e+01  -02.00050000e-02
  06.80732000e+01   05.64066000e+01   03.50145000e+01  -08.09918000e-02
  07.24961000e+01   05.34424000e+01   03.09627000e+01   04.03650000e-03
  06.98532000e+01   05.48224000e+01   03.43361000e+01  -01.43447000e-01
  06.61871000e+01   05.16344000e+01   03.46900000e+01   01.23287000e-02
  06.35495000e+01   05.51224000e+01   03.68287000e+01   02.21683000e-01
  06.70653000e+01   05.84425000e+01   03.59605000e+01  -05.42921000e-02
  06.83246000e+01   05.06256000e+01   03.24775000e+01   02.66866000e-02
  06.34329000e+01   05.02754000e+01   03.52403000e+01   04.35609000e-02
  06.26109000e+01   05.75885000e+01   03.82645000e+01   02.36507000e-02
  06.99285000e+01   05.97125000e+01   03.50739000e+01  -06.09964000e-02
  07.35209000e+01   05.09241000e+01   03.87016000e+01   08.71130000e-03
  06.91508000e+01   05.36191000e+01   03.42768000e+01   01.26858000e-01
  06.50496000e+01   05.23088000e+01   03.52757000e+01  -03.45042000e-02
  06.42161000e+01   05.63192000e+01   03.67630000e+01  -02.04376000e-01
  06.81422000e+01   05.77425000e+01   03.54181000e+01   07.60142000e-02
  07.22027000e+01   04.98117000e+01   03.66338000e+01   05.08730000e-03
  07.12809000e+01   05.57539000e+01   03.15765000e+01   06.92200000e-04
  07.42427000e+01   05.18790000e+01   03.97006000e+01   00.00000000e+00
  06.98287000e+01   05.22898000e+01   03.37965000e+01   07.64245000e-02
  06.38169000e+01   05.16768000e+01   03.56289000e+01  -04.66821000e-02
  06.38160000e+01   05.75601000e+01   03.73752000e+01   01.65461000e-02
  06.94483000e+01   05.83128000e+01   03.49890000e+01   05.49912000e-02
  07.24570000e+01   05.16407000e+01   03.79988000e+01   03.30200000e-04
  07.22665000e+01   05.38508000e+01   03.23154000e+01   04.02810000e-03
  07.55044000e+01   05.18023000e+01   04.01099000e+01   00.00000000e+00
  06.85720000e+01   05.13655000e+01   03.37704000e+01  -04.69336000e-02
  06.31026000e+01   05.26465000e+01   03.63423000e+01  -07.68710000e-03
  06.48522000e+01   05.85334000e+01   03.71669000e+01  -03.37389000e-02
  07.02166000e+01   05.72285000e+01   03.46540000e+01   03.64969000e-02
  07.57200000e+01   05.10994000e+01   04.14187000e+01   00.00000000e+00
  06.74115000e+01   05.21949000e+01   03.43211000e+01  -09.58259000e-02
  06.38957000e+01   05.38543000e+01   03.63396000e+01  -01.77941000e-01
  06.59110000e+01   05.78029000e+01   03.64188000e+01   06.74294000e-02
  06.92772000e+01   05.60743000e+01   03.46472000e+01   01.44326000e-01
  07.67174000e+01   05.20791000e+01   03.93323000e+01   00.00000000e+00
  07.76059000e+01   05.31764000e+01   03.99185000e+01   00.00000000e+00
  07.69378000e+01   05.45260000e+01   03.98122000e+01   00.00000000e+00
  07.77219000e+01   05.56891000e+01   04.05216000e+01   00.00000000e+00
  07.90943000e+01   05.58503000e+01   03.97676000e+01   00.00000000e+00
  07.78921000e+01   05.53014000e+01   04.20234000e+01   00.00000000e+00
  07.79986000e+01   05.65191000e+01   04.29676000e+01   00.00000000e+00
  07.81624000e+01   05.61052000e+01   04.43880000e+01   00.00000000e+00
  07.76461000e+01   05.70794000e+01   04.54281000e+01   00.00000000e+00
  07.82591000e+01   05.84918000e+01   04.54673000e+01   00.00000000e+00
  07.76788000e+01   05.64281000e+01   04.68005000e+01   00.00000000e+00
  07.67657000e+01   05.71366000e+01   04.78960000e+01   00.00000000e+00
  07.53230000e+01   05.71124000e+01   04.75104000e+01   00.00000000e+00
  07.43001000e+01   05.71408000e+01   04.86751000e+01   00.00000000e+00
  07.44608000e+01   05.81212000e+01   04.98391000e+01   00.00000000e+00
  07.28775000e+01   05.73803000e+01   04.80111000e+01   00.00000000e+00
  06.54991000e+01   05.65519000e+01   03.61346000e+01   03.65717000e-02
  06.65654000e+01   05.50275000e+01   03.52719000e+01  -06.37550000e-03
  06.94836000e+01   06.00805000e+01   03.60206000e+01   01.79582000e-02
  07.09760000e+01   05.96956000e+01   03.50859000e+01   01.23366000e-02
  06.95785000e+01   06.01696000e+01   03.42230000e+01   01.80857000e-02
  06.28040000e+01   05.83035000e+01   03.90986000e+01  -03.55350000e-03
  06.17322000e+01   05.78952000e+01   03.77300000e+01  -05.48890000e-03
  06.24353000e+01   05.65773000e+01   03.87693000e+01  -05.73590000e-03
  06.37755000e+01   04.94912000e+01   03.59114000e+01  -01.16015000e-02
  06.23114000e+01   05.02303000e+01   03.51629000e+01  -01.03548000e-02
  06.37324000e+01   05.01945000e+01   03.41520000e+01  -01.10806000e-02
  06.83007000e+01   05.14006000e+01   03.17008000e+01  -06.50300000e-03
  06.91383000e+01   05.00133000e+01   03.22927000e+01  -03.84930000e-03
  06.73869000e+01   05.01169000e+01   03.25407000e+01  -06.75510000e-03
  07.30109000e+01   05.40588000e+01   03.03102000e+01   06.96000000e-05
  07.29143000e+01   05.24781000e+01   03.09219000e+01  -02.56130000e-03
  07.15266000e+01   05.34157000e+01   03.05352000e+01  -08.86000000e-04
  06.60304000e+01   05.91679000e+01   03.93707000e+01   02.66600000e-04
  06.69403000e+01   06.02780000e+01   03.83188000e+01   02.07780000e-03
  06.55986000e+01   06.08475000e+01   03.94816000e+01   03.44650000e-03
  06.03315000e+01   05.26404000e+01   03.84311000e+01   02.98050000e-03
  06.21353000e+01   05.30934000e+01   03.88678000e+01  -05.01900000e-04
  07.07135000e+01   05.27047000e+01   03.65631000e+01  -05.40000000e-06
  06.99237000e+01   05.11408000e+01   03.64120000e+01  -02.73660000e-03
  06.50355000e+01   06.06217000e+01   03.68955000e+01   06.65000000e-04
  06.39550000e+01   06.00935000e+01   03.80444000e+01  -04.07950000e-03
  07.12519000e+01   05.07941000e+01   03.43405000e+01   01.58140000e-02
  07.18528000e+01   05.23868000e+01   03.44467000e+01   09.11190000e-03
  07.28903000e+01   05.83386000e+01   04.74988000e+01   00.00000000e+00
  07.27789000e+01   05.65902000e+01   04.72515000e+01   00.00000000e+00
  07.20557000e+01   05.72587000e+01   04.87804000e+01   00.00000000e+00
  07.45783000e+01   05.91222000e+01   04.93945000e+01   00.00000000e+00
  07.35442000e+01   05.80538000e+01   05.04196000e+01   00.00000000e+00
  07.53651000e+01   05.80357000e+01   05.03758000e+01   00.00000000e+00
  07.49925000e+01   05.79409000e+01   04.68503000e+01   00.00000000e+00
  07.51647000e+01   05.61851000e+01   04.69245000e+01   00.00000000e+00
  07.68228000e+01   05.65264000e+01   04.88277000e+01   00.00000000e+00
  07.70738000e+01   05.81521000e+01   04.81034000e+01   00.00000000e+00
  07.72740000e+01   05.54660000e+01   04.66416000e+01   00.00000000e+00
  07.86317000e+01   05.64452000e+01   04.72027000e+01   00.00000000e+00
  07.82552000e+01   05.89574000e+01   04.44804000e+01   00.00000000e+00
  07.77541000e+01   05.91781000e+01   04.61679000e+01   00.00000000e+00
  07.93170000e+01   05.84522000e+01   04.58783000e+01   00.00000000e+00
  07.75395000e+01   05.52559000e+01   04.45223000e+01   00.00000000e+00
  07.91624000e+01   05.57234000e+01   04.45609000e+01   00.00000000e+00
  07.89505000e+01   05.70200000e+01   04.26891000e+01   00.00000000e+00
  07.71161000e+01   05.71234000e+01   04.28750000e+01   00.00000000e+00
  07.70443000e+01   05.46506000e+01   04.23737000e+01   00.00000000e+00
  07.88204000e+01   05.47092000e+01   04.21254000e+01   00.00000000e+00
  06.72359000e+01   05.95554000e+01   03.61393000e+01   07.20400000e-04
  06.25028000e+01   05.50673000e+01   03.72387000e+01  -02.39543000e-02
  06.61393000e+01   05.05656000e+01   03.44072000e+01   04.89340000e-03
  07.20222000e+01   05.46432000e+01   03.45889000e+01  -02.28199000e-02
  06.09302000e+01   05.19485000e+01   03.62783000e+01  -01.51750000e-03
  07.89423000e+01   05.58123000e+01   03.87467000e+01   00.00000000e+00
  07.94861000e+01   05.68943000e+01   04.00512000e+01   00.00000000e+00
  07.98752000e+01   05.50820000e+01   03.99008000e+01   00.00000000e+00
  07.71521000e+01   05.66135000e+01   04.04482000e+01   00.00000000e+00
  07.68391000e+01   05.47403000e+01   03.87194000e+01   00.00000000e+00
  07.59049000e+01   05.44124000e+01   04.01607000e+01   00.00000000e+00
  07.77668000e+01   05.30157000e+01   04.09490000e+01   00.00000000e+00
  07.85904000e+01   05.33263000e+01   03.94720000e+01   00.00000000e+00
  07.72933000e+01   05.11777000e+01   03.93229000e+01   00.00000000e+00
  07.65011000e+01   05.22375000e+01   03.83219000e+01   00.00000000e+00
  07.48343000e+01   05.10290000e+01   04.21016000e+01   00.00000000e+00
  07.61090000e+01   05.00541000e+01   04.13421000e+01   00.00000000e+00
  07.63952000e+01   05.17428000e+01   04.20032000e+01   00.00000000e+00
  06.86903000e+01   05.04503000e+01   03.43954000e+01   05.57290000e-03
  07.02479000e+01   05.24567000e+01   03.27478000e+01  -01.28866000e-02
  07.38026000e+01   05.28963000e+01   03.98680000e+01   00.00000000e+00
  07.42970000e+01   05.62461000e+01   04.92267000e+01   00.00000000e+00
  07.65458000e+01   05.72326000e+01   04.52056000e+01   00.00000000e+00
  07.31216000e+01   05.01156000e+01   03.93402000e+01  -01.99830000e-03
  07.41962000e+01   05.05174000e+01   03.80022000e+01  -01.85290000e-03
