  07.04505000e+01   05.09973000e+01   03.48940000e+01  -06.11779000e-02
  06.11843000e+01   05.14492000e+01   03.73294000e+01   01.75852000e-02
  06.47496000e+01   05.87563000e+01   03.87207000e+01   01.01800000e-02
  07.09774000e+01   05.58382000e+01   03.46802000e+01  -01.32723000e-02
  06.73923000e+01   05.26043000e+01   03.47055000e+01  -04.57645000e-02
  07.00288000e+01   05.11345000e+01   03.63705000e+01   02.46758000e-02
  06.08281000e+01   05.17981000e+01   03.85911000e+01  -01.71993000e-02
  06.58147000e+01   05.87150000e+01   03.98287000e+01  -09.39340000e-03
  07.08549000e+01   05.43590000e+01   03.41796000e+01   07.66074000e-02
  06.46219000e+01   05.26207000e+01   03.60381000e+01   09.44338000e-02
  07.20125000e+01   05.63900000e+01   03.45127000e+01   01.54319000e-02
  07.10817000e+01   05.06946000e+01   03.73184000e+01  -01.56515000e-02
  07.13335000e+01   05.43344000e+01   03.27268000e+01  -02.00050000e-02
  06.76800000e+01   05.54299000e+01   03.56791000e+01  -08.09918000e-02
  07.27410000e+01   05.30166000e+01   03.12093000e+01   04.03650000e-03
  06.93674000e+01   05.40593000e+01   03.44461000e+01  -01.43447000e-01
  06.57377000e+01   05.07314000e+01   03.48469000e+01   01.23287000e-02
  06.32089000e+01   05.40210000e+01   03.73815000e+01   02.21683000e-01
  06.66777000e+01   05.74036000e+01   03.66905000e+01  -05.42921000e-02
  06.76738000e+01   05.02659000e+01   03.23426000e+01   02.66866000e-02
  06.29314000e+01   04.92753000e+01   03.56961000e+01   04.35609000e-02
  06.23919000e+01   05.66699000e+01   03.90585000e+01   02.36507000e-02
  06.96362000e+01   05.85516000e+01   03.65230000e+01  -06.09964000e-02
  07.22494000e+01   05.12738000e+01   03.93879000e+01   08.71130000e-03
  06.86901000e+01   05.28192000e+01   03.42993000e+01   01.26858000e-01
  06.46030000e+01   05.13656000e+01   03.55335000e+01  -03.45042000e-02
  06.39364000e+01   05.52477000e+01   03.75323000e+01  -02.04376000e-01
  06.78335000e+01   05.67343000e+01   03.61267000e+01   07.60142000e-02
  07.16333000e+01   04.96199000e+01   03.73144000e+01   05.08730000e-03
  07.09323000e+01   05.51073000e+01   03.18347000e+01   06.92200000e-04
  07.25997000e+01   05.24425000e+01   04.03665000e+01   00.00000000e+00
  06.93568000e+01   05.14808000e+01   03.38404000e+01   07.64245000e-02
  06.33462000e+01   05.06881000e+01   03.59070000e+01  -04.66821000e-02
  06.35621000e+01   05.64557000e+01   03.82629000e+01   01.65461000e-02
  06.91122000e+01   05.72853000e+01   03.59772000e+01   05.49912000e-02
  07.13675000e+01   05.16420000e+01   03.82754000e+01   03.30200000e-04
  07.22489000e+01   05.33422000e+01   03.25441000e+01   04.02810000e-03
  07.30314000e+01   05.23465000e+01   04.16091000e+01   00.00000000e+00
  06.80978000e+01   05.05539000e+01   03.37753000e+01  -04.69336000e-02
  06.26043000e+01   05.16217000e+01   03.67222000e+01  -07.68710000e-03
  06.45824000e+01   05.73844000e+01   03.80297000e+01  -03.37389000e-02
  06.97593000e+01   05.62418000e+01   03.52704000e+01   03.64969000e-02
  07.21573000e+01   05.25624000e+01   04.28025000e+01   00.00000000e+00
  06.69843000e+01   05.12858000e+01   03.44654000e+01  -09.58259000e-02
  06.34274000e+01   05.28452000e+01   03.67690000e+01  -01.77941000e-01
  06.54498000e+01   05.67858000e+01   03.70837000e+01   06.74294000e-02
  06.88494000e+01   05.51966000e+01   03.50471000e+01   01.44326000e-01
  07.44974000e+01   05.23684000e+01   04.18159000e+01   00.00000000e+00
  07.52962000e+01   05.28810000e+01   04.06061000e+01   00.00000000e+00
  07.54066000e+01   05.43870000e+01   04.05406000e+01   00.00000000e+00
  07.67260000e+01   05.50127000e+01   04.10488000e+01   00.00000000e+00
  07.78760000e+01   05.45222000e+01   04.01898000e+01   00.00000000e+00
  07.68185000e+01   05.49124000e+01   04.25393000e+01   00.00000000e+00
  07.77015000e+01   05.60066000e+01   04.31997000e+01   00.00000000e+00
  07.80323000e+01   05.58304000e+01   04.47574000e+01   00.00000000e+00
  07.83039000e+01   05.71966000e+01   04.55186000e+01   00.00000000e+00
  07.94516000e+01   05.78301000e+01   04.47922000e+01   00.00000000e+00
  07.84780000e+01   05.68523000e+01   04.69746000e+01   00.00000000e+00
  07.81085000e+01   05.78568000e+01   04.80209000e+01   00.00000000e+00
  07.85199000e+01   05.73941000e+01   04.94363000e+01   00.00000000e+00
  07.84358000e+01   05.85807000e+01   05.04667000e+01   00.00000000e+00
  07.69674000e+01   05.89326000e+01   05.07011000e+01   00.00000000e+00
  07.92402000e+01   05.83002000e+01   05.17912000e+01   00.00000000e+00
  06.50646000e+01   05.54534000e+01   03.67681000e+01   03.65717000e-02
  06.61100000e+01   05.40151000e+01   03.57231000e+01  -06.37550000e-03
  06.88329000e+01   05.92869000e+01   03.65513000e+01   01.79582000e-02
  07.00708000e+01   05.84161000e+01   03.75385000e+01   01.23366000e-02
  07.03943000e+01   05.90093000e+01   03.59389000e+01   01.80857000e-02
  06.28108000e+01   05.66615000e+01   04.01363000e+01  -03.55350000e-03
  06.19503000e+01   05.75895000e+01   03.88362000e+01  -05.48890000e-03
  06.17008000e+01   05.58838000e+01   03.89011000e+01  -05.73590000e-03
  06.26406000e+01   04.89504000e+01   03.66389000e+01  -01.16015000e-02
  06.19923000e+01   04.92747000e+01   03.51098000e+01  -01.03548000e-02
  06.36272000e+01   04.86435000e+01   03.51534000e+01  -01.10806000e-02
  06.68465000e+01   04.95231000e+01   03.24445000e+01  -06.50300000e-03
  06.73122000e+01   05.12460000e+01   03.18378000e+01  -03.84930000e-03
  06.85083000e+01   04.97455000e+01   03.17847000e+01  -06.75510000e-03
  07.34738000e+01   05.22013000e+01   03.14016000e+01   06.96000000e-05
  07.18659000e+01   05.27113000e+01   03.06326000e+01  -02.56130000e-03
  07.32163000e+01   05.39524000e+01   03.08449000e+01  -08.86000000e-04
  06.57684000e+01   05.77677000e+01   04.04217000e+01   02.66600000e-04
  06.68074000e+01   05.90035000e+01   03.94583000e+01   02.07780000e-03
  06.55003000e+01   05.94660000e+01   04.04892000e+01   03.44650000e-03
  05.99080000e+01   05.13907000e+01   03.90275000e+01   02.98050000e-03
  06.15856000e+01   05.22059000e+01   03.93212000e+01  -05.01900000e-04
  06.96629000e+01   05.21268000e+01   03.65802000e+01  -05.40000000e-06
  06.91036000e+01   05.05120000e+01   03.65108000e+01  -02.73660000e-03
  06.50177000e+01   05.95201000e+01   03.79790000e+01   06.65000000e-04
  06.38428000e+01   05.90033000e+01   03.91090000e+01  -04.07950000e-03
  07.06965000e+01   04.99431000e+01   03.47958000e+01   01.58140000e-02
  07.13063000e+01   05.16819000e+01   03.47407000e+01   09.11190000e-03
  07.87651000e+01   05.74062000e+01   05.23033000e+01   00.00000000e+00
  08.03003000e+01   05.82733000e+01   05.15752000e+01   00.00000000e+00
  07.91714000e+01   05.91951000e+01   05.24422000e+01   00.00000000e+00
  07.64346000e+01   05.94407000e+01   04.98409000e+01   00.00000000e+00
  07.63661000e+01   05.80269000e+01   05.09877000e+01   00.00000000e+00
  07.68240000e+01   05.96497000e+01   05.14766000e+01   00.00000000e+00
  07.79004000e+01   05.65652000e+01   04.97262000e+01   00.00000000e+00
  07.95475000e+01   05.71255000e+01   04.94937000e+01   00.00000000e+00
  07.84958000e+01   05.88700000e+01   04.78306000e+01   00.00000000e+00
  07.70514000e+01   05.80780000e+01   04.79597000e+01   00.00000000e+00
  07.78177000e+01   05.60097000e+01   04.71461000e+01   00.00000000e+00
  07.95138000e+01   05.65202000e+01   04.71417000e+01   00.00000000e+00
  07.92112000e+01   05.80404000e+01   04.37883000e+01   00.00000000e+00
  07.96307000e+01   05.88231000e+01   04.52758000e+01   00.00000000e+00
  08.03289000e+01   05.71620000e+01   04.48799000e+01   00.00000000e+00
  07.71305000e+01   05.53843000e+01   04.52892000e+01   00.00000000e+00
  07.88043000e+01   05.51331000e+01   04.48615000e+01   00.00000000e+00
  07.86274000e+01   05.60654000e+01   04.27112000e+01   00.00000000e+00
  07.71653000e+01   05.69706000e+01   04.29724000e+01   00.00000000e+00
  07.58307000e+01   05.49422000e+01   04.29904000e+01   00.00000000e+00
  07.72541000e+01   05.39143000e+01   04.27368000e+01   00.00000000e+00
  06.68882000e+01   05.84209000e+01   03.69821000e+01   07.20400000e-04
  06.21776000e+01   05.40660000e+01   03.78181000e+01  -02.39543000e-02
  06.55930000e+01   04.97406000e+01   03.44758000e+01   04.89340000e-03
  07.15067000e+01   05.37814000e+01   03.48561000e+01  -02.28199000e-02
  06.04874000e+01   05.08473000e+01   03.66930000e+01  -01.51750000e-03
  07.82352000e+01   05.35989000e+01   04.06493000e+01   00.00000000e+00
  07.76862000e+01   05.43539000e+01   03.91279000e+01   00.00000000e+00
  07.85927000e+01   05.53246000e+01   04.02309000e+01   00.00000000e+00
  07.64944000e+01   05.60415000e+01   04.07443000e+01   00.00000000e+00
  07.52193000e+01   05.46926000e+01   03.95469000e+01   00.00000000e+00
  07.45165000e+01   05.47085000e+01   04.11759000e+01   00.00000000e+00
  07.63038000e+01   05.25349000e+01   04.08336000e+01   00.00000000e+00
  07.48580000e+01   05.25221000e+01   03.96487000e+01   00.00000000e+00
  07.45951000e+01   05.30395000e+01   04.26478000e+01   00.00000000e+00
  07.48715000e+01   05.13586000e+01   04.21091000e+01   00.00000000e+00
  07.25453000e+01   05.33022000e+01   04.34950000e+01   00.00000000e+00
  07.12542000e+01   05.29632000e+01   04.24653000e+01   00.00000000e+00
  07.20762000e+01   05.16250000e+01   04.34408000e+01   00.00000000e+00
  06.82432000e+01   04.96427000e+01   03.42414000e+01   05.57290000e-03
  06.98783000e+01   05.15777000e+01   03.28920000e+01  -01.28866000e-02
  07.23809000e+01   05.35205000e+01   04.00338000e+01   00.00000000e+00
  07.88675000e+01   05.94599000e+01   05.00382000e+01   00.00000000e+00
  07.73703000e+01   05.77222000e+01   04.55537000e+01   00.00000000e+00
  07.17734000e+01   05.04995000e+01   03.99534000e+01  -01.99830000e-03
  07.31977000e+01   05.08270000e+01   03.89009000e+01  -01.85290000e-03
