  07.07022000e+01   05.04967000e+01   03.55567000e+01  -06.11779000e-02
  06.13340000e+01   04.92845000e+01   03.69079000e+01   01.75852000e-02
  06.26844000e+01   05.70848000e+01   03.84647000e+01   01.01800000e-02
  07.00603000e+01   05.54559000e+01   03.53645000e+01  -01.32723000e-02
  06.73153000e+01   05.14961000e+01   03.53416000e+01  -04.57645000e-02
  07.17568000e+01   04.93318000e+01   03.51732000e+01   02.46758000e-02
  06.01373000e+01   04.98883000e+01   03.69652000e+01  -01.71993000e-02
  06.35112000e+01   05.74069000e+01   03.97070000e+01  -09.39340000e-03
  07.02702000e+01   05.39599000e+01   03.50687000e+01   07.66074000e-02
  06.43774000e+01   05.11593000e+01   03.59670000e+01   09.44338000e-02
  07.10441000e+01   05.62247000e+01   03.53148000e+01   01.54319000e-02
  07.32471000e+01   04.96606000e+01   03.53258000e+01  -01.56515000e-02
  07.07354000e+01   05.39061000e+01   03.35941000e+01  -02.00050000e-02
  06.67407000e+01   05.44159000e+01   03.58911000e+01  -08.09918000e-02
  07.21025000e+01   05.24066000e+01   03.22063000e+01   04.03650000e-03
  06.89120000e+01   05.32775000e+01   03.52688000e+01  -01.43447000e-01
  06.60058000e+01   04.94648000e+01   03.52335000e+01   01.23287000e-02
  06.24191000e+01   05.22045000e+01   03.69588000e+01   02.21683000e-01
  06.52288000e+01   05.61173000e+01   03.67734000e+01  -05.42921000e-02
  06.85727000e+01   04.85590000e+01   03.36111000e+01   02.66866000e-02
  06.33199000e+01   04.75813000e+01   03.52328000e+01   04.35609000e-02
  06.07337000e+01   05.44096000e+01   03.85982000e+01   02.36507000e-02
  06.77139000e+01   05.80955000e+01   03.59239000e+01  -06.09964000e-02
  07.46985000e+01   05.10306000e+01   03.68250000e+01   08.71130000e-03
  06.86004000e+01   05.18950000e+01   03.52005000e+01   01.26858000e-01
  06.47177000e+01   04.98361000e+01   03.56190000e+01  -03.45042000e-02
  06.28234000e+01   05.35063000e+01   03.71566000e+01  -02.04376000e-01
  06.65350000e+01   05.57843000e+01   03.62654000e+01   07.60142000e-02
  07.41167000e+01   04.96999000e+01   03.45031000e+01   05.08730000e-03
  07.02295000e+01   05.44303000e+01   03.26243000e+01   06.92200000e-04
  07.43460000e+01   05.18266000e+01   03.80493000e+01   00.00000000e+00
  06.95188000e+01   05.07654000e+01   03.47540000e+01   07.64245000e-02
  06.34854000e+01   04.90197000e+01   03.56409000e+01  -04.66821000e-02
  06.21106000e+01   05.45612000e+01   03.79239000e+01   01.65461000e-02
  06.76539000e+01   05.65912000e+01   03.58716000e+01   05.49912000e-02
  07.34381000e+01   05.02575000e+01   03.65729000e+01   03.30200000e-04
  07.17058000e+01   05.30009000e+01   03.34996000e+01   04.02810000e-03
  07.37413000e+01   05.13808000e+01   03.91768000e+01   00.00000000e+00
  06.85346000e+01   04.95098000e+01   03.48347000e+01  -04.69336000e-02
  06.25759000e+01   04.97543000e+01   03.64113000e+01  -07.68710000e-03
  06.29936000e+01   05.56691000e+01   03.78651000e+01  -03.37389000e-02
  06.86402000e+01   05.56046000e+01   03.56244000e+01   03.64969000e-02
  07.22211000e+01   05.11946000e+01   03.91565000e+01   00.00000000e+00
  06.72052000e+01   05.01858000e+01   03.50940000e+01  -09.58259000e-02
  06.31103000e+01   05.11001000e+01   03.64823000e+01  -01.77941000e-01
  06.41411000e+01   05.52653000e+01   03.70755000e+01   06.74294000e-02
  06.80397000e+01   05.43301000e+01   03.55908000e+01   01.44326000e-01
  07.45171000e+01   05.11658000e+01   04.04804000e+01   00.00000000e+00
  07.53162000e+01   05.23344000e+01   04.10527000e+01   00.00000000e+00
  07.44288000e+01   05.35243000e+01   04.13551000e+01   00.00000000e+00
  07.51824000e+01   05.47065000e+01   04.19843000e+01   00.00000000e+00
  07.64015000e+01   05.51407000e+01   04.11630000e+01   00.00000000e+00
  07.56161000e+01   05.44718000e+01   04.35141000e+01   00.00000000e+00
  07.58047000e+01   05.56838000e+01   04.44571000e+01   00.00000000e+00
  07.64329000e+01   05.51898000e+01   04.57935000e+01   00.00000000e+00
  07.63539000e+01   05.61688000e+01   04.70104000e+01   00.00000000e+00
  07.49540000e+01   05.60203000e+01   04.78211000e+01   00.00000000e+00
  07.66972000e+01   05.76318000e+01   04.66542000e+01   00.00000000e+00
  07.67054000e+01   05.86278000e+01   04.78678000e+01   00.00000000e+00
  07.81306000e+01   05.88183000e+01   04.84380000e+01   00.00000000e+00
  07.83263000e+01   05.91846000e+01   04.98900000e+01   00.00000000e+00
  07.98470000e+01   05.91200000e+01   05.03142000e+01   00.00000000e+00
  07.79376000e+01   06.06829000e+01   05.00887000e+01   00.00000000e+00
  06.41032000e+01   05.39341000e+01   03.68239000e+01   03.65717000e-02
  06.56330000e+01   05.27675000e+01   03.59013000e+01  -06.37550000e-03
  06.87366000e+01   05.85345000e+01   03.59777000e+01   01.79582000e-02
  06.72959000e+01   05.84431000e+01   03.49381000e+01   01.23366000e-02
  06.71407000e+01   05.84813000e+01   03.66977000e+01   01.80857000e-02
  06.04347000e+01   05.54305000e+01   03.88758000e+01  -03.55350000e-03
  06.00467000e+01   05.39868000e+01   03.78278000e+01  -05.48890000e-03
  06.08141000e+01   05.38368000e+01   03.95351000e+01  -05.73590000e-03
  06.24614000e+01   04.73324000e+01   03.46318000e+01  -01.16015000e-02
  06.42136000e+01   04.72983000e+01   03.46489000e+01  -01.03548000e-02
  06.30946000e+01   04.70713000e+01   03.61890000e+01  -01.10806000e-02
  06.95645000e+01   04.81835000e+01   03.33955000e+01  -06.50300000e-03
  06.78906000e+01   04.77542000e+01   03.37400000e+01  -03.84930000e-03
  06.83023000e+01   04.91847000e+01   03.28146000e+01  -06.75510000e-03
  07.22366000e+01   05.32267000e+01   03.15416000e+01   06.96000000e-05
  07.31013000e+01   05.19616000e+01   03.24265000e+01  -02.56130000e-03
  07.13593000e+01   05.17422000e+01   03.17793000e+01  -08.86000000e-04
  06.33888000e+01   05.84706000e+01   03.98423000e+01   02.66600000e-04
  06.30446000e+01   05.68514000e+01   04.05663000e+01   02.07780000e-03
  06.44964000e+01   05.72072000e+01   03.96284000e+01   03.44650000e-03
  05.92652000e+01   04.94662000e+01   03.75133000e+01   02.98050000e-03
  05.98675000e+01   05.08427000e+01   03.64403000e+01  -05.01900000e-04
  07.15382000e+01   04.85117000e+01   03.58990000e+01  -05.40000000e-06
  07.16638000e+01   04.89484000e+01   03.41756000e+01  -02.73660000e-03
  06.30119000e+01   05.78271000e+01   03.76819000e+01   06.65000000e-04
  06.16583000e+01   05.72407000e+01   03.87384000e+01  -04.07950000e-03
  07.13168000e+01   05.13575000e+01   03.54276000e+01   01.58140000e-02
  07.03875000e+01   05.04164000e+01   03.65919000e+01   09.11190000e-03
  07.69229000e+01   06.07889000e+01   04.98539000e+01   00.00000000e+00
  07.81520000e+01   06.09244000e+01   05.11009000e+01   00.00000000e+00
  07.85999000e+01   06.13405000e+01   04.94415000e+01   00.00000000e+00
  08.02393000e+01   05.81074000e+01   05.01127000e+01   00.00000000e+00
  08.03757000e+01   05.97824000e+01   04.95937000e+01   00.00000000e+00
  08.00261000e+01   05.94218000e+01   05.13426000e+01   00.00000000e+00
  07.87022000e+01   05.78140000e+01   04.84064000e+01   00.00000000e+00
  07.86149000e+01   05.94990000e+01   04.77938000e+01   00.00000000e+00
  07.64957000e+01   05.96424000e+01   04.74308000e+01   00.00000000e+00
  07.59323000e+01   05.84335000e+01   04.85478000e+01   00.00000000e+00
  07.76546000e+01   05.76511000e+01   04.61652000e+01   00.00000000e+00
  07.59398000e+01   05.78204000e+01   04.59529000e+01   00.00000000e+00
  07.49009000e+01   05.65077000e+01   04.87188000e+01   00.00000000e+00
  07.41107000e+01   05.62543000e+01   04.71660000e+01   00.00000000e+00
  07.48688000e+01   05.49857000e+01   04.79766000e+01   00.00000000e+00
  07.59756000e+01   05.43058000e+01   04.61588000e+01   00.00000000e+00
  07.74816000e+01   05.51346000e+01   04.55676000e+01   00.00000000e+00
  07.64516000e+01   05.64131000e+01   04.40132000e+01   00.00000000e+00
  07.47699000e+01   05.60490000e+01   04.45074000e+01   00.00000000e+00
  07.49313000e+01   05.38066000e+01   04.39975000e+01   00.00000000e+00
  07.64596000e+01   05.38276000e+01   04.34238000e+01   00.00000000e+00
  06.50365000e+01   05.70773000e+01   03.71195000e+01   07.20400000e-04
  06.14178000e+01   05.20617000e+01   03.73131000e+01  -02.39543000e-02
  06.60732000e+01   04.84176000e+01   03.49700000e+01   04.89340000e-03
  07.10714000e+01   05.35968000e+01   03.57263000e+01  -02.28199000e-02
  06.13856000e+01   04.83137000e+01   03.73436000e+01  -01.51750000e-03
  07.71351000e+01   05.43704000e+01   04.13605000e+01   00.00000000e+00
  07.63140000e+01   05.52064000e+01   04.00551000e+01   00.00000000e+00
  07.67212000e+01   05.61200000e+01   04.15966000e+01   00.00000000e+00
  07.44552000e+01   05.54765000e+01   04.19572000e+01   00.00000000e+00
  07.38570000e+01   05.40193000e+01   04.04605000e+01   00.00000000e+00
  07.37642000e+01   05.31968000e+01   04.20435000e+01   00.00000000e+00
  07.57560000e+01   05.20422000e+01   04.20242000e+01   00.00000000e+00
  07.61249000e+01   05.25978000e+01   04.03642000e+01   00.00000000e+00
  07.37673000e+01   05.08282000e+01   04.11818000e+01   00.00000000e+00
  07.51724000e+01   05.03089000e+01   04.03438000e+01   00.00000000e+00
  07.20978000e+01   05.01166000e+01   03.89349000e+01   00.00000000e+00
  07.16932000e+01   05.16170000e+01   03.99865000e+01   00.00000000e+00
  07.17515000e+01   05.16631000e+01   03.82285000e+01   00.00000000e+00
  06.87811000e+01   04.88277000e+01   03.55938000e+01   05.57290000e-03
  06.99245000e+01   05.09073000e+01   03.37604000e+01  -01.28866000e-02
  07.44856000e+01   05.28899000e+01   03.78845000e+01   00.00000000e+00
  07.77595000e+01   05.85298000e+01   05.05109000e+01   00.00000000e+00
  07.71228000e+01   05.58216000e+01   04.76678000e+01   00.00000000e+00
  07.55416000e+01   05.04114000e+01   03.68177000e+01  -01.99830000e-03
  07.48819000e+01   05.17570000e+01   03.59910000e+01  -01.85290000e-03
