  07.08371000e+01   05.13846000e+01   03.57090000e+01  -06.11779000e-02
  06.17166000e+01   05.18599000e+01   03.69990000e+01   01.75852000e-02
  06.45575000e+01   05.92392000e+01   03.88047000e+01   01.01800000e-02
  07.13301000e+01   05.65730000e+01   03.49678000e+01  -01.32723000e-02
  06.79004000e+01   05.31291000e+01   03.51416000e+01  -04.57645000e-02
  07.01504000e+01   05.10408000e+01   03.71228000e+01   02.46758000e-02
  06.14420000e+01   05.19464000e+01   03.83039000e+01  -01.71993000e-02
  06.57776000e+01   05.92349000e+01   03.97383000e+01  -09.39340000e-03
  07.12841000e+01   05.50084000e+01   03.46458000e+01   07.66074000e-02
  06.50290000e+01   05.32131000e+01   03.59233000e+01   09.44338000e-02
  07.23835000e+01   05.71828000e+01   03.50151000e+01   01.54319000e-02
  07.10660000e+01   05.04029000e+01   03.81583000e+01  -01.56515000e-02
  07.17727000e+01   05.47492000e+01   03.31603000e+01  -02.00050000e-02
  06.78778000e+01   05.60500000e+01   03.57209000e+01  -08.09918000e-02
  07.30055000e+01   05.29492000e+01   03.20458000e+01   04.03650000e-03
  06.98429000e+01   05.45873000e+01   03.48892000e+01  -01.43447000e-01
  06.63000000e+01   05.13192000e+01   03.50105000e+01   01.23287000e-02
  06.33420000e+01   05.45805000e+01   03.70645000e+01   02.21683000e-01
  06.67530000e+01   05.80854000e+01   03.67156000e+01  -05.42921000e-02
  06.85051000e+01   05.09778000e+01   03.25702000e+01   02.66866000e-02
  06.36462000e+01   04.98825000e+01   03.53495000e+01   04.35609000e-02
  06.21963000e+01   05.70461000e+01   03.87094000e+01   02.36507000e-02
  06.96548000e+01   05.94291000e+01   03.61754000e+01  -06.09964000e-02
  07.28785000e+01   05.08068000e+01   03.96582000e+01   08.71130000e-03
  06.92683000e+01   05.33152000e+01   03.49103000e+01   01.26858000e-01
  06.51759000e+01   05.19037000e+01   03.55799000e+01  -03.45042000e-02
  06.39764000e+01   05.58528000e+01   03.71615000e+01  -02.04376000e-01
  06.78689000e+01   05.74482000e+01   03.61334000e+01   07.60142000e-02
  07.12799000e+01   04.91903000e+01   03.83690000e+01   05.08730000e-03
  07.13321000e+01   05.53188000e+01   03.21888000e+01   06.92200000e-04
  07.34348000e+01   05.19790000e+01   04.04726000e+01   00.00000000e+00
  06.99639000e+01   05.19289000e+01   03.45823000e+01   07.64245000e-02
  06.39129000e+01   05.12352000e+01   03.57248000e+01  -04.66821000e-02
  06.35173000e+01   05.70067000e+01   03.79420000e+01   01.65461000e-02
  06.91772000e+01   05.80382000e+01   03.58783000e+01   05.49912000e-02
  07.17190000e+01   05.13480000e+01   03.89538000e+01   03.30200000e-04
  07.26002000e+01   05.36648000e+01   03.32517000e+01   04.02810000e-03
  07.45960000e+01   05.18937000e+01   04.11239000e+01   00.00000000e+00
  06.86935000e+01   05.11101000e+01   03.41514000e+01  -04.69336000e-02
  06.30902000e+01   05.21419000e+01   03.64451000e+01  -07.68710000e-03
  06.45288000e+01   05.79415000e+01   03.79586000e+01  -03.37389000e-02
  06.99904000e+01   05.69759000e+01   03.53823000e+01   03.64969000e-02
  07.46184000e+01   05.12027000e+01   04.24766000e+01   00.00000000e+00
  06.75295000e+01   05.18675000e+01   03.47567000e+01  -09.58259000e-02
  06.37986000e+01   05.34053000e+01   03.64974000e+01  -01.77941000e-01
  06.55432000e+01   05.74002000e+01   03.70805000e+01   06.74294000e-02
  06.90965000e+01   05.57683000e+01   03.52354000e+01   01.44326000e-01
  07.57360000e+01   05.27167000e+01   04.04904000e+01   00.00000000e+00
  07.66149000e+01   05.36071000e+01   04.14395000e+01   00.00000000e+00
  07.61671000e+01   05.50538000e+01   04.15069000e+01   00.00000000e+00
  07.69426000e+01   05.60886000e+01   04.23535000e+01   00.00000000e+00
  07.83913000e+01   05.64252000e+01   04.20463000e+01   00.00000000e+00
  07.66665000e+01   05.59282000e+01   04.39081000e+01   00.00000000e+00
  07.74094000e+01   05.67517000e+01   04.48967000e+01   00.00000000e+00
  07.71164000e+01   05.64054000e+01   04.64124000e+01   00.00000000e+00
  07.77792000e+01   05.73664000e+01   04.74453000e+01   00.00000000e+00
  07.93270000e+01   05.75418000e+01   04.72511000e+01   00.00000000e+00
  07.75111000e+01   05.69369000e+01   04.89288000e+01   00.00000000e+00
  07.61207000e+01   05.66904000e+01   04.94602000e+01   00.00000000e+00
  07.53445000e+01   05.80753000e+01   04.93707000e+01   00.00000000e+00
  07.40729000e+01   05.83941000e+01   05.02016000e+01   00.00000000e+00
  07.36416000e+01   05.98736000e+01   05.01277000e+01   00.00000000e+00
  07.27884000e+01   05.75979000e+01   04.97482000e+01   00.00000000e+00
  06.52079000e+01   05.61782000e+01   03.66706000e+01   03.65717000e-02
  06.64578000e+01   05.46975000e+01   03.58249000e+01  -06.37550000e-03
  06.93866000e+01   05.99276000e+01   03.70190000e+01   01.79582000e-02
  07.07174000e+01   05.93633000e+01   03.64051000e+01   01.23366000e-02
  06.95186000e+01   06.00415000e+01   03.53030000e+01   01.80857000e-02
  06.23511000e+01   05.69508000e+01   03.98005000e+01  -03.55350000e-03
  06.17994000e+01   05.80295000e+01   03.84549000e+01  -05.48890000e-03
  06.14450000e+01   05.63360000e+01   03.83864000e+01  -05.73590000e-03
  06.28837000e+01   04.94813000e+01   03.60248000e+01  -01.16015000e-02
  06.31602000e+01   04.98779000e+01   03.43346000e+01  -01.03548000e-02
  06.44552000e+01   04.92049000e+01   03.55157000e+01  -01.10806000e-02
  06.91336000e+01   05.01755000e+01   03.21546000e+01  -06.50300000e-03
  06.75306000e+01   05.08025000e+01   03.22408000e+01  -03.84930000e-03
  06.88012000e+01   05.18680000e+01   03.21027000e+01  -06.75510000e-03
  07.37451000e+01   05.34091000e+01   03.13000000e+01   06.96000000e-05
  07.35788000e+01   05.21191000e+01   03.24907000e+01  -02.56130000e-03
  07.21361000e+01   05.25626000e+01   03.15763000e+01  -08.86000000e-04
  06.56352000e+01   06.00824000e+01   04.04197000e+01   02.66600000e-04
  06.56650000e+01   05.82763000e+01   04.03496000e+01   02.07780000e-03
  06.67188000e+01   05.92845000e+01   03.91720000e+01   03.44650000e-03
  06.04684000e+01   05.18355000e+01   03.86385000e+01   02.98050000e-03
  06.22016000e+01   05.23278000e+01   03.90601000e+01  -05.01900000e-04
  06.98213000e+01   05.19768000e+01   03.74562000e+01  -05.40000000e-06
  06.93683000e+01   05.02945000e+01   03.69987000e+01  -02.73660000e-03
  06.46894000e+01   06.00412000e+01   03.81833000e+01   06.65000000e-04
  06.36050000e+01   05.93970000e+01   03.93967000e+01  -04.07950000e-03
  07.13122000e+01   05.05351000e+01   03.53410000e+01   01.58140000e-02
  07.16844000e+01   05.21058000e+01   03.59828000e+01   09.11190000e-03
  07.28268000e+01   05.65390000e+01   04.96577000e+01   00.00000000e+00
  07.19776000e+01   05.78899000e+01   05.03872000e+01   00.00000000e+00
  07.25144000e+01   05.78385000e+01   04.87025000e+01   00.00000000e+00
  07.34148000e+01   06.03659000e+01   04.92360000e+01   00.00000000e+00
  07.27232000e+01   06.00468000e+01   05.08018000e+01   00.00000000e+00
  07.43968000e+01   06.04120000e+01   05.06214000e+01   00.00000000e+00
  07.60765000e+01   05.88369000e+01   04.98065000e+01   00.00000000e+00
  07.52267000e+01   05.83030000e+01   04.83792000e+01   00.00000000e+00
  07.55940000e+01   05.58825000e+01   04.89341000e+01   00.00000000e+00
  07.61971000e+01   05.62749000e+01   05.04469000e+01   00.00000000e+00
  07.78253000e+01   05.59470000e+01   04.91330000e+01   00.00000000e+00
  07.79502000e+01   05.77032000e+01   04.95922000e+01   00.00000000e+00
  07.95902000e+01   05.83002000e+01   04.80233000e+01   00.00000000e+00
  07.98880000e+01   05.65807000e+01   04.74771000e+01   00.00000000e+00
  07.95236000e+01   05.79533000e+01   04.62560000e+01   00.00000000e+00
  07.60470000e+01   05.67099000e+01   04.65277000e+01   00.00000000e+00
  07.72129000e+01   05.53465000e+01   04.67281000e+01   00.00000000e+00
  07.84511000e+01   05.66135000e+01   04.46385000e+01   00.00000000e+00
  07.70816000e+01   05.77431000e+01   04.46826000e+01   00.00000000e+00
  07.56164000e+01   05.60493000e+01   04.41214000e+01   00.00000000e+00
  07.69093000e+01   05.48937000e+01   04.40722000e+01   00.00000000e+00
  06.67690000e+01   05.91283000e+01   03.69547000e+01   07.20400000e-04
  06.24037000e+01   05.44734000e+01   03.76026000e+01  -02.39543000e-02
  06.62403000e+01   05.02849000e+01   03.47466000e+01   04.89340000e-03
  07.19843000e+01   05.44472000e+01   03.52157000e+01  -02.28199000e-02
  06.09268000e+01   05.16364000e+01   03.62783000e+01  -01.51750000e-03
  07.90911000e+01   05.56253000e+01   04.23595000e+01   00.00000000e+00
  07.85758000e+01   05.67201000e+01   04.10267000e+01   00.00000000e+00
  07.85396000e+01   05.73113000e+01   04.26030000e+01   00.00000000e+00
  07.63844000e+01   05.69856000e+01   04.21090000e+01   00.00000000e+00
  07.62536000e+01   05.54252000e+01   04.05259000e+01   00.00000000e+00
  07.50768000e+01   05.52463000e+01   04.17154000e+01   00.00000000e+00
  07.64629000e+01   05.32637000e+01   04.24550000e+01   00.00000000e+00
  07.76927000e+01   05.35254000e+01   04.12590000e+01   00.00000000e+00
  07.64194000e+01   05.19532000e+01   04.01535000e+01   00.00000000e+00
  07.53864000e+01   05.32677000e+01   03.95808000e+01   00.00000000e+00
  07.51849000e+01   05.02864000e+01   04.23573000e+01   00.00000000e+00
  07.50179000e+01   05.18729000e+01   04.32040000e+01   00.00000000e+00
  07.36528000e+01   05.08763000e+01   04.26861000e+01   00.00000000e+00
  06.86487000e+01   05.01232000e+01   03.45957000e+01   05.57290000e-03
  07.05709000e+01   05.19628000e+01   03.36509000e+01  -01.28866000e-02
  07.28155000e+01   05.28944000e+01   04.06207000e+01   00.00000000e+00
  07.43692000e+01   05.81340000e+01   05.12801000e+01   00.00000000e+00
  07.73030000e+01   05.83084000e+01   04.73662000e+01   00.00000000e+00
  07.25741000e+01   05.00208000e+01   04.02933000e+01  -01.99830000e-03
  07.36025000e+01   05.04629000e+01   03.89680000e+01  -01.85290000e-03
