  07.12242000e+01   05.20062000e+01   03.38848000e+01  -06.11779000e-02
  06.18195000e+01   05.25172000e+01   03.63170000e+01   01.75852000e-02
  06.49963000e+01   05.96074000e+01   03.81869000e+01   01.01800000e-02
  07.16686000e+01   05.69993000e+01   03.40212000e+01  -01.32723000e-02
  06.80854000e+01   05.36942000e+01   03.42197000e+01  -04.57645000e-02
  07.10965000e+01   05.18676000e+01   03.54986000e+01   02.46758000e-02
  06.13695000e+01   05.12770000e+01   03.66541000e+01  -01.71993000e-02
  06.58909000e+01   05.96142000e+01   03.94598000e+01  -09.39340000e-03
  07.15190000e+01   05.55504000e+01   03.35204000e+01   07.66074000e-02
  06.52868000e+01   05.37118000e+01   03.53178000e+01   09.44338000e-02
  07.27092000e+01   05.76135000e+01   03.41054000e+01   01.54319000e-02
  07.22600000e+01   05.11616000e+01   03.60653000e+01  -01.56515000e-02
  07.16611000e+01   05.55817000e+01   03.20672000e+01  -02.00050000e-02
  06.83005000e+01   05.64472000e+01   03.52399000e+01  -08.09918000e-02
  07.25558000e+01   05.43291000e+01   03.02029000e+01   04.03650000e-03
  07.01290000e+01   05.50920000e+01   03.40689000e+01  -01.43447000e-01
  06.63945000e+01   05.18732000e+01   03.40926000e+01   01.23287000e-02
  06.36530000e+01   05.50016000e+01   03.65422000e+01   02.21683000e-01
  06.71650000e+01   05.83451000e+01   03.62902000e+01  -05.42921000e-02
  06.82823000e+01   05.11701000e+01   03.17263000e+01   02.66866000e-02
  06.34731000e+01   05.05210000e+01   03.42835000e+01   04.35609000e-02
  06.26072000e+01   05.72679000e+01   03.83333000e+01   02.36507000e-02
  07.00285000e+01   05.98018000e+01   03.53985000e+01  -06.09964000e-02
  07.42723000e+01   05.14839000e+01   03.72595000e+01   08.71130000e-03
  06.94339000e+01   05.38889000e+01   03.38148000e+01   01.26858000e-01
  06.52944000e+01   05.24717000e+01   03.46915000e+01  -03.45042000e-02
  06.43306000e+01   05.61803000e+01   03.67984000e+01  -02.04376000e-01
  06.82930000e+01   05.77962000e+01   03.55958000e+01   07.60142000e-02
  07.26135000e+01   05.00524000e+01   03.57899000e+01   05.08730000e-03
  07.15639000e+01   05.65328000e+01   03.12994000e+01   06.92200000e-04
  07.49373000e+01   05.23050000e+01   03.83860000e+01   00.00000000e+00
  06.99337000e+01   05.25881000e+01   03.31896000e+01   07.64245000e-02
  06.39801000e+01   05.18197000e+01   03.49310000e+01  -04.66821000e-02
  06.38813000e+01   05.73200000e+01   03.76133000e+01   01.65461000e-02
  06.95967000e+01   05.83810000e+01   03.52258000e+01   05.49912000e-02
  07.29336000e+01   05.19706000e+01   03.69644000e+01   03.30200000e-04
  07.21565000e+01   05.44680000e+01   03.16015000e+01   04.02810000e-03
  07.62734000e+01   05.24969000e+01   03.84937000e+01   00.00000000e+00
  06.87193000e+01   05.15980000e+01   03.31318000e+01  -04.69336000e-02
  06.32095000e+01   05.26626000e+01   03.57036000e+01  -07.68710000e-03
  06.49337000e+01   05.82264000e+01   03.75360000e+01  -03.37389000e-02
  07.03474000e+01   05.73658000e+01   03.45767000e+01   03.64969000e-02
  07.72558000e+01   05.16469000e+01   03.93436000e+01   00.00000000e+00
  06.76656000e+01   05.24388000e+01   03.38904000e+01  -09.58259000e-02
  06.40856000e+01   05.38417000e+01   03.58815000e+01  -01.77941000e-01
  06.59943000e+01   05.76243000e+01   03.67247000e+01   06.74294000e-02
  06.95241000e+01   05.62260000e+01   03.46449000e+01   01.44326000e-01
  07.68873000e+01   05.37291000e+01   03.79247000e+01   00.00000000e+00
  07.66830000e+01   05.49653000e+01   03.87232000e+01   00.00000000e+00
  07.74346000e+01   05.48556000e+01   04.01060000e+01   00.00000000e+00
  07.74330000e+01   05.61753000e+01   04.09214000e+01   00.00000000e+00
  07.84940000e+01   05.71408000e+01   04.03866000e+01   00.00000000e+00
  07.75994000e+01   05.58625000e+01   04.24417000e+01   00.00000000e+00
  07.72282000e+01   05.71003000e+01   04.33284000e+01   00.00000000e+00
  07.78473000e+01   05.68208000e+01   04.47039000e+01   00.00000000e+00
  07.78245000e+01   05.80600000e+01   04.57508000e+01   00.00000000e+00
  07.89524000e+01   05.77199000e+01   04.67915000e+01   00.00000000e+00
  07.64710000e+01   05.80937000e+01   04.65662000e+01   00.00000000e+00
  07.63091000e+01   05.93844000e+01   04.74151000e+01   00.00000000e+00
  07.51250000e+01   05.92303000e+01   04.83742000e+01   00.00000000e+00
  07.46172000e+01   06.05295000e+01   04.89654000e+01   00.00000000e+00
  07.38976000e+01   06.14947000e+01   04.79403000e+01   00.00000000e+00
  07.39112000e+01   06.02458000e+01   05.03302000e+01   00.00000000e+00
  06.56136000e+01   05.63963000e+01   03.63301000e+01   03.65717000e-02
  06.67790000e+01   05.50299000e+01   03.52706000e+01  -06.37550000e-03
  07.11227000e+01   05.97367000e+01   03.53006000e+01   01.79582000e-02
  06.96558000e+01   06.04973000e+01   03.46571000e+01   01.23366000e-02
  06.97795000e+01   06.01713000e+01   03.63849000e+01   01.80857000e-02
  06.25334000e+01   05.80663000e+01   03.90702000e+01  -03.55350000e-03
  06.17832000e+01   05.73808000e+01   03.76692000e+01  -05.48890000e-03
  06.26000000e+01   05.62458000e+01   03.87332000e+01  -05.73590000e-03
  06.24068000e+01   05.04447000e+01   03.42769000e+01  -01.16015000e-02
  06.40550000e+01   05.03548000e+01   03.33500000e+01  -01.03548000e-02
  06.39789000e+01   04.97508000e+01   03.48557000e+01  -01.10806000e-02
  06.73547000e+01   05.05679000e+01   03.18134000e+01  -06.50300000e-03
  06.81145000e+01   05.19611000e+01   03.11032000e+01  -03.84930000e-03
  06.90259000e+01   05.04869000e+01   03.13736000e+01  -06.75510000e-03
  07.31385000e+01   05.33554000e+01   03.01272000e+01   06.96000000e-05
  07.16474000e+01   05.42375000e+01   02.96194000e+01  -02.56130000e-03
  07.31294000e+01   05.51616000e+01   02.98821000e+01  -08.86000000e-04
  06.54391000e+01   05.89717000e+01   04.02422000e+01   02.66600000e-04
  06.68091000e+01   05.92301000e+01   03.90420000e+01   02.07780000e-03
  06.61318000e+01   06.06142000e+01   03.97589000e+01   03.44650000e-03
  06.03518000e+01   05.11436000e+01   03.71267000e+01   02.98050000e-03
  06.19568000e+01   05.03831000e+01   03.65163000e+01  -05.01900000e-04
  07.07110000e+01   05.27467000e+01   03.59992000e+01  -05.40000000e-06
  07.02357000e+01   05.12240000e+01   03.56565000e+01  -02.73660000e-03
  06.54189000e+01   06.03088000e+01   03.75360000e+01   06.65000000e-04
  06.40268000e+01   05.99988000e+01   03.84809000e+01  -04.07950000e-03
  07.15945000e+01   05.10818000e+01   03.33801000e+01   01.58140000e-02
  07.19978000e+01   05.27482000e+01   03.37148000e+01   09.11190000e-03
  07.43366000e+01   05.93394000e+01   05.08417000e+01   00.00000000e+00
  07.40959000e+01   06.11373000e+01   05.09274000e+01   00.00000000e+00
  07.28611000e+01   06.00432000e+01   05.01438000e+01   00.00000000e+00
  07.30655000e+01   06.09536000e+01   04.74661000e+01   00.00000000e+00
  07.35320000e+01   06.24231000e+01   04.83831000e+01   00.00000000e+00
  07.45495000e+01   06.18232000e+01   04.71346000e+01   00.00000000e+00
  07.42467000e+01   05.87826000e+01   04.77859000e+01   00.00000000e+00
  07.53831000e+01   05.85463000e+01   04.91844000e+01   00.00000000e+00
  07.71833000e+01   05.95896000e+01   04.80109000e+01   00.00000000e+00
  07.62357000e+01   06.02592000e+01   04.67626000e+01   00.00000000e+00
  07.56152000e+01   05.81792000e+01   04.59311000e+01   00.00000000e+00
  07.63866000e+01   05.71488000e+01   04.71628000e+01   00.00000000e+00
  07.91185000e+01   05.85305000e+01   04.74258000e+01   00.00000000e+00
  07.87083000e+01   05.68544000e+01   04.73563000e+01   00.00000000e+00
  07.97942000e+01   05.75556000e+01   04.61871000e+01   00.00000000e+00
  07.72308000e+01   05.60209000e+01   04.51899000e+01   00.00000000e+00
  07.88547000e+01   05.65358000e+01   04.47151000e+01   00.00000000e+00
  07.75389000e+01   05.81032000e+01   04.30944000e+01   00.00000000e+00
  07.61332000e+01   05.71391000e+01   04.34417000e+01   00.00000000e+00
  07.68956000e+01   05.50831000e+01   04.27091000e+01   00.00000000e+00
  07.85178000e+01   05.53680000e+01   04.26389000e+01   00.00000000e+00
  06.72600000e+01   05.93285000e+01   03.68151000e+01   07.20400000e-04
  06.26210000e+01   05.49942000e+01   03.67933000e+01  -02.39543000e-02
  06.62200000e+01   05.08607000e+01   03.38550000e+01   04.89340000e-03
  07.23231000e+01   05.49791000e+01   03.40808000e+01  -02.28199000e-02
  06.11654000e+01   05.33833000e+01   03.65512000e+01  -01.51750000e-03
  07.86839000e+01   05.71533000e+01   03.93888000e+01   00.00000000e+00
  07.84832000e+01   05.81619000e+01   04.08075000e+01   00.00000000e+00
  07.94492000e+01   05.67191000e+01   04.07698000e+01   00.00000000e+00
  07.64552000e+01   05.66455000e+01   04.08805000e+01   00.00000000e+00
  07.67973000e+01   05.41662000e+01   04.07002000e+01   00.00000000e+00
  07.84806000e+01   05.45261000e+01   04.00563000e+01   00.00000000e+00
  07.71400000e+01   05.57538000e+01   03.81877000e+01   00.00000000e+00
  07.56550000e+01   05.51136000e+01   03.88306000e+01   00.00000000e+00
  07.79592000e+01   05.35050000e+01   03.77573000e+01   00.00000000e+00
  07.64416000e+01   05.38422000e+01   03.69244000e+01   00.00000000e+00
  07.74837000e+01   05.21864000e+01   04.02126000e+01   00.00000000e+00
  07.66727000e+01   05.07604000e+01   03.95756000e+01   00.00000000e+00
  07.81732000e+01   05.12481000e+01   03.88255000e+01   00.00000000e+00
  06.88934000e+01   05.07276000e+01   03.37587000e+01   05.57290000e-03
  07.01916000e+01   05.28119000e+01   03.21743000e+01  -01.28866000e-02
  07.41244000e+01   05.27036000e+01   03.90263000e+01   00.00000000e+00
  07.55178000e+01   06.11163000e+01   04.92490000e+01   00.00000000e+00
  07.79903000e+01   05.90666000e+01   04.53152000e+01   00.00000000e+00
  07.41895000e+01   05.04668000e+01   03.76759000e+01  -01.99830000e-03
  07.47777000e+01   05.15458000e+01   03.63201000e+01  -01.85290000e-03
