  07.09417000e+01   05.17593000e+01   03.58155000e+01  -06.11779000e-02
  06.15870000e+01   05.18131000e+01   03.82284000e+01   01.75852000e-02
  06.45944000e+01   05.93155000e+01   03.95566000e+01   01.01800000e-02
  07.10021000e+01   05.65898000e+01   03.53767000e+01  -01.32723000e-02
  06.76881000e+01   05.31784000e+01   03.59830000e+01  -04.57645000e-02
  07.07542000e+01   05.17009000e+01   03.73763000e+01   02.46758000e-02
  06.11932000e+01   05.08549000e+01   03.91512000e+01  -01.71993000e-02
  06.57851000e+01   05.96129000e+01   04.04474000e+01  -09.39340000e-03
  07.09690000e+01   05.50424000e+01   03.50950000e+01   07.66074000e-02
  06.50021000e+01   05.30881000e+01   03.71569000e+01   09.44338000e-02
  07.19550000e+01   05.72958000e+01   03.51402000e+01   01.54319000e-02
  07.19779000e+01   05.12337000e+01   03.80142000e+01  -01.56515000e-02
  07.11744000e+01   05.48094000e+01   03.35978000e+01  -02.00050000e-02
  06.78124000e+01   05.60413000e+01   03.65498000e+01  -08.09918000e-02
  07.23966000e+01   05.33275000e+01   03.21006000e+01   04.03650000e-03
  06.95717000e+01   05.46508000e+01   03.55837000e+01  -01.43447000e-01
  06.62796000e+01   05.12304000e+01   03.62315000e+01   01.23287000e-02
  06.33719000e+01   05.44830000e+01   03.83759000e+01   02.21683000e-01
  06.67491000e+01   05.79539000e+01   03.76644000e+01  -05.42921000e-02
  06.81167000e+01   05.03200000e+01   03.38939000e+01   02.66866000e-02
  06.36365000e+01   04.96337000e+01   03.71116000e+01   04.35609000e-02
  06.22682000e+01   05.69382000e+01   04.00169000e+01   02.36507000e-02
  06.93400000e+01   05.95090000e+01   03.65998000e+01  -06.09964000e-02
  07.42701000e+01   05.19384000e+01   03.81775000e+01   08.71130000e-03
  06.89629000e+01   05.33633000e+01   03.55182000e+01   01.26858000e-01
  06.51548000e+01   05.17831000e+01   03.68755000e+01  -03.45042000e-02
  06.39882000e+01   05.57799000e+01   03.83504000e+01  -02.04376000e-01
  06.78104000e+01   05.73763000e+01   03.69531000e+01   07.60142000e-02
  07.22434000e+01   05.00857000e+01   03.84239000e+01   05.08730000e-03
  07.10184000e+01   05.56213000e+01   03.27275000e+01   06.92200000e-04
  07.46909000e+01   05.28155000e+01   03.93663000e+01   00.00000000e+00
  06.96534000e+01   05.20241000e+01   03.50321000e+01   07.64245000e-02
  06.39116000e+01   05.11130000e+01   03.73191000e+01  -04.66821000e-02
  06.35288000e+01   05.69445000e+01   03.91077000e+01   01.65461000e-02
  06.89746000e+01   05.80892000e+01   03.64053000e+01   05.49912000e-02
  07.28588000e+01   05.22767000e+01   03.78739000e+01   03.30200000e-04
  07.18528000e+01   05.36079000e+01   03.34422000e+01   04.02810000e-03
  07.48345000e+01   05.23510000e+01   04.06213000e+01   00.00000000e+00
  06.85067000e+01   05.09994000e+01   03.52799000e+01  -04.69336000e-02
  06.30206000e+01   05.20349000e+01   03.78748000e+01  -07.68710000e-03
  06.45324000e+01   05.78914000e+01   03.89629000e+01  -03.37389000e-02
  06.96919000e+01   05.69720000e+01   03.59098000e+01   03.64969000e-02
  07.36780000e+01   05.23450000e+01   04.15831000e+01   00.00000000e+00
  06.74525000e+01   05.18236000e+01   03.58691000e+01  -09.58259000e-02
  06.37655000e+01   05.32496000e+01   03.78439000e+01  -01.77941000e-01
  06.55219000e+01   05.73021000e+01   03.81264000e+01   06.74294000e-02
  06.89634000e+01   05.58318000e+01   03.59769000e+01   01.44326000e-01
  07.61786000e+01   05.21726000e+01   04.12773000e+01   00.00000000e+00
  07.71535000e+01   05.34106000e+01   04.11634000e+01   00.00000000e+00
  07.66949000e+01   05.45986000e+01   04.19179000e+01   00.00000000e+00
  07.74851000e+01   05.58599000e+01   04.21382000e+01   00.00000000e+00
  07.82714000e+01   05.62016000e+01   04.08311000e+01   00.00000000e+00
  07.84031000e+01   05.59323000e+01   04.34673000e+01   00.00000000e+00
  07.89441000e+01   05.72865000e+01   04.38992000e+01   00.00000000e+00
  07.97922000e+01   05.70169000e+01   04.51476000e+01   00.00000000e+00
  07.98959000e+01   05.82218000e+01   04.60942000e+01   00.00000000e+00
  08.06479000e+01   05.93631000e+01   04.53004000e+01   00.00000000e+00
  08.07144000e+01   05.79352000e+01   04.73885000e+01   00.00000000e+00
  08.04007000e+01   05.87862000e+01   04.86034000e+01   00.00000000e+00
  08.10329000e+01   05.79068000e+01   04.98212000e+01   00.00000000e+00
  08.08991000e+01   05.86001000e+01   05.12449000e+01   00.00000000e+00
  07.95322000e+01   05.92869000e+01   05.15561000e+01   00.00000000e+00
  08.10871000e+01   05.74826000e+01   05.23294000e+01   00.00000000e+00
  06.51947000e+01   05.60188000e+01   03.77799000e+01   03.65717000e-02
  06.63997000e+01   05.46110000e+01   03.67358000e+01  -06.37550000e-03
  06.91657000e+01   05.96661000e+01   03.75986000e+01   01.79582000e-02
  07.03697000e+01   05.95852000e+01   03.63844000e+01   01.23366000e-02
  06.88879000e+01   06.01238000e+01   03.58544000e+01   01.80857000e-02
  06.22199000e+01   05.77688000e+01   04.06951000e+01  -03.55350000e-03
  06.14832000e+01   05.68866000e+01   03.93227000e+01  -05.48890000e-03
  06.23201000e+01   05.59878000e+01   04.05502000e+01  -05.73590000e-03
  06.32473000e+01   04.91046000e+01   03.79490000e+01  -01.16015000e-02
  06.27747000e+01   04.97218000e+01   03.63881000e+01  -01.03548000e-02
  06.45566000e+01   04.92390000e+01   03.66549000e+01  -01.10806000e-02
  06.89305000e+01   05.00139000e+01   03.31933000e+01  -06.50300000e-03
  06.74361000e+01   04.94376000e+01   03.39772000e+01  -03.84930000e-03
  06.75669000e+01   05.10215000e+01   03.34079000e+01  -06.75510000e-03
  07.26616000e+01   05.42682000e+01   03.15114000e+01   06.96000000e-05
  07.32362000e+01   05.26702000e+01   03.22825000e+01  -02.56130000e-03
  07.14896000e+01   05.29080000e+01   03.16578000e+01  -08.86000000e-04
  06.55515000e+01   06.04575000e+01   04.10438000e+01   02.66600000e-04
  06.59015000e+01   05.86986000e+01   04.10374000e+01   02.07780000e-03
  06.66693000e+01   05.97735000e+01   03.98396000e+01   03.44650000e-03
  06.01173000e+01   05.06218000e+01   03.94243000e+01   02.98050000e-03
  06.18653000e+01   05.02348000e+01   03.97886000e+01  -05.01900000e-04
  07.05807000e+01   05.27496000e+01   03.76221000e+01  -05.40000000e-06
  07.00179000e+01   05.09883000e+01   03.77202000e+01  -02.73660000e-03
  06.47293000e+01   06.01035000e+01   03.87900000e+01   06.65000000e-04
  06.37542000e+01   05.95622000e+01   04.01804000e+01  -04.07950000e-03
  07.10198000e+01   05.07391000e+01   03.53696000e+01   01.58140000e-02
  07.18005000e+01   05.23589000e+01   03.54323000e+01   09.11190000e-03
  08.03790000e+01   05.66742000e+01   05.21112000e+01   00.00000000e+00
  08.20490000e+01   05.69959000e+01   05.21819000e+01   00.00000000e+00
  08.09191000e+01   05.79412000e+01   05.32425000e+01   00.00000000e+00
  07.87558000e+01   05.85179000e+01   05.16293000e+01   00.00000000e+00
  07.94590000e+01   05.99157000e+01   05.24923000e+01   00.00000000e+00
  07.92336000e+01   05.99071000e+01   05.07295000e+01   00.00000000e+00
  08.03386000e+01   05.70493000e+01   04.98681000e+01   00.00000000e+00
  08.20549000e+01   05.74955000e+01   04.96147000e+01   00.00000000e+00
  08.09733000e+01   05.96709000e+01   04.85676000e+01   00.00000000e+00
  07.93606000e+01   05.90506000e+01   04.87172000e+01   00.00000000e+00
  08.05037000e+01   05.68694000e+01   04.76599000e+01   00.00000000e+00
  08.17711000e+01   05.80877000e+01   04.72177000e+01   00.00000000e+00
  08.07736000e+01   06.02095000e+01   04.58787000e+01   00.00000000e+00
  08.17098000e+01   05.91386000e+01   04.49925000e+01   00.00000000e+00
  07.99399000e+01   05.97468000e+01   04.45163000e+01   00.00000000e+00
  07.93812000e+01   05.61796000e+01   04.57208000e+01   00.00000000e+00
  08.08314000e+01   05.68080000e+01   04.49530000e+01   00.00000000e+00
  07.95581000e+01   05.77491000e+01   04.30937000e+01   00.00000000e+00
  07.80975000e+01   05.78182000e+01   04.41002000e+01   00.00000000e+00
  07.76603000e+01   05.56797000e+01   04.42267000e+01   00.00000000e+00
  07.91350000e+01   05.51997000e+01   04.34983000e+01   00.00000000e+00
  06.67487000e+01   05.89274000e+01   03.79498000e+01   07.20400000e-04
  06.24567000e+01   05.44849000e+01   03.89405000e+01  -02.39543000e-02
  06.63736000e+01   05.01855000e+01   03.60231000e+01   04.89340000e-03
  07.17311000e+01   05.45603000e+01   03.57827000e+01  -02.28199000e-02
  06.08388000e+01   05.23603000e+01   03.77423000e+01  -01.51750000e-03
  07.88479000e+01   05.71134000e+01   04.10335000e+01   00.00000000e+00
  07.90122000e+01   05.53827000e+01   04.07445000e+01   00.00000000e+00
  07.75997000e+01   05.61705000e+01   04.00252000e+01   00.00000000e+00
  07.66987000e+01   05.65899000e+01   04.21709000e+01   00.00000000e+00
  07.58749000e+01   05.50030000e+01   04.13429000e+01   00.00000000e+00
  07.63543000e+01   05.41412000e+01   04.28596000e+01   00.00000000e+00
  07.81172000e+01   05.31194000e+01   04.14654000e+01   00.00000000e+00
  07.72374000e+01   05.36902000e+01   04.01161000e+01   00.00000000e+00
  07.60406000e+01   05.20011000e+01   04.23695000e+01   00.00000000e+00
  07.66359000e+01   05.13496000e+01   04.07512000e+01   00.00000000e+00
  07.36272000e+01   05.31901000e+01   04.23135000e+01   00.00000000e+00
  07.28801000e+01   05.24132000e+01   04.08763000e+01   00.00000000e+00
  07.36114000e+01   05.14243000e+01   04.21637000e+01   00.00000000e+00
  06.87223000e+01   05.01421000e+01   03.59315000e+01   05.57290000e-03
  06.98955000e+01   05.21052000e+01   03.39815000e+01  -01.28866000e-02
  07.47097000e+01   05.38923000e+01   03.92384000e+01   00.00000000e+00
  08.17337000e+01   05.92670000e+01   05.11971000e+01   00.00000000e+00
  07.88626000e+01   05.84783000e+01   04.64932000e+01   00.00000000e+00
  07.44533000e+01   05.08309000e+01   03.83085000e+01  -01.99830000e-03
  07.48389000e+01   05.22834000e+01   03.73189000e+01  -01.85290000e-03
