  07.12353000e+01   05.06909000e+01   03.51580000e+01  -06.11779000e-02
  06.14776000e+01   04.96300000e+01   03.62089000e+01   01.75852000e-02
  06.35958000e+01   05.70891000e+01   03.84515000e+01   01.01800000e-02
  07.05431000e+01   05.54226000e+01   03.47288000e+01  -01.32723000e-02
  06.76784000e+01   05.15774000e+01   03.50814000e+01  -04.57645000e-02
  07.18967000e+01   04.93323000e+01   03.53224000e+01   02.46758000e-02
  06.07443000e+01   04.85859000e+01   03.57298000e+01  -01.71993000e-02
  06.46849000e+01   05.72850000e+01   03.95483000e+01  -09.39340000e-03
  07.06487000e+01   05.38634000e+01   03.43987000e+01   07.66074000e-02
  06.47699000e+01   05.12143000e+01   03.57520000e+01   09.44338000e-02
  07.14835000e+01   05.62371000e+01   03.46761000e+01   01.54319000e-02
  07.32518000e+01   04.92993000e+01   03.61172000e+01  -01.56515000e-02
  07.08286000e+01   05.37852000e+01   03.28859000e+01  -02.00050000e-02
  06.73227000e+01   05.44571000e+01   03.56856000e+01  -08.09918000e-02
  07.16634000e+01   05.24610000e+01   03.10583000e+01   04.03650000e-03
  06.93555000e+01   05.32742000e+01   03.48324000e+01  -01.43447000e-01
  06.64046000e+01   04.94799000e+01   03.52092000e+01   01.23287000e-02
  06.29369000e+01   05.23554000e+01   03.67520000e+01   02.21683000e-01
  06.59712000e+01   05.62728000e+01   03.66353000e+01  -05.42921000e-02
  06.88563000e+01   04.86110000e+01   03.33427000e+01   02.66866000e-02
  06.39266000e+01   04.77387000e+01   03.49866000e+01   04.35609000e-02
  06.14531000e+01   05.46173000e+01   03.83159000e+01   02.36507000e-02
  06.85091000e+01   05.79372000e+01   03.59584000e+01  -06.09964000e-02
  07.42253000e+01   05.04043000e+01   03.80018000e+01   08.71130000e-03
  06.89206000e+01   05.19546000e+01   03.47964000e+01   01.26858000e-01
  06.51008000e+01   04.99386000e+01   03.55177000e+01  -03.45042000e-02
  06.34424000e+01   05.36271000e+01   03.69951000e+01  -02.04376000e-01
  06.71404000e+01   05.57822000e+01   03.60409000e+01   07.60142000e-02
  07.43506000e+01   04.90482000e+01   03.56754000e+01   05.08730000e-03
  07.02640000e+01   05.44686000e+01   03.20523000e+01   06.92200000e-04
  07.38953000e+01   05.17084000e+01   03.86035000e+01   00.00000000e+00
  06.98296000e+01   05.07884000e+01   03.44321000e+01   07.64245000e-02
  06.38821000e+01   04.91916000e+01   03.54314000e+01  -04.66821000e-02
  06.27388000e+01   05.47630000e+01   03.76566000e+01   01.65461000e-02
  06.83304000e+01   05.65228000e+01   03.57449000e+01   05.49912000e-02
  07.30358000e+01   04.99565000e+01   03.72974000e+01   03.30200000e-04
  07.16693000e+01   05.28259000e+01   03.25193000e+01   04.02810000e-03
  07.32496000e+01   05.18552000e+01   03.97785000e+01   00.00000000e+00
  06.88683000e+01   04.95972000e+01   03.45799000e+01  -04.69336000e-02
  06.28788000e+01   05.00068000e+01   03.59595000e+01  -07.68710000e-03
  06.36284000e+01   05.57729000e+01   03.77038000e+01  -03.37389000e-02
  06.92231000e+01   05.55715000e+01   03.52266000e+01   03.64969000e-02
  07.17823000e+01   05.16912000e+01   03.98210000e+01   00.00000000e+00
  06.75452000e+01   05.02066000e+01   03.50199000e+01  -09.58259000e-02
  06.34704000e+01   05.12460000e+01   03.62150000e+01  -01.77941000e-01
  06.47940000e+01   05.54092000e+01   03.68901000e+01   06.74294000e-02
  06.85825000e+01   05.43608000e+01   03.52296000e+01   01.44326000e-01
  07.38960000e+01   05.20780000e+01   04.11054000e+01   00.00000000e+00
  07.42213000e+01   05.35758000e+01   04.12752000e+01   00.00000000e+00
  07.50084000e+01   05.37521000e+01   04.24792000e+01   00.00000000e+00
  07.55814000e+01   05.51396000e+01   04.28095000e+01   00.00000000e+00
  07.66318000e+01   05.57570000e+01   04.18612000e+01   00.00000000e+00
  07.61984000e+01   05.50568000e+01   04.42710000e+01   00.00000000e+00
  07.61293000e+01   05.63768000e+01   04.50450000e+01   00.00000000e+00
  07.65488000e+01   05.61831000e+01   04.65900000e+01   00.00000000e+00
  07.64587000e+01   05.72785000e+01   04.76690000e+01   00.00000000e+00
  07.49641000e+01   05.73971000e+01   04.81035000e+01   00.00000000e+00
  07.71856000e+01   05.86634000e+01   04.73330000e+01   00.00000000e+00
  07.74902000e+01   05.96794000e+01   04.84910000e+01   00.00000000e+00
  07.84995000e+01   05.91208000e+01   04.95358000e+01   00.00000000e+00
  07.89095000e+01   06.01730000e+01   05.06575000e+01   00.00000000e+00
  08.00734000e+01   05.96714000e+01   05.15348000e+01   00.00000000e+00
  07.93424000e+01   06.16272000e+01   05.02801000e+01   00.00000000e+00
  06.46784000e+01   05.41109000e+01   03.65539000e+01   03.65717000e-02
  06.61423000e+01   05.28920000e+01   03.56835000e+01  -06.37550000e-03
  06.95535000e+01   05.81946000e+01   03.60340000e+01   01.79582000e-02
  06.81019000e+01   05.84727000e+01   03.51306000e+01   01.23366000e-02
  06.80253000e+01   05.82733000e+01   03.69510000e+01   01.80857000e-02
  06.08167000e+01   05.40062000e+01   03.76710000e+01  -03.55350000e-03
  06.15268000e+01   05.43301000e+01   03.93873000e+01  -05.48890000e-03
  06.08925000e+01   05.55482000e+01   03.83673000e+01  -05.73590000e-03
  06.47515000e+01   04.71793000e+01   03.54224000e+01  -01.16015000e-02
  06.31286000e+01   04.70478000e+01   03.50414000e+01  -01.03548000e-02
  06.40761000e+01   04.77877000e+01   03.39585000e+01  -01.10806000e-02
  06.81953000e+01   04.78030000e+01   03.34476000e+01  -06.50300000e-03
  06.85101000e+01   04.90831000e+01   03.24346000e+01  -03.84930000e-03
  06.98726000e+01   04.81983000e+01   03.32537000e+01  -06.75510000e-03
  07.21823000e+01   05.32492000e+01   03.05500000e+01   06.96000000e-05
  07.22816000e+01   05.16156000e+01   03.08512000e+01  -02.56130000e-03
  07.06335000e+01   05.23066000e+01   03.05825000e+01  -08.86000000e-04
  06.46963000e+01   05.63904000e+01   04.01821000e+01   02.66600000e-04
  06.57293000e+01   05.75768000e+01   03.94132000e+01   02.07780000e-03
  06.43040000e+01   05.81388000e+01   04.01096000e+01   03.44650000e-03
  05.96878000e+01   04.86354000e+01   03.59481000e+01   02.98050000e-03
  06.10890000e+01   04.78031000e+01   03.50820000e+01  -05.01900000e-04
  07.12445000e+01   04.85952000e+01   03.58392000e+01  -05.40000000e-06
  07.20806000e+01   04.89837000e+01   03.42988000e+01  -02.73660000e-03
  06.38091000e+01   05.79687000e+01   03.77785000e+01   06.65000000e-04
  06.25869000e+01   05.72752000e+01   03.88631000e+01  -04.07950000e-03
  07.18932000e+01   05.13108000e+01   03.46621000e+01   01.58140000e-02
  07.10784000e+01   05.11420000e+01   03.61677000e+01   09.11190000e-03
  07.84338000e+01   06.21915000e+01   04.99944000e+01   00.00000000e+00
  07.97094000e+01   06.21069000e+01   05.11924000e+01   00.00000000e+00
  08.01685000e+01   06.17686000e+01   04.95412000e+01   00.00000000e+00
  08.09879000e+01   05.93636000e+01   05.09673000e+01   00.00000000e+00
  08.03744000e+01   06.04912000e+01   05.22900000e+01   00.00000000e+00
  07.97764000e+01   05.89092000e+01   05.21602000e+01   00.00000000e+00
  07.79302000e+01   05.83064000e+01   04.99682000e+01   00.00000000e+00
  07.93452000e+01   05.87951000e+01   04.89622000e+01   00.00000000e+00
  07.79393000e+01   06.04946000e+01   04.79803000e+01   00.00000000e+00
  07.65061000e+01   05.98936000e+01   04.89172000e+01   00.00000000e+00
  07.80802000e+01   05.83735000e+01   04.68919000e+01   00.00000000e+00
  07.66084000e+01   05.91217000e+01   04.65723000e+01   00.00000000e+00
  07.43780000e+01   05.74533000e+01   04.71944000e+01   00.00000000e+00
  07.49405000e+01   05.64390000e+01   04.85695000e+01   00.00000000e+00
  07.48078000e+01   05.83399000e+01   04.86106000e+01   00.00000000e+00
  07.58974000e+01   05.54526000e+01   04.69475000e+01   00.00000000e+00
  07.75459000e+01   05.58526000e+01   04.66260000e+01   00.00000000e+00
  07.67468000e+01   05.71279000e+01   04.45888000e+01   00.00000000e+00
  07.50846000e+01   05.66909000e+01   04.50113000e+01   00.00000000e+00
  07.56667000e+01   05.43500000e+01   04.48800000e+01   00.00000000e+00
  07.71886000e+01   05.47878000e+01   04.42294000e+01   00.00000000e+00
  06.58799000e+01   05.73414000e+01   03.70036000e+01   07.20400000e-04
  06.19833000e+01   05.22307000e+01   03.71790000e+01  -02.39543000e-02
  06.63039000e+01   04.84066000e+01   03.49376000e+01   04.89340000e-03
  07.14574000e+01   05.33895000e+01   03.48743000e+01  -02.28199000e-02
  06.08610000e+01   05.03593000e+01   03.67901000e+01  -01.51750000e-03
  07.67887000e+01   05.67656000e+01   04.21702000e+01   00.00000000e+00
  07.75237000e+01   05.51892000e+01   04.18519000e+01   00.00000000e+00
  07.62388000e+01   05.57695000e+01   04.08869000e+01   00.00000000e+00
  07.47045000e+01   05.58081000e+01   04.28456000e+01   00.00000000e+00
  07.45823000e+01   05.32792000e+01   04.33812000e+01   00.00000000e+00
  07.59191000e+01   05.32241000e+01   04.23415000e+01   00.00000000e+00
  07.48118000e+01   05.41196000e+01   04.05283000e+01   00.00000000e+00
  07.32551000e+01   05.40905000e+01   04.14833000e+01   00.00000000e+00
  07.32737000e+01   05.17548000e+01   04.19099000e+01   00.00000000e+00
  07.47358000e+01   05.14177000e+01   04.10868000e+01   00.00000000e+00
  07.12864000e+01   05.26301000e+01   04.01208000e+01   00.00000000e+00
  07.15691000e+01   05.15965000e+01   03.87629000e+01   00.00000000e+00
  07.14498000e+01   05.08529000e+01   04.04455000e+01   00.00000000e+00
  06.91836000e+01   04.90169000e+01   03.55012000e+01   05.57290000e-03
  07.00140000e+01   05.10243000e+01   03.33988000e+01  -01.28866000e-02
  07.40507000e+01   05.26168000e+01   03.79864000e+01   00.00000000e+00
  07.79976000e+01   06.02711000e+01   05.12901000e+01   00.00000000e+00
  07.69354000e+01   05.68611000e+01   04.85126000e+01   00.00000000e+00
  07.44711000e+01   04.98544000e+01   03.88969000e+01  -01.99830000e-03
  07.51668000e+01   05.04868000e+01   03.74865000e+01  -01.85290000e-03
