  06.88464000e+01   05.15730000e+01   03.43297000e+01  -06.11779000e-02
  05.98123000e+01   05.33743000e+01   03.72942000e+01   01.75852000e-02
  06.39388000e+01   06.04213000e+01   03.75667000e+01   01.01800000e-02
  06.95901000e+01   05.66494000e+01   03.36948000e+01  -01.32723000e-02
  06.58734000e+01   05.36282000e+01   03.44785000e+01  -04.57645000e-02
  06.94107000e+01   05.01323000e+01   03.38060000e+01   02.46758000e-02
  05.91284000e+01   05.22897000e+01   03.77925000e+01  -01.71993000e-02
  06.51213000e+01   06.04452000e+01   03.84926000e+01  -09.39340000e-03
  06.94386000e+01   05.50419000e+01   03.36490000e+01   07.66074000e-02
  06.31112000e+01   05.41210000e+01   03.56253000e+01   09.44338000e-02
  07.06381000e+01   05.72216000e+01   03.33581000e+01   01.54319000e-02
  07.00110000e+01   04.93919000e+01   03.49594000e+01  -01.56515000e-02
  06.99944000e+01   05.46128000e+01   03.22529000e+01  -02.00050000e-02
  06.63384000e+01   05.65223000e+01   03.48776000e+01  -08.09918000e-02
  07.12747000e+01   05.28902000e+01   03.12520000e+01   04.03650000e-03
  06.79797000e+01   05.47930000e+01   03.40408000e+01  -01.43447000e-01
  06.40728000e+01   05.20174000e+01   03.47366000e+01   01.23287000e-02
  06.17980000e+01   05.57991000e+01   03.69635000e+01   02.21683000e-01
  06.55000000e+01   05.86341000e+01   03.56164000e+01  -05.42921000e-02
  06.57452000e+01   05.05320000e+01   03.26238000e+01   02.66866000e-02
  06.12079000e+01   05.09566000e+01   03.54657000e+01   04.35609000e-02
  06.12487000e+01   05.87292000e+01   03.82504000e+01   02.36507000e-02
  06.83245000e+01   05.97056000e+01   03.45073000e+01  -06.09964000e-02
  07.17431000e+01   04.93446000e+01   03.65732000e+01   08.71130000e-03
  06.71779000e+01   05.35924000e+01   03.40007000e+01   01.26858000e-01
  06.29895000e+01   05.27824000e+01   03.53177000e+01  -03.45042000e-02
  06.26634000e+01   05.68987000e+01   03.67659000e+01  -02.04376000e-01
  06.65209000e+01   05.78759000e+01   03.50656000e+01   07.60142000e-02
  06.95561000e+01   04.83315000e+01   03.53331000e+01   05.08730000e-03
  06.98341000e+01   05.51608000e+01   03.11915000e+01   06.92200000e-04
  07.27268000e+01   05.03467000e+01   03.71543000e+01   00.00000000e+00
  06.75799000e+01   05.21435000e+01   03.35520000e+01   07.64245000e-02
  06.17024000e+01   05.23321000e+01   03.57567000e+01  -04.66821000e-02
  06.24381000e+01   05.82384000e+01   03.73678000e+01   01.65461000e-02
  06.77799000e+01   05.83064000e+01   03.45634000e+01   05.49912000e-02
  07.10717000e+01   05.00840000e+01   03.54907000e+01   03.30200000e-04
  07.07505000e+01   05.34790000e+01   03.24492000e+01   04.02810000e-03
  07.25226000e+01   05.16935000e+01   03.72080000e+01   00.00000000e+00
  06.63053000e+01   05.12880000e+01   03.38220000e+01  -04.69336000e-02
  06.11330000e+01   05.33697000e+01   03.65478000e+01  -07.68710000e-03
  06.36121000e+01   05.89763000e+01   03.71293000e+01  -03.37389000e-02
  06.84047000e+01   05.70986000e+01   03.42204000e+01   03.64969000e-02
  07.27619000e+01   05.26350000e+01   03.60666000e+01   00.00000000e+00
  06.53024000e+01   05.23976000e+01   03.43319000e+01  -09.58259000e-02
  06.20285000e+01   05.44790000e+01   03.63825000e+01  -01.77941000e-01
  06.43538000e+01   05.82161000e+01   03.62134000e+01   06.74294000e-02
  06.75311000e+01   05.60432000e+01   03.44586000e+01   01.44326000e-01
  07.16829000e+01   05.21520000e+01   03.84176000e+01   00.00000000e+00
  07.25378000e+01   05.31405000e+01   03.92935000e+01   00.00000000e+00
  07.35295000e+01   05.24177000e+01   04.01168000e+01   00.00000000e+00
  07.39601000e+01   05.33051000e+01   04.13743000e+01   00.00000000e+00
  07.48061000e+01   05.45602000e+01   04.09950000e+01   00.00000000e+00
  07.47675000e+01   05.25105000e+01   04.24722000e+01   00.00000000e+00
  07.51293000e+01   05.32514000e+01   04.38020000e+01   00.00000000e+00
  07.39978000e+01   05.39603000e+01   04.44699000e+01   00.00000000e+00
  07.42222000e+01   05.41350000e+01   04.60307000e+01   00.00000000e+00
  07.28798000e+01   05.44965000e+01   04.68034000e+01   00.00000000e+00
  07.53835000e+01   05.52507000e+01   04.63223000e+01   00.00000000e+00
  07.53174000e+01   05.65760000e+01   04.55958000e+01   00.00000000e+00
  07.65176000e+01   05.74733000e+01   04.58860000e+01   00.00000000e+00
  07.79012000e+01   05.69272000e+01   04.52734000e+01   00.00000000e+00
  07.79357000e+01   05.67448000e+01   04.36864000e+01   00.00000000e+00
  07.90960000e+01   05.77874000e+01   04.57025000e+01   00.00000000e+00
  06.38110000e+01   05.69589000e+01   03.60508000e+01   03.65717000e-02
  06.47736000e+01   05.53429000e+01   03.52175000e+01  -06.37550000e-03
  06.79791000e+01   06.02316000e+01   03.36411000e+01   01.79582000e-02
  06.80562000e+01   06.02935000e+01   03.53952000e+01   01.23366000e-02
  06.94141000e+01   05.97484000e+01   03.44407000e+01   01.80857000e-02
  06.04202000e+01   05.87261000e+01   03.76311000e+01  -03.55350000e-03
  06.12003000e+01   05.79833000e+01   03.89842000e+01  -05.48890000e-03
  06.14894000e+01   05.97172000e+01   03.88481000e+01  -05.73590000e-03
  06.15460000e+01   05.02616000e+01   03.62444000e+01  -01.16015000e-02
  06.01609000e+01   05.08896000e+01   03.52641000e+01  -01.03548000e-02
  06.16699000e+01   05.07211000e+01   03.44941000e+01  -01.10806000e-02
  06.65531000e+01   05.00255000e+01   03.21423000e+01  -06.50300000e-03
  06.50107000e+01   04.98214000e+01   03.29310000e+01  -03.84930000e-03
  06.54151000e+01   05.12493000e+01   03.18900000e+01  -06.75510000e-03
  07.21921000e+01   05.33441000e+01   03.08990000e+01   06.96000000e-05
  07.14351000e+01   05.18109000e+01   03.13285000e+01  -02.56130000e-03
  07.05774000e+01   05.30256000e+01   03.04662000e+01  -08.86000000e-04
  06.51865000e+01   05.94861000e+01   03.90207000e+01   02.66600000e-04
  06.59635000e+01   06.06282000e+01   03.79360000e+01   02.07780000e-03
  06.51208000e+01   06.12414000e+01   03.92488000e+01   03.44650000e-03
  05.81223000e+01   05.24717000e+01   03.82285000e+01   02.98050000e-03
  05.94271000e+01   05.12104000e+01   03.76644000e+01  -05.01900000e-04
  06.86962000e+01   04.95661000e+01   03.32250000e+01  -05.40000000e-06
  07.02712000e+01   05.04547000e+01   03.31630000e+01  -02.73660000e-03
  06.40917000e+01   06.10807000e+01   03.66735000e+01   06.65000000e-04
  06.31432000e+01   06.07751000e+01   03.81214000e+01  -04.07950000e-03
  06.96238000e+01   05.23012000e+01   03.44217000e+01   01.58140000e-02
  06.83927000e+01   05.13449000e+01   03.53245000e+01   09.11190000e-03
  07.88799000e+01   05.88566000e+01   04.55529000e+01   00.00000000e+00
  07.92194000e+01   05.77357000e+01   04.67989000e+01   00.00000000e+00
  07.99831000e+01   05.75141000e+01   04.50931000e+01   00.00000000e+00
  07.78472000e+01   05.77276000e+01   04.30910000e+01   00.00000000e+00
  07.88477000e+01   05.62833000e+01   04.33746000e+01   00.00000000e+00
  07.71261000e+01   05.60472000e+01   04.33785000e+01   00.00000000e+00
  07.62775000e+01   05.84140000e+01   04.54545000e+01   00.00000000e+00
  07.66448000e+01   05.76598000e+01   04.69633000e+01   00.00000000e+00
  07.53280000e+01   05.64036000e+01   04.45154000e+01   00.00000000e+00
  07.43652000e+01   05.69212000e+01   04.60421000e+01   00.00000000e+00
  07.53715000e+01   05.54229000e+01   04.74779000e+01   00.00000000e+00
  07.63201000e+01   05.46479000e+01   04.61756000e+01   00.00000000e+00
  07.31285000e+01   05.43361000e+01   04.78206000e+01   00.00000000e+00
  07.26391000e+01   05.55471000e+01   04.65898000e+01   00.00000000e+00
  07.20633000e+01   05.38361000e+01   04.65765000e+01   00.00000000e+00
  07.38243000e+01   05.48729000e+01   04.40024000e+01   00.00000000e+00
  07.30814000e+01   05.33928000e+01   04.43850000e+01   00.00000000e+00
  07.56683000e+01   05.25642000e+01   04.44714000e+01   00.00000000e+00
  07.59556000e+01   05.38584000e+01   04.34296000e+01   00.00000000e+00
  07.42187000e+01   05.15444000e+01   04.27136000e+01   00.00000000e+00
  07.57418000e+01   05.22199000e+01   04.19612000e+01   00.00000000e+00
  06.57306000e+01   05.96734000e+01   03.57059000e+01   07.20400000e-04
  06.10273000e+01   05.58287000e+01   03.76561000e+01  -02.39543000e-02
  06.38691000e+01   05.10034000e+01   03.45132000e+01   04.89340000e-03
  07.00536000e+01   05.46355000e+01   03.44542000e+01  -02.28199000e-02
  05.93805000e+01   05.44050000e+01   03.73605000e+01  -01.51750000e-03
  07.44567000e+01   05.48814000e+01   04.00230000e+01   00.00000000e+00
  07.45376000e+01   05.53294000e+01   04.16375000e+01   00.00000000e+00
  07.58367000e+01   05.43339000e+01   04.09537000e+01   00.00000000e+00
  07.30646000e+01   05.37307000e+01   04.18858000e+01   00.00000000e+00
  07.31077000e+01   05.14822000e+01   04.04566000e+01   00.00000000e+00
  07.43613000e+01   05.22027000e+01   03.95512000e+01   00.00000000e+00
  07.31911000e+01   05.37735000e+01   03.86797000e+01   00.00000000e+00
  07.18255000e+01   05.36590000e+01   03.99209000e+01   00.00000000e+00
  07.07942000e+01   05.27859000e+01   03.82090000e+01   00.00000000e+00
  07.13095000e+01   05.12871000e+01   03.90313000e+01   00.00000000e+00
  07.19406000e+01   05.32992000e+01   03.59345000e+01   00.00000000e+00
  07.37424000e+01   05.30728000e+01   03.60899000e+01   00.00000000e+00
  07.29359000e+01   05.19254000e+01   03.52138000e+01   00.00000000e+00
  06.65142000e+01   05.05734000e+01   03.45777000e+01   05.57290000e-03
  06.79076000e+01   05.20858000e+01   03.25629000e+01  -01.28866000e-02
  07.36664000e+01   04.99592000e+01   03.74316000e+01   00.00000000e+00
  07.82098000e+01   05.58899000e+01   04.56454000e+01   00.00000000e+00
  07.45660000e+01   05.32269000e+01   04.63521000e+01   00.00000000e+00
  07.10205000e+01   04.91376000e+01   03.73599000e+01  -01.99830000e-03
  07.22992000e+01   04.84728000e+01   03.62400000e+01  -01.85290000e-03
