  06.83180000e+01   05.09906000e+01   03.51028000e+01  -06.11779000e-02
  05.94347000e+01   05.14104000e+01   03.80064000e+01   01.75852000e-02
  06.25067000e+01   05.89200000e+01   03.88838000e+01   01.01800000e-02
  06.88924000e+01   05.61696000e+01   03.47843000e+01  -01.32723000e-02
  06.53381000e+01   05.27159000e+01   03.52035000e+01  -04.57645000e-02
  06.82530000e+01   05.14359000e+01   03.66500000e+01   02.46758000e-02
  05.83773000e+01   05.22831000e+01   03.80715000e+01  -01.71993000e-02
  06.37343000e+01   05.91546000e+01   03.97405000e+01  -09.39340000e-03
  06.87328000e+01   05.46144000e+01   03.43784000e+01   07.66074000e-02
  06.25776000e+01   05.27836000e+01   03.64095000e+01   09.44338000e-02
  06.99294000e+01   05.67932000e+01   03.45873000e+01   01.54319000e-02
  06.94978000e+01   05.09737000e+01   03.75334000e+01  -01.56515000e-02
  06.90987000e+01   05.44075000e+01   03.29031000e+01  -02.00050000e-02
  06.56685000e+01   05.56254000e+01   03.59435000e+01  -08.09918000e-02
  07.00494000e+01   05.27318000e+01   03.13540000e+01   04.03650000e-03
  06.73184000e+01   05.42085000e+01   03.47508000e+01  -01.43447000e-01
  06.36568000e+01   05.08509000e+01   03.53003000e+01   01.23287000e-02
  06.11286000e+01   05.42054000e+01   03.78592000e+01   02.21683000e-01
  06.45113000e+01   05.75338000e+01   03.68773000e+01  -05.42921000e-02
  06.55258000e+01   05.02330000e+01   03.26667000e+01   02.66866000e-02
  06.12286000e+01   04.92092000e+01   03.65211000e+01   04.35609000e-02
  06.00651000e+01   05.69010000e+01   03.91827000e+01   02.36507000e-02
  06.71728000e+01   05.90853000e+01   03.60040000e+01  -06.09964000e-02
  07.08692000e+01   05.17681000e+01   03.93033000e+01   08.71130000e-03
  06.66688000e+01   05.29343000e+01   03.47405000e+01   01.26858000e-01
  06.25292000e+01   05.14078000e+01   03.59896000e+01  -03.45042000e-02
  06.17534000e+01   05.54501000e+01   03.78119000e+01  -02.04376000e-01
  06.56463000e+01   05.69457000e+01   03.62159000e+01   07.60142000e-02
  07.02452000e+01   05.00342000e+01   03.72197000e+01   05.08730000e-03
  06.89270000e+01   05.51901000e+01   03.19773000e+01   06.92200000e-04
  07.06275000e+01   05.26570000e+01   04.05440000e+01   00.00000000e+00
  06.72220000e+01   05.15670000e+01   03.42009000e+01   07.64245000e-02
  06.14449000e+01   05.07452000e+01   03.65384000e+01  -04.66821000e-02
  06.13489000e+01   05.67198000e+01   03.84249000e+01   01.65461000e-02
  06.68924000e+01   05.76000000e+01   03.58450000e+01   05.49912000e-02
  06.95909000e+01   05.17124000e+01   03.87219000e+01   03.30200000e-04
  06.97323000e+01   05.31902000e+01   03.27154000e+01   04.02810000e-03
  07.15023000e+01   05.29100000e+01   04.14459000e+01   00.00000000e+00
  06.59716000e+01   05.07263000e+01   03.40722000e+01  -04.69336000e-02
  06.06660000e+01   05.17118000e+01   03.72786000e+01  -07.68710000e-03
  06.23759000e+01   05.76369000e+01   03.81946000e+01  -03.37389000e-02
  06.76176000e+01   05.65021000e+01   03.53398000e+01   03.64969000e-02
  07.15843000e+01   05.21475000e+01   04.27663000e+01   00.00000000e+00
  06.48529000e+01   05.14745000e+01   03.48671000e+01  -09.58259000e-02
  06.14320000e+01   05.29623000e+01   03.72276000e+01  -01.77941000e-01
  06.33588000e+01   05.69895000e+01   03.73551000e+01   06.74294000e-02
  06.67921000e+01   05.53489000e+01   03.53738000e+01   01.44326000e-01
  07.24503000e+01   05.41522000e+01   04.13370000e+01   00.00000000e+00
  07.39169000e+01   05.38062000e+01   04.12573000e+01   00.00000000e+00
  07.49371000e+01   05.50002000e+01   04.09079000e+01   00.00000000e+00
  07.51985000e+01   05.60708000e+01   04.20336000e+01   00.00000000e+00
  07.62067000e+01   05.71716000e+01   04.16335000e+01   00.00000000e+00
  07.53440000e+01   05.55816000e+01   04.35254000e+01   00.00000000e+00
  07.53217000e+01   05.66769000e+01   04.46264000e+01   00.00000000e+00
  07.57624000e+01   05.62076000e+01   04.60454000e+01   00.00000000e+00
  07.55845000e+01   05.71187000e+01   04.72579000e+01   00.00000000e+00
  07.40668000e+01   05.74654000e+01   04.75776000e+01   00.00000000e+00
  07.64301000e+01   05.84043000e+01   04.72116000e+01   00.00000000e+00
  07.62739000e+01   05.93152000e+01   04.84471000e+01   00.00000000e+00
  07.73294000e+01   06.04538000e+01   04.85213000e+01   00.00000000e+00
  07.86987000e+01   05.99201000e+01   04.88006000e+01   00.00000000e+00
  07.97254000e+01   06.11281000e+01   04.87624000e+01   00.00000000e+00
  07.88550000e+01   05.93249000e+01   05.02347000e+01   00.00000000e+00
  06.29618000e+01   05.56809000e+01   03.71244000e+01   03.65717000e-02
  06.41773000e+01   05.41739000e+01   03.61711000e+01  -06.37550000e-03
  06.80632000e+01   05.92759000e+01   03.66004000e+01   01.79582000e-02
  06.73531000e+01   05.94534000e+01   03.49746000e+01   01.23366000e-02
  06.63543000e+01   05.96162000e+01   03.63991000e+01   01.80857000e-02
  05.91636000e+01   05.67109000e+01   03.85679000e+01  -03.55350000e-03
  05.99640000e+01   05.62440000e+01   04.00468000e+01  -05.48890000e-03
  05.99618000e+01   05.78768000e+01   03.96482000e+01  -05.73590000e-03
  06.07135000e+01   04.90083000e+01   03.73900000e+01  -01.16015000e-02
  06.07043000e+01   04.88083000e+01   03.55879000e+01  -01.03548000e-02
  06.21378000e+01   04.86404000e+01   03.64449000e+01  -01.10806000e-02
  06.52947000e+01   05.11310000e+01   03.21083000e+01  -06.50300000e-03
  06.62128000e+01   04.95226000e+01   03.22066000e+01  -03.84930000e-03
  06.45429000e+01   04.97099000e+01   03.27019000e+01  -06.75510000e-03
  06.91245000e+01   05.27729000e+01   03.07641000e+01   06.96000000e-05
  07.07615000e+01   05.34206000e+01   03.08517000e+01  -02.56130000e-03
  07.04151000e+01   05.16899000e+01   03.12781000e+01  -08.86000000e-04
  06.37002000e+01   05.84306000e+01   04.05477000e+01   02.66600000e-04
  06.46378000e+01   05.90542000e+01   03.92880000e+01   02.07780000e-03
  06.37619000e+01   06.01303000e+01   04.02060000e+01   03.44650000e-03
  05.74764000e+01   05.20973000e+01   03.86826000e+01   02.98050000e-03
  05.82414000e+01   05.32095000e+01   03.74860000e+01  -05.01900000e-04
  06.82221000e+01   05.25189000e+01   03.68383000e+01  -05.40000000e-06
  06.73576000e+01   05.10224000e+01   03.71072000e+01  -02.73660000e-03
  06.24682000e+01   05.97502000e+01   03.81802000e+01   06.65000000e-04
  06.16698000e+01   05.90639000e+01   03.96121000e+01  -04.07950000e-03
  06.85070000e+01   04.99459000e+01   03.49424000e+01   01.58140000e-02
  06.92871000e+01   05.14058000e+01   03.48384000e+01   09.11190000e-03
  07.98665000e+01   05.94515000e+01   05.05575000e+01   00.00000000e+00
  07.82350000e+01   05.98054000e+01   05.09618000e+01   00.00000000e+00
  07.85981000e+01   05.82859000e+01   05.01812000e+01   00.00000000e+00
  08.07467000e+01   06.07149000e+01   04.87871000e+01   00.00000000e+00
  07.95755000e+01   06.16753000e+01   04.78245000e+01   00.00000000e+00
  07.95389000e+01   06.18415000e+01   04.95497000e+01   00.00000000e+00
  07.72608000e+01   06.09109000e+01   04.75514000e+01   00.00000000e+00
  07.71262000e+01   06.11989000e+01   04.93200000e+01   00.00000000e+00
  07.52983000e+01   05.97358000e+01   04.84424000e+01   00.00000000e+00
  07.63183000e+01   05.88385000e+01   04.94269000e+01   00.00000000e+00
  07.74719000e+01   05.80882000e+01   04.70797000e+01   00.00000000e+00
  07.61630000e+01   05.89890000e+01   04.63428000e+01   00.00000000e+00
  07.36478000e+01   05.82673000e+01   04.69434000e+01   00.00000000e+00
  07.34064000e+01   05.65728000e+01   04.77022000e+01   00.00000000e+00
  07.40178000e+01   05.78415000e+01   04.85929000e+01   00.00000000e+00
  07.52482000e+01   05.53450000e+01   04.63491000e+01   00.00000000e+00
  07.68340000e+01   05.60210000e+01   04.58984000e+01   00.00000000e+00
  07.61114000e+01   05.74251000e+01   04.43941000e+01   00.00000000e+00
  07.43041000e+01   05.70085000e+01   04.46748000e+01   00.00000000e+00
  07.45679000e+01   05.48978000e+01   04.37464000e+01   00.00000000e+00
  07.62936000e+01   05.50642000e+01   04.35936000e+01   00.00000000e+00
  06.46544000e+01   05.85467000e+01   03.72507000e+01   07.20400000e-04
  06.02009000e+01   05.42072000e+01   03.83533000e+01  -02.39543000e-02
  06.35451000e+01   04.98037000e+01   03.51520000e+01   04.89340000e-03
  06.94063000e+01   05.40321000e+01   03.50111000e+01  -02.28199000e-02
  05.95476000e+01   05.05328000e+01   03.85622000e+01  -01.51750000e-03
  07.61650000e+01   05.73064000e+01   04.05412000e+01   00.00000000e+00
  07.58364000e+01   05.81409000e+01   04.20921000e+01   00.00000000e+00
  07.71668000e+01   05.68733000e+01   04.21213000e+01   00.00000000e+00
  07.42177000e+01   05.65229000e+01   04.21892000e+01   00.00000000e+00
  07.59508000e+01   05.46658000e+01   04.07786000e+01   00.00000000e+00
  07.46936000e+01   05.56050000e+01   04.00251000e+01   00.00000000e+00
  07.40399000e+01   05.33035000e+01   04.22775000e+01   00.00000000e+00
  07.40066000e+01   05.29327000e+01   04.04814000e+01   00.00000000e+00
  07.22075000e+01   05.47077000e+01   04.04585000e+01   00.00000000e+00
  07.23038000e+01   05.48192000e+01   04.21667000e+01   00.00000000e+00
  07.07811000e+01   05.14755000e+01   04.28500000e+01   00.00000000e+00
  07.25537000e+01   05.15984000e+01   04.28647000e+01   00.00000000e+00
  07.14757000e+01   05.28586000e+01   04.35945000e+01   00.00000000e+00
  06.61568000e+01   04.97836000e+01   03.46805000e+01   05.57290000e-03
  06.77471000e+01   05.17005000e+01   03.32222000e+01  -01.28866000e-02
  06.96514000e+01   05.30579000e+01   04.05625000e+01   00.00000000e+00
  07.90577000e+01   05.90963000e+01   04.81118000e+01   00.00000000e+00
  07.60456000e+01   05.66518000e+01   04.81281000e+01   00.00000000e+00
  07.12579000e+01   05.07992000e+01   03.96070000e+01  -01.99830000e-03
  07.15480000e+01   05.22802000e+01   03.86310000e+01  -01.85290000e-03
