  07.08414000e+01   05.15727000e+01   03.32736000e+01  -06.11779000e-02
  06.16989000e+01   05.14263000e+01   03.59808000e+01   01.75852000e-02
  06.41757000e+01   05.90481000e+01   03.71248000e+01   01.01800000e-02
  07.08548000e+01   05.66943000e+01   03.28587000e+01  -01.32723000e-02
  06.76081000e+01   05.29361000e+01   03.33931000e+01  -04.57645000e-02
  07.05836000e+01   05.09489000e+01   03.46322000e+01   02.46758000e-02
  06.12094000e+01   05.18697000e+01   03.71734000e+01  -01.71993000e-02
  06.46919000e+01   05.92477000e+01   03.85137000e+01  -09.39340000e-03
  07.08747000e+01   05.50354000e+01   03.26337000e+01   07.66074000e-02
  06.49345000e+01   05.29172000e+01   03.45464000e+01   09.44338000e-02
  07.17624000e+01   05.74637000e+01   03.26397000e+01   01.54319000e-02
  07.18095000e+01   05.07348000e+01   03.54463000e+01  -01.56515000e-02
  07.13430000e+01   05.46596000e+01   03.12401000e+01  -02.00050000e-02
  06.75430000e+01   05.59080000e+01   03.39643000e+01  -08.09918000e-02
  07.22917000e+01   05.29254000e+01   02.99282000e+01   04.03650000e-03
  06.94342000e+01   05.45369000e+01   03.29632000e+01  -01.43447000e-01
  06.60685000e+01   05.10834000e+01   03.33978000e+01   01.23287000e-02
  06.33563000e+01   05.41624000e+01   03.60645000e+01   02.21683000e-01
  06.65019000e+01   05.77299000e+01   03.52996000e+01  -05.42921000e-02
  06.80691000e+01   05.04519000e+01   03.08709000e+01   02.66866000e-02
  06.33046000e+01   04.96097000e+01   03.39289000e+01   04.35609000e-02
  06.23860000e+01   05.63201000e+01   03.79541000e+01   02.36507000e-02
  06.91904000e+01   05.93408000e+01   03.42927000e+01  -06.09964000e-02
  07.36521000e+01   05.19970000e+01   03.62939000e+01   08.71130000e-03
  06.88571000e+01   05.32409000e+01   03.29191000e+01   01.26858000e-01
  06.49267000e+01   05.16264000e+01   03.40943000e+01  -03.45042000e-02
  06.39275000e+01   05.54133000e+01   03.61303000e+01  -02.04376000e-01
  06.75786000e+01   05.72329000e+01   03.45127000e+01   07.60142000e-02
  07.23420000e+01   04.97079000e+01   03.56797000e+01   05.08730000e-03
  07.11098000e+01   05.53003000e+01   03.02383000e+01   06.92200000e-04
  07.39702000e+01   05.34972000e+01   03.62788000e+01   00.00000000e+00
  06.96116000e+01   05.19643000e+01   03.24478000e+01   07.64245000e-02
  06.36628000e+01   05.09501000e+01   03.43521000e+01  -04.66821000e-02
  06.34690000e+01   05.65612000e+01   03.69100000e+01   01.65461000e-02
  06.87569000e+01   05.79097000e+01   03.40172000e+01   05.49912000e-02
  07.22929000e+01   05.19956000e+01   03.57935000e+01   03.30200000e-04
  07.21756000e+01   05.35946000e+01   03.12703000e+01   04.02810000e-03
  07.47088000e+01   05.40669000e+01   03.72330000e+01   00.00000000e+00
  06.84401000e+01   05.09245000e+01   03.23313000e+01  -04.69336000e-02
  06.29824000e+01   05.17555000e+01   03.52837000e+01  -07.68710000e-03
  06.43225000e+01   05.76581000e+01   03.66236000e+01  -03.37389000e-02
  06.95133000e+01   05.68747000e+01   03.34111000e+01   03.64969000e-02
  07.41329000e+01   05.46248000e+01   03.84869000e+01   00.00000000e+00
  06.73441000e+01   05.16464000e+01   03.31091000e+01  -09.58259000e-02
  06.37497000e+01   05.30350000e+01   03.53266000e+01  -01.77941000e-01
  06.53725000e+01   05.70683000e+01   03.57222000e+01   06.74294000e-02
  06.87992000e+01   05.56780000e+01   03.34456000e+01   01.44326000e-01
  07.61111000e+01   05.44869000e+01   03.69189000e+01   00.00000000e+00
  07.72736000e+01   05.38106000e+01   03.76266000e+01   00.00000000e+00
  07.75310000e+01   05.41772000e+01   03.91463000e+01   00.00000000e+00
  07.75955000e+01   05.56686000e+01   03.96171000e+01   00.00000000e+00
  07.85992000e+01   05.64352000e+01   03.87444000e+01   00.00000000e+00
  07.80794000e+01   05.58329000e+01   04.11050000e+01   00.00000000e+00
  07.77242000e+01   05.72144000e+01   04.17997000e+01   00.00000000e+00
  07.78870000e+01   05.69380000e+01   04.33558000e+01   00.00000000e+00
  07.76655000e+01   05.81241000e+01   04.43514000e+01   00.00000000e+00
  07.88133000e+01   05.91149000e+01   04.42469000e+01   00.00000000e+00
  07.75595000e+01   05.75692000e+01   04.57735000e+01   00.00000000e+00
  07.71204000e+01   05.85233000e+01   04.68625000e+01   00.00000000e+00
  07.58280000e+01   05.93157000e+01   04.65642000e+01   00.00000000e+00
  07.49735000e+01   05.96900000e+01   04.78546000e+01   00.00000000e+00
  07.56552000e+01   06.01055000e+01   04.91618000e+01   00.00000000e+00
  07.37936000e+01   06.06756000e+01   04.74882000e+01   00.00000000e+00
  06.50817000e+01   05.57129000e+01   03.54881000e+01   03.65717000e-02
  06.62442000e+01   05.43449000e+01   03.43433000e+01  -06.37550000e-03
  06.98446000e+01   05.94886000e+01   03.51649000e+01   01.79582000e-02
  06.98172000e+01   05.95522000e+01   03.34160000e+01   01.23366000e-02
  06.83279000e+01   06.00403000e+01   03.43676000e+01   01.80857000e-02
  06.14993000e+01   05.63207000e+01   03.73320000e+01  -03.55350000e-03
  06.24739000e+01   05.53664000e+01   03.84853000e+01  -05.48890000e-03
  06.23808000e+01   05.71274000e+01   03.87406000e+01  -05.73590000e-03
  06.30533000e+01   04.93708000e+01   03.28376000e+01  -01.16015000e-02
  06.42086000e+01   04.91177000e+01   03.42756000e+01  -01.03548000e-02
  06.25522000e+01   04.91727000e+01   03.45793000e+01  -01.10806000e-02
  06.76658000e+01   05.11654000e+01   03.02534000e+01  -06.50300000e-03
  06.89486000e+01   05.00322000e+01   03.04088000e+01  -03.84930000e-03
  06.73419000e+01   04.96488000e+01   03.09673000e+01  -06.75510000e-03
  07.25699000e+01   05.19347000e+01   03.00751000e+01   06.96000000e-05
  07.13178000e+01   05.28746000e+01   02.94268000e+01  -02.56130000e-03
  07.29650000e+01   05.34677000e+01   02.92440000e+01  -08.86000000e-04
  06.51821000e+01   06.01918000e+01   03.86020000e+01   02.66600000e-04
  06.38805000e+01   05.91277000e+01   03.93104000e+01   02.07780000e-03
  06.55266000e+01   05.85747000e+01   03.86659000e+01   03.44650000e-03
  06.01954000e+01   05.15847000e+01   03.75728000e+01   02.98050000e-03
  06.18356000e+01   05.23801000e+01   03.78537000e+01  -05.01900000e-04
  06.98438000e+01   05.15100000e+01   03.52056000e+01  -05.40000000e-06
  07.00934000e+01   05.00545000e+01   03.44198000e+01  -02.73660000e-03
  06.46713000e+01   05.97631000e+01   03.64254000e+01   06.65000000e-04
  06.31541000e+01   05.92774000e+01   03.73223000e+01  -04.07950000e-03
  07.14128000e+01   05.08607000e+01   03.27671000e+01   01.58140000e-02
  07.14880000e+01   05.25160000e+01   03.33188000e+01   09.11190000e-03
  07.42927000e+01   06.16327000e+01   04.76014000e+01   00.00000000e+00
  07.34192000e+01   06.05849000e+01   04.64720000e+01   00.00000000e+00
  07.29914000e+01   06.05840000e+01   04.82028000e+01   00.00000000e+00
  07.49950000e+01   05.99584000e+01   04.99772000e+01   00.00000000e+00
  07.65928000e+01   05.95411000e+01   04.93557000e+01   00.00000000e+00
  07.59855000e+01   06.11315000e+01   04.91996000e+01   00.00000000e+00
  07.59476000e+01   06.01483000e+01   04.59744000e+01   00.00000000e+00
  07.51947000e+01   05.86629000e+01   04.59520000e+01   00.00000000e+00
  07.69411000e+01   05.79234000e+01   04.77499000e+01   00.00000000e+00
  07.79165000e+01   05.92795000e+01   04.71143000e+01   00.00000000e+00
  07.67656000e+01   05.68984000e+01   04.57304000e+01   00.00000000e+00
  07.84038000e+01   05.69518000e+01   04.59719000e+01   00.00000000e+00
  07.88167000e+01   05.94383000e+01   04.32425000e+01   00.00000000e+00
  07.85509000e+01   05.99395000e+01   04.49180000e+01   00.00000000e+00
  07.97353000e+01   05.85989000e+01   04.44143000e+01   00.00000000e+00
  07.71445000e+01   05.61886000e+01   04.35121000e+01   00.00000000e+00
  07.88630000e+01   05.63964000e+01   04.36080000e+01   00.00000000e+00
  07.83563000e+01   05.80644000e+01   04.15149000e+01   00.00000000e+00
  07.66780000e+01   05.75323000e+01   04.15881000e+01   00.00000000e+00
  07.75343000e+01   05.51436000e+01   04.16993000e+01   00.00000000e+00
  07.91437000e+01   05.55836000e+01   04.12175000e+01   00.00000000e+00
  06.67641000e+01   05.86799000e+01   03.57417000e+01   07.20400000e-04
  06.23722000e+01   05.41029000e+01   03.64705000e+01  -02.39543000e-02
  06.60064000e+01   05.01381000e+01   03.29367000e+01   04.89340000e-03
  07.15492000e+01   05.45922000e+01   03.33868000e+01  -02.28199000e-02
  06.10206000e+01   05.08870000e+01   03.53660000e+01  -01.51750000e-03
  07.96355000e+01   05.60191000e+01   03.86579000e+01   00.00000000e+00
  07.81801000e+01   05.65073000e+01   03.77530000e+01   00.00000000e+00
  07.86660000e+01   05.74953000e+01   03.90903000e+01   00.00000000e+00
  07.65811000e+01   05.61052000e+01   03.94920000e+01   00.00000000e+00
  07.67434000e+01   05.36526000e+01   03.97216000e+01   00.00000000e+00
  07.84522000e+01   05.36942000e+01   03.94072000e+01   00.00000000e+00
  07.71579000e+01   05.27495000e+01   03.76617000e+01   00.00000000e+00
  07.81586000e+01   05.40168000e+01   03.70186000e+01   00.00000000e+00
  07.61357000e+01   05.43883000e+01   03.58503000e+01   00.00000000e+00
  07.61323000e+01   05.55850000e+01   03.70706000e+01   00.00000000e+00
  07.30140000e+01   05.46225000e+01   03.85106000e+01   00.00000000e+00
  07.44609000e+01   05.40142000e+01   03.93023000e+01   00.00000000e+00
  07.44483000e+01   05.57168000e+01   03.86499000e+01   00.00000000e+00
  06.86699000e+01   05.00043000e+01   03.28575000e+01   05.57290000e-03
  06.98523000e+01   05.22293000e+01   03.14297000e+01  -01.28866000e-02
  07.33679000e+01   05.41614000e+01   03.56939000e+01   00.00000000e+00
  07.45685000e+01   05.86985000e+01   04.81161000e+01   00.00000000e+00
  07.66784000e+01   05.85830000e+01   04.40866000e+01   00.00000000e+00
  07.36391000e+01   05.14503000e+01   03.71942000e+01  -01.99830000e-03
  07.44465000e+01   05.16416000e+01   03.56448000e+01  -01.85290000e-03
