  07.09767000e+01   05.16883000e+01   03.54916000e+01  -06.11779000e-02
  06.18776000e+01   05.17130000e+01   03.83572000e+01   01.75852000e-02
  06.44323000e+01   05.94189000e+01   03.89331000e+01   01.01800000e-02
  07.10012000e+01   05.67297000e+01   03.49526000e+01  -01.32723000e-02
  06.77033000e+01   05.31775000e+01   03.55385000e+01  -04.57645000e-02
  07.08001000e+01   05.13126000e+01   03.69103000e+01   02.46758000e-02
  06.08103000e+01   05.25418000e+01   03.80813000e+01  -01.71993000e-02
  06.53540000e+01   05.96601000e+01   04.00948000e+01  -09.39340000e-03
  07.10380000e+01   05.52164000e+01   03.47804000e+01   07.66074000e-02
  06.50165000e+01   05.30889000e+01   03.68014000e+01   09.44338000e-02
  07.20053000e+01   05.74722000e+01   03.48084000e+01   01.54319000e-02
  07.20145000e+01   05.10291000e+01   03.78205000e+01  -01.56515000e-02
  07.14533000e+01   05.48788000e+01   03.33403000e+01  -02.00050000e-02
  06.77929000e+01   05.60316000e+01   03.61800000e+01  -08.09918000e-02
  07.29392000e+01   05.34904000e+01   03.21210000e+01   04.03650000e-03
  06.96305000e+01   05.46660000e+01   03.51614000e+01  -01.43447000e-01
  06.63051000e+01   05.11985000e+01   03.59664000e+01   01.23287000e-02
  06.33413000e+01   05.45521000e+01   03.79421000e+01   02.21683000e-01
  06.66565000e+01   05.80416000e+01   03.70724000e+01  -05.42921000e-02
  06.80484000e+01   05.04800000e+01   03.33127000e+01   02.66866000e-02
  06.38160000e+01   04.94400000e+01   03.72106000e+01   04.35609000e-02
  06.21257000e+01   05.71571000e+01   03.91363000e+01   02.36507000e-02
  06.94195000e+01   05.94965000e+01   03.62179000e+01  -06.09964000e-02
  07.44247000e+01   05.16428000e+01   03.81011000e+01   08.71130000e-03
  06.90355000e+01   05.33407000e+01   03.51586000e+01   01.26858000e-01
  06.51985000e+01   05.16991000e+01   03.66238000e+01  -03.45042000e-02
  06.40105000e+01   05.58311000e+01   03.79577000e+01  -02.04376000e-01
  06.77138000e+01   05.74288000e+01   03.64065000e+01   07.60142000e-02
  07.21791000e+01   05.00269000e+01   03.84664000e+01   05.08730000e-03
  07.09676000e+01   05.53806000e+01   03.22732000e+01   06.92200000e-04
  07.46499000e+01   05.27357000e+01   03.91325000e+01   00.00000000e+00
  06.97096000e+01   05.20528000e+01   03.47047000e+01   07.64245000e-02
  06.40186000e+01   05.10094000e+01   03.71625000e+01  -04.66821000e-02
  06.34150000e+01   05.70852000e+01   03.85083000e+01   01.65461000e-02
  06.90066000e+01   05.80412000e+01   03.60558000e+01   05.49912000e-02
  07.30960000e+01   05.19496000e+01   03.75686000e+01   03.30200000e-04
  07.23851000e+01   05.39098000e+01   03.34527000e+01   04.02810000e-03
  07.44515000e+01   05.27228000e+01   04.04543000e+01   00.00000000e+00
  06.84837000e+01   05.10553000e+01   03.46895000e+01  -04.69336000e-02
  06.31205000e+01   05.19810000e+01   03.76329000e+01  -07.68710000e-03
  06.44325000e+01   05.80388000e+01   03.83806000e+01  -03.37389000e-02
  06.97258000e+01   05.70081000e+01   03.55098000e+01   03.64969000e-02
  07.30674000e+01   05.29986000e+01   04.10142000e+01   00.00000000e+00
  06.74207000e+01   05.18570000e+01   03.54065000e+01  -09.58259000e-02
  06.37949000e+01   05.32795000e+01   03.74173000e+01  -01.77941000e-01
  06.54962000e+01   05.73924000e+01   03.75543000e+01   06.74294000e-02
  06.90322000e+01   05.58105000e+01   03.56243000e+01   01.44326000e-01
  07.55534000e+01   05.22957000e+01   04.13855000e+01   00.00000000e+00
  07.65914000e+01   05.33084000e+01   04.15706000e+01   00.00000000e+00
  07.61024000e+01   05.46896000e+01   04.19480000e+01   00.00000000e+00
  07.72251000e+01   05.57669000e+01   04.20781000e+01   00.00000000e+00
  07.79839000e+01   05.58655000e+01   04.07425000e+01   00.00000000e+00
  07.81864000e+01   05.56457000e+01   04.33227000e+01   00.00000000e+00
  07.87262000e+01   05.70422000e+01   04.36219000e+01   00.00000000e+00
  07.97319000e+01   05.70332000e+01   04.48158000e+01   00.00000000e+00
  07.99953000e+01   05.85464000e+01   04.53589000e+01   00.00000000e+00
  08.11309000e+01   05.92083000e+01   04.44757000e+01   00.00000000e+00
  08.05939000e+01   05.84165000e+01   04.67937000e+01   00.00000000e+00
  07.95960000e+01   05.80736000e+01   04.78605000e+01   00.00000000e+00
  08.01939000e+01   05.77514000e+01   04.92335000e+01   00.00000000e+00
  07.92606000e+01   05.77443000e+01   05.04347000e+01   00.00000000e+00
  07.81624000e+01   05.66720000e+01   05.01892000e+01   00.00000000e+00
  08.01494000e+01   05.75342000e+01   05.17656000e+01   00.00000000e+00
  06.52238000e+01   05.60809000e+01   03.73375000e+01   03.65717000e-02
  06.64475000e+01   05.45613000e+01   03.64299000e+01  -06.37550000e-03
  06.85470000e+01   06.01688000e+01   03.62425000e+01   01.79582000e-02
  06.99589000e+01   05.97114000e+01   03.70877000e+01   01.23366000e-02
  06.99912000e+01   05.98482000e+01   03.53644000e+01   01.80857000e-02
  06.15493000e+01   05.64512000e+01   03.86365000e+01  -03.55350000e-03
  06.21692000e+01   05.69450000e+01   04.02042000e+01  -05.48890000e-03
  06.16180000e+01   05.80283000e+01   03.88845000e+01  -05.73590000e-03
  06.41539000e+01   04.90429000e+01   03.62486000e+01  -01.16015000e-02
  06.45000000e+01   04.91138000e+01   03.79302000e+01  -01.03548000e-02
  06.27309000e+01   04.92788000e+01   03.74241000e+01  -01.10806000e-02
  06.86790000e+01   04.96433000e+01   03.30116000e+01  -06.50300000e-03
  06.69900000e+01   05.02256000e+01   03.33372000e+01  -03.84930000e-03
  06.81863000e+01   05.12312000e+01   03.25345000e+01  -06.75510000e-03
  07.33392000e+01   05.43351000e+01   03.15791000e+01   06.96000000e-05
  07.38055000e+01   05.28251000e+01   03.22889000e+01  -02.56130000e-03
  07.21474000e+01   05.30939000e+01   03.14732000e+01  -08.86000000e-04
  06.51618000e+01   06.07383000e+01   04.03352000e+01   02.66600000e-04
  06.51058000e+01   05.90609000e+01   04.09994000e+01   02.07780000e-03
  06.63670000e+01   05.96092000e+01   03.96855000e+01   03.44650000e-03
  05.98764000e+01   05.22978000e+01   03.85562000e+01   02.98050000e-03
  06.08423000e+01   05.33539000e+01   03.73373000e+01  -05.01900000e-04
  07.03496000e+01   05.22071000e+01   03.74264000e+01  -05.40000000e-06
  07.00879000e+01   05.05428000e+01   03.70886000e+01  -02.73660000e-03
  06.45503000e+01   06.00760000e+01   03.80951000e+01   06.65000000e-04
  06.34434000e+01   05.95888000e+01   03.93062000e+01  -04.07950000e-03
  07.13345000e+01   05.08636000e+01   03.49243000e+01   01.58140000e-02
  07.16997000e+01   05.25412000e+01   03.53711000e+01   09.11190000e-03
  08.03615000e+01   05.64585000e+01   05.19584000e+01   00.00000000e+00
  08.10750000e+01   05.81455000e+01   05.17584000e+01   00.00000000e+00
  07.96001000e+01   05.80199000e+01   05.26150000e+01   00.00000000e+00
  07.85899000e+01   05.57057000e+01   05.02538000e+01   00.00000000e+00
  07.74122000e+01   05.67893000e+01   05.10411000e+01   00.00000000e+00
  07.77454000e+01   05.67425000e+01   04.91852000e+01   00.00000000e+00
  08.06730000e+01   05.68039000e+01   04.92001000e+01   00.00000000e+00
  08.09713000e+01   05.85566000e+01   04.93580000e+01   00.00000000e+00
  07.88884000e+01   05.89243000e+01   04.79881000e+01   00.00000000e+00
  07.89584000e+01   05.72839000e+01   04.75309000e+01   00.00000000e+00
  08.14076000e+01   05.77321000e+01   04.67664000e+01   00.00000000e+00
  08.09810000e+01   05.93819000e+01   04.70311000e+01   00.00000000e+00
  08.12824000e+01   06.01990000e+01   04.50039000e+01   00.00000000e+00
  08.20526000e+01   05.87013000e+01   04.44455000e+01   00.00000000e+00
  08.08047000e+01   05.93463000e+01   04.34336000e+01   00.00000000e+00
  07.93199000e+01   05.64686000e+01   04.55932000e+01   00.00000000e+00
  08.06202000e+01   05.64867000e+01   04.44717000e+01   00.00000000e+00
  07.92045000e+01   05.75535000e+01   04.27467000e+01   00.00000000e+00
  07.78500000e+01   05.75313000e+01   04.40289000e+01   00.00000000e+00
  07.76138000e+01   05.52797000e+01   04.41666000e+01   00.00000000e+00
  07.90289000e+01   05.50454000e+01   04.30704000e+01   00.00000000e+00
  06.67491000e+01   05.91169000e+01   03.72733000e+01   07.20400000e-04
  06.24011000e+01   05.45625000e+01   03.85023000e+01  -02.39543000e-02
  06.63235000e+01   05.01357000e+01   03.60211000e+01   04.89340000e-03
  07.18174000e+01   05.48832000e+01   03.54878000e+01  -02.28199000e-02
  06.17363000e+01   05.09171000e+01   03.91212000e+01  -01.51750000e-03
  07.83639000e+01   05.69367000e+01   04.07300000e+01   00.00000000e+00
  07.87673000e+01   05.52197000e+01   04.07229000e+01   00.00000000e+00
  07.74007000e+01   05.58316000e+01   03.98340000e+01   00.00000000e+00
  07.67750000e+01   05.67261000e+01   04.22630000e+01   00.00000000e+00
  07.54020000e+01   05.49627000e+01   04.12131000e+01   00.00000000e+00
  07.54902000e+01   05.47060000e+01   04.28546000e+01   00.00000000e+00
  07.73686000e+01   05.29763000e+01   04.23433000e+01   00.00000000e+00
  07.70608000e+01   05.34627000e+01   04.05923000e+01   00.00000000e+00
  07.50648000e+01   05.19324000e+01   04.23381000e+01   00.00000000e+00
  07.61007000e+01   05.14538000e+01   04.08501000e+01   00.00000000e+00
  07.30897000e+01   05.39908000e+01   04.14823000e+01   00.00000000e+00
  07.24130000e+01   05.32953000e+01   04.01893000e+01   00.00000000e+00
  07.25333000e+01   05.22664000e+01   04.16496000e+01   00.00000000e+00
  06.88046000e+01   05.01627000e+01   03.52317000e+01   05.57290000e-03
  07.00010000e+01   05.21745000e+01   03.36668000e+01  -01.28866000e-02
  07.49622000e+01   05.36151000e+01   03.87897000e+01   00.00000000e+00
  07.87544000e+01   05.87495000e+01   05.04708000e+01   00.00000000e+00
  07.91105000e+01   05.91448000e+01   04.53981000e+01   00.00000000e+00
  07.45922000e+01   05.06765000e+01   03.86238000e+01  -01.99830000e-03
  07.50496000e+01   05.17197000e+01   03.72278000e+01  -01.85290000e-03
