  06.92603000e+01   05.06016000e+01   03.53258000e+01  -06.11779000e-02
  06.01015000e+01   05.03777000e+01   03.68403000e+01   01.75852000e-02
  06.28245000e+01   05.73537000e+01   03.95743000e+01   01.01800000e-02
  06.95060000e+01   05.57211000e+01   03.53611000e+01  -01.32723000e-02
  06.61739000e+01   05.21549000e+01   03.51171000e+01  -04.57645000e-02
  06.89106000e+01   05.04439000e+01   03.67912000e+01   02.46758000e-02
  05.98155000e+01   05.07988000e+01   03.80897000e+01  -01.71993000e-02
  06.39485000e+01   05.74198000e+01   04.05719000e+01  -09.39340000e-03
  06.95831000e+01   05.41357000e+01   03.50911000e+01   07.66074000e-02
  06.33100000e+01   05.19720000e+01   03.57718000e+01   09.44338000e-02
  07.05184000e+01   05.64101000e+01   03.52241000e+01   01.54319000e-02
  06.99272000e+01   05.00047000e+01   03.78034000e+01  -01.56515000e-02
  07.03495000e+01   05.39561000e+01   03.38009000e+01  -02.00050000e-02
  06.61686000e+01   05.49413000e+01   03.60776000e+01  -08.09918000e-02
  07.16661000e+01   05.23920000e+01   03.25870000e+01   04.03650000e-03
  06.81122000e+01   05.36771000e+01   03.51828000e+01  -01.43447000e-01
  06.46289000e+01   05.01859000e+01   03.46754000e+01   01.23287000e-02
  06.16532000e+01   05.31249000e+01   03.71738000e+01   02.21683000e-01
  06.49604000e+01   05.66921000e+01   03.73812000e+01  -05.42921000e-02
  06.70441000e+01   04.98660000e+01   03.25505000e+01   02.66866000e-02
  06.19863000e+01   04.85033000e+01   03.50593000e+01   04.35609000e-02
  06.04744000e+01   05.52405000e+01   03.92090000e+01   02.36507000e-02
  06.75546000e+01   05.83927000e+01   03.69666000e+01  -06.09964000e-02
  07.16964000e+01   05.06649000e+01   03.92145000e+01   08.71130000e-03
  06.75149000e+01   05.24602000e+01   03.48404000e+01   01.26858000e-01
  06.34318000e+01   05.06995000e+01   03.52244000e+01  -03.45042000e-02
  06.23288000e+01   05.43174000e+01   03.74578000e+01  -02.04376000e-01
  06.60755000e+01   05.62380000e+01   03.65997000e+01   07.60142000e-02
  07.00333000e+01   04.88581000e+01   03.82178000e+01   05.08730000e-03
  07.01970000e+01   05.46322000e+01   03.28152000e+01   06.92200000e-04
  07.23097000e+01   05.19033000e+01   03.98325000e+01   00.00000000e+00
  06.82384000e+01   05.12103000e+01   03.43223000e+01   07.64245000e-02
  06.22044000e+01   04.99173000e+01   03.54627000e+01  -04.66821000e-02
  06.17567000e+01   05.52800000e+01   03.84894000e+01   01.65461000e-02
  06.73232000e+01   05.69579000e+01   03.64748000e+01   05.49912000e-02
  07.07069000e+01   05.10352000e+01   03.81449000e+01   03.30200000e-04
  07.10316000e+01   05.28020000e+01   03.38472000e+01   04.02810000e-03
  07.22836000e+01   05.22688000e+01   04.11070000e+01   00.00000000e+00
  06.70797000e+01   05.01689000e+01   03.40399000e+01  -04.69336000e-02
  06.14085000e+01   05.07522000e+01   03.61906000e+01  -07.68710000e-03
  06.27608000e+01   05.62246000e+01   03.86129000e+01  -03.37389000e-02
  06.81920000e+01   05.60104000e+01   03.58668000e+01   03.64969000e-02
  07.11152000e+01   05.30631000e+01   04.17077000e+01   00.00000000e+00
  06.58477000e+01   05.08817000e+01   03.46615000e+01  -09.58259000e-02
  06.20682000e+01   05.20396000e+01   03.64018000e+01  -01.77941000e-01
  06.38208000e+01   05.59201000e+01   03.76207000e+01   06.74294000e-02
  06.74287000e+01   05.47979000e+01   03.57215000e+01   01.44326000e-01
  07.32946000e+01   05.17747000e+01   04.21071000e+01   00.00000000e+00
  07.47648000e+01   05.18209000e+01   04.18029000e+01   00.00000000e+00
  07.52747000e+01   05.32327000e+01   04.13675000e+01   00.00000000e+00
  07.50498000e+01   05.44015000e+01   04.23588000e+01   00.00000000e+00
  07.59014000e+01   05.56151000e+01   04.18825000e+01   00.00000000e+00
  07.55228000e+01   05.41550000e+01   04.37635000e+01   00.00000000e+00
  07.52266000e+01   05.52948000e+01   04.47915000e+01   00.00000000e+00
  07.58563000e+01   05.49615000e+01   04.61773000e+01   00.00000000e+00
  07.57617000e+01   05.60418000e+01   04.73180000e+01   00.00000000e+00
  07.42839000e+01   05.64088000e+01   04.76192000e+01   00.00000000e+00
  07.66272000e+01   05.72831000e+01   04.70758000e+01   00.00000000e+00
  07.67951000e+01   05.80989000e+01   04.83801000e+01   00.00000000e+00
  07.75085000e+01   05.94812000e+01   04.80232000e+01   00.00000000e+00
  07.79735000e+01   06.02792000e+01   04.92918000e+01   00.00000000e+00
  07.91419000e+01   05.95683000e+01   05.00405000e+01   00.00000000e+00
  07.84847000e+01   06.16830000e+01   04.90222000e+01   00.00000000e+00
  06.35261000e+01   05.47346000e+01   03.69792000e+01   03.65717000e-02
  06.48131000e+01   05.34589000e+01   03.59900000e+01  -06.37550000e-03
  06.68195000e+01   05.90528000e+01   03.64450000e+01   01.79582000e-02
  06.74461000e+01   05.84232000e+01   03.80810000e+01   01.23366000e-02
  06.84551000e+01   05.88423000e+01   03.65860000e+01   01.80857000e-02
  06.06111000e+01   05.56089000e+01   04.01732000e+01  -03.55350000e-03
  05.97312000e+01   05.57676000e+01   03.86415000e+01  -05.48890000e-03
  06.00197000e+01   05.41994000e+01   03.92976000e+01  -05.73590000e-03
  06.24968000e+01   04.79283000e+01   03.58369000e+01  -01.16015000e-02
  06.08625000e+01   04.82704000e+01   03.50155000e+01  -01.03548000e-02
  06.25178000e+01   04.82884000e+01   03.41430000e+01  -01.10806000e-02
  06.71354000e+01   05.08112000e+01   03.20406000e+01  -06.50300000e-03
  06.77569000e+01   04.91755000e+01   03.22049000e+01  -03.84930000e-03
  06.60462000e+01   04.94700000e+01   03.22891000e+01  -06.75510000e-03
  07.19353000e+01   05.31477000e+01   03.18935000e+01   06.96000000e-05
  07.25774000e+01   05.17085000e+01   03.26849000e+01  -02.56130000e-03
  07.09485000e+01   05.17435000e+01   03.20338000e+01  -08.86000000e-04
  06.37645000e+01   05.82905000e+01   04.12373000e+01   02.66600000e-04
  06.38178000e+01   05.65629000e+01   04.12698000e+01   02.07780000e-03
  06.48512000e+01   05.75790000e+01   04.00271000e+01   03.44650000e-03
  05.88386000e+01   05.06754000e+01   03.85953000e+01   02.98050000e-03
  06.05115000e+01   05.12965000e+01   03.88153000e+01  -05.01900000e-04
  06.86868000e+01   05.14691000e+01   03.71876000e+01  -05.40000000e-06
  06.80600000e+01   04.98699000e+01   03.68646000e+01  -02.73660000e-03
  06.27474000e+01   05.83007000e+01   03.90349000e+01   06.65000000e-04
  06.20119000e+01   05.73599000e+01   04.01793000e+01  -04.07950000e-03
  06.95962000e+01   04.96789000e+01   03.50154000e+01   01.58140000e-02
  07.01293000e+01   05.12248000e+01   03.55016000e+01   09.11190000e-03
  07.94314000e+01   06.16212000e+01   04.84883000e+01   00.00000000e+00
  07.76941000e+01   06.21615000e+01   04.84022000e+01   00.00000000e+00
  07.86935000e+01   06.21721000e+01   04.99484000e+01   00.00000000e+00
  07.95401000e+01   06.02586000e+01   05.08194000e+01   00.00000000e+00
  07.87592000e+01   05.86918000e+01   05.04897000e+01   00.00000000e+00
  07.99743000e+01   05.92930000e+01   04.93843000e+01   00.00000000e+00
  07.83850000e+01   05.93240000e+01   04.74157000e+01   00.00000000e+00
  07.67262000e+01   06.00413000e+01   04.74639000e+01   00.00000000e+00
  07.58746000e+01   05.84298000e+01   04.88268000e+01   00.00000000e+00
  07.74425000e+01   05.75056000e+01   04.90334000e+01   00.00000000e+00
  07.75955000e+01   05.69500000e+01   04.66511000e+01   00.00000000e+00
  07.61351000e+01   05.79112000e+01   04.62437000e+01   00.00000000e+00
  07.41477000e+01   05.70427000e+01   04.84708000e+01   00.00000000e+00
  07.37350000e+01   05.67000000e+01   04.67889000e+01   00.00000000e+00
  07.37604000e+01   05.55206000e+01   04.78538000e+01   00.00000000e+00
  07.52955000e+01   05.41055000e+01   04.64755000e+01   00.00000000e+00
  07.69340000e+01   05.47280000e+01   04.60516000e+01   00.00000000e+00
  07.56329000e+01   05.62818000e+01   04.44965000e+01   00.00000000e+00
  07.41448000e+01   05.53857000e+01   04.49553000e+01   00.00000000e+00
  07.50257000e+01   05.33019000e+01   04.41160000e+01   00.00000000e+00
  07.66005000e+01   05.40151000e+01   04.38459000e+01   00.00000000e+00
  06.50548000e+01   05.76374000e+01   03.79113000e+01   07.20400000e-04
  06.05982000e+01   05.31148000e+01   03.75877000e+01  -02.39543000e-02
  06.46144000e+01   04.91554000e+01   03.43002000e+01   04.89340000e-03
  07.00600000e+01   05.36406000e+01   03.59135000e+01  -02.28199000e-02
  05.93375000e+01   04.98230000e+01   03.62585000e+01  -01.51750000e-03
  07.55375000e+01   05.64950000e+01   04.23733000e+01   00.00000000e+00
  07.69168000e+01   05.53887000e+01   04.21020000e+01   00.00000000e+00
  07.57197000e+01   05.58149000e+01   04.08127000e+01   00.00000000e+00
  07.40187000e+01   05.47146000e+01   04.23993000e+01   00.00000000e+00
  07.63652000e+01   05.32195000e+01   04.13242000e+01   00.00000000e+00
  07.47821000e+01   05.34195000e+01   04.03787000e+01   00.00000000e+00
  07.53748000e+01   05.14945000e+01   04.26140000e+01   00.00000000e+00
  07.48748000e+01   05.11109000e+01   04.09847000e+01   00.00000000e+00
  07.31753000e+01   05.23483000e+01   04.30526000e+01   00.00000000e+00
  07.30102000e+01   05.07070000e+01   04.22861000e+01   00.00000000e+00
  07.03867000e+01   05.32460000e+01   04.08553000e+01   00.00000000e+00
  07.05472000e+01   05.23542000e+01   04.24633000e+01   00.00000000e+00
  07.16217000e+01   05.39874000e+01   04.21375000e+01   00.00000000e+00
  06.71149000e+01   04.92568000e+01   03.46271000e+01   05.57290000e-03
  06.87529000e+01   05.15125000e+01   03.33983000e+01  -01.28866000e-02
  07.28309000e+01   05.25424000e+01   03.91833000e+01   00.00000000e+00
  07.71125000e+01   06.04197000e+01   04.99724000e+01   00.00000000e+00
  07.61570000e+01   05.54378000e+01   04.81777000e+01   00.00000000e+00
  07.12420000e+01   05.02260000e+01   04.01221000e+01  -01.99830000e-03
  07.23390000e+01   04.98981000e+01   03.87597000e+01  -01.85290000e-03
