  07.10237000e+01   05.15556000e+01   03.47227000e+01  -06.11779000e-02
  06.17094000e+01   05.17864000e+01   03.66109000e+01   01.75852000e-02
  06.47002000e+01   05.91446000e+01   03.84569000e+01   01.01800000e-02
  07.12805000e+01   05.66919000e+01   03.48882000e+01  -01.32723000e-02
  06.78469000e+01   05.32575000e+01   03.44925000e+01  -04.57645000e-02
  07.06921000e+01   05.12906000e+01   03.61954000e+01   02.46758000e-02
  06.11754000e+01   05.06351000e+01   03.69835000e+01  -01.71993000e-02
  06.56761000e+01   05.91128000e+01   03.95870000e+01  -09.39340000e-03
  07.12808000e+01   05.50927000e+01   03.45354000e+01   07.66074000e-02
  06.51037000e+01   05.31481000e+01   03.56191000e+01   09.44338000e-02
  07.22325000e+01   05.74517000e+01   03.50186000e+01   01.54319000e-02
  07.15871000e+01   05.01396000e+01   03.68641000e+01  -01.56515000e-02
  07.19006000e+01   05.48585000e+01   03.31303000e+01  -02.00050000e-02
  06.78663000e+01   05.60405000e+01   03.54995000e+01  -08.09918000e-02
  07.33548000e+01   05.32474000e+01   03.20119000e+01   04.03650000e-03
  06.97793000e+01   05.46854000e+01   03.46642000e+01  -01.43447000e-01
  06.62636000e+01   05.14104000e+01   03.43520000e+01   01.23287000e-02
  06.35456000e+01   05.43477000e+01   03.70329000e+01   02.21683000e-01
  06.67580000e+01   05.79999000e+01   03.65219000e+01  -05.42921000e-02
  06.83417000e+01   05.05324000e+01   03.22250000e+01   02.66866000e-02
  06.36519000e+01   04.97876000e+01   03.46182000e+01   04.35609000e-02
  06.25208000e+01   05.66054000e+01   03.88874000e+01   02.36507000e-02
  06.95607000e+01   05.94197000e+01   03.61195000e+01  -06.09964000e-02
  07.37110000e+01   04.97433000e+01   03.79327000e+01   08.71130000e-03
  06.91267000e+01   05.34841000e+01   03.42479000e+01   01.26858000e-01
  06.51777000e+01   05.19050000e+01   03.50632000e+01  -03.45042000e-02
  06.41523000e+01   05.56293000e+01   03.71472000e+01  -02.04376000e-01
  06.78608000e+01   05.73981000e+01   03.59044000e+01   07.60142000e-02
  07.12585000e+01   04.89830000e+01   03.69626000e+01   05.08730000e-03
  07.15672000e+01   05.52743000e+01   03.20395000e+01   06.92200000e-04
  07.50646000e+01   05.05156000e+01   03.80111000e+01   00.00000000e+00
  06.98349000e+01   05.21841000e+01   03.38037000e+01   07.64245000e-02
  06.39361000e+01   05.12027000e+01   03.52853000e+01  -04.66821000e-02
  06.36809000e+01   05.67239000e+01   03.79694000e+01   01.65461000e-02
  06.91264000e+01   05.79894000e+01   03.57421000e+01   05.49912000e-02
  07.27233000e+01   05.07140000e+01   03.73298000e+01   03.30200000e-04
  07.28240000e+01   05.38826000e+01   03.32890000e+01   04.02810000e-03
  07.52449000e+01   05.17793000e+01   03.75117000e+01   00.00000000e+00
  06.86360000e+01   05.11777000e+01   03.36836000e+01  -04.69336000e-02
  06.31124000e+01   05.20772000e+01   03.60466000e+01  -07.68710000e-03
  06.46157000e+01   05.77846000e+01   03.77715000e+01  -03.37389000e-02
  06.99296000e+01   05.69502000e+01   03.52193000e+01   03.64969000e-02
  07.57488000e+01   05.20794000e+01   03.60733000e+01   00.00000000e+00
  06.74757000e+01   05.19843000e+01   03.41264000e+01  -09.58259000e-02
  06.39175000e+01   05.32421000e+01   03.62657000e+01  -01.77941000e-01
  06.56031000e+01   05.72722000e+01   03.69370000e+01   06.74294000e-02
  06.91390000e+01   05.58147000e+01   03.50875000e+01   01.44326000e-01
  07.48637000e+01   05.29882000e+01   03.83361000e+01   00.00000000e+00
  07.60684000e+01   05.38614000e+01   03.88327000e+01   00.00000000e+00
  07.68975000e+01   05.29675000e+01   03.97890000e+01   00.00000000e+00
  07.65888000e+01   05.32491000e+01   04.12799000e+01   00.00000000e+00
  07.73046000e+01   05.45645000e+01   04.17805000e+01   00.00000000e+00
  07.69748000e+01   05.20337000e+01   04.21465000e+01   00.00000000e+00
  07.66335000e+01   05.20086000e+01   04.36478000e+01   00.00000000e+00
  07.51074000e+01   05.22371000e+01   04.37588000e+01   00.00000000e+00
  07.45450000e+01   05.20124000e+01   04.51582000e+01   00.00000000e+00
  07.29514000e+01   05.19315000e+01   04.51436000e+01   00.00000000e+00
  07.50038000e+01   05.30691000e+01   04.62636000e+01   00.00000000e+00
  07.45971000e+01   05.45655000e+01   04.60637000e+01   00.00000000e+00
  07.48415000e+01   05.55188000e+01   04.72585000e+01   00.00000000e+00
  07.45487000e+01   05.70265000e+01   04.69382000e+01   00.00000000e+00
  07.30825000e+01   05.74647000e+01   04.69103000e+01   00.00000000e+00
  07.53026000e+01   05.79676000e+01   04.79238000e+01   00.00000000e+00
  06.53335000e+01   05.59432000e+01   03.65577000e+01   03.65717000e-02
  06.65430000e+01   05.46425000e+01   03.54421000e+01  -06.37550000e-03
  07.06201000e+01   05.96625000e+01   03.60526000e+01   01.79582000e-02
  06.89866000e+01   06.00875000e+01   03.55168000e+01   01.23366000e-02
  06.92742000e+01   05.94870000e+01   03.72614000e+01   01.80857000e-02
  06.15710000e+01   05.69307000e+01   03.84923000e+01  -03.55350000e-03
  06.23946000e+01   05.55825000e+01   03.92177000e+01  -05.48890000e-03
  06.26083000e+01   05.72865000e+01   03.96657000e+01  -05.73590000e-03
  06.26151000e+01   04.94357000e+01   03.47424000e+01  -01.16015000e-02
  06.37068000e+01   04.97281000e+01   03.35371000e+01  -01.03548000e-02
  06.43357000e+01   04.91060000e+01   03.50573000e+01  -01.10806000e-02
  06.80522000e+01   04.94973000e+01   03.24079000e+01  -06.50300000e-03
  06.75213000e+01   05.09651000e+01   03.17652000e+01  -03.84930000e-03
  06.92255000e+01   05.04136000e+01   03.15722000e+01  -06.75510000e-03
  07.37899000e+01   05.40512000e+01   03.13875000e+01   06.96000000e-05
  07.41873000e+01   05.25550000e+01   03.22280000e+01  -02.56130000e-03
  07.25668000e+01   05.26940000e+01   03.14923000e+01  -08.86000000e-04
  06.52939000e+01   05.84526000e+01   04.03853000e+01   02.66600000e-04
  06.65760000e+01   05.87426000e+01   03.91716000e+01   02.07780000e-03
  06.59141000e+01   06.00907000e+01   04.00214000e+01   03.44650000e-03
  06.01673000e+01   05.05583000e+01   03.73708000e+01   02.98050000e-03
  06.17559000e+01   04.97408000e+01   03.66755000e+01  -05.01900000e-04
  07.09387000e+01   05.22991000e+01   03.65970000e+01  -05.40000000e-06
  06.96600000e+01   05.10273000e+01   03.63764000e+01  -02.73660000e-03
  06.48898000e+01   05.99453000e+01   03.77144000e+01   06.65000000e-04
  06.37393000e+01   05.93299000e+01   03.89968000e+01  -04.07950000e-03
  07.13101000e+01   05.05921000e+01   03.42973000e+01   01.58140000e-02
  07.18668000e+01   05.22271000e+01   03.47088000e+01   09.11190000e-03
  07.48676000e+01   05.79623000e+01   04.89378000e+01   00.00000000e+00
  07.63162000e+01   05.76593000e+01   04.80028000e+01   00.00000000e+00
  07.52259000e+01   05.90125000e+01   04.76805000e+01   00.00000000e+00
  07.26010000e+01   05.72279000e+01   04.78581000e+01   00.00000000e+00
  07.29585000e+01   05.85230000e+01   04.65968000e+01   00.00000000e+00
  07.25932000e+01   05.68721000e+01   04.60953000e+01   00.00000000e+00
  07.43579000e+01   05.51460000e+01   04.81112000e+01   00.00000000e+00
  07.59536000e+01   05.54520000e+01   04.73848000e+01   00.00000000e+00
  07.52164000e+01   05.50134000e+01   04.52874000e+01   00.00000000e+00
  07.36027000e+01   05.45751000e+01   04.56934000e+01   00.00000000e+00
  07.45366000e+01   05.27400000e+01   04.72293000e+01   00.00000000e+00
  07.61283000e+01   05.30513000e+01   04.63125000e+01   00.00000000e+00
  07.25722000e+01   05.12491000e+01   04.44784000e+01   00.00000000e+00
  07.25702000e+01   05.18691000e+01   04.61172000e+01   00.00000000e+00
  07.26710000e+01   05.29370000e+01   04.46631000e+01   00.00000000e+00
  07.49566000e+01   05.32947000e+01   04.33998000e+01   00.00000000e+00
  07.45472000e+01   05.16671000e+01   04.30556000e+01   00.00000000e+00
  07.70166000e+01   05.10094000e+01   04.38128000e+01   00.00000000e+00
  07.72691000e+01   05.27185000e+01   04.42039000e+01   00.00000000e+00
  07.64780000e+01   05.11884000e+01   04.17031000e+01   00.00000000e+00
  07.79927000e+01   05.20357000e+01   04.19711000e+01   00.00000000e+00
  06.70038000e+01   05.90541000e+01   03.68552000e+01   07.20400000e-04
  06.25303000e+01   05.42965000e+01   03.73739000e+01  -02.39543000e-02
  06.62663000e+01   05.04124000e+01   03.39244000e+01   04.89340000e-03
  07.18412000e+01   05.44715000e+01   03.52122000e+01  -02.28199000e-02
  06.11465000e+01   05.27197000e+01   03.67294000e+01  -01.51750000e-03
  07.83341000e+01   05.43635000e+01   04.20487000e+01   00.00000000e+00
  07.73466000e+01   05.53354000e+01   04.10469000e+01   00.00000000e+00
  07.67644000e+01   05.49819000e+01   04.26102000e+01   00.00000000e+00
  07.55100000e+01   05.33411000e+01   04.13627000e+01   00.00000000e+00
  07.66504000e+01   05.18610000e+01   03.96320000e+01   00.00000000e+00
  07.79683000e+01   05.31666000e+01   03.96359000e+01   00.00000000e+00
  07.66466000e+01   05.41898000e+01   03.79437000e+01   00.00000000e+00
  07.56531000e+01   05.46780000e+01   03.93607000e+01   00.00000000e+00
  07.43023000e+01   05.36533000e+01   03.76655000e+01   00.00000000e+00
  07.41496000e+01   05.26948000e+01   03.91184000e+01   00.00000000e+00
  07.49335000e+01   05.25018000e+01   03.55721000e+01   00.00000000e+00
  07.65872000e+01   05.28177000e+01   03.60484000e+01   00.00000000e+00
  07.60716000e+01   05.11332000e+01   03.56401000e+01   00.00000000e+00
  06.88271000e+01   05.02932000e+01   03.43391000e+01   05.57290000e-03
  07.01855000e+01   05.23894000e+01   03.27770000e+01  -01.28866000e-02
  07.59333000e+01   05.01041000e+01   03.85693000e+01   00.00000000e+00
  07.49228000e+01   05.72213000e+01   04.58917000e+01   00.00000000e+00
  07.48537000e+01   05.10334000e+01   04.54955000e+01   00.00000000e+00
  07.34803000e+01   04.93769000e+01   03.89040000e+01  -01.99830000e-03
  07.39472000e+01   04.88976000e+01   03.73773000e+01  -01.85290000e-03
