  06.97028000e+01   05.06472000e+01   03.46399000e+01  -06.11779000e-02
  06.02604000e+01   05.05805000e+01   03.52593000e+01   01.75852000e-02
  06.31657000e+01   05.79225000e+01   03.78851000e+01   01.01800000e-02
  06.99456000e+01   05.57438000e+01   03.41351000e+01  -01.32723000e-02
  06.66669000e+01   05.21391000e+01   03.41971000e+01  -04.57645000e-02
  07.08042000e+01   04.96331000e+01   03.41655000e+01   02.46758000e-02
  05.96223000e+01   04.93934000e+01   03.52767000e+01  -01.71993000e-02
  06.41343000e+01   05.83050000e+01   03.89213000e+01  -09.39340000e-03
  07.00314000e+01   05.41902000e+01   03.39460000e+01   07.66074000e-02
  06.37748000e+01   05.19138000e+01   03.49766000e+01   09.44338000e-02
  07.09558000e+01   05.64591000e+01   03.39111000e+01   01.54319000e-02
  07.18478000e+01   04.92122000e+01   03.51260000e+01  -01.56515000e-02
  07.06882000e+01   05.39036000e+01   03.25917000e+01  -02.00050000e-02
  06.65200000e+01   05.49595000e+01   03.48572000e+01  -08.09918000e-02
  07.18756000e+01   05.23462000e+01   03.12522000e+01   04.03650000e-03
  06.86059000e+01   05.37033000e+01   03.40237000e+01  -01.43447000e-01
  06.51515000e+01   05.01834000e+01   03.40263000e+01   01.23287000e-02
  06.20192000e+01   05.31240000e+01   03.61301000e+01   02.21683000e-01
  06.53675000e+01   05.66814000e+01   03.60636000e+01  -05.42921000e-02
  06.75355000e+01   04.97371000e+01   03.17410000e+01   02.66866000e-02
  06.23446000e+01   04.86302000e+01   03.39161000e+01   04.35609000e-02
  06.08743000e+01   05.54991000e+01   03.78945000e+01   02.36507000e-02
  06.79901000e+01   05.84897000e+01   03.50786000e+01  -06.09964000e-02
  07.22523000e+01   04.87783000e+01   03.74310000e+01   08.71130000e-03
  06.80119000e+01   05.24303000e+01   03.39137000e+01   01.26858000e-01
  06.39299000e+01   05.06393000e+01   03.45287000e+01  -03.45042000e-02
  06.26829000e+01   05.43872000e+01   03.64778000e+01  -02.04376000e-01
  06.64568000e+01   05.62497000e+01   03.53641000e+01   07.60142000e-02
  07.30573000e+01   04.90782000e+01   03.48708000e+01   05.08730000e-03
  07.05491000e+01   05.46144000e+01   03.15900000e+01   06.92200000e-04
  07.26605000e+01   05.00978000e+01   03.81382000e+01   00.00000000e+00
  06.87640000e+01   05.11430000e+01   03.34936000e+01   07.64245000e-02
  06.26920000e+01   04.99537000e+01   03.44287000e+01  -04.66821000e-02
  06.22211000e+01   05.55330000e+01   03.72305000e+01   01.65461000e-02
  06.76224000e+01   05.70047000e+01   03.48891000e+01   05.49912000e-02
  07.13513000e+01   04.89685000e+01   03.64066000e+01   03.30200000e-04
  07.15357000e+01   05.28440000e+01   03.26109000e+01   04.02810000e-03
  07.19754000e+01   05.12012000e+01   03.84003000e+01   00.00000000e+00
  06.76824000e+01   05.01040000e+01   03.32539000e+01  -04.69336000e-02
  06.17495000e+01   05.07980000e+01   03.50348000e+01  -07.68710000e-03
  06.32228000e+01   05.65275000e+01   03.72806000e+01  -03.37389000e-02
  06.85641000e+01   05.60508000e+01   03.45384000e+01   03.64969000e-02
  07.18825000e+01   05.23154000e+01   03.73128000e+01   00.00000000e+00
  06.64203000e+01   05.08348000e+01   03.38933000e+01  -09.58259000e-02
  06.25046000e+01   05.20306000e+01   03.53508000e+01  -01.77941000e-01
  06.41919000e+01   05.60340000e+01   03.63944000e+01   06.74294000e-02
  06.78286000e+01   05.48206000e+01   03.44724000e+01   01.44326000e-01
  07.12947000e+01   05.14741000e+01   03.97750000e+01   00.00000000e+00
  07.17399000e+01   05.26231000e+01   04.06339000e+01   00.00000000e+00
  07.29691000e+01   05.22656000e+01   04.14390000e+01   00.00000000e+00
  07.36922000e+01   05.34051000e+01   04.21632000e+01   00.00000000e+00
  07.40211000e+01   05.45348000e+01   04.12060000e+01   00.00000000e+00
  07.50632000e+01   05.28630000e+01   04.27691000e+01   00.00000000e+00
  07.57779000e+01   05.38208000e+01   04.37040000e+01   00.00000000e+00
  07.48902000e+01   05.44939000e+01   04.47632000e+01   00.00000000e+00
  07.54539000e+01   05.48795000e+01   04.61100000e+01   00.00000000e+00
  07.42742000e+01   05.52915000e+01   04.70166000e+01   00.00000000e+00
  07.66174000e+01   05.59040000e+01   04.59585000e+01   00.00000000e+00
  07.61807000e+01   05.73977000e+01   04.54289000e+01   00.00000000e+00
  07.74357000e+01   05.83556000e+01   04.54938000e+01   00.00000000e+00
  07.74260000e+01   05.92950000e+01   04.66627000e+01   00.00000000e+00
  07.78538000e+01   05.85850000e+01   04.80330000e+01   00.00000000e+00
  07.83890000e+01   06.05040000e+01   04.63337000e+01   00.00000000e+00
  06.39083000e+01   05.46890000e+01   03.60120000e+01   03.65717000e-02
  06.51826000e+01   05.34156000e+01   03.50495000e+01  -06.37550000e-03
  06.77511000e+01   05.87968000e+01   03.60891000e+01   01.79582000e-02
  06.90287000e+01   05.87995000e+01   03.50117000e+01   01.23366000e-02
  06.74991000e+01   05.91118000e+01   03.43471000e+01   01.80857000e-02
  06.01290000e+01   05.58745000e+01   03.71808000e+01  -03.55350000e-03
  06.06586000e+01   05.44684000e+01   03.82927000e+01  -05.48890000e-03
  06.09584000e+01   05.61900000e+01   03.87602000e+01  -05.73590000e-03
  06.14134000e+01   04.88537000e+01   03.33396000e+01  -01.16015000e-02
  06.31660000e+01   04.81641000e+01   03.32979000e+01  -01.03548000e-02
  06.20586000e+01   04.79918000e+01   03.47580000e+01  -01.10806000e-02
  06.85228000e+01   04.93070000e+01   03.14902000e+01  -06.50300000e-03
  06.66566000e+01   04.90534000e+01   03.16290000e+01  -03.84930000e-03
  06.74601000e+01   05.06645000e+01   03.11329000e+01  -06.75510000e-03
  07.09525000e+01   05.21326000e+01   03.07862000e+01   06.96000000e-05
  07.24642000e+01   05.31215000e+01   03.07753000e+01  -02.56130000e-03
  07.24581000e+01   05.14924000e+01   03.13776000e+01  -08.86000000e-04
  06.42651000e+01   05.74634000e+01   03.95727000e+01   02.66600000e-04
  06.51451000e+01   05.84990000e+01   03.86457000e+01   02.07780000e-03
  06.37150000e+01   05.91594000e+01   03.94925000e+01   03.44650000e-03
  05.85725000e+01   04.93314000e+01   03.55140000e+01   02.98050000e-03
  06.01090000e+01   04.83740000e+01   03.52494000e+01  -05.01900000e-04
  07.03424000e+01   04.88356000e+01   03.36524000e+01  -05.40000000e-06
  07.13402000e+01   05.01286000e+01   03.33452000e+01  -02.73660000e-03
  06.30971000e+01   05.87333000e+01   03.71980000e+01   06.65000000e-04
  06.22772000e+01   05.80339000e+01   03.83916000e+01  -04.07950000e-03
  07.02588000e+01   05.14974000e+01   03.49951000e+01   01.58140000e-02
  06.90584000e+01   05.04323000e+01   03.54583000e+01   09.11190000e-03
  07.92528000e+01   06.01325000e+01   04.57397000e+01   00.00000000e+00
  07.79512000e+01   06.13070000e+01   04.57889000e+01   00.00000000e+00
  07.87407000e+01   06.09511000e+01   04.72484000e+01   00.00000000e+00
  07.89108000e+01   05.83598000e+01   04.81376000e+01   00.00000000e+00
  07.75639000e+01   05.93643000e+01   04.87774000e+01   00.00000000e+00
  07.71653000e+01   05.77034000e+01   04.81914000e+01   00.00000000e+00
  07.83890000e+01   05.78361000e+01   04.54268000e+01   00.00000000e+00
  07.74603000e+01   05.89747000e+01   04.45989000e+01   00.00000000e+00
  07.58587000e+01   05.72801000e+01   04.43666000e+01   00.00000000e+00
  07.53174000e+01   05.77945000e+01   04.59239000e+01   00.00000000e+00
  07.69777000e+01   05.59406000e+01   04.69711000e+01   00.00000000e+00
  07.73600000e+01   05.54290000e+01   04.52640000e+01   00.00000000e+00
  07.37326000e+01   05.44057000e+01   04.73918000e+01   00.00000000e+00
  07.46502000e+01   05.57248000e+01   04.79465000e+01   00.00000000e+00
  07.35698000e+01   05.60186000e+01   04.65359000e+01   00.00000000e+00
  07.44809000e+01   05.53950000e+01   04.43134000e+01   00.00000000e+00
  07.40963000e+01   05.38583000e+01   04.50722000e+01   00.00000000e+00
  07.64977000e+01   05.32585000e+01   04.43164000e+01   00.00000000e+00
  07.63527000e+01   05.45993000e+01   04.30604000e+01   00.00000000e+00
  07.47540000e+01   05.19494000e+01   04.33049000e+01   00.00000000e+00
  07.57413000e+01   05.25660000e+01   04.19658000e+01   00.00000000e+00
  06.54334000e+01   05.77063000e+01   03.63839000e+01   07.20400000e-04
  06.10320000e+01   05.30899000e+01   03.66459000e+01  -02.39543000e-02
  06.51407000e+01   04.90969000e+01   03.38219000e+01   04.89340000e-03
  07.06917000e+01   05.38449000e+01   03.46908000e+01  -02.28199000e-02
  05.97410000e+01   05.15623000e+01   03.54055000e+01  -01.51750000e-03
  07.31698000e+01   05.51404000e+01   04.09625000e+01   00.00000000e+00
  07.45659000e+01   05.52451000e+01   04.17520000e+01   00.00000000e+00
  07.46804000e+01   05.42716000e+01   04.03369000e+01   00.00000000e+00
  07.30654000e+01   05.37831000e+01   04.29960000e+01   00.00000000e+00
  07.26024000e+01   05.15720000e+01   04.21929000e+01   00.00000000e+00
  07.36092000e+01   05.17583000e+01   04.06981000e+01   00.00000000e+00
  07.19835000e+01   05.34600000e+01   04.00929000e+01   00.00000000e+00
  07.08878000e+01   05.27740000e+01   04.13054000e+01   00.00000000e+00
  07.02908000e+01   05.16866000e+01   03.94923000e+01   00.00000000e+00
  07.12890000e+01   05.05327000e+01   04.03420000e+01   00.00000000e+00
  07.08594000e+01   05.25804000e+01   03.74440000e+01   00.00000000e+00
  07.25714000e+01   05.31111000e+01   03.74949000e+01   00.00000000e+00
  07.21664000e+01   05.19216000e+01   03.63447000e+01   00.00000000e+00
  06.78320000e+01   04.91953000e+01   03.37406000e+01   05.57290000e-03
  06.93050000e+01   05.12770000e+01   03.25751000e+01  -01.28866000e-02
  07.37615000e+01   05.00689000e+01   03.84721000e+01   00.00000000e+00
  07.64432000e+01   05.95681000e+01   04.69153000e+01   00.00000000e+00
  07.58337000e+01   05.39960000e+01   04.66372000e+01   00.00000000e+00
  07.18326000e+01   04.83041000e+01   03.82602000e+01  -01.99830000e-03
  07.31881000e+01   04.82282000e+01   03.71675000e+01  -01.85290000e-03
