  06.95504000e+01   05.10289000e+01   03.53040000e+01  -06.11779000e-02
  06.02938000e+01   05.11975000e+01   03.69915000e+01   01.75852000e-02
  06.28529000e+01   05.86080000e+01   03.89247000e+01   01.01800000e-02
  06.97405000e+01   05.62858000e+01   03.51502000e+01  -01.32723000e-02
  06.63867000e+01   05.26863000e+01   03.51463000e+01  -04.57645000e-02
  06.91739000e+01   05.08458000e+01   03.68206000e+01   02.46758000e-02
  05.96770000e+01   05.15187000e+01   03.81378000e+01  -01.71993000e-02
  06.40464000e+01   05.88170000e+01   03.99417000e+01  -09.39340000e-03
  06.98107000e+01   05.47281000e+01   03.48644000e+01   07.66074000e-02
  06.36694000e+01   05.26057000e+01   03.62008000e+01   09.44338000e-02
  07.06594000e+01   05.71339000e+01   03.50432000e+01   01.54319000e-02
  07.00176000e+01   05.00273000e+01   03.78098000e+01  -01.56515000e-02
  07.03998000e+01   05.43601000e+01   03.34990000e+01  -02.00050000e-02
  06.62912000e+01   05.55768000e+01   03.58955000e+01  -08.09918000e-02
  07.18677000e+01   05.29512000e+01   03.23331000e+01   04.03650000e-03
  06.83401000e+01   05.42384000e+01   03.50580000e+01  -01.43447000e-01
  06.47892000e+01   05.08693000e+01   03.48525000e+01   01.23287000e-02
  06.19199000e+01   05.38260000e+01   03.73439000e+01   02.21683000e-01
  06.50705000e+01   05.73947000e+01   03.69718000e+01  -05.42921000e-02
  06.70188000e+01   05.08939000e+01   03.24566000e+01   02.66866000e-02
  06.20851000e+01   04.93026000e+01   03.51275000e+01   04.35609000e-02
  06.06718000e+01   05.60745000e+01   03.91527000e+01   02.36507000e-02
  06.77525000e+01   05.90507000e+01   03.62327000e+01  -06.09964000e-02
  07.19382000e+01   04.98679000e+01   03.91028000e+01   08.71130000e-03
  06.77619000e+01   05.29417000e+01   03.49130000e+01   01.26858000e-01
  06.36633000e+01   05.13759000e+01   03.55449000e+01  -03.45042000e-02
  06.24982000e+01   05.50334000e+01   03.75118000e+01  -02.04376000e-01
  06.62318000e+01   05.68671000e+01   03.63116000e+01   07.60142000e-02
  06.95268000e+01   04.90541000e+01   03.83807000e+01   05.08730000e-03
  07.02012000e+01   05.48966000e+01   03.24078000e+01   06.92200000e-04
  07.31235000e+01   05.07207000e+01   03.93068000e+01   00.00000000e+00
  06.84712000e+01   05.16716000e+01   03.43893000e+01   07.64245000e-02
  06.23914000e+01   05.06344000e+01   03.57509000e+01  -04.66821000e-02
  06.19275000e+01   05.61459000e+01   03.83148000e+01   01.65461000e-02
  06.74906000e+01   05.76095000e+01   03.59051000e+01   05.49912000e-02
  07.12614000e+01   05.05654000e+01   03.79967000e+01   03.30200000e-04
  07.12901000e+01   05.33565000e+01   03.35978000e+01   04.02810000e-03
  07.31734000e+01   05.18802000e+01   04.00319000e+01   00.00000000e+00
  06.71924000e+01   05.07785000e+01   03.40012000e+01  -04.69336000e-02
  06.16833000e+01   05.14852000e+01   03.65351000e+01  -07.68710000e-03
  06.28900000e+01   05.72611000e+01   03.82657000e+01  -03.37389000e-02
  06.83471000e+01   05.65414000e+01   03.55745000e+01   03.64969000e-02
  07.30118000e+01   05.31858000e+01   03.94274000e+01   00.00000000e+00
  06.60378000e+01   05.15002000e+01   03.47128000e+01  -09.58259000e-02
  06.24194000e+01   05.27132000e+01   03.67267000e+01  -01.77941000e-01
  06.39572000e+01   05.67069000e+01   03.74422000e+01   06.74294000e-02
  06.75880000e+01   05.53393000e+01   03.55127000e+01   01.44326000e-01
  07.33906000e+01   05.17465000e+01   04.15428000e+01   00.00000000e+00
  07.48559000e+01   05.18149000e+01   04.20150000e+01   00.00000000e+00
  07.55917000e+01   05.31384000e+01   04.18045000e+01   00.00000000e+00
  07.49182000e+01   05.43697000e+01   04.24419000e+01   00.00000000e+00
  07.54926000e+01   05.55858000e+01   04.16169000e+01   00.00000000e+00
  07.51053000e+01   05.43701000e+01   04.39696000e+01   00.00000000e+00
  07.46441000e+01   05.55819000e+01   04.47401000e+01   00.00000000e+00
  07.52794000e+01   05.56056000e+01   04.61691000e+01   00.00000000e+00
  07.44878000e+01   05.62792000e+01   04.73720000e+01   00.00000000e+00
  07.30224000e+01   05.57946000e+01   04.75261000e+01   00.00000000e+00
  07.47070000e+01   05.78726000e+01   04.76014000e+01   00.00000000e+00
  07.60460000e+01   05.83288000e+01   04.82830000e+01   00.00000000e+00
  07.62027000e+01   05.98775000e+01   04.80749000e+01   00.00000000e+00
  07.70138000e+01   06.06330000e+01   04.91209000e+01   00.00000000e+00
  07.83830000e+01   06.00838000e+01   04.92333000e+01   00.00000000e+00
  07.71162000e+01   06.21593000e+01   04.89525000e+01   00.00000000e+00
  06.36853000e+01   05.54178000e+01   03.70044000e+01   03.65717000e-02
  06.49438000e+01   05.41053000e+01   03.60271000e+01  -06.37550000e-03
  06.73620000e+01   05.91700000e+01   03.72448000e+01   01.79582000e-02
  06.88358000e+01   05.92382000e+01   03.62048000e+01   01.23366000e-02
  06.72694000e+01   05.98166000e+01   03.55677000e+01   01.80857000e-02
  06.06736000e+01   05.51254000e+01   03.96560000e+01  -03.55350000e-03
  06.08740000e+01   05.66606000e+01   04.00275000e+01  -05.48890000e-03
  05.97407000e+01   05.62547000e+01   03.87368000e+01  -05.73590000e-03
  06.23308000e+01   04.93896000e+01   03.40515000e+01  -01.16015000e-02
  06.26659000e+01   04.85798000e+01   03.57241000e+01  -01.03548000e-02
  06.10791000e+01   04.90084000e+01   03.52888000e+01  -01.10806000e-02
  06.70953000e+01   05.19340000e+01   03.20141000e+01  -06.50300000e-03
  06.77860000e+01   05.04254000e+01   03.18443000e+01  -03.84930000e-03
  06.60752000e+01   05.04419000e+01   03.21067000e+01  -06.75510000e-03
  07.11958000e+01   05.23334000e+01   03.18065000e+01   06.96000000e-05
  07.21489000e+01   05.38478000e+01   03.17918000e+01  -02.56130000e-03
  07.26922000e+01   05.22998000e+01   03.23685000e+01  -08.86000000e-04
  06.49515000e+01   05.86230000e+01   03.94173000e+01   02.66600000e-04
  06.40434000e+01   05.97680000e+01   04.04502000e+01   02.07780000e-03
  06.39294000e+01   05.80301000e+01   04.07157000e+01   03.44650000e-03
  05.87319000e+01   05.10487000e+01   03.83448000e+01   02.98050000e-03
  06.00728000e+01   05.22064000e+01   03.89329000e+01  -05.01900000e-04
  06.90684000e+01   05.18679000e+01   03.72558000e+01  -05.40000000e-06
  06.81441000e+01   05.04262000e+01   03.68413000e+01  -02.73660000e-03
  06.29310000e+01   05.93495000e+01   03.81601000e+01   06.65000000e-04
  06.19640000e+01   05.87160000e+01   03.95741000e+01  -04.07950000e-03
  06.97777000e+01   05.00663000e+01   03.47757000e+01   01.58140000e-02
  07.04476000e+01   05.15971000e+01   03.52415000e+01   09.11190000e-03
  07.74537000e+01   06.23686000e+01   04.78773000e+01   00.00000000e+00
  07.60993000e+01   06.25091000e+01   04.89717000e+01   00.00000000e+00
  07.78014000e+01   06.25675000e+01   04.96774000e+01   00.00000000e+00
  07.88537000e+01   06.05467000e+01   05.00699000e+01   00.00000000e+00
  07.83746000e+01   05.90156000e+01   04.92799000e+01   00.00000000e+00
  07.89818000e+01   06.04198000e+01   04.84047000e+01   00.00000000e+00
  07.68057000e+01   05.99726000e+01   04.71766000e+01   00.00000000e+00
  07.51844000e+01   06.03621000e+01   04.79413000e+01   00.00000000e+00
  07.59717000e+01   05.81688000e+01   04.93405000e+01   00.00000000e+00
  07.68509000e+01   05.77144000e+01   04.79565000e+01   00.00000000e+00
  07.47780000e+01   05.83080000e+01   04.65783000e+01   00.00000000e+00
  07.38836000e+01   05.82576000e+01   04.81475000e+01   00.00000000e+00
  07.25148000e+01   05.61379000e+01   04.84629000e+01   00.00000000e+00
  07.24549000e+01   05.61957000e+01   04.67428000e+01   00.00000000e+00
  07.29651000e+01   05.46647000e+01   04.74572000e+01   00.00000000e+00
  07.53819000e+01   05.45316000e+01   04.63688000e+01   00.00000000e+00
  07.62863000e+01   05.60298000e+01   04.60550000e+01   00.00000000e+00
  07.49547000e+01   05.65167000e+01   04.43361000e+01   00.00000000e+00
  07.35548000e+01   05.55768000e+01   04.47290000e+01   00.00000000e+00
  07.45542000e+01   05.35135000e+01   04.43846000e+01   00.00000000e+00
  07.61223000e+01   05.41911000e+01   04.42743000e+01   00.00000000e+00
  06.51697000e+01   05.83994000e+01   03.73361000e+01   07.20400000e-04
  06.09070000e+01   05.38388000e+01   03.77364000e+01  -02.39543000e-02
  06.46236000e+01   04.99036000e+01   03.44003000e+01   04.89340000e-03
  07.03790000e+01   05.43272000e+01   03.56647000e+01  -02.28199000e-02
  05.97515000e+01   05.07323000e+01   03.62203000e+01  -01.51750000e-03
  07.47533000e+01   05.64256000e+01   04.16621000e+01   00.00000000e+00
  07.64553000e+01   05.57475000e+01   04.19355000e+01   00.00000000e+00
  07.55434000e+01   05.53892000e+01   04.05718000e+01   00.00000000e+00
  07.38195000e+01   05.43577000e+01   04.24045000e+01   00.00000000e+00
  07.65365000e+01   05.31269000e+01   04.22172000e+01   00.00000000e+00
  07.57374000e+01   05.32406000e+01   04.07572000e+01   00.00000000e+00
  07.48878000e+01   05.13970000e+01   04.30906000e+01   00.00000000e+00
  07.54769000e+01   05.11484000e+01   04.14377000e+01   00.00000000e+00
  07.26507000e+01   05.24153000e+01   04.20252000e+01   00.00000000e+00
  07.31239000e+01   05.07221000e+01   04.18110000e+01   00.00000000e+00
  07.39676000e+01   05.37900000e+01   03.93174000e+01   00.00000000e+00
  07.26964000e+01   05.29563000e+01   03.83546000e+01   00.00000000e+00
  07.22453000e+01   05.37871000e+01   03.98384000e+01   00.00000000e+00
  06.73861000e+01   04.96965000e+01   03.42364000e+01   05.57290000e-03
  06.89908000e+01   05.20446000e+01   03.35217000e+01  -01.28866000e-02
  07.40524000e+01   05.02339000e+01   03.90379000e+01   00.00000000e+00
  07.66174000e+01   06.05727000e+01   05.01183000e+01   00.00000000e+00
  07.49257000e+01   05.58550000e+01   04.82739000e+01   00.00000000e+00
  07.12758000e+01   05.00565000e+01   04.00332000e+01  -01.99830000e-03
  07.21111000e+01   04.87675000e+01   03.89896000e+01  -01.85290000e-03
