  07.08498000e+01   05.13194000e+01   03.46931000e+01  -06.11779000e-02
  06.21423000e+01   05.20763000e+01   03.73243000e+01   01.75852000e-02
  06.51300000e+01   05.94950000e+01   03.83603000e+01   01.01800000e-02
  07.15781000e+01   05.64595000e+01   03.45168000e+01  -01.32723000e-02
  06.79106000e+01   05.32542000e+01   03.45521000e+01  -04.57645000e-02
  07.04055000e+01   05.09824000e+01   03.60808000e+01   02.46758000e-02
  06.17754000e+01   05.24908000e+01   03.86042000e+01  -01.71993000e-02
  06.60838000e+01   05.96313000e+01   03.95114000e+01  -09.39340000e-03
  07.14371000e+01   05.48307000e+01   03.42922000e+01   07.66074000e-02
  06.52346000e+01   05.33627000e+01   03.57867000e+01   09.44338000e-02
  07.25497000e+01   05.71312000e+01   03.43618000e+01   01.54319000e-02
  07.13745000e+01   05.02505000e+01   03.69944000e+01  -01.56515000e-02
  07.18706000e+01   05.44945000e+01   03.29185000e+01  -02.00050000e-02
  06.81678000e+01   05.61006000e+01   03.53776000e+01  -08.09918000e-02
  07.31412000e+01   05.30067000e+01   03.15978000e+01   04.03650000e-03
  06.99711000e+01   05.44660000e+01   03.45901000e+01  -01.43447000e-01
  06.62230000e+01   05.15103000e+01   03.44827000e+01   01.23287000e-02
  06.36589000e+01   05.48331000e+01   03.69860000e+01   02.21683000e-01
  06.71677000e+01   05.80968000e+01   03.64128000e+01  -05.42921000e-02
  06.80417000e+01   05.09976000e+01   03.19090000e+01   02.66866000e-02
  06.37417000e+01   05.00436000e+01   03.53367000e+01   04.35609000e-02
  06.28930000e+01   05.70993000e+01   03.88579000e+01   02.36507000e-02
  06.99004000e+01   05.93889000e+01   03.55882000e+01  -06.09964000e-02
  07.31482000e+01   05.06403000e+01   03.85834000e+01   08.71130000e-03
  06.92564000e+01   05.33278000e+01   03.43530000e+01   01.26858000e-01
  06.51765000e+01   05.20905000e+01   03.51971000e+01  -03.45042000e-02
  06.44452000e+01   05.60280000e+01   03.71006000e+01  -02.04376000e-01
  06.81759000e+01   05.74641000e+01   03.56622000e+01   07.60142000e-02
  07.13739000e+01   04.90415000e+01   03.72773000e+01   05.08730000e-03
  07.15618000e+01   05.50600000e+01   03.19357000e+01   06.92200000e-04
  07.36270000e+01   05.17374000e+01   03.95898000e+01   00.00000000e+00
  06.98038000e+01   05.20023000e+01   03.37480000e+01   07.64245000e-02
  06.39783000e+01   05.14989000e+01   03.55923000e+01  -04.66821000e-02
  06.40718000e+01   05.71321000e+01   03.79222000e+01   01.65461000e-02
  06.94823000e+01   05.79991000e+01   03.52403000e+01   05.49912000e-02
  07.21176000e+01   05.11889000e+01   03.76704000e+01   03.30200000e-04
  07.27894000e+01   05.34634000e+01   03.29087000e+01   04.02810000e-03
  07.48314000e+01   05.17959000e+01   04.02401000e+01   00.00000000e+00
  06.84862000e+01   05.12103000e+01   03.34229000e+01  -04.69336000e-02
  06.33073000e+01   05.23606000e+01   03.64746000e+01  -07.68710000e-03
  06.50132000e+01   05.81232000e+01   03.77709000e+01  -03.37389000e-02
  07.02341000e+01   05.68909000e+01   03.49374000e+01   03.64969000e-02
  07.51449000e+01   05.08407000e+01   04.14630000e+01   00.00000000e+00
  06.74551000e+01   05.20151000e+01   03.41699000e+01  -09.58259000e-02
  06.41185000e+01   05.36416000e+01   03.64249000e+01  -01.77941000e-01
  06.59708000e+01   05.75201000e+01   03.68548000e+01   06.74294000e-02
  06.94023000e+01   05.57379000e+01   03.49482000e+01   01.44326000e-01
  07.59985000e+01   05.21500000e+01   03.94299000e+01   00.00000000e+00
  07.69516000e+01   05.31744000e+01   04.01206000e+01   00.00000000e+00
  07.62989000e+01   05.44966000e+01   04.01562000e+01   00.00000000e+00
  07.69424000e+01   05.56281000e+01   04.10109000e+01   00.00000000e+00
  07.83700000e+01   05.59655000e+01   04.04547000e+01   00.00000000e+00
  07.69689000e+01   05.54194000e+01   04.25967000e+01   00.00000000e+00
  07.76639000e+01   05.64501000e+01   04.34620000e+01   00.00000000e+00
  07.76302000e+01   05.61765000e+01   04.49730000e+01   00.00000000e+00
  07.79586000e+01   05.73748000e+01   04.59213000e+01   00.00000000e+00
  07.93634000e+01   05.79818000e+01   04.55970000e+01   00.00000000e+00
  07.79063000e+01   05.68945000e+01   04.74434000e+01   00.00000000e+00
  07.65478000e+01   05.67726000e+01   04.81534000e+01   00.00000000e+00
  07.59050000e+01   05.80908000e+01   04.83626000e+01   00.00000000e+00
  07.43899000e+01   05.81117000e+01   04.87722000e+01   00.00000000e+00
  07.39616000e+01   05.92419000e+01   04.97055000e+01   00.00000000e+00
  07.34233000e+01   05.80052000e+01   04.75673000e+01   00.00000000e+00
  06.56199000e+01   05.62080000e+01   03.65898000e+01   03.65717000e-02
  06.68042000e+01   05.47059000e+01   03.55994000e+01  -06.37550000e-03
  06.94575000e+01   05.96731000e+01   03.66044000e+01   01.79582000e-02
  07.09806000e+01   05.93454000e+01   03.56692000e+01   01.23366000e-02
  06.96660000e+01   06.01081000e+01   03.47440000e+01   01.80857000e-02
  06.31119000e+01   05.63781000e+01   03.96792000e+01  -03.55350000e-03
  06.28306000e+01   05.80719000e+01   03.93435000e+01  -05.48890000e-03
  06.20525000e+01   05.67837000e+01   03.82404000e+01  -05.73590000e-03
  06.39992000e+01   04.98175000e+01   03.42555000e+01  -01.16015000e-02
  06.44397000e+01   04.94756000e+01   03.59630000e+01  -01.03548000e-02
  06.26635000e+01   04.99038000e+01   03.54504000e+01  -01.10806000e-02
  06.87068000e+01   05.03296000e+01   03.14008000e+01  -06.50300000e-03
  06.70736000e+01   05.05012000e+01   03.18509000e+01  -03.84930000e-03
  06.79777000e+01   05.19138000e+01   03.13801000e+01  -06.75510000e-03
  07.23326000e+01   05.24084000e+01   03.11438000e+01   06.96000000e-05
  07.35452000e+01   05.38045000e+01   03.09885000e+01  -02.56130000e-03
  07.39524000e+01   05.22553000e+01   03.17497000e+01  -08.86000000e-04
  06.61339000e+01   06.06520000e+01   03.98759000e+01   02.66600000e-04
  06.56565000e+01   05.89752000e+01   04.02367000e+01   02.07780000e-03
  06.70959000e+01   05.92613000e+01   03.92033000e+01   03.44650000e-03
  06.07350000e+01   05.22857000e+01   03.90347000e+01   02.98050000e-03
  06.25223000e+01   05.30540000e+01   03.91932000e+01  -05.01900000e-04
  07.00596000e+01   05.18122000e+01   03.66224000e+01  -05.40000000e-06
  06.94904000e+01   05.03491000e+01   03.60062000e+01  -02.73660000e-03
  06.55667000e+01   06.02045000e+01   03.76317000e+01   06.65000000e-04
  06.41511000e+01   05.98534000e+01   03.86389000e+01  -04.07950000e-03
  07.12117000e+01   05.03230000e+01   03.42113000e+01   01.58140000e-02
  07.17369000e+01   05.19703000e+01   03.49313000e+01   09.11190000e-03
  07.34718000e+01   05.71750000e+01   04.68980000e+01   00.00000000e+00
  07.24898000e+01   05.78781000e+01   04.81262000e+01   00.00000000e+00
  07.32912000e+01   05.89517000e+01   04.69841000e+01   00.00000000e+00
  07.39448000e+01   06.02439000e+01   04.91845000e+01   00.00000000e+00
  07.30642000e+01   05.90396000e+01   05.01498000e+01   00.00000000e+00
  07.46709000e+01   05.93084000e+01   05.05024000e+01   00.00000000e+00
  07.64037000e+01   05.85760000e+01   04.91899000e+01   00.00000000e+00
  07.60087000e+01   05.86999000e+01   04.74910000e+01   00.00000000e+00
  07.60352000e+01   05.61426000e+01   04.74776000e+01   00.00000000e+00
  07.66650000e+01   05.62692000e+01   04.91130000e+01   00.00000000e+00
  07.85596000e+01   05.59938000e+01   04.75240000e+01   00.00000000e+00
  07.84717000e+01   05.75737000e+01   04.80747000e+01   00.00000000e+00
  08.00410000e+01   05.72139000e+01   04.57022000e+01   00.00000000e+00
  07.94459000e+01   05.81858000e+01   04.45440000e+01   00.00000000e+00
  07.96689000e+01   05.87196000e+01   04.63574000e+01   00.00000000e+00
  07.66356000e+01   05.57951000e+01   04.52549000e+01   00.00000000e+00
  07.83178000e+01   05.53494000e+01   04.51876000e+01   00.00000000e+00
  07.86670000e+01   05.65660000e+01   04.31492000e+01   00.00000000e+00
  07.71406000e+01   05.74022000e+01   04.32648000e+01   00.00000000e+00
  07.59027000e+01   05.54012000e+01   04.28223000e+01   00.00000000e+00
  07.74195000e+01   05.44855000e+01   04.27707000e+01   00.00000000e+00
  06.72615000e+01   05.91806000e+01   03.66548000e+01   07.20400000e-04
  06.25690000e+01   05.47295000e+01   03.74016000e+01  -02.39543000e-02
  06.61588000e+01   05.05129000e+01   03.41359000e+01   04.89340000e-03
  07.21760000e+01   05.43457000e+01   03.49620000e+01  -02.28199000e-02
  06.14689000e+01   05.13837000e+01   03.68679000e+01  -01.51750000e-03
  07.83904000e+01   05.59153000e+01   03.93893000e+01   00.00000000e+00
  07.87648000e+01   05.68241000e+01   04.09059000e+01   00.00000000e+00
  07.90306000e+01   05.51645000e+01   04.07981000e+01   00.00000000e+00
  07.64565000e+01   05.65731000e+01   04.08725000e+01   00.00000000e+00
  07.62420000e+01   05.49525000e+01   03.91581000e+01   00.00000000e+00
  07.53230000e+01   05.43491000e+01   04.05436000e+01   00.00000000e+00
  07.72226000e+01   05.28072000e+01   04.11259000e+01   00.00000000e+00
  07.78126000e+01   05.31111000e+01   03.94542000e+01   00.00000000e+00
  07.65438000e+01   05.12317000e+01   03.90719000e+01   00.00000000e+00
  07.56460000e+01   05.26591000e+01   03.84767000e+01   00.00000000e+00
  07.49691000e+01   04.99071000e+01   04.11107000e+01   00.00000000e+00
  07.61583000e+01   05.08724000e+01   04.17906000e+01   00.00000000e+00
  07.43408000e+01   05.10833000e+01   04.22738000e+01   00.00000000e+00
  06.85696000e+01   05.02032000e+01   03.39674000e+01   05.57290000e-03
  07.03511000e+01   05.19942000e+01   03.28440000e+01  -01.28866000e-02
  07.29776000e+01   05.25942000e+01   03.97454000e+01   00.00000000e+00
  07.42680000e+01   05.71396000e+01   04.92818000e+01   00.00000000e+00
  07.72301000e+01   05.81766000e+01   04.57699000e+01   00.00000000e+00
  07.28169000e+01   04.97948000e+01   03.91721000e+01  -01.99830000e-03
  07.40421000e+01   05.02502000e+01   03.80139000e+01  -01.85290000e-03
