  06.99372000e+01   05.09433000e+01   03.62347000e+01  -06.11779000e-02
  06.11142000e+01   05.03243000e+01   03.76109000e+01   01.75852000e-02
  06.33472000e+01   05.79646000e+01   03.92459000e+01   01.01800000e-02
  07.02009000e+01   05.59195000e+01   03.56127000e+01  -01.32723000e-02
  06.70530000e+01   05.22649000e+01   03.53110000e+01  -04.57645000e-02
  07.09759000e+01   04.97585000e+01   03.60737000e+01   02.46758000e-02
  06.03127000e+01   04.92968000e+01   03.73002000e+01  -01.71993000e-02
  06.44183000e+01   05.79347000e+01   04.03012000e+01  -09.39340000e-03
  07.03226000e+01   05.43869000e+01   03.53884000e+01   07.66074000e-02
  06.43140000e+01   05.19790000e+01   03.63837000e+01   09.44338000e-02
  07.10468000e+01   05.67722000e+01   03.53861000e+01   01.54319000e-02
  07.24410000e+01   05.01092000e+01   03.61399000e+01  -01.56515000e-02
  07.11006000e+01   05.39735000e+01   03.42191000e+01  -02.00050000e-02
  06.68501000e+01   05.50920000e+01   03.61247000e+01  -08.09918000e-02
  07.27354000e+01   05.23324000e+01   03.34729000e+01   04.03650000e-03
  06.88759000e+01   05.37962000e+01   03.54453000e+01  -01.43447000e-01
  06.56903000e+01   05.02703000e+01   03.51940000e+01   01.23287000e-02
  06.24946000e+01   05.31531000e+01   03.75619000e+01   02.21683000e-01
  06.56077000e+01   05.68568000e+01   03.72393000e+01  -05.42921000e-02
  06.80093000e+01   05.03404000e+01   03.28862000e+01   02.66866000e-02
  06.33011000e+01   04.83205000e+01   03.60818000e+01   04.35609000e-02
  06.11964000e+01   05.53938000e+01   03.93760000e+01   02.36507000e-02
  06.82492000e+01   05.85493000e+01   03.68200000e+01  -06.09964000e-02
  07.39998000e+01   05.14243000e+01   03.74948000e+01   08.71130000e-03
  06.84112000e+01   05.25263000e+01   03.51605000e+01   01.26858000e-01
  06.44818000e+01   05.06908000e+01   03.58432000e+01  -03.45042000e-02
  06.30624000e+01   05.43817000e+01   03.77811000e+01  -02.04376000e-01
  06.67155000e+01   05.63882000e+01   03.65827000e+01   07.60142000e-02
  07.33714000e+01   04.98224000e+01   03.53462000e+01   05.08730000e-03
  07.09134000e+01   05.43531000e+01   03.30588000e+01   06.92200000e-04
  07.37412000e+01   05.22923000e+01   03.86833000e+01   00.00000000e+00
  06.92436000e+01   05.13429000e+01   03.49175000e+01   07.64245000e-02
  06.33872000e+01   04.98300000e+01   03.62398000e+01  -04.66821000e-02
  06.25160000e+01   05.54530000e+01   03.86003000e+01   01.65461000e-02
  06.79621000e+01   05.70420000e+01   03.64095000e+01   05.49912000e-02
  07.27115000e+01   05.07756000e+01   03.73291000e+01   03.30200000e-04
  07.20885000e+01   05.30546000e+01   03.45748000e+01   04.02810000e-03
  07.31906000e+01   05.18783000e+01   03.98354000e+01   00.00000000e+00
  06.81440000e+01   05.04160000e+01   03.44098000e+01  -04.69336000e-02
  06.24529000e+01   05.06772000e+01   03.69282000e+01  -07.68710000e-03
  06.33911000e+01   05.65995000e+01   03.85135000e+01  -03.37389000e-02
  06.88367000e+01   05.61132000e+01   03.59923000e+01   03.64969000e-02
  07.16893000e+01   05.17797000e+01   04.00233000e+01   00.00000000e+00
  06.68263000e+01   05.10156000e+01   03.49933000e+01  -09.58259000e-02
  06.30870000e+01   05.20089000e+01   03.69645000e+01  -01.77941000e-01
  06.44905000e+01   05.61186000e+01   03.76697000e+01   06.74294000e-02
  06.81449000e+01   05.49185000e+01   03.58773000e+01   01.44326000e-01
  07.40553000e+01   05.17053000e+01   04.10739000e+01   00.00000000e+00
  07.42108000e+01   05.29330000e+01   04.20198000e+01   00.00000000e+00
  07.54125000e+01   05.38003000e+01   04.16717000e+01   00.00000000e+00
  07.55953000e+01   05.51590000e+01   04.24151000e+01   00.00000000e+00
  07.67045000e+01   05.59393000e+01   04.16152000e+01   00.00000000e+00
  07.59947000e+01   05.48748000e+01   04.39857000e+01   00.00000000e+00
  07.59913000e+01   05.61588000e+01   04.49404000e+01   00.00000000e+00
  07.62581000e+01   05.57631000e+01   04.64115000e+01   00.00000000e+00
  07.64825000e+01   05.68963000e+01   04.74483000e+01   00.00000000e+00
  07.51292000e+01   05.74296000e+01   04.79319000e+01   00.00000000e+00
  07.74311000e+01   05.80476000e+01   04.69800000e+01   00.00000000e+00
  07.75126000e+01   05.93062000e+01   04.77414000e+01   00.00000000e+00
  07.81256000e+01   05.91194000e+01   04.91736000e+01   00.00000000e+00
  07.76411000e+01   06.01032000e+01   05.03046000e+01   00.00000000e+00
  07.80055000e+01   05.96725000e+01   05.16987000e+01   00.00000000e+00
  07.81249000e+01   06.15635000e+01   05.00234000e+01   00.00000000e+00
  06.43295000e+01   05.47478000e+01   03.73968000e+01   03.65717000e-02
  06.55453000e+01   05.35283000e+01   03.62160000e+01  -06.37550000e-03
  06.81235000e+01   05.86108000e+01   03.78802000e+01   01.79582000e-02
  06.93151000e+01   05.87728000e+01   03.65508000e+01   01.23366000e-02
  06.76309000e+01   05.92506000e+01   03.62531000e+01   01.80857000e-02
  06.13194000e+01   05.51587000e+01   04.04047000e+01  -03.55350000e-03
  06.07181000e+01   05.63771000e+01   03.93096000e+01  -05.48890000e-03
  06.04797000e+01   05.47541000e+01   03.89044000e+01  -05.73590000e-03
  06.29115000e+01   04.81824000e+01   03.50952000e+01  -01.16015000e-02
  06.43125000e+01   04.79256000e+01   03.63176000e+01  -01.03548000e-02
  06.25347000e+01   04.79366000e+01   03.67461000e+01  -01.10806000e-02
  06.88844000e+01   04.98614000e+01   03.23362000e+01  -06.50300000e-03
  06.71194000e+01   04.97324000e+01   03.26808000e+01  -03.84930000e-03
  06.79034000e+01   05.12996000e+01   03.24530000e+01  -06.75510000e-03
  07.20245000e+01   05.16898000e+01   03.29804000e+01   06.96000000e-05
  07.30527000e+01   05.31015000e+01   03.26720000e+01  -02.56130000e-03
  07.36106000e+01   05.17975000e+01   03.37774000e+01  -08.86000000e-04
  06.53944000e+01   05.78814000e+01   03.98993000e+01   02.66600000e-04
  06.43591000e+01   05.89290000e+01   04.07925000e+01   02.07780000e-03
  06.44026000e+01   05.71794000e+01   04.10998000e+01   03.44650000e-03
  05.93018000e+01   04.91306000e+01   03.76925000e+01   02.98050000e-03
  06.06160000e+01   04.87660000e+01   03.64247000e+01  -05.01900000e-04
  07.06868000e+01   04.89817000e+01   03.68241000e+01  -05.40000000e-06
  07.07896000e+01   04.92874000e+01   03.51439000e+01  -02.73660000e-03
  06.34509000e+01   05.88154000e+01   03.85242000e+01   06.65000000e-04
  06.24130000e+01   05.80311000e+01   03.97417000e+01  -04.07950000e-03
  07.04589000e+01   05.17673000e+01   03.66841000e+01   01.58140000e-02
  06.91808000e+01   05.05022000e+01   03.69388000e+01   09.11190000e-03
  07.78634000e+01   06.19127000e+01   04.89846000e+01   00.00000000e+00
  07.76985000e+01   06.22867000e+01   05.07509000e+01   00.00000000e+00
  07.91847000e+01   06.16409000e+01   05.02519000e+01   00.00000000e+00
  07.78524000e+01   05.86155000e+01   05.17795000e+01   00.00000000e+00
  07.90268000e+01   06.00232000e+01   05.19926000e+01   00.00000000e+00
  07.73385000e+01   06.01402000e+01   05.24443000e+01   00.00000000e+00
  07.78562000e+01   05.81365000e+01   04.95418000e+01   00.00000000e+00
  07.91820000e+01   05.91319000e+01   04.91267000e+01   00.00000000e+00
  07.82659000e+01   05.98522000e+01   04.71840000e+01   00.00000000e+00
  07.65715000e+01   05.98272000e+01   04.78854000e+01   00.00000000e+00
  07.84367000e+01   05.77197000e+01   04.69793000e+01   00.00000000e+00
  07.71128000e+01   05.83457000e+01   04.59913000e+01   00.00000000e+00
  07.52065000e+01   05.76842000e+01   04.89917000e+01   00.00000000e+00
  07.48268000e+01   05.83150000e+01   04.73690000e+01   00.00000000e+00
  07.44067000e+01   05.66897000e+01   04.78455000e+01   00.00000000e+00
  07.54430000e+01   05.51572000e+01   04.66739000e+01   00.00000000e+00
  07.71182000e+01   05.51689000e+01   04.64058000e+01   00.00000000e+00
  07.68288000e+01   05.68187000e+01   04.46699000e+01   00.00000000e+00
  07.50177000e+01   05.66814000e+01   04.47168000e+01   00.00000000e+00
  07.52147000e+01   05.41651000e+01   04.43842000e+01   00.00000000e+00
  07.69056000e+01   05.43866000e+01   04.39844000e+01   00.00000000e+00
  06.58121000e+01   05.79289000e+01   03.75717000e+01   07.20400000e-04
  06.14019000e+01   05.31446000e+01   03.77851000e+01  -02.39543000e-02
  06.56909000e+01   04.92177000e+01   03.49197000e+01   04.89340000e-03
  07.08268000e+01   05.40577000e+01   03.63228000e+01  -02.28199000e-02
  06.07540000e+01   05.09308000e+01   03.84102000e+01  -01.51750000e-03
  07.75361000e+01   05.52888000e+01   04.15891000e+01   00.00000000e+00
  07.64807000e+01   05.60499000e+01   04.05580000e+01   00.00000000e+00
  07.68442000e+01   05.67713000e+01   04.21902000e+01   00.00000000e+00
  07.47084000e+01   05.57967000e+01   04.23937000e+01   00.00000000e+00
  07.63565000e+01   05.31933000e+01   04.18530000e+01   00.00000000e+00
  07.52947000e+01   05.39817000e+01   04.06037000e+01   00.00000000e+00
  07.32619000e+01   05.35418000e+01   04.18826000e+01   00.00000000e+00
  07.43416000e+01   05.26431000e+01   04.30808000e+01   00.00000000e+00
  07.35534000e+01   05.09044000e+01   04.16046000e+01   00.00000000e+00
  07.50334000e+01   05.13129000e+01   04.08433000e+01   00.00000000e+00
  07.13991000e+01   05.21259000e+01   04.10109000e+01   00.00000000e+00
  07.12041000e+01   05.24373000e+01   03.92924000e+01   00.00000000e+00
  07.13162000e+01   05.08026000e+01   03.98074000e+01   00.00000000e+00
  06.83334000e+01   04.94039000e+01   03.46958000e+01   05.57290000e-03
  06.99918000e+01   05.14661000e+01   03.41633000e+01  -01.28866000e-02
  07.38934000e+01   05.33536000e+01   03.86699000e+01   00.00000000e+00
  07.65195000e+01   06.00732000e+01   05.01118000e+01   00.00000000e+00
  07.70103000e+01   05.64564000e+01   04.83490000e+01   00.00000000e+00
  07.48101000e+01   05.07551000e+01   03.77848000e+01  -01.99830000e-03
  07.43277000e+01   05.20688000e+01   03.66795000e+01  -01.85290000e-03
