  07.11676000e+01   05.16684000e+01   03.49359000e+01  -06.11779000e-02
  06.18218000e+01   05.12607000e+01   03.73414000e+01   01.75852000e-02
  06.40841000e+01   05.88267000e+01   03.81938000e+01   01.01800000e-02
  07.11364000e+01   05.64633000e+01   03.48004000e+01  -01.32723000e-02
  06.78540000e+01   05.28595000e+01   03.49823000e+01  -04.57645000e-02
  07.11325000e+01   05.15928000e+01   03.64782000e+01   02.46758000e-02
  06.16250000e+01   05.16130000e+01   03.86577000e+01  -01.71993000e-02
  06.50615000e+01   05.89374000e+01   03.93852000e+01  -09.39340000e-03
  07.10778000e+01   05.49825000e+01   03.43536000e+01   07.66074000e-02
  06.50527000e+01   05.25983000e+01   03.59952000e+01   09.44338000e-02
  07.21853000e+01   05.71459000e+01   03.47244000e+01   01.54319000e-02
  07.23810000e+01   05.10862000e+01   03.72575000e+01  -01.56515000e-02
  07.14663000e+01   05.49716000e+01   03.28686000e+01  -02.00050000e-02
  06.77858000e+01   05.57987000e+01   03.55274000e+01  -08.09918000e-02
  07.28952000e+01   05.37803000e+01   03.13380000e+01   04.03650000e-03
  06.96778000e+01   05.44488000e+01   03.46544000e+01  -01.43447000e-01
  06.63918000e+01   05.08027000e+01   03.51395000e+01   01.23287000e-02
  06.33881000e+01   05.39668000e+01   03.71070000e+01   02.21683000e-01
  06.64907000e+01   05.76975000e+01   03.63949000e+01  -05.42921000e-02
  06.84766000e+01   04.98455000e+01   03.29172000e+01   02.66866000e-02
  06.36954000e+01   04.91488000e+01   03.56560000e+01   04.35609000e-02
  06.19135000e+01   05.64425000e+01   03.84989000e+01   02.36507000e-02
  06.92305000e+01   05.93378000e+01   03.56761000e+01  -06.09964000e-02
  07.47408000e+01   05.15764000e+01   03.74999000e+01   08.71130000e-03
  06.91671000e+01   05.31199000e+01   03.46339000e+01   01.26858000e-01
  06.52517000e+01   05.12943000e+01   03.56982000e+01  -03.45042000e-02
  06.38904000e+01   05.52509000e+01   03.71049000e+01  -02.04376000e-01
  06.76412000e+01   05.71750000e+01   03.58507000e+01   07.60142000e-02
  07.24402000e+01   05.02143000e+01   03.81187000e+01   05.08730000e-03
  07.10583000e+01   05.56721000e+01   03.19382000e+01   06.92200000e-04
  07.47706000e+01   05.26634000e+01   03.86022000e+01   00.00000000e+00
  06.98416000e+01   05.18335000e+01   03.41565000e+01   07.64245000e-02
  06.40496000e+01   05.05719000e+01   03.60329000e+01  -04.66821000e-02
  06.32354000e+01   05.64477000e+01   03.76922000e+01   01.65461000e-02
  06.89215000e+01   05.78614000e+01   03.55684000e+01   05.49912000e-02
  07.35137000e+01   05.17063000e+01   03.67250000e+01   03.30200000e-04
  07.25255000e+01   05.40462000e+01   03.27084000e+01   04.02810000e-03
  07.46333000e+01   05.23918000e+01   03.99042000e+01   00.00000000e+00
  06.87850000e+01   05.07373000e+01   03.42273000e+01  -04.69336000e-02
  06.31732000e+01   05.14870000e+01   03.66962000e+01  -07.68710000e-03
  06.41711000e+01   05.74835000e+01   03.75418000e+01  -03.37389000e-02
  06.97691000e+01   05.67792000e+01   03.52517000e+01   03.64969000e-02
  07.32943000e+01   05.23562000e+01   04.05661000e+01   00.00000000e+00
  06.75651000e+01   05.15234000e+01   03.47403000e+01  -09.58259000e-02
  06.38263000e+01   05.27980000e+01   03.66004000e+01  -01.77941000e-01
  06.53479000e+01   05.69633000e+01   03.67776000e+01   06.74294000e-02
  06.89977000e+01   05.55755000e+01   03.51249000e+01   01.44326000e-01
  07.58354000e+01   05.19408000e+01   04.07209000e+01   00.00000000e+00
  07.70541000e+01   05.28854000e+01   04.10757000e+01   00.00000000e+00
  07.64386000e+01   05.43316000e+01   04.13199000e+01   00.00000000e+00
  07.74814000e+01   05.54889000e+01   04.17213000e+01   00.00000000e+00
  07.82957000e+01   05.58688000e+01   04.04968000e+01   00.00000000e+00
  07.82938000e+01   05.51103000e+01   04.29408000e+01   00.00000000e+00
  07.87086000e+01   05.63174000e+01   04.37755000e+01   00.00000000e+00
  07.93642000e+01   05.59995000e+01   04.51227000e+01   00.00000000e+00
  07.96400000e+01   05.71693000e+01   04.60633000e+01   00.00000000e+00
  08.04275000e+01   05.82138000e+01   04.53955000e+01   00.00000000e+00
  08.04403000e+01   05.66122000e+01   04.72972000e+01   00.00000000e+00
  08.03859000e+01   05.74278000e+01   04.86384000e+01   00.00000000e+00
  07.89356000e+01   05.75688000e+01   04.92023000e+01   00.00000000e+00
  07.89466000e+01   05.82981000e+01   05.05991000e+01   00.00000000e+00
  07.76617000e+01   05.90841000e+01   05.09033000e+01   00.00000000e+00
  07.91751000e+01   05.73197000e+01   05.18172000e+01   00.00000000e+00
  06.51348000e+01   05.55980000e+01   03.65500000e+01   03.65717000e-02
  06.64607000e+01   05.41784000e+01   03.58672000e+01  -06.37550000e-03
  07.02139000e+01   05.96512000e+01   03.53196000e+01   01.79582000e-02
  06.85920000e+01   05.99577000e+01   03.50056000e+01   01.23366000e-02
  06.91064000e+01   05.96677000e+01   03.67239000e+01   01.80857000e-02
  06.21685000e+01   05.62280000e+01   03.94727000e+01  -03.55350000e-03
  06.12152000e+01   05.72812000e+01   03.85096000e+01  -05.48890000e-03
  06.14297000e+01   05.55515000e+01   03.81816000e+01  -05.73590000e-03
  06.45997000e+01   04.87044000e+01   03.52672000e+01  -01.16015000e-02
  06.33561000e+01   04.85481000e+01   03.64897000e+01  -01.03548000e-02
  06.30825000e+01   04.90662000e+01   03.47809000e+01  -01.10806000e-02
  06.93586000e+01   04.93117000e+01   03.24394000e+01  -06.50300000e-03
  06.78279000e+01   04.90769000e+01   03.33102000e+01  -03.84930000e-03
  06.80753000e+01   05.05577000e+01   03.21310000e+01  -06.75510000e-03
  07.32290000e+01   05.46879000e+01   03.08982000e+01   06.96000000e-05
  07.37315000e+01   05.30877000e+01   03.13079000e+01  -02.56130000e-03
  07.20539000e+01   05.34181000e+01   03.07939000e+01  -08.86000000e-04
  06.46231000e+01   05.82427000e+01   04.00832000e+01   02.66600000e-04
  06.60633000e+01   05.86712000e+01   03.89521000e+01   02.07780000e-03
  06.50418000e+01   05.98504000e+01   03.99260000e+01   03.44650000e-03
  06.07160000e+01   05.13935000e+01   03.91452000e+01   02.98050000e-03
  06.23546000e+01   05.22446000e+01   03.91419000e+01  -05.01900000e-04
  07.09495000e+01   05.26067000e+01   03.68901000e+01  -05.40000000e-06
  07.03867000e+01   05.09128000e+01   03.65841000e+01  -02.73660000e-03
  06.42950000e+01   05.96615000e+01   03.74185000e+01   06.65000000e-04
  06.30565000e+01   05.89704000e+01   03.85221000e+01  -04.07950000e-03
  07.14742000e+01   05.06157000e+01   03.47477000e+01   01.58140000e-02
  07.19764000e+01   05.23017000e+01   03.46069000e+01   09.11190000e-03
  08.01642000e+01   05.67576000e+01   05.18332000e+01   00.00000000e+00
  07.91564000e+01   05.78702000e+01   05.27707000e+01   00.00000000e+00
  07.84460000e+01   05.64815000e+01   05.17909000e+01   00.00000000e+00
  07.68226000e+01   05.83683000e+01   05.10523000e+01   00.00000000e+00
  07.77935000e+01   05.97207000e+01   05.17895000e+01   00.00000000e+00
  07.74739000e+01   05.98382000e+01   05.00880000e+01   00.00000000e+00
  07.83710000e+01   05.82573000e+01   04.85004000e+01   00.00000000e+00
  07.83431000e+01   05.66363000e+01   04.92213000e+01   00.00000000e+00
  08.09524000e+01   05.69168000e+01   04.94787000e+01   00.00000000e+00
  08.08531000e+01   05.83588000e+01   04.86379000e+01   00.00000000e+00
  08.00882000e+01   05.56342000e+01   04.75905000e+01   00.00000000e+00
  08.14708000e+01   05.66936000e+01   04.71365000e+01   00.00000000e+00
  08.13720000e+01   05.78518000e+01   04.51016000e+01   00.00000000e+00
  07.98762000e+01   05.85235000e+01   04.44817000e+01   00.00000000e+00
  08.05463000e+01   05.90650000e+01   04.60425000e+01   00.00000000e+00
  07.86436000e+01   05.53848000e+01   04.56266000e+01   00.00000000e+00
  08.03169000e+01   05.54004000e+01   04.50554000e+01   00.00000000e+00
  07.93307000e+01   05.69776000e+01   04.31893000e+01   00.00000000e+00
  07.78983000e+01   05.70014000e+01   04.40126000e+01   00.00000000e+00
  07.76455000e+01   05.45361000e+01   04.36193000e+01   00.00000000e+00
  07.92125000e+01   05.45279000e+01   04.26649000e+01   00.00000000e+00
  06.63677000e+01   05.88155000e+01   03.65861000e+01   07.20400000e-04
  06.23698000e+01   05.38310000e+01   03.74027000e+01  -02.39543000e-02
  06.63382000e+01   04.97432000e+01   03.50001000e+01   04.89340000e-03
  07.18277000e+01   05.44715000e+01   03.50050000e+01  -02.28199000e-02
  06.11411000e+01   05.05340000e+01   03.67961000e+01  -01.51750000e-03
  07.88379000e+01   05.49837000e+01   04.01818000e+01   00.00000000e+00
  07.75431000e+01   05.59003000e+01   03.96838000e+01   00.00000000e+00
  07.88629000e+01   05.67769000e+01   04.05540000e+01   00.00000000e+00
  07.67765000e+01   05.62382000e+01   04.20071000e+01   00.00000000e+00
  07.59549000e+01   05.45306000e+01   04.04196000e+01   00.00000000e+00
  07.57048000e+01   05.43484000e+01   04.20934000e+01   00.00000000e+00
  07.76225000e+01   05.26160000e+01   04.19660000e+01   00.00000000e+00
  07.75650000e+01   05.27683000e+01   04.01900000e+01   00.00000000e+00
  07.54493000e+01   05.17379000e+01   04.17031000e+01   00.00000000e+00
  07.62659000e+01   05.10003000e+01   04.03581000e+01   00.00000000e+00
  07.34419000e+01   05.27638000e+01   04.15938000e+01   00.00000000e+00
  07.26216000e+01   05.29664000e+01   04.00299000e+01   00.00000000e+00
  07.29520000e+01   05.13435000e+01   04.05708000e+01   00.00000000e+00
  06.89581000e+01   05.01142000e+01   03.50395000e+01   05.57290000e-03
  07.01073000e+01   05.20950000e+01   03.31385000e+01  -01.28866000e-02
  07.49674000e+01   05.36543000e+01   03.81766000e+01   00.00000000e+00
  07.97664000e+01   05.90351000e+01   05.05955000e+01   00.00000000e+00
  07.86994000e+01   05.75960000e+01   04.63644000e+01   00.00000000e+00
  07.48848000e+01   05.06296000e+01   03.80643000e+01  -01.99830000e-03
  07.56388000e+01   05.15398000e+01   03.68258000e+01  -01.85290000e-03
