  07.00428000e+01   05.18111000e+01   03.55516000e+01  -06.11779000e-02
  06.06595000e+01   05.19393000e+01   03.64762000e+01   01.75852000e-02
  06.36805000e+01   05.91623000e+01   03.87717000e+01   01.01800000e-02
  07.02247000e+01   05.69659000e+01   03.45900000e+01  -01.32723000e-02
  06.70338000e+01   05.32833000e+01   03.50615000e+01  -04.57645000e-02
  07.11624000e+01   05.06772000e+01   03.53573000e+01   02.46758000e-02
  06.00163000e+01   05.22888000e+01   03.76022000e+01  -01.71993000e-02
  06.40165000e+01   05.90503000e+01   04.02386000e+01  -09.39340000e-03
  07.02184000e+01   05.53951000e+01   03.44185000e+01   07.66074000e-02
  06.41547000e+01   05.32340000e+01   03.58970000e+01   09.44338000e-02
  07.11938000e+01   05.77099000e+01   03.43704000e+01   01.54319000e-02
  07.19804000e+01   05.01749000e+01   03.65378000e+01  -01.56515000e-02
  07.05462000e+01   05.48983000e+01   03.29946000e+01  -02.00050000e-02
  06.68811000e+01   05.62063000e+01   03.56237000e+01  -08.09918000e-02
  07.16522000e+01   05.31008000e+01   03.17618000e+01   04.03650000e-03
  06.88013000e+01   05.48710000e+01   03.48761000e+01  -01.43447000e-01
  06.54919000e+01   05.13474000e+01   03.50565000e+01   01.23287000e-02
  06.23649000e+01   05.46414000e+01   03.67861000e+01   02.21683000e-01
  06.55818000e+01   05.81395000e+01   03.64322000e+01  -05.42921000e-02
  06.75652000e+01   05.09379000e+01   03.27256000e+01   02.66866000e-02
  06.28553000e+01   04.97607000e+01   03.50820000e+01   04.35609000e-02
  06.12674000e+01   05.69416000e+01   03.86905000e+01   02.36507000e-02
  06.83217000e+01   05.97517000e+01   03.54761000e+01  -06.09964000e-02
  07.31407000e+01   05.07847000e+01   03.85461000e+01   08.71130000e-03
  06.83411000e+01   05.35534000e+01   03.48484000e+01   01.26858000e-01
  06.43369000e+01   05.19232000e+01   03.54719000e+01  -03.45042000e-02
  06.30584000e+01   05.58031000e+01   03.70407000e+01  -02.04376000e-01
  06.67426000e+01   05.75468000e+01   03.58219000e+01   07.60142000e-02
  07.21884000e+01   04.89829000e+01   03.68316000e+01   05.08730000e-03
  07.02838000e+01   05.54969000e+01   03.19935000e+01   06.92200000e-04
  07.32939000e+01   05.21209000e+01   03.92469000e+01   00.00000000e+00
  06.90638000e+01   05.22349000e+01   03.44093000e+01   07.64245000e-02
  06.30399000e+01   05.12414000e+01   03.56178000e+01  -04.66821000e-02
  06.25487000e+01   05.68984000e+01   03.79258000e+01   01.65461000e-02
  06.80059000e+01   05.82884000e+01   03.53901000e+01   05.49912000e-02
  07.25237000e+01   05.11792000e+01   03.72898000e+01   03.30200000e-04
  07.12550000e+01   05.36976000e+01   03.30476000e+01   04.02810000e-03
  07.28659000e+01   05.24806000e+01   04.04911000e+01   00.00000000e+00
  06.79242000e+01   05.12188000e+01   03.42465000e+01  -04.69336000e-02
  06.20846000e+01   05.21663000e+01   03.61869000e+01  -07.68710000e-03
  06.35234000e+01   05.78606000e+01   03.78864000e+01  -03.37389000e-02
  06.88691000e+01   05.72557000e+01   03.49858000e+01   03.64969000e-02
  07.15080000e+01   05.31241000e+01   04.07159000e+01   00.00000000e+00
  06.67455000e+01   05.19333000e+01   03.49365000e+01  -09.58259000e-02
  06.28027000e+01   05.33982000e+01   03.62953000e+01  -01.77941000e-01
  06.44850000e+01   05.74155000e+01   03.69406000e+01   06.74294000e-02
  06.81507000e+01   05.60372000e+01   03.52550000e+01   01.44326000e-01
  07.36278000e+01   05.22414000e+01   04.17979000e+01   00.00000000e+00
  07.51719000e+01   05.23760000e+01   04.16799000e+01   00.00000000e+00
  07.56249000e+01   05.38213000e+01   04.13559000e+01   00.00000000e+00
  07.52236000e+01   05.49023000e+01   04.24309000e+01   00.00000000e+00
  07.56515000e+01   05.62542000e+01   04.17463000e+01   00.00000000e+00
  07.58801000e+01   05.46433000e+01   04.38625000e+01   00.00000000e+00
  07.53979000e+01   05.56699000e+01   04.49087000e+01   00.00000000e+00
  07.58126000e+01   05.53403000e+01   04.63100000e+01   00.00000000e+00
  07.54479000e+01   05.62831000e+01   04.75040000e+01   00.00000000e+00
  07.39306000e+01   05.64132000e+01   04.77437000e+01   00.00000000e+00
  07.61740000e+01   05.77084000e+01   04.72980000e+01   00.00000000e+00
  07.59434000e+01   05.88686000e+01   04.83322000e+01   00.00000000e+00
  07.70423000e+01   05.98918000e+01   04.83686000e+01   00.00000000e+00
  07.67474000e+01   06.11979000e+01   04.92827000e+01   00.00000000e+00
  07.64312000e+01   06.07593000e+01   05.07092000e+01   00.00000000e+00
  07.78910000e+01   06.22068000e+01   04.92564000e+01   00.00000000e+00
  06.42291000e+01   05.61064000e+01   03.65466000e+01   03.65717000e-02
  06.55277000e+01   05.46906000e+01   03.58311000e+01  -06.37550000e-03
  06.81703000e+01   06.02338000e+01   03.45058000e+01   01.79582000e-02
  06.76513000e+01   06.02324000e+01   03.61297000e+01   01.23366000e-02
  06.93002000e+01   05.99969000e+01   03.58087000e+01   01.80857000e-02
  06.09040000e+01   05.78030000e+01   03.91134000e+01  -03.55350000e-03
  06.04339000e+01   05.65546000e+01   03.80925000e+01  -05.48890000e-03
  06.14227000e+01   05.61602000e+01   03.94318000e+01  -05.73590000e-03
  06.18216000e+01   04.95750000e+01   03.49240000e+01  -01.16015000e-02
  06.33769000e+01   04.95173000e+01   03.41446000e+01  -01.03548000e-02
  06.31194000e+01   04.89865000e+01   03.58161000e+01  -01.10806000e-02
  06.72061000e+01   05.18258000e+01   03.21809000e+01  -06.50300000e-03
  06.85711000e+01   05.06752000e+01   03.22914000e+01  -03.84930000e-03
  06.68787000e+01   05.00693000e+01   03.25647000e+01  -06.75510000e-03
  07.23249000e+01   05.23578000e+01   03.19898000e+01   06.96000000e-05
  07.08204000e+01   05.26932000e+01   03.11927000e+01  -02.56130000e-03
  07.21008000e+01   05.39523000e+01   03.11825000e+01  -08.86000000e-04
  06.50714000e+01   05.88268000e+01   04.03051000e+01   02.66600000e-04
  06.38825000e+01   06.00285000e+01   04.07546000e+01   02.07780000e-03
  06.34184000e+01   05.82836000e+01   04.06491000e+01   03.44650000e-03
  05.89407000e+01   05.20894000e+01   03.77345000e+01   02.98050000e-03
  06.05197000e+01   05.28509000e+01   03.84425000e+01  -05.01900000e-04
  07.07366000e+01   04.97962000e+01   03.48577000e+01  -05.40000000e-06
  07.19037000e+01   05.11418000e+01   03.46455000e+01  -02.73660000e-03
  06.45737000e+01   05.97449000e+01   03.83918000e+01   06.65000000e-04
  06.28407000e+01   05.97918000e+01   03.85955000e+01  -04.07950000e-03
  07.06607000e+01   05.26921000e+01   03.58440000e+01   01.58140000e-02
  06.95274000e+01   05.13785000e+01   03.63463000e+01   09.11190000e-03
  07.86570000e+01   06.19299000e+01   04.99781000e+01   00.00000000e+00
  07.82014000e+01   06.24071000e+01   04.81960000e+01   00.00000000e+00
  07.75253000e+01   06.31197000e+01   04.97744000e+01   00.00000000e+00
  07.55871000e+01   06.01739000e+01   05.05327000e+01   00.00000000e+00
  07.71428000e+01   06.00053000e+01   05.11703000e+01   00.00000000e+00
  07.63666000e+01   06.16452000e+01   05.13746000e+01   00.00000000e+00
  07.79990000e+01   05.94386000e+01   04.87286000e+01   00.00000000e+00
  07.71669000e+01   06.02748000e+01   04.73115000e+01   00.00000000e+00
  07.50331000e+01   05.94114000e+01   04.81296000e+01   00.00000000e+00
  07.57883000e+01   05.83573000e+01   04.93279000e+01   00.00000000e+00
  07.72359000e+01   05.75825000e+01   04.72891000e+01   00.00000000e+00
  07.58354000e+01   05.81823000e+01   04.64054000e+01   00.00000000e+00
  07.34028000e+01   05.55009000e+01   04.80279000e+01   00.00000000e+00
  07.36756000e+01   05.71927000e+01   04.84368000e+01   00.00000000e+00
  07.36554000e+01   05.67044000e+01   04.67340000e+01   00.00000000e+00
  07.54680000e+01   05.42886000e+01   04.65571000e+01   00.00000000e+00
  07.69376000e+01   05.52853000e+01   04.62656000e+01   00.00000000e+00
  07.58262000e+01   05.66451000e+01   04.46732000e+01   00.00000000e+00
  07.43325000e+01   05.57222000e+01   04.47241000e+01   00.00000000e+00
  07.55680000e+01   05.36747000e+01   04.41859000e+01   00.00000000e+00
  07.69443000e+01   05.45489000e+01   04.38141000e+01   00.00000000e+00
  06.55251000e+01   05.92160000e+01   03.66357000e+01   07.20400000e-04
  06.13589000e+01   05.45646000e+01   03.70816000e+01  -02.39543000e-02
  06.53549000e+01   05.03631000e+01   03.45758000e+01   04.89340000e-03
  07.10560000e+01   05.50427000e+01   03.50227000e+01  -02.28199000e-02
  06.01096000e+01   05.14873000e+01   03.56477000e+01  -01.51750000e-03
  07.67096000e+01   05.63103000e+01   04.17783000e+01   00.00000000e+00
  07.52867000e+01   05.62264000e+01   04.06928000e+01   00.00000000e+00
  07.50960000e+01   05.70651000e+01   04.22145000e+01   00.00000000e+00
  07.41673000e+01   05.49378000e+01   04.26374000e+01   00.00000000e+00
  07.67214000e+01   05.37980000e+01   04.13194000e+01   00.00000000e+00
  07.52792000e+01   05.39737000e+01   04.03199000e+01   00.00000000e+00
  07.57160000e+01   05.20613000e+01   04.25687000e+01   00.00000000e+00
  07.56019000e+01   05.17595000e+01   04.08925000e+01   00.00000000e+00
  07.32457000e+01   05.28673000e+01   04.25695000e+01   00.00000000e+00
  07.32477000e+01   05.13388000e+01   04.21226000e+01   00.00000000e+00
  07.09579000e+01   05.31194000e+01   03.98102000e+01   00.00000000e+00
  07.09222000e+01   05.25304000e+01   04.14383000e+01   00.00000000e+00
  07.14947000e+01   05.41480000e+01   04.11989000e+01   00.00000000e+00
  06.82296000e+01   05.02681000e+01   03.47690000e+01   05.57290000e-03
  06.95546000e+01   05.22817000e+01   03.34616000e+01  -01.28866000e-02
  07.36702000e+01   05.29622000e+01   03.86308000e+01   00.00000000e+00
  07.58199000e+01   06.16058000e+01   04.88824000e+01   00.00000000e+00
  07.57889000e+01   05.59165000e+01   04.84873000e+01   00.00000000e+00
  07.24023000e+01   05.02157000e+01   03.91313000e+01  -01.99830000e-03
  07.41484000e+01   05.02697000e+01   03.83805000e+01  -01.85290000e-03
