  07.04003000e+01   05.20123000e+01   03.43750000e+01  -06.11779000e-02
  06.15645000e+01   05.19440000e+01   03.77467000e+01   01.75852000e-02
  06.37540000e+01   05.95788000e+01   03.86609000e+01   01.01800000e-02
  07.06808000e+01   05.70384000e+01   03.49024000e+01  -01.32723000e-02
  06.71430000e+01   05.36665000e+01   03.49272000e+01  -04.57645000e-02
  07.02963000e+01   05.18794000e+01   03.59028000e+01   02.46758000e-02
  06.13733000e+01   05.23367000e+01   03.90717000e+01  -01.71993000e-02
  06.47861000e+01   06.01426000e+01   03.96529000e+01  -09.39340000e-03
  07.05151000e+01   05.55047000e+01   03.43274000e+01   07.66074000e-02
  06.45416000e+01   05.34547000e+01   03.61094000e+01   09.44338000e-02
  07.16033000e+01   05.78274000e+01   03.47662000e+01   01.54319000e-02
  07.15215000e+01   05.13959000e+01   03.66525000e+01  -01.56515000e-02
  07.08933000e+01   05.53358000e+01   03.28797000e+01  -02.00050000e-02
  06.73182000e+01   05.63685000e+01   03.58380000e+01  -08.09918000e-02
  07.21115000e+01   05.39584000e+01   03.13861000e+01   04.03650000e-03
  06.91364000e+01   05.50048000e+01   03.48233000e+01  -01.43447000e-01
  06.56397000e+01   05.16051000e+01   03.48240000e+01   01.23287000e-02
  06.29124000e+01   05.47178000e+01   03.73694000e+01   02.21683000e-01
  06.61412000e+01   05.83567000e+01   03.68530000e+01  -05.42921000e-02
  06.72632000e+01   05.14127000e+01   03.22347000e+01   02.66866000e-02
  06.31598000e+01   04.99834000e+01   03.58151000e+01   04.35609000e-02
  06.17243000e+01   05.69822000e+01   03.89475000e+01   02.36507000e-02
  06.89953000e+01   05.98015000e+01   03.63378000e+01  -06.09964000e-02
  07.36004000e+01   05.20308000e+01   03.77165000e+01   08.71130000e-03
  06.84575000e+01   05.38311000e+01   03.45569000e+01   01.26858000e-01
  06.45789000e+01   05.21445000e+01   03.55795000e+01  -03.45042000e-02
  06.34948000e+01   05.59889000e+01   03.73748000e+01  -02.04376000e-01
  06.72831000e+01   05.77148000e+01   03.62880000e+01   07.60142000e-02
  07.17264000e+01   05.01888000e+01   03.68731000e+01   05.08730000e-03
  07.02034000e+01   05.56380000e+01   03.19276000e+01   06.92200000e-04
  07.39214000e+01   05.31335000e+01   03.86484000e+01   00.00000000e+00
  06.90863000e+01   05.26374000e+01   03.37752000e+01   07.64245000e-02
  06.34551000e+01   05.14280000e+01   03.60907000e+01  -04.66821000e-02
  06.30083000e+01   05.71147000e+01   03.81586000e+01   01.65461000e-02
  06.85796000e+01   05.83542000e+01   03.59784000e+01   05.49912000e-02
  07.23867000e+01   05.24320000e+01   03.69463000e+01   03.30200000e-04
  07.19116000e+01   05.44342000e+01   03.27518000e+01   04.02810000e-03
  07.39041000e+01   05.30285000e+01   03.99882000e+01   00.00000000e+00
  06.78765000e+01   05.16681000e+01   03.36520000e+01  -04.69336000e-02
  06.27719000e+01   05.22454000e+01   03.69503000e+01  -07.68710000e-03
  06.39355000e+01   05.82072000e+01   03.80749000e+01  -03.37389000e-02
  06.93882000e+01   05.73414000e+01   03.54771000e+01   03.64969000e-02
  07.26052000e+01   05.31447000e+01   04.07334000e+01   00.00000000e+00
  06.67808000e+01   05.23978000e+01   03.44929000e+01  -09.58259000e-02
  06.33844000e+01   05.35489000e+01   03.68599000e+01  -01.77941000e-01
  06.49669000e+01   05.76621000e+01   03.72148000e+01   06.74294000e-02
  06.85599000e+01   05.61154000e+01   03.53640000e+01   01.44326000e-01
  07.51875000e+01   05.27031000e+01   04.07266000e+01   00.00000000e+00
  07.61874000e+01   05.38487000e+01   04.11232000e+01   00.00000000e+00
  07.54921000e+01   05.49760000e+01   04.18486000e+01   00.00000000e+00
  07.62985000e+01   05.60588000e+01   04.26482000e+01   00.00000000e+00
  07.70570000e+01   05.70083000e+01   04.17565000e+01   00.00000000e+00
  07.70932000e+01   05.53351000e+01   04.36954000e+01   00.00000000e+00
  07.76731000e+01   05.62412000e+01   04.47652000e+01   00.00000000e+00
  07.65791000e+01   05.64796000e+01   04.58524000e+01   00.00000000e+00
  07.67971000e+01   05.76311000e+01   04.69109000e+01   00.00000000e+00
  07.79718000e+01   05.72464000e+01   04.78399000e+01   00.00000000e+00
  07.55030000e+01   05.80310000e+01   04.76921000e+01   00.00000000e+00
  07.52861000e+01   05.95180000e+01   04.79094000e+01   00.00000000e+00
  07.39599000e+01   05.99528000e+01   04.86772000e+01   00.00000000e+00
  07.41220000e+01   05.96350000e+01   05.02160000e+01   00.00000000e+00
  07.50613000e+01   06.06262000e+01   05.09094000e+01   00.00000000e+00
  07.27845000e+01   05.96249000e+01   05.10301000e+01   00.00000000e+00
  06.47450000e+01   05.63179000e+01   03.68861000e+01   03.65717000e-02
  06.58820000e+01   05.49987000e+01   03.58879000e+01  -06.37550000e-03
  06.89329000e+01   05.99166000e+01   03.74256000e+01   01.79582000e-02
  07.00668000e+01   05.98639000e+01   03.61523000e+01   01.23366000e-02
  06.83505000e+01   06.05624000e+01   03.58466000e+01   01.80857000e-02
  06.08910000e+01   05.68395000e+01   03.82922000e+01  -03.55350000e-03
  06.18648000e+01   05.61254000e+01   03.96076000e+01  -05.48890000e-03
  06.16850000e+01   05.78586000e+01   03.95277000e+01  -05.73590000e-03
  06.37352000e+01   04.92749000e+01   03.64319000e+01  -01.16015000e-02
  06.20883000e+01   04.98176000e+01   03.59349000e+01  -01.03548000e-02
  06.33290000e+01   04.97673000e+01   03.47531000e+01  -01.10806000e-02
  06.62681000e+01   05.11183000e+01   03.23344000e+01  -06.50300000e-03
  06.72944000e+01   05.23492000e+01   03.16917000e+01  -03.84930000e-03
  06.78896000e+01   05.06230000e+01   03.17859000e+01  -06.75510000e-03
  07.22626000e+01   05.47886000e+01   03.06962000e+01   06.96000000e-05
  07.29662000e+01   05.33852000e+01   03.11884000e+01  -02.56130000e-03
  07.12193000e+01   05.33451000e+01   03.09804000e+01  -08.86000000e-04
  06.56867000e+01   06.03574000e+01   03.90927000e+01   02.66600000e-04
  06.45040000e+01   06.10924000e+01   04.00963000e+01   02.07780000e-03
  06.48767000e+01   05.93487000e+01   04.04513000e+01   03.44650000e-03
  06.04049000e+01   05.20344000e+01   03.95121000e+01   02.98050000e-03
  06.20258000e+01   05.30367000e+01   03.96624000e+01  -05.01900000e-04
  07.00113000e+01   05.28426000e+01   03.63665000e+01  -05.40000000e-06
  06.95170000e+01   05.11407000e+01   03.61396000e+01  -02.73660000e-03
  06.36904000e+01   06.02959000e+01   03.78561000e+01   06.65000000e-04
  06.28470000e+01   05.96048000e+01   03.93305000e+01  -04.07950000e-03
  07.06570000e+01   05.10281000e+01   03.39425000e+01   01.58140000e-02
  07.12932000e+01   05.26119000e+01   03.42748000e+01   09.11190000e-03
  07.24686000e+01   06.06245000e+01   05.12335000e+01   00.00000000e+00
  07.20058000e+01   05.90587000e+01   05.05256000e+01   00.00000000e+00
  07.29708000e+01   05.92141000e+01   05.20276000e+01   00.00000000e+00
  07.60779000e+01   06.03605000e+01   05.06804000e+01   00.00000000e+00
  07.47579000e+01   06.16631000e+01   05.06593000e+01   00.00000000e+00
  07.48975000e+01   06.06123000e+01   05.19751000e+01   00.00000000e+00
  07.36932000e+01   06.09521000e+01   04.84299000e+01   00.00000000e+00
  07.31717000e+01   05.93197000e+01   04.83529000e+01   00.00000000e+00
  07.61487000e+01   05.98745000e+01   04.85340000e+01   00.00000000e+00
  07.53477000e+01   06.00263000e+01   04.69390000e+01   00.00000000e+00
  07.45667000e+01   05.77758000e+01   04.71672000e+01   00.00000000e+00
  07.54912000e+01   05.75158000e+01   04.86681000e+01   00.00000000e+00
  07.89507000e+01   05.73772000e+01   04.73200000e+01   00.00000000e+00
  07.79816000e+01   05.80007000e+01   04.86990000e+01   00.00000000e+00
  07.77955000e+01   05.62881000e+01   04.82607000e+01   00.00000000e+00
  07.57856000e+01   05.68811000e+01   04.52991000e+01   00.00000000e+00
  07.61356000e+01   05.55547000e+01   04.63491000e+01   00.00000000e+00
  07.84744000e+01   05.57366000e+01   04.52400000e+01   00.00000000e+00
  07.80285000e+01   05.71239000e+01   04.43548000e+01   00.00000000e+00
  07.64908000e+01   05.45750000e+01   04.42123000e+01   00.00000000e+00
  07.79669000e+01   05.48831000e+01   04.31205000e+01   00.00000000e+00
  06.62445000e+01   05.93823000e+01   03.71398000e+01   07.20400000e-04
  06.18974000e+01   05.47170000e+01   03.78102000e+01  -02.39543000e-02
  06.55687000e+01   05.05122000e+01   03.45228000e+01   04.89340000e-03
  07.11664000e+01   05.49238000e+01   03.48988000e+01  -02.28199000e-02
  06.07981000e+01   05.14305000e+01   03.72314000e+01  -01.51750000e-03
  07.78614000e+01   05.64934000e+01   04.12281000e+01   00.00000000e+00
  07.64085000e+01   05.73930000e+01   04.09716000e+01   00.00000000e+00
  07.74416000e+01   05.78611000e+01   04.23052000e+01   00.00000000e+00
  07.54636000e+01   05.66313000e+01   04.30930000e+01   00.00000000e+00
  07.48558000e+01   05.55297000e+01   04.11456000e+01   00.00000000e+00
  07.47458000e+01   05.46141000e+01   04.25350000e+01   00.00000000e+00
  07.70102000e+01   05.33633000e+01   04.16136000e+01   00.00000000e+00
  07.65535000e+01   05.42834000e+01   04.02004000e+01   00.00000000e+00
  07.47230000e+01   05.23711000e+01   04.17069000e+01   00.00000000e+00
  07.57453000e+01   05.19235000e+01   04.02127000e+01   00.00000000e+00
  07.16988000e+01   05.33392000e+01   04.01241000e+01   00.00000000e+00
  07.23593000e+01   05.22207000e+01   04.12403000e+01   00.00000000e+00
  07.28401000e+01   05.38907000e+01   04.15003000e+01   00.00000000e+00
  06.81026000e+01   05.06824000e+01   03.41640000e+01   05.57290000e-03
  06.93961000e+01   05.29690000e+01   03.27845000e+01  -01.28866000e-02
  07.42225000e+01   05.40451000e+01   03.81614000e+01   00.00000000e+00
  07.44915000e+01   05.86036000e+01   05.03895000e+01   00.00000000e+00
  07.71335000e+01   05.85104000e+01   04.62502000e+01   00.00000000e+00
  07.33174000e+01   05.11359000e+01   03.83294000e+01  -01.99830000e-03
  07.44073000e+01   05.17479000e+01   03.70386000e+01  -01.85290000e-03
