  07.17952000e+01   05.20885000e+01   03.42547000e+01  -06.11779000e-02
  06.24752000e+01   05.18386000e+01   03.64763000e+01   01.75852000e-02
  06.45528000e+01   05.93663000e+01   03.78683000e+01   01.01800000e-02
  07.17836000e+01   05.71718000e+01   03.44429000e+01  -01.32723000e-02
  06.85333000e+01   05.35959000e+01   03.44560000e+01  -04.57645000e-02
  07.16493000e+01   05.18918000e+01   03.58483000e+01   02.46758000e-02
  06.20829000e+01   05.21706000e+01   03.77124000e+01  -01.71993000e-02
  06.55707000e+01   05.98068000e+01   03.88732000e+01  -09.39340000e-03
  07.17899000e+01   05.56090000e+01   03.40052000e+01   07.66074000e-02
  06.56482000e+01   05.34210000e+01   03.53940000e+01   09.44338000e-02
  07.27903000e+01   05.79208000e+01   03.44580000e+01   01.54319000e-02
  07.29319000e+01   05.14440000e+01   03.65533000e+01  -01.56515000e-02
  07.21422000e+01   05.54157000e+01   03.25439000e+01  -02.00050000e-02
  06.83977000e+01   05.64103000e+01   03.52264000e+01  -08.09918000e-02
  07.34842000e+01   05.41743000e+01   03.10018000e+01   04.03650000e-03
  07.03756000e+01   05.51385000e+01   03.43008000e+01  -01.43447000e-01
  06.70658000e+01   05.17541000e+01   03.42156000e+01   01.23287000e-02
  06.38551000e+01   05.45410000e+01   03.66180000e+01   02.21683000e-01
  06.71274000e+01   05.82024000e+01   03.63087000e+01  -05.42921000e-02
  06.92418000e+01   05.11387000e+01   03.19851000e+01   02.66866000e-02
  06.44757000e+01   04.99597000e+01   03.47823000e+01   04.35609000e-02
  06.26540000e+01   05.68920000e+01   03.82060000e+01   02.36507000e-02
  06.98279000e+01   05.98534000e+01   03.55409000e+01  -06.09964000e-02
  07.47650000e+01   05.21751000e+01   03.77517000e+01   08.71130000e-03
  06.98216000e+01   05.38767000e+01   03.41416000e+01   01.26858000e-01
  06.58974000e+01   05.21413000e+01   03.49314000e+01  -03.45042000e-02
  06.44889000e+01   05.58111000e+01   03.67966000e+01  -02.04376000e-01
  06.83039000e+01   05.77199000e+01   03.56530000e+01   07.60142000e-02
  07.33560000e+01   05.02723000e+01   03.65751000e+01   05.08730000e-03
  07.16039000e+01   05.59362000e+01   03.15828000e+01   06.92200000e-04
  07.49729000e+01   05.35502000e+01   03.84245000e+01   00.00000000e+00
  07.05686000e+01   05.26714000e+01   03.35852000e+01   07.64245000e-02
  06.47042000e+01   05.13604000e+01   03.51978000e+01  -04.66821000e-02
  06.39101000e+01   05.69037000e+01   03.74850000e+01   01.65461000e-02
  06.95563000e+01   05.84322000e+01   03.53008000e+01   05.49912000e-02
  07.36196000e+01   05.25111000e+01   03.69544000e+01   03.30200000e-04
  07.31665000e+01   05.45595000e+01   03.23816000e+01   04.02810000e-03
  07.46506000e+01   05.37102000e+01   03.97455000e+01   00.00000000e+00
  06.94291000e+01   05.16421000e+01   03.34136000e+01  -04.69336000e-02
  06.38031000e+01   05.21420000e+01   03.59395000e+01  -07.68710000e-03
  06.47942000e+01   05.79985000e+01   03.73282000e+01  -03.37389000e-02
  07.04091000e+01   05.74652000e+01   03.48102000e+01   03.64969000e-02
  07.32094000e+01   05.38426000e+01   04.01497000e+01   00.00000000e+00
  06.82600000e+01   05.23827000e+01   03.40614000e+01  -09.58259000e-02
  06.44027000e+01   05.34308000e+01   03.60093000e+01  -01.77941000e-01
  06.59762000e+01   05.74892000e+01   03.66470000e+01   06.74294000e-02
  06.96817000e+01   05.62466000e+01   03.47985000e+01   01.44326000e-01
  07.57236000e+01   05.34186000e+01   04.08111000e+01   00.00000000e+00
  07.70200000e+01   05.41655000e+01   04.07870000e+01   00.00000000e+00
  07.68732000e+01   05.57162000e+01   04.07985000e+01   00.00000000e+00
  07.82090000e+01   05.64825000e+01   04.06406000e+01   00.00000000e+00
  07.88818000e+01   05.62067000e+01   03.93683000e+01   00.00000000e+00
  07.90756000e+01   05.64093000e+01   04.19432000e+01   00.00000000e+00
  07.84580000e+01   05.67717000e+01   04.33235000e+01   00.00000000e+00
  07.95733000e+01   05.69256000e+01   04.42888000e+01   00.00000000e+00
  07.92105000e+01   05.71809000e+01   04.57325000e+01   00.00000000e+00
  07.81557000e+01   05.82591000e+01   04.59477000e+01   00.00000000e+00
  08.04002000e+01   05.74606000e+01   04.66315000e+01   00.00000000e+00
  08.01183000e+01   05.76376000e+01   04.81747000e+01   00.00000000e+00
  07.94270000e+01   05.64870000e+01   04.89097000e+01   00.00000000e+00
  07.92140000e+01   05.67482000e+01   05.04630000e+01   00.00000000e+00
  07.83768000e+01   05.80830000e+01   05.06601000e+01   00.00000000e+00
  07.83613000e+01   05.55661000e+01   05.10650000e+01   00.00000000e+00
  06.57013000e+01   05.61804000e+01   03.63166000e+01   03.65717000e-02
  06.70493000e+01   05.49100000e+01   03.53095000e+01  -06.37550000e-03
  06.99059000e+01   06.04280000e+01   03.46326000e+01   01.79582000e-02
  06.91633000e+01   06.02983000e+01   03.62409000e+01   01.23366000e-02
  07.08549000e+01   05.98497000e+01   03.60162000e+01   01.80857000e-02
  06.23772000e+01   05.59521000e+01   03.85265000e+01  -03.55350000e-03
  06.26393000e+01   05.75690000e+01   03.89862000e+01  -05.48890000e-03
  06.18749000e+01   05.72645000e+01   03.75157000e+01  -05.73590000e-03
  06.34675000e+01   04.96301000e+01   03.49034000e+01  -01.16015000e-02
  06.44982000e+01   04.98085000e+01   03.37192000e+01  -01.03548000e-02
  06.51971000e+01   04.92424000e+01   03.52221000e+01  -01.10806000e-02
  07.01489000e+01   05.05437000e+01   03.17096000e+01  -06.50300000e-03
  06.83363000e+01   05.06093000e+01   03.18829000e+01  -03.84930000e-03
  06.92165000e+01   05.19749000e+01   03.13176000e+01  -06.75510000e-03
  07.36444000e+01   05.50340000e+01   03.03861000e+01   06.96000000e-05
  07.43566000e+01   05.35037000e+01   03.10484000e+01  -02.56130000e-03
  07.26893000e+01   05.36819000e+01   03.05628000e+01  -08.86000000e-04
  06.62623000e+01   06.05108000e+01   03.83110000e+01   02.66600000e-04
  06.51065000e+01   06.02768000e+01   03.97317000e+01   02.07780000e-03
  06.60688000e+01   05.88541000e+01   03.91560000e+01   03.44650000e-03
  06.09684000e+01   05.20078000e+01   03.79400000e+01   02.98050000e-03
  06.27453000e+01   05.26117000e+01   03.84845000e+01  -05.01900000e-04
  07.13315000e+01   05.28240000e+01   03.63691000e+01  -05.40000000e-06
  07.09408000e+01   05.11144000e+01   03.61271000e+01  -02.73660000e-03
  06.46695000e+01   06.00257000e+01   03.70224000e+01   06.65000000e-04
  06.36057000e+01   05.93384000e+01   03.83006000e+01  -04.07950000e-03
  07.20192000e+01   05.12146000e+01   03.37570000e+01   01.58140000e-02
  07.27133000e+01   05.27123000e+01   03.40754000e+01   09.11190000e-03
  07.87671000e+01   05.45857000e+01   05.08556000e+01   00.00000000e+00
  07.83016000e+01   05.55147000e+01   05.21619000e+01   00.00000000e+00
  07.74379000e+01   05.56440000e+01   05.05580000e+01   00.00000000e+00
  07.89717000e+01   05.89531000e+01   05.03980000e+01   00.00000000e+00
  07.74625000e+01   05.80441000e+01   05.00755000e+01   00.00000000e+00
  07.82300000e+01   05.81731000e+01   05.17450000e+01   00.00000000e+00
  07.84571000e+01   05.62519000e+01   04.84996000e+01   00.00000000e+00
  08.00342000e+01   05.55957000e+01   04.88113000e+01   00.00000000e+00
  08.11183000e+01   05.78008000e+01   04.86113000e+01   00.00000000e+00
  07.96008000e+01   05.84944000e+01   04.82064000e+01   00.00000000e+00
  08.10549000e+01   05.66115000e+01   04.64688000e+01   00.00000000e+00
  08.09436000e+01   05.82945000e+01   04.62653000e+01   00.00000000e+00
  07.78416000e+01   05.85103000e+01   04.69455000e+01   00.00000000e+00
  07.85675000e+01   05.91273000e+01   04.55191000e+01   00.00000000e+00
  07.71765000e+01   05.80660000e+01   04.54307000e+01   00.00000000e+00
  08.01349000e+01   05.59840000e+01   04.42893000e+01   00.00000000e+00
  08.02194000e+01   05.76673000e+01   04.38911000e+01   00.00000000e+00
  07.81419000e+01   05.78059000e+01   04.32539000e+01   00.00000000e+00
  07.76184000e+01   05.61628000e+01   04.36153000e+01   00.00000000e+00
  07.96333000e+01   05.55060000e+01   04.21509000e+01   00.00000000e+00
  07.98773000e+01   05.71033000e+01   04.17904000e+01   00.00000000e+00
  06.72335000e+01   05.92811000e+01   03.65831000e+01   07.20400000e-04
  06.27561000e+01   05.44995000e+01   03.69170000e+01  -02.39543000e-02
  06.69621000e+01   05.07072000e+01   03.38861000e+01   04.89340000e-03
  07.24783000e+01   05.49786000e+01   03.45896000e+01  -02.28199000e-02
  06.17366000e+01   05.14087000e+01   03.57942000e+01  -01.51750000e-03
  07.92554000e+01   05.52228000e+01   03.94051000e+01   00.00000000e+00
  07.81480000e+01   05.61673000e+01   03.85863000e+01   00.00000000e+00
  07.97035000e+01   05.69790000e+01   03.92672000e+01   00.00000000e+00
  07.79695000e+01   05.75345000e+01   04.04668000e+01   00.00000000e+00
  07.61801000e+01   05.59406000e+01   04.00247000e+01   00.00000000e+00
  07.62983000e+01   05.59309000e+01   04.16743000e+01   00.00000000e+00
  07.76761000e+01   05.38677000e+01   04.15964000e+01   00.00000000e+00
  07.74533000e+01   05.39774000e+01   03.97654000e+01   00.00000000e+00
  07.52995000e+01   05.34970000e+01   04.18443000e+01   00.00000000e+00
  07.61170000e+01   05.24485000e+01   04.06882000e+01   00.00000000e+00
  07.28514000e+01   05.48882000e+01   04.01493000e+01   00.00000000e+00
  07.26886000e+01   05.32945000e+01   03.94173000e+01   00.00000000e+00
  07.30431000e+01   05.34841000e+01   04.12048000e+01   00.00000000e+00
  06.96442000e+01   05.07649000e+01   03.40672000e+01   05.57290000e-03
  07.09169000e+01   05.29384000e+01   03.26250000e+01  -01.28866000e-02
  07.51483000e+01   05.43888000e+01   03.78352000e+01   00.00000000e+00
  08.02061000e+01   05.66666000e+01   05.09388000e+01   00.00000000e+00
  07.87889000e+01   05.62742000e+01   04.60772000e+01   00.00000000e+00
  07.45026000e+01   05.14676000e+01   03.85618000e+01  -01.99830000e-03
  07.56693000e+01   05.18981000e+01   03.72494000e+01  -01.85290000e-03
