  07.09204000e+01   05.19557000e+01   03.39304000e+01  -06.11779000e-02
  06.19944000e+01   05.21937000e+01   03.70743000e+01   01.75852000e-02
  06.45431000e+01   05.97991000e+01   03.79211000e+01   01.01800000e-02
  07.11452000e+01   05.70983000e+01   03.39257000e+01  -01.32723000e-02
  06.76934000e+01   05.36114000e+01   03.40480000e+01  -04.57645000e-02
  07.06839000e+01   05.19543000e+01   03.54841000e+01   02.46758000e-02
  06.18256000e+01   05.11446000e+01   03.79206000e+01  -01.71993000e-02
  06.54417000e+01   06.00736000e+01   03.90953000e+01  -09.39340000e-03
  07.11336000e+01   05.55183000e+01   03.34437000e+01   07.66074000e-02
  06.50029000e+01   05.35303000e+01   03.54279000e+01   09.44338000e-02
  07.21528000e+01   05.78211000e+01   03.37715000e+01   01.54319000e-02
  07.17890000e+01   05.11616000e+01   03.61068000e+01  -01.56515000e-02
  07.14579000e+01   05.53895000e+01   03.19762000e+01  -02.00050000e-02
  06.78478000e+01   05.64154000e+01   03.49096000e+01  -08.09918000e-02
  07.23523000e+01   05.41349000e+01   03.03389000e+01   04.03650000e-03
  06.96660000e+01   05.51078000e+01   03.37187000e+01  -01.43447000e-01
  06.61107000e+01   05.17041000e+01   03.42526000e+01   01.23287000e-02
  06.35702000e+01   05.48103000e+01   03.69621000e+01   02.21683000e-01
  06.66151000e+01   05.84224000e+01   03.58953000e+01  -05.42921000e-02
  06.79490000e+01   05.09157000e+01   03.17441000e+01   02.66866000e-02
  06.36771000e+01   04.99364000e+01   03.53635000e+01   04.35609000e-02
  06.24513000e+01   05.72953000e+01   03.86446000e+01   02.36507000e-02
  06.93276000e+01   05.98024000e+01   03.51172000e+01  -06.09964000e-02
  07.39613000e+01   05.13173000e+01   03.70677000e+01   08.71130000e-03
  06.90818000e+01   05.38071000e+01   03.36602000e+01   01.26858000e-01
  06.50312000e+01   05.22339000e+01   03.49998000e+01  -03.45042000e-02
  06.41158000e+01   05.60759000e+01   03.69509000e+01  -02.04376000e-01
  06.77645000e+01   05.77734000e+01   03.52673000e+01   07.60142000e-02
  07.19016000e+01   04.99664000e+01   03.61033000e+01   05.08730000e-03
  07.12960000e+01   05.63166000e+01   03.11502000e+01   06.92200000e-04
  07.48003000e+01   05.21089000e+01   03.81290000e+01   00.00000000e+00
  06.96805000e+01   05.25203000e+01   03.31148000e+01   07.64245000e-02
  06.38924000e+01   05.14776000e+01   03.55020000e+01  -04.66821000e-02
  06.37415000e+01   05.72645000e+01   03.77439000e+01   01.65461000e-02
  06.89967000e+01   05.84202000e+01   03.49604000e+01   05.49912000e-02
  07.28033000e+01   05.19870000e+01   03.65820000e+01   03.30200000e-04
  07.21153000e+01   05.42540000e+01   03.17455000e+01   04.02810000e-03
  07.61391000e+01   05.21759000e+01   03.81661000e+01   00.00000000e+00
  06.84329000e+01   05.14760000e+01   03.31226000e+01  -04.69336000e-02
  06.31549000e+01   05.24380000e+01   03.61918000e+01  -07.68710000e-03
  06.45835000e+01   05.83268000e+01   03.74253000e+01  -03.37389000e-02
  06.98326000e+01   05.74410000e+01   03.44076000e+01   03.64969000e-02
  07.70128000e+01   05.10235000e+01   03.85477000e+01   00.00000000e+00
  06.73118000e+01   05.23286000e+01   03.38041000e+01  -09.58259000e-02
  06.38699000e+01   05.36963000e+01   03.61672000e+01  -01.77941000e-01
  06.55065000e+01   05.77734000e+01   03.64085000e+01   06.74294000e-02
  06.90290000e+01   05.62366000e+01   03.43263000e+01   01.44326000e-01
  07.68562000e+01   05.33855000e+01   03.75030000e+01   00.00000000e+00
  07.65918000e+01   05.47506000e+01   03.81852000e+01   00.00000000e+00
  07.69498000e+01   05.46716000e+01   03.96475000e+01   00.00000000e+00
  07.71380000e+01   05.59602000e+01   04.04742000e+01   00.00000000e+00
  07.83938000e+01   05.67442000e+01   04.01794000e+01   00.00000000e+00
  07.70559000e+01   05.56421000e+01   04.19823000e+01   00.00000000e+00
  07.73264000e+01   05.67630000e+01   04.29399000e+01   00.00000000e+00
  07.68522000e+01   05.64250000e+01   04.43869000e+01   00.00000000e+00
  07.71210000e+01   05.76394000e+01   04.54036000e+01   00.00000000e+00
  07.85925000e+01   05.77820000e+01   04.59097000e+01   00.00000000e+00
  07.61137000e+01   05.76603000e+01   04.66094000e+01   00.00000000e+00
  07.60322000e+01   05.90603000e+01   04.73055000e+01   00.00000000e+00
  07.51921000e+01   05.90757000e+01   04.86011000e+01   00.00000000e+00
  07.47267000e+01   06.05289000e+01   04.90219000e+01   00.00000000e+00
  07.37062000e+01   06.11086000e+01   04.79702000e+01   00.00000000e+00
  07.43714000e+01   06.05476000e+01   05.05484000e+01   00.00000000e+00
  06.52634000e+01   05.63783000e+01   03.62591000e+01   03.65717000e-02
  06.64708000e+01   05.49893000e+01   03.52008000e+01  -06.37550000e-03
  06.83302000e+01   06.03638000e+01   03.51910000e+01   01.79582000e-02
  06.97863000e+01   05.98561000e+01   03.60294000e+01   01.23366000e-02
  06.99415000e+01   06.01766000e+01   03.42830000e+01   01.80857000e-02
  06.17920000e+01   05.63951000e+01   03.85284000e+01  -03.55350000e-03
  06.29693000e+01   05.71713000e+01   03.95775000e+01  -05.48890000e-03
  06.18590000e+01   05.82082000e+01   03.85596000e+01  -05.73590000e-03
  06.44620000e+01   04.94696000e+01   03.58016000e+01  -01.16015000e-02
  06.26628000e+01   04.96479000e+01   03.57983000e+01  -01.03548000e-02
  06.37425000e+01   04.98211000e+01   03.42955000e+01  -01.10806000e-02
  06.69667000e+01   05.04338000e+01   03.19445000e+01  -06.50300000e-03
  06.77328000e+01   05.17416000e+01   03.10321000e+01  -03.84930000e-03
  06.85960000e+01   05.01438000e+01   03.13213000e+01  -06.75510000e-03
  07.27837000e+01   05.32032000e+01   03.02240000e+01   06.96000000e-05
  07.14596000e+01   05.42338000e+01   02.96806000e+01  -02.56130000e-03
  07.30723000e+01   05.49105000e+01   03.00229000e+01  -08.86000000e-04
  06.50357000e+01   06.08247000e+01   03.98209000e+01   02.66600000e-04
  06.55668000e+01   05.91688000e+01   03.96266000e+01   02.07780000e-03
  06.64606000e+01   06.03789000e+01   03.88756000e+01   03.44650000e-03
  06.08831000e+01   05.10280000e+01   03.84571000e+01   02.98050000e-03
  06.25955000e+01   05.04210000e+01   03.81143000e+01  -05.01900000e-04
  07.07368000e+01   05.30195000e+01   03.57347000e+01  -05.40000000e-06
  06.97213000e+01   05.14541000e+01   03.57877000e+01  -02.73660000e-03
  06.47036000e+01   06.05549000e+01   03.71947000e+01   06.65000000e-04
  06.35182000e+01   05.99979000e+01   03.81746000e+01  -04.07950000e-03
  07.11990000e+01   05.09452000e+01   03.35426000e+01   01.58140000e-02
  07.17393000e+01   05.26724000e+01   03.38191000e+01   09.11190000e-03
  07.41282000e+01   05.95516000e+01   05.08921000e+01   00.00000000e+00
  07.52471000e+01   06.07043000e+01   05.11422000e+01   00.00000000e+00
  07.35557000e+01   06.12267000e+01   05.07513000e+01   00.00000000e+00
  07.27697000e+01   06.05818000e+01   04.78512000e+01   00.00000000e+00
  07.34302000e+01   06.21657000e+01   04.82775000e+01   00.00000000e+00
  07.41713000e+01   06.11969000e+01   04.70649000e+01   00.00000000e+00
  07.43579000e+01   05.84393000e+01   04.84318000e+01   00.00000000e+00
  07.58250000e+01   05.86416000e+01   04.93992000e+01   00.00000000e+00
  07.70109000e+01   05.95332000e+01   04.75524000e+01   00.00000000e+00
  07.55540000e+01   05.96325000e+01   04.65796000e+01   00.00000000e+00
  07.51256000e+01   05.76559000e+01   04.61103000e+01   00.00000000e+00
  07.64679000e+01   05.69070000e+01   04.73233000e+01   00.00000000e+00
  07.92642000e+01   05.76884000e+01   04.50889000e+01   00.00000000e+00
  07.87090000e+01   05.88190000e+01   04.62550000e+01   00.00000000e+00
  07.89003000e+01   05.70082000e+01   04.66809000e+01   00.00000000e+00
  07.57663000e+01   05.61428000e+01   04.44542000e+01   00.00000000e+00
  07.73933000e+01   05.55713000e+01   04.48553000e+01   00.00000000e+00
  07.83682000e+01   05.70825000e+01   04.30546000e+01   00.00000000e+00
  07.67282000e+01   05.76129000e+01   04.26565000e+01   00.00000000e+00
  07.60979000e+01   05.52964000e+01   04.20564000e+01   00.00000000e+00
  07.78473000e+01   05.49647000e+01   04.23058000e+01   00.00000000e+00
  06.66855000e+01   05.94502000e+01   03.61294000e+01   07.20400000e-04
  06.27060000e+01   05.47405000e+01   03.76200000e+01  -02.39543000e-02
  06.59523000e+01   05.06609000e+01   03.39336000e+01   04.89340000e-03
  07.18799000e+01   05.49746000e+01   03.40153000e+01  -02.28199000e-02
  06.11110000e+01   05.28517000e+01   03.69073000e+01  -01.51750000e-03
  07.92422000e+01   05.61772000e+01   04.06612000e+01   00.00000000e+00
  07.86078000e+01   05.67468000e+01   03.90683000e+01   00.00000000e+00
  07.83728000e+01   05.78095000e+01   04.05770000e+01   00.00000000e+00
  07.62715000e+01   05.65944000e+01   04.02892000e+01   00.00000000e+00
  07.62104000e+01   05.40544000e+01   04.01106000e+01   00.00000000e+00
  07.78560000e+01   05.40730000e+01   03.96547000e+01   00.00000000e+00
  07.72428000e+01   05.55103000e+01   03.76544000e+01   00.00000000e+00
  07.55366000e+01   05.50610000e+01   03.81635000e+01   00.00000000e+00
  07.79366000e+01   05.31389000e+01   03.74336000e+01   00.00000000e+00
  07.64131000e+01   05.34989000e+01   03.65376000e+01   00.00000000e+00
  07.80519000e+01   05.10523000e+01   03.81010000e+01   00.00000000e+00
  07.71002000e+01   05.09670000e+01   03.95814000e+01   00.00000000e+00
  07.64959000e+01   05.01098000e+01   03.81299000e+01   00.00000000e+00
  06.88018000e+01   05.06550000e+01   03.37045000e+01   05.57290000e-03
  06.98966000e+01   05.25484000e+01   03.20410000e+01  -01.28866000e-02
  07.43038000e+01   05.23947000e+01   03.90007000e+01   00.00000000e+00
  07.56485000e+01   06.11787000e+01   04.90020000e+01   00.00000000e+00
  07.67859000e+01   05.84903000e+01   04.47887000e+01   00.00000000e+00
  07.37488000e+01   05.02965000e+01   03.75269000e+01  -01.99830000e-03
  07.46359000e+01   05.12380000e+01   03.61310000e+01  -01.85290000e-03
