  06.90833000e+01   05.07778000e+01   03.51702000e+01  -06.11779000e-02
  05.98919000e+01   05.05849000e+01   03.80051000e+01   01.75852000e-02
  06.24099000e+01   05.82108000e+01   03.88268000e+01   01.01800000e-02
  06.91290000e+01   05.57840000e+01   03.48795000e+01  -01.32723000e-02
  06.58088000e+01   05.22281000e+01   03.54036000e+01  -04.57645000e-02
  06.89301000e+01   05.07694000e+01   03.67115000e+01   02.46758000e-02
  05.89536000e+01   04.96972000e+01   03.75813000e+01  -01.71993000e-02
  06.33976000e+01   05.83321000e+01   04.00766000e+01  -09.39340000e-03
  06.91175000e+01   05.42642000e+01   03.46451000e+01   07.66074000e-02
  06.30952000e+01   05.20132000e+01   03.66217000e+01   09.44338000e-02
  07.00017000e+01   05.66654000e+01   03.46691000e+01   01.54319000e-02
  07.01271000e+01   05.05886000e+01   03.75863000e+01  -01.56515000e-02
  06.95178000e+01   05.41167000e+01   03.32270000e+01  -02.00050000e-02
  06.57837000e+01   05.50852000e+01   03.59724000e+01  -08.09918000e-02
  07.11208000e+01   05.28499000e+01   03.19142000e+01   04.03650000e-03
  06.76852000e+01   05.38365000e+01   03.50699000e+01  -01.43447000e-01
  06.44258000e+01   05.01960000e+01   03.55021000e+01   01.23287000e-02
  06.13685000e+01   05.33503000e+01   03.76763000e+01   02.21683000e-01
  06.46119000e+01   05.69478000e+01   03.70718000e+01  -05.42921000e-02
  06.62757000e+01   04.98745000e+01   03.27345000e+01   02.66866000e-02
  06.19292000e+01   04.84783000e+01   03.65419000e+01   04.35609000e-02
  06.01330000e+01   05.59464000e+01   03.92045000e+01   02.36507000e-02
  06.73290000e+01   05.86086000e+01   03.62326000e+01  -06.09964000e-02
  07.08473000e+01   05.08080000e+01   03.98433000e+01   08.71130000e-03
  06.71054000e+01   05.25665000e+01   03.49850000e+01   01.26858000e-01
  06.32532000e+01   05.06993000e+01   03.62089000e+01  -03.45042000e-02
  06.19896000e+01   05.46222000e+01   03.76718000e+01  -02.04376000e-01
  06.57420000e+01   05.64505000e+01   03.63262000e+01   07.60142000e-02
  07.11021000e+01   04.99395000e+01   03.73150000e+01   05.08730000e-03
  06.92461000e+01   05.48225000e+01   03.22802000e+01   06.92200000e-04
  07.06505000e+01   05.18649000e+01   04.09268000e+01   00.00000000e+00
  06.78273000e+01   05.13399000e+01   03.43666000e+01   07.64245000e-02
  06.20891000e+01   04.99283000e+01   03.67757000e+01  -04.66821000e-02
  06.14075000e+01   05.58445000e+01   03.83383000e+01   01.65461000e-02
  06.69730000e+01   05.71289000e+01   03.59659000e+01   05.49912000e-02
  06.99735000e+01   05.12148000e+01   03.87875000e+01   03.30200000e-04
  07.04157000e+01   05.31145000e+01   03.31784000e+01   04.02810000e-03
  07.14250000e+01   05.22972000e+01   04.18758000e+01   00.00000000e+00
  06.66813000e+01   05.02324000e+01   03.42652000e+01  -04.69336000e-02
  06.11685000e+01   05.08225000e+01   03.73042000e+01  -07.68710000e-03
  06.23910000e+01   05.68406000e+01   03.82128000e+01  -03.37389000e-02
  06.78200000e+01   05.61081000e+01   03.53969000e+01   03.64969000e-02
  07.14773000e+01   05.15824000e+01   04.32490000e+01   00.00000000e+00
  06.55359000e+01   05.09425000e+01   03.50781000e+01  -09.58259000e-02
  06.18455000e+01   05.21344000e+01   03.72705000e+01  -01.77941000e-01
  06.34734000e+01   05.62719000e+01   03.74714000e+01   06.74294000e-02
  06.69571000e+01   05.49339000e+01   03.54120000e+01   01.44326000e-01
  07.24663000e+01   05.34303000e+01   04.16319000e+01   00.00000000e+00
  07.38955000e+01   05.30446000e+01   04.12616000e+01   00.00000000e+00
  07.46875000e+01   05.43905000e+01   04.10266000e+01   00.00000000e+00
  07.47494000e+01   05.54559000e+01   04.22264000e+01   00.00000000e+00
  07.55610000e+01   05.67025000e+01   04.17966000e+01   00.00000000e+00
  07.53113000e+01   05.48340000e+01   04.35982000e+01   00.00000000e+00
  07.51357000e+01   05.57553000e+01   04.48422000e+01   00.00000000e+00
  07.57471000e+01   05.51104000e+01   04.60832000e+01   00.00000000e+00
  07.54249000e+01   05.58225000e+01   04.74566000e+01   00.00000000e+00
  07.39331000e+01   05.57331000e+01   04.77714000e+01   00.00000000e+00
  07.62295000e+01   05.72666000e+01   04.75613000e+01   00.00000000e+00
  07.61244000e+01   05.79233000e+01   04.90061000e+01   00.00000000e+00
  07.68001000e+01   05.93111000e+01   04.91317000e+01   00.00000000e+00
  07.83436000e+01   05.93754000e+01   04.93375000e+01   00.00000000e+00
  07.88178000e+01   06.08155000e+01   04.96217000e+01   00.00000000e+00
  07.88909000e+01   05.84363000e+01   05.04611000e+01   00.00000000e+00
  06.32646000e+01   05.49303000e+01   03.72296000e+01   03.65717000e-02
  06.44684000e+01   05.36173000e+01   03.62597000e+01  -06.37550000e-03
  06.69891000e+01   05.88574000e+01   03.73049000e+01   01.79582000e-02
  06.84567000e+01   05.87634000e+01   03.63151000e+01   01.23366000e-02
  06.69865000e+01   05.92918000e+01   03.54326000e+01   01.80857000e-02
  05.96372000e+01   05.69017000e+01   03.92720000e+01  -03.55350000e-03
  05.94087000e+01   05.52485000e+01   03.88746000e+01  -05.48890000e-03
  06.03175000e+01   05.54990000e+01   04.01505000e+01  -05.73590000e-03
  06.16942000e+01   04.80386000e+01   03.75168000e+01  -01.16015000e-02
  06.12803000e+01   04.82942000e+01   03.56943000e+01  -01.03548000e-02
  06.28535000e+01   04.79450000e+01   03.62509000e+01  -01.10806000e-02
  06.69776000e+01   04.90929000e+01   03.23938000e+01  -06.50300000e-03
  06.52683000e+01   04.94703000e+01   03.26656000e+01  -03.84930000e-03
  06.62578000e+01   05.06353000e+01   03.20031000e+01  -06.75510000e-03
  07.04446000e+01   05.25168000e+01   03.10759000e+01   06.96000000e-05
  07.17152000e+01   05.36624000e+01   03.15386000e+01  -02.56130000e-03
  07.17888000e+01   05.20086000e+01   03.22047000e+01  -08.86000000e-04
  06.33238000e+01   05.74340000e+01   04.06889000e+01   02.66600000e-04
  06.43972000e+01   05.85489000e+01   03.97345000e+01   02.07780000e-03
  06.30661000e+01   05.91950000e+01   04.06381000e+01   03.44650000e-03
  05.79573000e+01   04.97670000e+01   03.81343000e+01   02.98050000e-03
  05.90109000e+01   04.90969000e+01   03.66443000e+01  -05.01900000e-04
  06.85459000e+01   05.17496000e+01   03.69477000e+01  -05.40000000e-06
  06.81571000e+01   05.00980000e+01   03.71135000e+01  -02.73660000e-03
  06.27164000e+01   05.89244000e+01   03.80595000e+01   06.65000000e-04
  06.14244000e+01   05.84889000e+01   03.93000000e+01  -04.07950000e-03
  06.94357000e+01   04.98241000e+01   03.47611000e+01   01.58140000e-02
  06.99183000e+01   05.14800000e+01   03.50756000e+01   09.11190000e-03
  07.87604000e+01   05.74408000e+01   05.01653000e+01   00.00000000e+00
  07.99712000e+01   05.85820000e+01   05.06548000e+01   00.00000000e+00
  07.83241000e+01   05.87326000e+01   05.13664000e+01   00.00000000e+00
  07.98954000e+01   06.08373000e+01   04.96289000e+01   00.00000000e+00
  07.85659000e+01   06.15519000e+01   04.88254000e+01   00.00000000e+00
  07.83177000e+01   06.11855000e+01   05.06025000e+01   00.00000000e+00
  07.66285000e+01   05.97144000e+01   04.80832000e+01   00.00000000e+00
  07.62255000e+01   05.98945000e+01   04.98554000e+01   00.00000000e+00
  07.50332000e+01   05.79541000e+01   04.91415000e+01   00.00000000e+00
  07.64296000e+01   05.72637000e+01   04.97044000e+01   00.00000000e+00
  07.72860000e+01   05.72047000e+01   04.73495000e+01   00.00000000e+00
  07.57711000e+01   05.79317000e+01   04.67724000e+01   00.00000000e+00
  07.33285000e+01   05.64559000e+01   04.72784000e+01   00.00000000e+00
  07.34767000e+01   05.47857000e+01   04.74527000e+01   00.00000000e+00
  07.38358000e+01   05.57552000e+01   04.88867000e+01   00.00000000e+00
  07.53885000e+01   05.40798000e+01   04.62190000e+01   00.00000000e+00
  07.68400000e+01   05.51857000e+01   04.59654000e+01   00.00000000e+00
  07.56398000e+01   05.66485000e+01   04.45882000e+01   00.00000000e+00
  07.40832000e+01   05.59603000e+01   04.49721000e+01   00.00000000e+00
  07.47208000e+01   05.39409000e+01   04.37281000e+01   00.00000000e+00
  07.63321000e+01   05.45940000e+01   04.34007000e+01   00.00000000e+00
  06.46561000e+01   05.80111000e+01   03.73985000e+01   07.20400000e-04
  06.04096000e+01   05.31768000e+01   03.80582000e+01  -02.39543000e-02
  06.44285000e+01   04.91218000e+01   03.52564000e+01   04.89340000e-03
  06.98618000e+01   05.37871000e+01   03.53840000e+01  -02.28199000e-02
  05.96246000e+01   05.11697000e+01   03.88991000e+01  -01.51750000e-03
  07.53061000e+01   05.68839000e+01   04.07624000e+01   00.00000000e+00
  07.51607000e+01   05.74938000e+01   04.24246000e+01   00.00000000e+00
  07.66137000e+01   05.66932000e+01   04.18838000e+01   00.00000000e+00
  07.37538000e+01   05.58451000e+01   04.24888000e+01   00.00000000e+00
  07.56774000e+01   05.42163000e+01   04.05352000e+01   00.00000000e+00
  07.42097000e+01   05.49882000e+01   04.01640000e+01   00.00000000e+00
  07.42586000e+01   05.24696000e+01   04.20743000e+01   00.00000000e+00
  07.39299000e+01   05.23769000e+01   04.03811000e+01   00.00000000e+00
  07.21269000e+01   05.41912000e+01   04.09508000e+01   00.00000000e+00
  07.25834000e+01   05.38430000e+01   04.26116000e+01   00.00000000e+00
  07.11092000e+01   05.21788000e+01   04.41107000e+01   00.00000000e+00
  07.09460000e+01   05.06767000e+01   04.32603000e+01   00.00000000e+00
  07.25451000e+01   05.14017000e+01   04.33855000e+01   00.00000000e+00
  06.69857000e+01   04.92710000e+01   03.47354000e+01   05.57290000e-03
  06.82807000e+01   05.14974000e+01   03.33899000e+01  -01.28866000e-02
  06.97535000e+01   05.24181000e+01   04.08762000e+01   00.00000000e+00
  07.88574000e+01   05.89451000e+01   04.84525000e+01   00.00000000e+00
  07.59204000e+01   05.52022000e+01   04.81967000e+01   00.00000000e+00
  07.05525000e+01   04.97621000e+01   04.00074000e+01  -01.99830000e-03
  07.18831000e+01   05.09320000e+01   03.94328000e+01  -01.85290000e-03
