  06.87207000e+01   05.05855000e+01   03.39043000e+01  -06.11779000e-02
  05.95314000e+01   05.10550000e+01   03.52998000e+01   01.75852000e-02
  06.24287000e+01   05.84022000e+01   03.68047000e+01   01.01800000e-02
  06.91603000e+01   05.55751000e+01   03.32470000e+01  -01.32723000e-02
  06.57121000e+01   05.22783000e+01   03.33004000e+01  -04.57645000e-02
  06.95378000e+01   04.92665000e+01   03.36370000e+01   02.46758000e-02
  05.89455000e+01   04.99083000e+01   03.56934000e+01  -01.71993000e-02
  06.30106000e+01   05.84888000e+01   03.81994000e+01  -09.39340000e-03
  06.91873000e+01   05.40074000e+01   03.30642000e+01   07.66074000e-02
  06.28509000e+01   05.22622000e+01   03.42420000e+01   09.44338000e-02
  07.00936000e+01   05.62533000e+01   03.29507000e+01   01.54319000e-02
  07.00438000e+01   04.84889000e+01   03.47917000e+01  -01.56515000e-02
  06.96748000e+01   05.36981000e+01   03.16101000e+01  -02.00050000e-02
  06.57408000e+01   05.51545000e+01   03.38240000e+01  -08.09918000e-02
  07.07189000e+01   05.20608000e+01   03.03209000e+01   04.03650000e-03
  06.76833000e+01   05.36558000e+01   03.32992000e+01  -01.43447000e-01
  06.40652000e+01   05.04404000e+01   03.33023000e+01   01.23287000e-02
  06.12135000e+01   05.36207000e+01   03.54019000e+01   02.21683000e-01
  06.45702000e+01   05.70947000e+01   03.48194000e+01  -05.42921000e-02
  06.63657000e+01   04.98433000e+01   03.09408000e+01   02.66866000e-02
  06.14149000e+01   04.88042000e+01   03.40390000e+01   04.35609000e-02
  06.02354000e+01   05.59616000e+01   03.71191000e+01   02.36507000e-02
  06.74484000e+01   05.83619000e+01   03.45790000e+01  -06.09964000e-02
  07.17132000e+01   04.84493000e+01   03.65571000e+01   08.71130000e-03
  06.70331000e+01   05.24540000e+01   03.30713000e+01   01.26858000e-01
  06.29466000e+01   05.09495000e+01   03.38859000e+01  -03.45042000e-02
  06.18603000e+01   05.48663000e+01   03.55546000e+01  -02.04376000e-01
  06.56608000e+01   05.64661000e+01   03.41939000e+01   07.60142000e-02
  06.95548000e+01   04.74110000e+01   03.51158000e+01   05.08730000e-03
  06.92776000e+01   05.41923000e+01   03.05497000e+01   06.92200000e-04
  07.29849000e+01   04.91718000e+01   03.69246000e+01   00.00000000e+00
  06.77183000e+01   05.11142000e+01   03.27986000e+01   07.64245000e-02
  06.17328000e+01   05.02275000e+01   03.42461000e+01  -04.66821000e-02
  06.14764000e+01   05.59618000e+01   03.63603000e+01   01.65461000e-02
  06.70018000e+01   05.70149000e+01   03.41016000e+01   05.49912000e-02
  07.11628000e+01   04.91117000e+01   03.53679000e+01   03.30200000e-04
  07.05855000e+01   05.27222000e+01   03.16506000e+01   04.02810000e-03
  07.29856000e+01   05.03676000e+01   03.75884000e+01   00.00000000e+00
  06.65194000e+01   05.01269000e+01   03.24483000e+01  -04.69336000e-02
  06.08900000e+01   05.12239000e+01   03.48020000e+01  -07.68710000e-03
  06.24365000e+01   05.69990000e+01   03.61484000e+01  -03.37389000e-02
  06.78317000e+01   05.59486000e+01   03.36942000e+01   03.64969000e-02
  07.29538000e+01   05.16523000e+01   03.68860000e+01   00.00000000e+00
  06.53345000e+01   05.09803000e+01   03.30444000e+01  -09.58259000e-02
  06.16690000e+01   05.24646000e+01   03.48665000e+01  -01.77941000e-01
  06.34055000e+01   05.64186000e+01   03.52618000e+01   06.74294000e-02
  06.70004000e+01   05.48832000e+01   03.35821000e+01   01.44326000e-01
  07.30971000e+01   05.04544000e+01   03.90808000e+01   00.00000000e+00
  07.38806000e+01   04.93159000e+01   03.97125000e+01   00.00000000e+00
  07.37615000e+01   04.93239000e+01   04.11994000e+01   00.00000000e+00
  07.42085000e+01   05.06385000e+01   04.20325000e+01   00.00000000e+00
  07.55967000e+01   05.10977000e+01   04.14854000e+01   00.00000000e+00
  07.43494000e+01   05.03531000e+01   04.35261000e+01   00.00000000e+00
  07.45184000e+01   05.15575000e+01   04.44430000e+01   00.00000000e+00
  07.35210000e+01   05.27075000e+01   04.44343000e+01   00.00000000e+00
  07.36945000e+01   05.36990000e+01   04.56213000e+01   00.00000000e+00
  07.27036000e+01   05.48687000e+01   04.55226000e+01   00.00000000e+00
  07.51634000e+01   05.41597000e+01   04.60019000e+01   00.00000000e+00
  07.56778000e+01   05.51098000e+01   04.49673000e+01   00.00000000e+00
  07.71919000e+01   05.52460000e+01   04.49533000e+01   00.00000000e+00
  07.77398000e+01   05.65428000e+01   04.42872000e+01   00.00000000e+00
  07.93220000e+01   05.66625000e+01   04.45217000e+01   00.00000000e+00
  07.74201000e+01   05.65923000e+01   04.27865000e+01   00.00000000e+00
  06.30579000e+01   05.51260000e+01   03.49670000e+01   03.65717000e-02
  06.43250000e+01   05.37625000e+01   03.39246000e+01  -06.37550000e-03
  06.74657000e+01   05.82342000e+01   03.56901000e+01   01.79582000e-02
  06.84428000e+01   05.84930000e+01   03.42226000e+01   01.23366000e-02
  06.67894000e+01   05.92033000e+01   03.43056000e+01   01.80857000e-02
  05.99176000e+01   05.50070000e+01   03.74759000e+01  -03.55350000e-03
  06.03513000e+01   05.65876000e+01   03.80259000e+01  -05.48890000e-03
  05.95581000e+01   05.63399000e+01   03.63594000e+01  -05.73590000e-03
  06.21823000e+01   04.83311000e+01   03.33800000e+01  -01.16015000e-02
  06.15300000e+01   04.81344000e+01   03.49214000e+01  -01.03548000e-02
  06.04099000e+01   04.86726000e+01   03.36218000e+01  -01.10806000e-02
  06.54240000e+01   04.93148000e+01   03.07489000e+01  -06.50300000e-03
  06.63778000e+01   05.07723000e+01   03.03892000e+01  -03.84930000e-03
  06.70951000e+01   04.91967000e+01   03.05228000e+01  -06.75510000e-03
  06.96640000e+01   05.18842000e+01   02.99651000e+01   06.96000000e-05
  07.11927000e+01   05.28388000e+01   02.96883000e+01  -02.56130000e-03
  07.12691000e+01   05.11334000e+01   03.03013000e+01  -08.86000000e-04
  06.25421000e+01   05.77711000e+01   03.89469000e+01   02.66600000e-04
  06.40188000e+01   05.81452000e+01   03.80903000e+01   02.07780000e-03
  06.29465000e+01   05.94580000e+01   03.85775000e+01   03.44650000e-03
  05.79799000e+01   04.99229000e+01   03.60262000e+01   02.98050000e-03
  05.93525000e+01   04.88787000e+01   03.57356000e+01  -05.01900000e-04
  06.90041000e+01   04.85963000e+01   03.30015000e+01  -05.40000000e-06
  07.04549000e+01   04.96160000e+01   03.30937000e+01  -02.73660000e-03
  06.28711000e+01   05.92171000e+01   03.62247000e+01   06.65000000e-04
  06.13458000e+01   05.87073000e+01   03.68446000e+01  -04.07950000e-03
  06.93700000e+01   05.13943000e+01   03.41822000e+01   01.58140000e-02
  06.81431000e+01   05.03796000e+01   03.48046000e+01   09.11190000e-03
  07.76179000e+01   05.56182000e+01   04.23622000e+01   00.00000000e+00
  07.63449000e+01   05.67407000e+01   04.25283000e+01   00.00000000e+00
  07.80998000e+01   05.72777000e+01   04.23258000e+01   00.00000000e+00
  07.93248000e+01   05.65852000e+01   04.55693000e+01   00.00000000e+00
  07.98826000e+01   05.58684000e+01   04.40732000e+01   00.00000000e+00
  07.96435000e+01   05.76479000e+01   04.43355000e+01   00.00000000e+00
  07.74626000e+01   05.54916000e+01   04.59952000e+01   00.00000000e+00
  07.77341000e+01   05.42964000e+01   04.46076000e+01   00.00000000e+00
  07.55960000e+01   05.46498000e+01   04.39932000e+01   00.00000000e+00
  07.52686000e+01   05.60944000e+01   04.50540000e+01   00.00000000e+00
  07.52078000e+01   05.45578000e+01   04.69849000e+01   00.00000000e+00
  07.58352000e+01   05.32659000e+01   04.60049000e+01   00.00000000e+00
  07.26477000e+01   05.53520000e+01   04.64629000e+01   00.00000000e+00
  07.30483000e+01   05.56030000e+01   04.48049000e+01   00.00000000e+00
  07.16571000e+01   05.45528000e+01   04.52375000e+01   00.00000000e+00
  07.34882000e+01   05.32837000e+01   04.34660000e+01   00.00000000e+00
  07.25105000e+01   05.22687000e+01   04.46400000e+01   00.00000000e+00
  07.45820000e+01   05.11499000e+01   04.54290000e+01   00.00000000e+00
  07.54526000e+01   05.20328000e+01   04.43158000e+01   00.00000000e+00
  07.34559000e+01   04.98089000e+01   04.37594000e+01   00.00000000e+00
  07.50917000e+01   04.96204000e+01   04.37599000e+01   00.00000000e+00
  06.46403000e+01   05.80730000e+01   03.51490000e+01   07.20400000e-04
  06.02062000e+01   05.35081000e+01   03.58246000e+01  -02.39543000e-02
  06.39206000e+01   04.94295000e+01   03.28857000e+01   04.89340000e-03
  06.98417000e+01   05.35438000e+01   03.38000000e+01  -02.28199000e-02
  05.89442000e+01   05.19864000e+01   03.53597000e+01  -01.51750000e-03
  07.56542000e+01   05.12783000e+01   04.03530000e+01   00.00000000e+00
  07.58323000e+01   05.20979000e+01   04.18286000e+01   00.00000000e+00
  07.64507000e+01   05.04847000e+01   04.17803000e+01   00.00000000e+00
  07.34523000e+01   05.13996000e+01   04.18829000e+01   00.00000000e+00
  07.27567000e+01   04.91657000e+01   04.15361000e+01   00.00000000e+00
  07.44158000e+01   04.86227000e+01   04.15543000e+01   00.00000000e+00
  07.34917000e+01   04.83366000e+01   03.93522000e+01   00.00000000e+00
  07.49344000e+01   04.94912000e+01   03.93812000e+01   00.00000000e+00
  07.35367000e+01   05.13585000e+01   03.93612000e+01   00.00000000e+00
  07.20440000e+01   05.03563000e+01   03.94039000e+01   00.00000000e+00
  07.39302000e+01   05.21048000e+01   03.71285000e+01   00.00000000e+00
  07.29211000e+01   05.13888000e+01   03.58538000e+01   00.00000000e+00
  07.22052000e+01   05.23263000e+01   03.71583000e+01   00.00000000e+00
  06.65759000e+01   04.91436000e+01   03.29448000e+01   05.57290000e-03
  06.82212000e+01   05.13605000e+01   03.18781000e+01  -01.28866000e-02
  07.39150000e+01   04.88556000e+01   03.64146000e+01   00.00000000e+00
  07.72680000e+01   05.74089000e+01   04.47768000e+01   00.00000000e+00
  07.32938000e+01   05.31040000e+01   04.64558000e+01   00.00000000e+00
  07.10421000e+01   04.83616000e+01   03.74279000e+01  -01.99830000e-03
  07.19796000e+01   04.74057000e+01   03.62909000e+01  -01.85290000e-03
