  06.88961000e+01   05.18121000e+01   03.47470000e+01  -06.11779000e-02
  05.98908000e+01   05.29877000e+01   03.70614000e+01   01.75852000e-02
  06.37284000e+01   05.98176000e+01   03.92921000e+01   01.01800000e-02
  06.98123000e+01   05.68492000e+01   03.48500000e+01  -01.32723000e-02
  06.61000000e+01   05.36777000e+01   03.48555000e+01  -04.57645000e-02
  06.92550000e+01   05.03647000e+01   03.41914000e+01   02.46758000e-02
  05.92062000e+01   05.18850000e+01   03.75036000e+01  -01.71993000e-02
  06.48719000e+01   05.95837000e+01   04.03268000e+01  -09.39340000e-03
  06.96173000e+01   05.53001000e+01   03.45104000e+01   07.66074000e-02
  06.32803000e+01   05.39289000e+01   03.59670000e+01   09.44338000e-02
  07.08569000e+01   05.74847000e+01   03.47204000e+01   01.54319000e-02
  07.01875000e+01   04.94893000e+01   03.50859000e+01  -01.56515000e-02
  07.00622000e+01   05.48378000e+01   03.30942000e+01  -02.00050000e-02
  06.64423000e+01   05.66512000e+01   03.57521000e+01  -08.09918000e-02
  07.16668000e+01   05.33409000e+01   03.21178000e+01   04.03650000e-03
  06.81253000e+01   05.50491000e+01   03.47636000e+01  -01.43447000e-01
  06.42126000e+01   05.21127000e+01   03.46221000e+01   01.23287000e-02
  06.19253000e+01   05.52786000e+01   03.75270000e+01   02.21683000e-01
  06.56200000e+01   05.85571000e+01   03.70429000e+01  -05.42921000e-02
  06.62019000e+01   05.12914000e+01   03.21348000e+01   02.66866000e-02
  06.13064000e+01   05.08139000e+01   03.50234000e+01   04.35609000e-02
  06.12513000e+01   05.77122000e+01   03.95571000e+01   02.36507000e-02
  06.83815000e+01   05.99446000e+01   03.60570000e+01  -06.09964000e-02
  07.13640000e+01   04.94297000e+01   03.71556000e+01   08.71130000e-03
  06.73807000e+01   05.38356000e+01   03.44986000e+01   01.26858000e-01
  06.31740000e+01   05.27277000e+01   03.52881000e+01  -03.45042000e-02
  06.26588000e+01   05.65302000e+01   03.76560000e+01  -02.04376000e-01
  06.65964000e+01   05.79414000e+01   03.62350000e+01   07.60142000e-02
  07.06958000e+01   04.84179000e+01   03.47393000e+01   05.08730000e-03
  06.97492000e+01   05.52740000e+01   03.20134000e+01   06.92200000e-04
  07.22685000e+01   05.03818000e+01   03.78719000e+01   00.00000000e+00
  06.78884000e+01   05.25230000e+01   03.38360000e+01   07.64245000e-02
  06.18753000e+01   05.21268000e+01   03.55449000e+01  -04.66821000e-02
  06.23590000e+01   05.76776000e+01   03.85502000e+01   01.65461000e-02
  06.78770000e+01   05.84885000e+01   03.58155000e+01   05.49912000e-02
  07.05067000e+01   05.01915000e+01   03.62617000e+01   03.30200000e-04
  07.10080000e+01   05.39461000e+01   03.32675000e+01   04.02810000e-03
  07.24053000e+01   05.16583000e+01   03.76831000e+01   00.00000000e+00
  06.66028000e+01   05.16384000e+01   03.36650000e+01  -04.69336000e-02
  06.12379000e+01   05.30534000e+01   03.64607000e+01  -07.68710000e-03
  06.34892000e+01   05.85873000e+01   03.84435000e+01  -03.37389000e-02
  06.85543000e+01   05.73551000e+01   03.53431000e+01   03.64969000e-02
  07.34624000e+01   05.23410000e+01   03.69178000e+01   00.00000000e+00
  06.55773000e+01   05.25000000e+01   03.43911000e+01  -09.58259000e-02
  06.21712000e+01   05.41284000e+01   03.66749000e+01  -01.77941000e-01
  06.43371000e+01   05.79605000e+01   03.74274000e+01   06.74294000e-02
  06.75928000e+01   05.62762000e+01   03.52649000e+01   01.44326000e-01
  07.13707000e+01   05.25154000e+01   03.84030000e+01   00.00000000e+00
  07.19263000e+01   05.33766000e+01   03.95872000e+01   00.00000000e+00
  07.26390000e+01   05.24067000e+01   04.06472000e+01   00.00000000e+00
  07.34913000e+01   05.32089000e+01   04.16618000e+01   00.00000000e+00
  07.44862000e+01   05.42200000e+01   04.11509000e+01   00.00000000e+00
  07.43286000e+01   05.22304000e+01   04.25381000e+01   00.00000000e+00
  07.50845000e+01   05.26032000e+01   04.38155000e+01   00.00000000e+00
  07.42680000e+01   05.35915000e+01   04.47379000e+01   00.00000000e+00
  07.48895000e+01   05.39707000e+01   04.60705000e+01   00.00000000e+00
  07.39622000e+01   05.47960000e+01   04.69894000e+01   00.00000000e+00
  07.63763000e+01   05.44235000e+01   04.59870000e+01   00.00000000e+00
  07.65732000e+01   05.56567000e+01   04.51544000e+01   00.00000000e+00
  07.78089000e+01   05.64726000e+01   04.55181000e+01   00.00000000e+00
  07.79928000e+01   05.77141000e+01   04.46137000e+01   00.00000000e+00
  07.90847000e+01   05.86289000e+01   04.50983000e+01   00.00000000e+00
  07.83191000e+01   05.72417000e+01   04.32111000e+01   00.00000000e+00
  06.38644000e+01   05.66945000e+01   03.70644000e+01   03.65717000e-02
  06.49240000e+01   05.51378000e+01   03.59783000e+01  -06.37550000e-03
  06.91441000e+01   05.99079000e+01   03.67639000e+01   01.79582000e-02
  06.87208000e+01   06.04493000e+01   03.51475000e+01   01.23366000e-02
  06.74620000e+01   06.05093000e+01   03.64738000e+01   01.80857000e-02
  06.13649000e+01   05.68334000e+01   04.02388000e+01  -03.55350000e-03
  06.11784000e+01   05.87385000e+01   03.99512000e+01  -05.48890000e-03
  06.03779000e+01   05.75389000e+01   03.90463000e+01  -05.73590000e-03
  06.15159000e+01   05.00848000e+01   03.57609000e+01  -01.16015000e-02
  06.02096000e+01   05.08289000e+01   03.49407000e+01  -01.03548000e-02
  06.17235000e+01   05.05189000e+01   03.40445000e+01  -01.10806000e-02
  06.69306000e+01   05.05313000e+01   03.18130000e+01  -06.50300000e-03
  06.52454000e+01   05.07896000e+01   03.20594000e+01  -03.84930000e-03
  06.61663000e+01   05.21859000e+01   03.15643000e+01  -06.75510000e-03
  07.20771000e+01   05.41339000e+01   03.14390000e+01   06.96000000e-05
  07.23616000e+01   05.25829000e+01   03.24386000e+01  -02.56130000e-03
  07.08098000e+01   05.28586000e+01   03.16081000e+01  -08.86000000e-04
  06.44679000e+01   05.94149000e+01   04.13304000e+01   02.66600000e-04
  06.54299000e+01   05.87149000e+01   03.98987000e+01   02.07780000e-03
  06.55228000e+01   06.04787000e+01   04.03785000e+01   03.44650000e-03
  05.81844000e+01   05.18467000e+01   03.78595000e+01   02.98050000e-03
  05.97364000e+01   05.09078000e+01   03.75037000e+01  -05.01900000e-04
  06.83760000e+01   04.97251000e+01   03.42208000e+01  -05.40000000e-06
  06.97257000e+01   05.04309000e+01   03.31767000e+01  -02.73660000e-03
  06.39849000e+01   06.06384000e+01   03.86155000e+01   06.65000000e-04
  06.27975000e+01   06.00334000e+01   03.98113000e+01  -04.07950000e-03
  06.98256000e+01   05.23328000e+01   03.47638000e+01   01.58140000e-02
  06.84272000e+01   05.18232000e+01   03.58055000e+01   09.11190000e-03
  07.73881000e+01   05.69153000e+01   04.27448000e+01   00.00000000e+00
  07.87384000e+01   05.80261000e+01   04.25961000e+01   00.00000000e+00
  07.90735000e+01   05.64079000e+01   04.33236000e+01   00.00000000e+00
  07.87018000e+01   05.91177000e+01   04.59847000e+01   00.00000000e+00
  08.00321000e+01   05.81301000e+01   04.53530000e+01   00.00000000e+00
  07.92869000e+01   05.92671000e+01   04.43075000e+01   00.00000000e+00
  07.76841000e+01   05.69478000e+01   04.65367000e+01   00.00000000e+00
  07.87558000e+01   05.58956000e+01   04.53782000e+01   00.00000000e+00
  07.65865000e+01   05.51873000e+01   04.41545000e+01   00.00000000e+00
  07.56696000e+01   05.62902000e+01   04.51174000e+01   00.00000000e+00
  07.66714000e+01   05.46675000e+01   04.70610000e+01   00.00000000e+00
  07.70964000e+01   05.36077000e+01   04.56691000e+01   00.00000000e+00
  07.39497000e+01   05.57959000e+01   04.65915000e+01   00.00000000e+00
  07.29833000e+01   05.43259000e+01   04.70530000e+01   00.00000000e+00
  07.45026000e+01   05.49253000e+01   04.78931000e+01   00.00000000e+00
  07.40005000e+01   05.44916000e+01   04.41646000e+01   00.00000000e+00
  07.33268000e+01   05.31395000e+01   04.49238000e+01   00.00000000e+00
  07.54099000e+01   05.17357000e+01   04.44550000e+01   00.00000000e+00
  07.61004000e+01   05.29480000e+01   04.36443000e+01   00.00000000e+00
  07.35339000e+01   05.14954000e+01   04.29295000e+01   00.00000000e+00
  07.49095000e+01   05.15746000e+01   04.19061000e+01   00.00000000e+00
  06.57489000e+01   05.95624000e+01   03.74111000e+01   07.20400000e-04
  06.10673000e+01   05.53899000e+01   03.81072000e+01  -02.39543000e-02
  06.41149000e+01   05.11354000e+01   03.41034000e+01   04.89340000e-03
  07.00898000e+01   05.46515000e+01   03.52773000e+01  -02.28199000e-02
  05.93710000e+01   05.39428000e+01   03.71149000e+01  -01.51750000e-03
  07.51333000e+01   05.36932000e+01   04.04634000e+01   00.00000000e+00
  07.39609000e+01   05.49754000e+01   04.05813000e+01   00.00000000e+00
  07.50258000e+01   05.47322000e+01   04.19314000e+01   00.00000000e+00
  07.28557000e+01   05.37329000e+01   04.23613000e+01   00.00000000e+00
  07.18390000e+01   05.18898000e+01   04.10934000e+01   00.00000000e+00
  07.32362000e+01   05.16313000e+01   04.01926000e+01   00.00000000e+00
  07.25542000e+01   05.40310000e+01   03.91015000e+01   00.00000000e+00
  07.12705000e+01   05.38877000e+01   04.02152000e+01   00.00000000e+00
  07.08884000e+01   05.31529000e+01   03.76008000e+01   00.00000000e+00
  07.05756000e+01   05.18093000e+01   03.87242000e+01   00.00000000e+00
  07.41480000e+01   05.28200000e+01   03.76149000e+01   00.00000000e+00
  07.40131000e+01   05.15728000e+01   03.64361000e+01   00.00000000e+00
  07.30361000e+01   05.30209000e+01   03.62019000e+01   00.00000000e+00
  06.67244000e+01   05.07097000e+01   03.41728000e+01   05.57290000e-03
  06.83947000e+01   05.27813000e+01   03.29130000e+01  -01.28866000e-02
  07.27270000e+01   04.99917000e+01   03.87778000e+01   00.00000000e+00
  07.70611000e+01   05.83043000e+01   04.45290000e+01   00.00000000e+00
  07.50338000e+01   05.30125000e+01   04.65215000e+01   00.00000000e+00
  07.07439000e+01   04.87978000e+01   03.77823000e+01  -01.99830000e-03
  07.19985000e+01   04.86909000e+01   03.66350000e+01  -01.85290000e-03
