  07.17229000e+01   05.17578000e+01   03.43120000e+01  -06.11779000e-02
  06.21248000e+01   05.12212000e+01   03.59153000e+01   01.75852000e-02
  06.44894000e+01   05.86002000e+01   03.85159000e+01   01.01800000e-02
  07.14446000e+01   05.65691000e+01   03.46845000e+01  -01.32723000e-02
  06.83543000e+01   05.29504000e+01   03.46981000e+01  -04.57645000e-02
  07.17518000e+01   05.16758000e+01   03.58594000e+01   02.46758000e-02
  06.14875000e+01   05.15101000e+01   03.70488000e+01  -01.71993000e-02
  06.55902000e+01   05.92114000e+01   03.93658000e+01  -09.39340000e-03
  07.14789000e+01   05.50751000e+01   03.40509000e+01   07.66074000e-02
  06.56187000e+01   05.26540000e+01   03.56897000e+01   09.44338000e-02
  07.23734000e+01   05.73801000e+01   03.45048000e+01   01.54319000e-02
  07.30866000e+01   05.13153000e+01   03.64777000e+01  -01.56515000e-02
  07.16180000e+01   05.50772000e+01   03.25534000e+01  -02.00050000e-02
  06.82455000e+01   05.57124000e+01   03.57024000e+01  -08.09918000e-02
  07.29223000e+01   05.40913000e+01   03.08576000e+01   04.03650000e-03
  07.00700000e+01   05.45307000e+01   03.44860000e+01  -01.43447000e-01
  06.68770000e+01   05.10041000e+01   03.43698000e+01   01.23287000e-02
  06.37778000e+01   05.38087000e+01   03.69211000e+01   02.21683000e-01
  06.69064000e+01   05.75376000e+01   03.66312000e+01  -05.42921000e-02
  06.88654000e+01   05.02036000e+01   03.23702000e+01   02.66866000e-02
  06.42146000e+01   04.94705000e+01   03.41041000e+01   04.35609000e-02
  06.23511000e+01   05.61982000e+01   03.85607000e+01   02.36507000e-02
  06.96367000e+01   05.91376000e+01   03.60702000e+01  -06.09964000e-02
  07.47156000e+01   05.20405000e+01   03.81189000e+01   08.71130000e-03
  06.95944000e+01   05.32271000e+01   03.43664000e+01   01.26858000e-01
  06.57108000e+01   05.14994000e+01   03.49134000e+01  -03.45042000e-02
  06.43092000e+01   05.50244000e+01   03.72007000e+01  -02.04376000e-01
  06.80505000e+01   05.70379000e+01   03.60103000e+01   07.60142000e-02
  07.37299000e+01   05.02972000e+01   03.63080000e+01   05.08730000e-03
  07.08644000e+01   05.55929000e+01   03.17279000e+01   06.92200000e-04
  07.48666000e+01   05.30208000e+01   03.92726000e+01   00.00000000e+00
  07.03821000e+01   05.20746000e+01   03.36355000e+01   07.64245000e-02
  06.44514000e+01   05.08091000e+01   03.48865000e+01  -04.66821000e-02
  06.37161000e+01   05.61427000e+01   03.79178000e+01   01.65461000e-02
  06.93004000e+01   05.77988000e+01   03.56755000e+01   05.49912000e-02
  07.35306000e+01   05.23649000e+01   03.72734000e+01   03.30200000e-04
  07.28770000e+01   05.45445000e+01   03.22438000e+01   04.02810000e-03
  07.47589000e+01   05.27674000e+01   04.06008000e+01   00.00000000e+00
  06.93243000e+01   05.08824000e+01   03.36856000e+01  -04.69336000e-02
  06.35773000e+01   05.15740000e+01   03.56007000e+01  -07.68710000e-03
  06.46471000e+01   05.72461000e+01   03.78833000e+01  -03.37389000e-02
  07.01385000e+01   05.67823000e+01   03.51668000e+01   03.64969000e-02
  07.34388000e+01   05.24997000e+01   04.13270000e+01   00.00000000e+00
  06.81120000e+01   05.15785000e+01   03.43544000e+01  -09.58259000e-02
  06.43185000e+01   05.27472000e+01   03.61455000e+01  -01.77941000e-01
  06.57748000e+01   05.67931000e+01   03.71082000e+01   06.74294000e-02
  06.94061000e+01   05.55547000e+01   03.51067000e+01   01.44326000e-01
  07.60309000e+01   05.25795000e+01   04.14015000e+01   00.00000000e+00
  07.67673000e+01   05.39620000e+01   04.17565000e+01   00.00000000e+00
  07.57977000e+01   05.49915000e+01   04.24492000e+01   00.00000000e+00
  07.64742000e+01   05.61298000e+01   04.32535000e+01   00.00000000e+00
  07.75564000e+01   05.68278000e+01   04.24177000e+01   00.00000000e+00
  07.70509000e+01   05.56535000e+01   04.45903000e+01   00.00000000e+00
  07.68800000e+01   05.66956000e+01   04.57322000e+01   00.00000000e+00
  07.75276000e+01   05.61244000e+01   04.70720000e+01   00.00000000e+00
  07.76695000e+01   05.71510000e+01   04.82521000e+01   00.00000000e+00
  07.85166000e+01   05.67583000e+01   04.95219000e+01   00.00000000e+00
  07.62752000e+01   05.77788000e+01   04.87367000e+01   00.00000000e+00
  07.63606000e+01   05.88689000e+01   04.97892000e+01   00.00000000e+00
  07.49696000e+01   05.94234000e+01   05.01150000e+01   00.00000000e+00
  07.50647000e+01   06.05497000e+01   05.12107000e+01   00.00000000e+00
  07.38761000e+01   06.14730000e+01   05.11486000e+01   00.00000000e+00
  07.54286000e+01   06.00842000e+01   05.26488000e+01   00.00000000e+00
  06.55532000e+01   05.54505000e+01   03.67668000e+01   03.65717000e-02
  06.69343000e+01   05.41336000e+01   03.57117000e+01  -06.37550000e-03
  07.06744000e+01   05.89887000e+01   03.62540000e+01   01.79582000e-02
  06.94747000e+01   05.99153000e+01   03.52603000e+01   01.23366000e-02
  06.92442000e+01   05.94422000e+01   03.70244000e+01   01.80857000e-02
  06.23367000e+01   05.54271000e+01   03.93138000e+01  -03.55350000e-03
  06.22577000e+01   05.71683000e+01   03.89900000e+01  -05.48890000e-03
  06.16610000e+01   05.61134000e+01   03.77611000e+01  -05.73590000e-03
  06.31980000e+01   04.91075000e+01   03.43239000e+01  -01.16015000e-02
  06.43837000e+01   04.97913000e+01   03.30339000e+01  -01.03548000e-02
  06.49401000e+01   04.86448000e+01   03.42164000e+01  -01.10806000e-02
  06.82479000e+01   04.94064000e+01   03.27332000e+01  -06.50300000e-03
  06.83082000e+01   05.09544000e+01   03.18220000e+01  -03.84930000e-03
  06.96868000e+01   04.98691000e+01   03.18493000e+01  -06.75510000e-03
  07.38061000e+01   05.36428000e+01   03.05901000e+01   06.96000000e-05
  07.22623000e+01   05.31972000e+01   03.07832000e+01  -02.56130000e-03
  07.27692000e+01   05.49371000e+01   03.02093000e+01  -08.86000000e-04
  06.56277000e+01   05.85668000e+01   04.02341000e+01   02.66600000e-04
  06.65603000e+01   05.91665000e+01   03.88979000e+01   02.07780000e-03
  06.54541000e+01   06.01365000e+01   03.98679000e+01   03.44650000e-03
  06.04942000e+01   05.10938000e+01   03.71825000e+01   02.98050000e-03
  06.19767000e+01   05.20266000e+01   03.79046000e+01  -05.01900000e-04
  07.13249000e+01   05.26005000e+01   03.62013000e+01  -05.40000000e-06
  07.11623000e+01   05.07484000e+01   03.61282000e+01  -02.73660000e-03
  06.42387000e+01   05.92800000e+01   03.76965000e+01   06.65000000e-04
  06.35628000e+01   05.87304000e+01   03.91574000e+01  -04.07950000e-03
  07.20385000e+01   05.07740000e+01   03.40142000e+01   01.58140000e-02
  07.24782000e+01   05.24084000e+01   03.39112000e+01   09.11190000e-03
  07.63658000e+01   05.96007000e+01   05.27685000e+01   00.00000000e+00
  07.54571000e+01   06.09795000e+01   05.32793000e+01   00.00000000e+00
  07.46502000e+01   05.93826000e+01   05.29931000e+01   00.00000000e+00
  07.40896000e+01   06.24648000e+01   05.16608000e+01   00.00000000e+00
  07.35200000e+01   06.16410000e+01   05.00758000e+01   00.00000000e+00
  07.29789000e+01   06.10248000e+01   05.15880000e+01   00.00000000e+00
  07.44238000e+01   05.97468000e+01   04.92556000e+01   00.00000000e+00
  07.44117000e+01   05.84883000e+01   05.03210000e+01   00.00000000e+00
  07.68574000e+01   05.85779000e+01   05.07491000e+01   00.00000000e+00
  07.69000000e+01   05.97654000e+01   04.94008000e+01   00.00000000e+00
  07.59410000e+01   05.82809000e+01   04.78298000e+01   00.00000000e+00
  07.56716000e+01   05.69099000e+01   04.90038000e+01   00.00000000e+00
  07.86044000e+01   05.75574000e+01   05.02831000e+01   00.00000000e+00
  07.81625000e+01   05.58895000e+01   05.01041000e+01   00.00000000e+00
  07.94730000e+01   05.63874000e+01   04.91765000e+01   00.00000000e+00
  07.70121000e+01   05.52765000e+01   04.74711000e+01   00.00000000e+00
  07.85447000e+01   05.58425000e+01   04.67344000e+01   00.00000000e+00
  07.73287000e+01   05.76450000e+01   04.54010000e+01   00.00000000e+00
  07.58026000e+01   05.68571000e+01   04.58463000e+01   00.00000000e+00
  07.65101000e+01   05.47945000e+01   04.48954000e+01   00.00000000e+00
  07.81021000e+01   05.53366000e+01   04.44395000e+01   00.00000000e+00
  06.67642000e+01   05.85798000e+01   03.67567000e+01   07.20400000e-04
  06.26713000e+01   05.37973000e+01   03.71328000e+01  -02.39543000e-02
  06.67260000e+01   04.99663000e+01   03.39968000e+01   04.89340000e-03
  07.22381000e+01   05.45901000e+01   03.45909000e+01  -02.28199000e-02
  06.16365000e+01   05.05309000e+01   03.52201000e+01  -01.51750000e-03
  07.84416000e+01   05.62133000e+01   04.24045000e+01   00.00000000e+00
  07.71155000e+01   05.70377000e+01   04.14223000e+01   00.00000000e+00
  07.78376000e+01   05.77791000e+01   04.29044000e+01   00.00000000e+00
  07.56637000e+01   05.68057000e+01   04.34373000e+01   00.00000000e+00
  07.50657000e+01   05.54282000e+01   04.17745000e+01   00.00000000e+00
  07.50511000e+01   05.44171000e+01   04.30341000e+01   00.00000000e+00
  07.74890000e+01   05.36382000e+01   04.24325000e+01   00.00000000e+00
  07.72058000e+01   05.44517000e+01   04.08889000e+01   00.00000000e+00
  07.58145000e+01   05.18871000e+01   04.22634000e+01   00.00000000e+00
  07.68013000e+01   05.20465000e+01   04.06968000e+01   00.00000000e+00
  07.32815000e+01   05.32701000e+01   04.21088000e+01   00.00000000e+00
  07.25314000e+01   05.24352000e+01   04.07187000e+01   00.00000000e+00
  07.36054000e+01   05.15297000e+01   04.18748000e+01   00.00000000e+00
  06.96813000e+01   05.00676000e+01   03.43375000e+01   05.57290000e-03
  07.03926000e+01   05.24252000e+01   03.26233000e+01  -01.28866000e-02
  07.49188000e+01   05.40115000e+01   03.88831000e+01   00.00000000e+00
  07.58814000e+01   06.11521000e+01   05.07962000e+01   00.00000000e+00
  07.81422000e+01   05.79199000e+01   04.77435000e+01   00.00000000e+00
  07.46720000e+01   05.10427000e+01   03.85611000e+01  -01.99830000e-03
  07.56245000e+01   05.18800000e+01   03.75593000e+01  -01.85290000e-03
