  06.86677000e+01   05.10485000e+01   03.30496000e+01  -06.11779000e-02
  05.99636000e+01   05.19002000e+01   03.71685000e+01   01.75852000e-02
  06.34985000e+01   05.90404000e+01   03.82046000e+01   01.01800000e-02
  06.92692000e+01   05.61147000e+01   03.30924000e+01  -01.32723000e-02
  06.57158000e+01   05.28271000e+01   03.39097000e+01  -04.57645000e-02
  06.89892000e+01   05.08474000e+01   03.45600000e+01   02.46758000e-02
  05.89471000e+01   05.11294000e+01   03.67539000e+01  -01.71993000e-02
  06.48831000e+01   05.93498000e+01   03.89061000e+01  -09.39340000e-03
  06.90163000e+01   05.45805000e+01   03.26763000e+01   07.66074000e-02
  06.30606000e+01   05.30854000e+01   03.53959000e+01   09.44338000e-02
  07.02488000e+01   05.67737000e+01   03.27948000e+01   01.54319000e-02
  07.03044000e+01   05.00766000e+01   03.48202000e+01  -01.56515000e-02
  06.91446000e+01   05.44084000e+01   03.11893000e+01  -02.00050000e-02
  06.61394000e+01   05.56434000e+01   03.46189000e+01  -08.09918000e-02
  06.92438000e+01   05.28109000e+01   02.94100000e+01   04.03650000e-03
  06.76736000e+01   05.41555000e+01   03.32780000e+01  -01.43447000e-01
  06.39458000e+01   05.12126000e+01   03.40912000e+01   01.23287000e-02
  06.18641000e+01   05.44098000e+01   03.70093000e+01   02.21683000e-01
  06.53728000e+01   05.75669000e+01   03.59679000e+01  -05.42921000e-02
  06.53249000e+01   04.99965000e+01   03.17334000e+01   02.66866000e-02
  06.14655000e+01   04.97320000e+01   03.52301000e+01   04.35609000e-02
  06.10042000e+01   05.68709000e+01   03.86162000e+01   02.36507000e-02
  06.79554000e+01   05.89329000e+01   03.46829000e+01  -06.09964000e-02
  07.25893000e+01   05.00620000e+01   03.56021000e+01   08.71130000e-03
  06.69263000e+01   05.29465000e+01   03.32939000e+01   01.26858000e-01
  06.29537000e+01   05.18331000e+01   03.49071000e+01  -03.45042000e-02
  06.26065000e+01   05.56194000e+01   03.70310000e+01  -02.04376000e-01
  06.62820000e+01   05.69665000e+01   03.50410000e+01   07.60142000e-02
  07.04683000e+01   04.88988000e+01   03.45551000e+01   05.08730000e-03
  06.87670000e+01   05.52679000e+01   03.04023000e+01   06.92200000e-04
  07.35327000e+01   05.10939000e+01   03.62427000e+01   00.00000000e+00
  06.72982000e+01   05.16209000e+01   03.26727000e+01   07.64245000e-02
  06.17897000e+01   05.11516000e+01   03.54352000e+01  -04.66821000e-02
  06.22844000e+01   05.67365000e+01   03.78197000e+01   01.65461000e-02
  06.74820000e+01   05.75684000e+01   03.44345000e+01   05.49912000e-02
  07.13088000e+01   05.08047000e+01   03.53987000e+01   03.30200000e-04
  06.93884000e+01   05.31526000e+01   03.07647000e+01   04.02810000e-03
  07.34779000e+01   05.24368000e+01   03.61015000e+01   00.00000000e+00
  06.60988000e+01   05.06215000e+01   03.29195000e+01  -04.69336000e-02
  06.11621000e+01   05.20952000e+01   03.63135000e+01  -07.68710000e-03
  06.33583000e+01   05.77062000e+01   03.75798000e+01  -03.37389000e-02
  06.80393000e+01   05.65060000e+01   03.37467000e+01   03.64969000e-02
  07.42446000e+01   05.30973000e+01   03.49653000e+01   00.00000000e+00
  06.51913000e+01   05.15991000e+01   03.37156000e+01  -09.58259000e-02
  06.20190000e+01   05.33209000e+01   03.62537000e+01  -01.77941000e-01
  06.42511000e+01   05.70612000e+01   03.65706000e+01   06.74294000e-02
  06.72277000e+01   05.53257000e+01   03.38808000e+01   01.44326000e-01
  07.24521000e+01   05.32737000e+01   03.69604000e+01   00.00000000e+00
  07.30925000e+01   05.39138000e+01   03.81489000e+01   00.00000000e+00
  07.39809000e+01   05.28946000e+01   03.89000000e+01   00.00000000e+00
  07.42803000e+01   05.33132000e+01   04.03735000e+01   00.00000000e+00
  07.54426000e+01   05.44285000e+01   04.05528000e+01   00.00000000e+00
  07.45619000e+01   05.19574000e+01   04.11635000e+01   00.00000000e+00
  07.48357000e+01   05.20397000e+01   04.27104000e+01   00.00000000e+00
  07.35202000e+01   05.24209000e+01   04.33147000e+01   00.00000000e+00
  07.35378000e+01   05.25528000e+01   04.48796000e+01   00.00000000e+00
  07.22564000e+01   05.31427000e+01   04.55369000e+01   00.00000000e+00
  07.47468000e+01   05.32721000e+01   04.55151000e+01   00.00000000e+00
  07.50172000e+01   05.47306000e+01   04.50055000e+01   00.00000000e+00
  07.60594000e+01   05.54370000e+01   04.58633000e+01   00.00000000e+00
  07.63601000e+01   05.68986000e+01   04.53564000e+01   00.00000000e+00
  07.71329000e+01   05.77139000e+01   04.64581000e+01   00.00000000e+00
  07.70755000e+01   05.70329000e+01   04.40437000e+01   00.00000000e+00
  06.37620000e+01   05.58019000e+01   03.63118000e+01   03.65717000e-02
  06.46436000e+01   05.43689000e+01   03.50420000e+01  -06.37550000e-03
  06.76100000e+01   05.91581000e+01   03.56803000e+01   01.79582000e-02
  06.89804000e+01   05.90300000e+01   03.45867000e+01   01.23366000e-02
  06.75112000e+01   05.96020000e+01   03.39691000e+01   01.80857000e-02
  06.01425000e+01   05.63280000e+01   03.82298000e+01  -03.55350000e-03
  06.11002000e+01   05.65702000e+01   03.96415000e+01  -05.48890000e-03
  06.06880000e+01   05.78698000e+01   03.86147000e+01  -05.73590000e-03
  06.24508000e+01   04.92312000e+01   03.52610000e+01  -01.16015000e-02
  06.09023000e+01   04.93549000e+01   03.60964000e+01  -01.03548000e-02
  06.08484000e+01   04.94665000e+01   03.43082000e+01  -01.10806000e-02
  06.59533000e+01   04.92610000e+01   03.11792000e+01  -06.50300000e-03
  06.45189000e+01   04.93910000e+01   03.21185000e+01  -03.84930000e-03
  06.49434000e+01   05.06389000e+01   03.09268000e+01  -06.75510000e-03
  06.83469000e+01   05.33063000e+01   02.89670000e+01   06.96000000e-05
  07.00903000e+01   05.31722000e+01   02.89271000e+01  -02.56130000e-03
  06.91743000e+01   05.16830000e+01   02.92656000e+01  -08.86000000e-04
  06.50646000e+01   06.04231000e+01   03.89959000e+01   02.66600000e-04
  06.48803000e+01   05.87672000e+01   03.98391000e+01   02.07780000e-03
  06.57305000e+01   05.89877000e+01   03.83509000e+01   03.44650000e-03
  05.80049000e+01   05.10866000e+01   03.73540000e+01   02.98050000e-03
  05.88572000e+01   05.06002000e+01   03.58207000e+01  -05.01900000e-04
  06.90712000e+01   05.18352000e+01   03.50899000e+01  -05.40000000e-06
  06.81825000e+01   05.02896000e+01   03.49802000e+01  -02.73660000e-03
  06.31531000e+01   05.97783000e+01   03.74431000e+01   06.65000000e-04
  06.27735000e+01   05.91615000e+01   03.89586000e+01  -04.07950000e-03
  06.87096000e+01   05.00876000e+01   03.25418000e+01   01.58140000e-02
  06.94126000e+01   05.15501000e+01   03.25835000e+01   09.11190000e-03
  07.72051000e+01   05.80458000e+01   04.36461000e+01   00.00000000e+00
  07.81125000e+01   05.66230000e+01   04.42168000e+01   00.00000000e+00
  07.66519000e+01   05.65019000e+01   04.32274000e+01   00.00000000e+00
  07.75068000e+01   05.86039000e+01   04.59450000e+01   00.00000000e+00
  07.65795000e+01   05.79434000e+01   04.73961000e+01   00.00000000e+00
  07.79761000e+01   05.70728000e+01   04.67103000e+01   00.00000000e+00
  07.55938000e+01   05.56269000e+01   04.68551000e+01   00.00000000e+00
  07.69872000e+01   05.48303000e+01   04.58916000e+01   00.00000000e+00
  07.53268000e+01   05.46229000e+01   04.40382000e+01   00.00000000e+00
  07.41481000e+01   05.53740000e+01   04.49925000e+01   00.00000000e+00
  07.45198000e+01   05.33779000e+01   04.65765000e+01   00.00000000e+00
  07.55951000e+01   05.25687000e+01   04.54377000e+01   00.00000000e+00
  07.22985000e+01   05.32165000e+01   04.65718000e+01   00.00000000e+00
  07.20204000e+01   05.41816000e+01   04.51835000e+01   00.00000000e+00
  07.14820000e+01   05.24193000e+01   04.51856000e+01   00.00000000e+00
  07.33028000e+01   05.34297000e+01   04.29461000e+01   00.00000000e+00
  07.27499000e+01   05.17547000e+01   04.29389000e+01   00.00000000e+00
  07.52476000e+01   05.11481000e+01   04.31469000e+01   00.00000000e+00
  07.56106000e+01   05.28263000e+01   04.29075000e+01   00.00000000e+00
  07.37048000e+01   05.13603000e+01   04.09730000e+01   00.00000000e+00
  07.54010000e+01   05.15608000e+01   04.06090000e+01   00.00000000e+00
  06.55268000e+01   05.86262000e+01   03.61420000e+01   07.20400000e-04
  06.10350000e+01   05.43999000e+01   03.77816000e+01  -02.39543000e-02
  06.38413000e+01   05.01569000e+01   03.38932000e+01   04.89340000e-03
  06.97530000e+01   05.38729000e+01   03.31255000e+01  -02.28199000e-02
  05.98367000e+01   05.25452000e+01   03.80443000e+01  -01.51750000e-03
  07.64266000e+01   05.39103000e+01   04.04868000e+01   00.00000000e+00
  07.52786000e+01   05.51468000e+01   03.97436000e+01   00.00000000e+00
  07.52674000e+01   05.49879000e+01   04.14662000e+01   00.00000000e+00
  07.33017000e+01   05.37736000e+01   04.06484000e+01   00.00000000e+00
  07.33617000e+01   05.19822000e+01   03.89273000e+01   00.00000000e+00
  07.48557000e+01   05.26664000e+01   03.83345000e+01   00.00000000e+00
  07.37887000e+01   05.47441000e+01   03.77700000e+01   00.00000000e+00
  07.22896000e+01   05.44052000e+01   03.87905000e+01   00.00000000e+00
  07.21628000e+01   05.40536000e+01   03.62497000e+01   00.00000000e+00
  07.15751000e+01   05.25658000e+01   03.71863000e+01   00.00000000e+00
  07.51833000e+01   05.33397000e+01   03.54330000e+01   00.00000000e+00
  07.44772000e+01   05.23294000e+01   03.42208000e+01   00.00000000e+00
  07.37243000e+01   05.40305000e+01   03.45032000e+01   00.00000000e+00
  06.64008000e+01   04.97259000e+01   03.35092000e+01   05.57290000e-03
  06.71779000e+01   05.17107000e+01   03.15977000e+01  -01.28866000e-02
  07.42012000e+01   05.05803000e+01   03.68038000e+01   00.00000000e+00
  07.54294000e+01   05.73962000e+01   04.52531000e+01   00.00000000e+00
  07.35713000e+01   05.14868000e+01   04.51183000e+01   00.00000000e+00
  07.25010000e+01   04.90725000e+01   03.61541000e+01  -01.99830000e-03
  07.30930000e+01   04.98608000e+01   03.46502000e+01  -01.85290000e-03
