  07.10650000e+01   05.17879000e+01   03.43012000e+01  -06.11779000e-02
  06.18405000e+01   05.20918000e+01   03.70927000e+01   01.75852000e-02
  06.45268000e+01   05.96277000e+01   03.77758000e+01   01.01800000e-02
  07.11477000e+01   05.70583000e+01   03.38114000e+01  -01.32723000e-02
  06.78989000e+01   05.34190000e+01   03.44370000e+01  -04.57645000e-02
  07.09505000e+01   05.16801000e+01   03.57987000e+01   02.46758000e-02
  06.14006000e+01   05.08921000e+01   03.75448000e+01  -01.71993000e-02
  06.53617000e+01   05.95452000e+01   03.90000000e+01  -09.39340000e-03
  07.10642000e+01   05.54886000e+01   03.34894000e+01   07.66074000e-02
  06.51646000e+01   05.33214000e+01   03.57539000e+01   09.44338000e-02
  07.21302000e+01   05.77359000e+01   03.35488000e+01   01.54319000e-02
  07.19168000e+01   05.06461000e+01   03.63490000e+01  -01.56515000e-02
  07.11438000e+01   05.53487000e+01   03.19438000e+01  -02.00050000e-02
  06.79335000e+01   05.62893000e+01   03.52084000e+01  -08.09918000e-02
  07.20459000e+01   05.36595000e+01   03.03029000e+01   04.03650000e-03
  06.97848000e+01   05.49516000e+01   03.41398000e+01  -01.43447000e-01
  06.62012000e+01   05.15696000e+01   03.42243000e+01   01.23287000e-02
  06.35387000e+01   05.46129000e+01   03.71126000e+01   02.21683000e-01
  06.67529000e+01   05.82025000e+01   03.61046000e+01  -05.42921000e-02
  06.83140000e+01   05.07682000e+01   03.19622000e+01   02.66866000e-02
  06.35516000e+01   04.99772000e+01   03.50438000e+01   04.35609000e-02
  06.24961000e+01   05.71953000e+01   03.84113000e+01   02.36507000e-02
  06.93368000e+01   05.98024000e+01   03.50386000e+01  -06.09964000e-02
  07.40522000e+01   05.03553000e+01   03.74256000e+01   08.71130000e-03
  06.92043000e+01   05.36854000e+01   03.40883000e+01   01.26858000e-01
  06.51493000e+01   05.20940000e+01   03.50819000e+01  -03.45042000e-02
  06.41562000e+01   05.59342000e+01   03.69302000e+01  -02.04376000e-01
  06.79004000e+01   05.76513000e+01   03.54764000e+01   07.60142000e-02
  07.19192000e+01   04.94742000e+01   03.60407000e+01   05.08730000e-03
  07.06599000e+01   05.61394000e+01   03.10937000e+01   06.92200000e-04
  07.49107000e+01   05.10503000e+01   03.84251000e+01   00.00000000e+00
  06.98549000e+01   05.23690000e+01   03.34601000e+01   07.64245000e-02
  06.39233000e+01   05.13814000e+01   03.55070000e+01  -04.66821000e-02
  06.36610000e+01   05.71587000e+01   03.75491000e+01   01.65461000e-02
  06.90525000e+01   05.83711000e+01   03.49938000e+01   05.49912000e-02
  07.28615000e+01   05.12276000e+01   03.71172000e+01   03.30200000e-04
  07.17089000e+01   05.41242000e+01   03.16644000e+01   04.02810000e-03
  07.52728000e+01   05.23684000e+01   03.83605000e+01   00.00000000e+00
  06.85964000e+01   05.14079000e+01   03.33160000e+01  -04.69336000e-02
  06.31356000e+01   05.22647000e+01   03.63707000e+01  -07.68710000e-03
  06.45477000e+01   05.81906000e+01   03.72589000e+01  -03.37389000e-02
  06.98713000e+01   05.73431000e+01   03.44366000e+01   03.64969000e-02
  07.65160000e+01   05.27917000e+01   03.75411000e+01   00.00000000e+00
  06.74827000e+01   05.22047000e+01   03.39834000e+01  -09.58259000e-02
  06.39415000e+01   05.34546000e+01   03.64239000e+01  -01.77941000e-01
  06.55848000e+01   05.75707000e+01   03.65054000e+01   06.74294000e-02
  06.91745000e+01   05.60441000e+01   03.46581000e+01   01.44326000e-01
  07.42618000e+01   05.34223000e+01   03.89013000e+01   00.00000000e+00
  07.46094000e+01   05.42093000e+01   04.02330000e+01   00.00000000e+00
  07.58468000e+01   05.50345000e+01   04.02841000e+01   00.00000000e+00
  07.60514000e+01   05.60480000e+01   04.14075000e+01   00.00000000e+00
  07.73219000e+01   05.69339000e+01   04.11432000e+01   00.00000000e+00
  07.61090000e+01   05.54042000e+01   04.27840000e+01   00.00000000e+00
  07.64875000e+01   05.63523000e+01   04.39919000e+01   00.00000000e+00
  07.61543000e+01   05.56155000e+01   04.53058000e+01   00.00000000e+00
  07.65596000e+01   05.63685000e+01   04.66259000e+01   00.00000000e+00
  07.62400000e+01   05.54054000e+01   04.78743000e+01   00.00000000e+00
  07.59688000e+01   05.78104000e+01   04.68987000e+01   00.00000000e+00
  07.44544000e+01   05.79412000e+01   04.71172000e+01   00.00000000e+00
  07.39361000e+01   05.94290000e+01   04.69306000e+01   00.00000000e+00
  07.45560000e+01   06.05767000e+01   04.78236000e+01   00.00000000e+00
  07.37127000e+01   06.18642000e+01   04.76048000e+01   00.00000000e+00
  07.46842000e+01   06.02024000e+01   04.93006000e+01   00.00000000e+00
  06.53138000e+01   05.62452000e+01   03.63332000e+01   03.65717000e-02
  06.65986000e+01   05.48106000e+01   03.54699000e+01  -06.37550000e-03
  06.95311000e+01   06.01611000e+01   03.60293000e+01   01.79582000e-02
  07.02350000e+01   05.99686000e+01   03.43561000e+01   01.23366000e-02
  06.84880000e+01   06.03706000e+01   03.45578000e+01   01.80857000e-02
  06.24180000e+01   05.64008000e+01   03.91063000e+01  -03.55350000e-03
  06.21913000e+01   05.81099000e+01   03.89312000e+01  -05.48890000e-03
  06.17097000e+01   05.69982000e+01   03.76997000e+01  -05.73590000e-03
  06.37105000e+01   04.97309000e+01   03.39915000e+01  -01.16015000e-02
  06.42313000e+01   04.93122000e+01   03.55715000e+01  -01.03548000e-02
  06.25338000e+01   04.95858000e+01   03.53433000e+01  -01.10806000e-02
  06.79959000e+01   05.15371000e+01   03.11999000e+01  -06.50300000e-03
  06.92010000e+01   05.03150000e+01   03.15604000e+01  -03.84930000e-03
  06.74188000e+01   05.00304000e+01   03.21501000e+01  -06.75510000e-03
  07.11003000e+01   05.34744000e+01   02.97745000e+01   06.96000000e-05
  07.26881000e+01   05.43770000e+01   02.97764000e+01  -02.56130000e-03
  07.26472000e+01   05.26880000e+01   03.02926000e+01  -08.86000000e-04
  06.50651000e+01   05.87633000e+01   03.96891000e+01   02.66600000e-04
  06.64133000e+01   05.94726000e+01   03.86577000e+01   02.07780000e-03
  06.52094000e+01   06.05325000e+01   03.93796000e+01   03.44650000e-03
  06.04767000e+01   05.08432000e+01   03.81839000e+01   02.98050000e-03
  06.19612000e+01   04.99543000e+01   03.74851000e+01  -05.01900000e-04
  07.09686000e+01   05.26409000e+01   03.63495000e+01  -05.40000000e-06
  06.99695000e+01   05.12906000e+01   03.59918000e+01  -02.73660000e-03
  06.48569000e+01   06.03128000e+01   03.70064000e+01   06.65000000e-04
  06.35152000e+01   05.98676000e+01   03.79876000e+01  -04.07950000e-03
  07.13303000e+01   05.08037000e+01   03.38644000e+01   01.58140000e-02
  07.18986000e+01   05.24762000e+01   03.40882000e+01   09.11190000e-03
  07.52333000e+01   05.92478000e+01   04.93671000e+01   00.00000000e+00
  07.52405000e+01   06.10200000e+01   04.96887000e+01   00.00000000e+00
  07.37480000e+01   06.01937000e+01   04.98201000e+01   00.00000000e+00
  07.43126000e+01   06.26609000e+01   04.80458000e+01   00.00000000e+00
  07.36486000e+01   06.19353000e+01   04.65378000e+01   00.00000000e+00
  07.27064000e+01   06.18383000e+01   04.80056000e+01   00.00000000e+00
  07.39364000e+01   05.96113000e+01   04.59065000e+01   00.00000000e+00
  07.28455000e+01   05.93271000e+01   04.71516000e+01   00.00000000e+00
  07.40325000e+01   05.73165000e+01   04.63697000e+01   00.00000000e+00
  07.41941000e+01   05.75455000e+01   04.80794000e+01   00.00000000e+00
  07.63545000e+01   05.82130000e+01   04.78013000e+01   00.00000000e+00
  07.62623000e+01   05.84510000e+01   04.60226000e+01   00.00000000e+00
  07.64422000e+01   05.59118000e+01   04.87634000e+01   00.00000000e+00
  07.51354000e+01   05.53519000e+01   04.79036000e+01   00.00000000e+00
  07.67850000e+01   05.44767000e+01   04.78143000e+01   00.00000000e+00
  07.50988000e+01   05.53508000e+01   04.53726000e+01   00.00000000e+00
  07.67558000e+01   05.46558000e+01   04.54215000e+01   00.00000000e+00
  07.75380000e+01   05.65639000e+01   04.38825000e+01   00.00000000e+00
  07.59012000e+01   05.72168000e+01   04.42002000e+01   00.00000000e+00
  07.51476000e+01   05.48598000e+01   04.29425000e+01   00.00000000e+00
  07.68653000e+01   05.46590000e+01   04.27958000e+01   00.00000000e+00
  06.67892000e+01   05.92715000e+01   03.64211000e+01   07.20400000e-04
  06.25514000e+01   05.45351000e+01   03.75715000e+01  -02.39543000e-02
  06.60700000e+01   05.05846000e+01   03.38553000e+01   04.89340000e-03
  07.19449000e+01   05.50054000e+01   03.39403000e+01  -02.28199000e-02
  06.12250000e+01   05.29408000e+01   03.73238000e+01  -01.51750000e-03
  07.72755000e+01   05.78247000e+01   04.17589000e+01   00.00000000e+00
  07.82295000e+01   05.63431000e+01   04.15143000e+01   00.00000000e+00
  07.73168000e+01   05.72188000e+01   04.00701000e+01   00.00000000e+00
  07.52446000e+01   05.67151000e+01   04.13030000e+01   00.00000000e+00
  07.67410000e+01   05.44211000e+01   04.03990000e+01   00.00000000e+00
  07.58644000e+01   05.54542000e+01   03.92913000e+01   00.00000000e+00
  07.37920000e+01   05.49092000e+01   04.03468000e+01   00.00000000e+00
  07.46801000e+01   05.35377000e+01   04.10913000e+01   00.00000000e+00
  07.41577000e+01   05.41432000e+01   03.80158000e+01   00.00000000e+00
  07.33252000e+01   05.30293000e+01   03.89919000e+01   00.00000000e+00
  07.62593000e+01   05.35646000e+01   03.69050000e+01   00.00000000e+00
  07.73541000e+01   05.30165000e+01   03.81983000e+01   00.00000000e+00
  07.67243000e+01   05.18940000e+01   03.69718000e+01   00.00000000e+00
  06.87555000e+01   05.05967000e+01   03.40431000e+01   05.57290000e-03
  07.01734000e+01   05.26175000e+01   03.24410000e+01  -01.28866000e-02
  07.51226000e+01   05.06218000e+01   03.93572000e+01   00.00000000e+00
  07.55390000e+01   06.06361000e+01   04.74661000e+01   00.00000000e+00
  07.76403000e+01   05.64833000e+01   04.66257000e+01   00.00000000e+00
  07.37331000e+01   04.94136000e+01   03.77993000e+01  -01.99830000e-03
  07.46295000e+01   05.01212000e+01   03.64638000e+01  -01.85290000e-03
