  07.13711000e+01   05.16337000e+01   03.47918000e+01  -06.11779000e-02
  06.19677000e+01   05.07763000e+01   03.63659000e+01   01.75852000e-02
  06.43314000e+01   05.83066000e+01   03.88054000e+01   01.01800000e-02
  07.10954000e+01   05.66342000e+01   03.46927000e+01  -01.32723000e-02
  06.81245000e+01   05.27945000e+01   03.48155000e+01  -04.57645000e-02
  07.10827000e+01   05.12255000e+01   03.62132000e+01   02.46758000e-02
  06.12769000e+01   05.11265000e+01   03.74775000e+01  -01.71993000e-02
  06.53805000e+01   05.82725000e+01   04.00524000e+01  -09.39340000e-03
  07.11773000e+01   05.51430000e+01   03.44112000e+01   07.66074000e-02
  06.52955000e+01   05.24374000e+01   03.58820000e+01   09.44338000e-02
  07.20545000e+01   05.73732000e+01   03.45572000e+01   01.54319000e-02
  07.24214000e+01   05.08171000e+01   03.69776000e+01  -01.56515000e-02
  07.15867000e+01   05.49730000e+01   03.29503000e+01  -02.00050000e-02
  06.77815000e+01   05.56896000e+01   03.56260000e+01  -08.09918000e-02
  07.28315000e+01   05.33563000e+01   03.15699000e+01   04.03650000e-03
  06.98288000e+01   05.45215000e+01   03.47202000e+01  -01.43447000e-01
  06.66900000e+01   05.08962000e+01   03.44275000e+01   01.23287000e-02
  06.34575000e+01   05.35397000e+01   03.71540000e+01   02.21683000e-01
  06.64847000e+01   05.74050000e+01   03.67255000e+01  -05.42921000e-02
  06.89221000e+01   05.03293000e+01   03.23452000e+01   02.66866000e-02
  06.42282000e+01   04.91152000e+01   03.48469000e+01   04.35609000e-02
  06.21637000e+01   05.57513000e+01   03.89715000e+01   02.36507000e-02
  06.90324000e+01   05.92417000e+01   03.62132000e+01  -06.09964000e-02
  07.44115000e+01   05.17300000e+01   03.80364000e+01   08.71130000e-03
  06.94207000e+01   05.31862000e+01   03.45845000e+01   01.26858000e-01
  06.55012000e+01   05.12597000e+01   03.52172000e+01  -03.45042000e-02
  06.40265000e+01   05.47940000e+01   03.74527000e+01  -02.04376000e-01
  06.76119000e+01   05.69971000e+01   03.60474000e+01   07.60142000e-02
  07.30063000e+01   04.97714000e+01   03.68615000e+01   05.08730000e-03
  07.12370000e+01   05.56603000e+01   03.20137000e+01   06.92200000e-04
  07.46556000e+01   05.27182000e+01   03.91395000e+01   00.00000000e+00
  07.01774000e+01   05.21082000e+01   03.39037000e+01   07.64245000e-02
  06.43471000e+01   05.05083000e+01   03.53320000e+01  -04.66821000e-02
  06.35070000e+01   05.58693000e+01   03.82683000e+01   01.65461000e-02
  06.88115000e+01   05.77914000e+01   03.57653000e+01   05.49912000e-02
  07.30111000e+01   05.18288000e+01   03.76848000e+01   03.30200000e-04
  07.25150000e+01   05.39778000e+01   03.28583000e+01   04.02810000e-03
  07.46569000e+01   05.24350000e+01   04.04522000e+01   00.00000000e+00
  06.91731000e+01   05.09151000e+01   03.37247000e+01  -04.69336000e-02
  06.33905000e+01   05.11566000e+01   03.61109000e+01  -07.68710000e-03
  06.43681000e+01   05.69574000e+01   03.80652000e+01  -03.37389000e-02
  06.97102000e+01   05.68381000e+01   03.52028000e+01   03.64969000e-02
  07.34459000e+01   05.25845000e+01   04.13721000e+01   00.00000000e+00
  06.79035000e+01   05.15478000e+01   03.42731000e+01  -09.58259000e-02
  06.40211000e+01   05.24234000e+01   03.64775000e+01  -01.77941000e-01
  06.54144000e+01   05.65891000e+01   03.71233000e+01   06.74294000e-02
  06.90638000e+01   05.55665000e+01   03.51986000e+01   01.44326000e-01
  07.59467000e+01   05.21750000e+01   04.11990000e+01   00.00000000e+00
  07.68617000e+01   05.34256000e+01   04.14517000e+01   00.00000000e+00
  07.60177000e+01   05.45536000e+01   04.21519000e+01   00.00000000e+00
  07.68150000e+01   05.57515000e+01   04.26553000e+01   00.00000000e+00
  07.76148000e+01   05.64668000e+01   04.15185000e+01   00.00000000e+00
  07.76668000e+01   05.53686000e+01   04.38892000e+01   00.00000000e+00
  07.81632000e+01   05.64215000e+01   04.48540000e+01   00.00000000e+00
  07.87571000e+01   05.59074000e+01   04.61109000e+01   00.00000000e+00
  07.93170000e+01   05.68827000e+01   04.72176000e+01   00.00000000e+00
  08.06329000e+01   05.61803000e+01   04.78678000e+01   00.00000000e+00
  07.82122000e+01   05.70639000e+01   04.83539000e+01   00.00000000e+00
  07.68223000e+01   05.76271000e+01   04.78917000e+01   00.00000000e+00
  07.58615000e+01   05.81157000e+01   04.90338000e+01   00.00000000e+00
  07.46136000e+01   05.88095000e+01   04.85804000e+01   00.00000000e+00
  07.36866000e+01   05.79344000e+01   04.77279000e+01   00.00000000e+00
  07.38920000e+01   05.93256000e+01   04.99099000e+01   00.00000000e+00
  06.51912000e+01   05.52451000e+01   03.67992000e+01   03.65717000e-02
  06.65487000e+01   05.39884000e+01   03.58186000e+01  -06.37550000e-03
  06.99129000e+01   05.94130000e+01   03.68598000e+01   01.79582000e-02
  06.90826000e+01   05.97989000e+01   03.52667000e+01   01.23366000e-02
  06.81517000e+01   05.95385000e+01   03.67900000e+01   01.80857000e-02
  06.21082000e+01   05.65423000e+01   03.97582000e+01  -03.55350000e-03
  06.14246000e+01   05.56972000e+01   03.81272000e+01  -05.48890000e-03
  06.20308000e+01   05.47970000e+01   03.95049000e+01  -05.73590000e-03
  06.41497000e+01   04.92415000e+01   03.37668000e+01  -01.16015000e-02
  06.49643000e+01   04.83249000e+01   03.51988000e+01  -01.03548000e-02
  06.31928000e+01   04.87915000e+01   03.50722000e+01  -01.10806000e-02
  06.87662000e+01   05.10522000e+01   03.15565000e+01  -06.50300000e-03
  06.98209000e+01   04.97975000e+01   03.19361000e+01  -03.84930000e-03
  06.80774000e+01   04.95682000e+01   03.23060000e+01  -06.75510000e-03
  07.36060000e+01   05.25866000e+01   03.15634000e+01   06.96000000e-05
  07.19187000e+01   05.28609000e+01   03.12256000e+01  -02.56130000e-03
  07.29747000e+01   05.41113000e+01   03.07721000e+01  -08.86000000e-04
  06.53217000e+01   05.92285000e+01   04.05553000e+01   02.66600000e-04
  06.51074000e+01   05.75842000e+01   04.08460000e+01   02.07780000e-03
  06.64202000e+01   05.79388000e+01   03.96422000e+01   03.44650000e-03
  06.01791000e+01   05.08872000e+01   03.76306000e+01   02.98050000e-03
  06.16928000e+01   05.17360000e+01   03.82572000e+01  -05.01900000e-04
  07.06905000e+01   05.20870000e+01   03.67516000e+01  -05.40000000e-06
  07.02646000e+01   05.05305000e+01   03.63170000e+01  -02.73660000e-03
  06.45855000e+01   05.91742000e+01   03.81791000e+01   06.65000000e-04
  06.33309000e+01   05.85114000e+01   03.92986000e+01  -04.07950000e-03
  07.17239000e+01   05.06950000e+01   03.43908000e+01   01.58140000e-02
  07.21303000e+01   05.24926000e+01   03.47560000e+01   09.11190000e-03
  07.29030000e+01   05.97163000e+01   04.96911000e+01   00.00000000e+00
  07.37564000e+01   05.84587000e+01   05.05967000e+01   00.00000000e+00
  07.44625000e+01   06.00902000e+01   05.04644000e+01   00.00000000e+00
  07.29164000e+01   05.84931000e+01   04.73014000e+01   00.00000000e+00
  07.42549000e+01   05.75731000e+01   04.68324000e+01   00.00000000e+00
  07.32704000e+01   05.70859000e+01   04.82945000e+01   00.00000000e+00
  07.56352000e+01   05.72053000e+01   04.96247000e+01   00.00000000e+00
  07.64608000e+01   05.88417000e+01   04.96614000e+01   00.00000000e+00
  07.69907000e+01   05.84759000e+01   04.73188000e+01   00.00000000e+00
  07.64017000e+01   05.69666000e+01   04.71730000e+01   00.00000000e+00
  07.79997000e+01   05.60562000e+01   04.87992000e+01   00.00000000e+00
  07.85232000e+01   05.77325000e+01   04.91327000e+01   00.00000000e+00
  08.11434000e+01   05.68387000e+01   04.85986000e+01   00.00000000e+00
  08.03248000e+01   05.52502000e+01   04.83613000e+01   00.00000000e+00
  08.13843000e+01   05.59604000e+01   04.70835000e+01   00.00000000e+00
  07.79400000e+01   05.53527000e+01   04.65424000e+01   00.00000000e+00
  07.95405000e+01   05.51872000e+01   04.58427000e+01   00.00000000e+00
  07.89201000e+01   05.69853000e+01   04.44138000e+01   00.00000000e+00
  07.74189000e+01   05.72141000e+01   04.50246000e+01   00.00000000e+00
  07.70803000e+01   05.46736000e+01   04.45002000e+01   00.00000000e+00
  07.85941000e+01   05.47799000e+01   04.36046000e+01   00.00000000e+00
  06.64379000e+01   05.84820000e+01   03.70361000e+01   07.20400000e-04
  06.24384000e+01   05.34565000e+01   03.75925000e+01  -02.39543000e-02
  06.67960000e+01   04.98842000e+01   03.40317000e+01   04.89340000e-03
  07.20477000e+01   05.47561000e+01   03.49567000e+01  -02.28199000e-02
  06.14624000e+01   05.01157000e+01   03.56381000e+01  -01.51750000e-03
  07.85228000e+01   05.58843000e+01   04.13005000e+01   00.00000000e+00
  07.70184000e+01   05.64239000e+01   04.06323000e+01   00.00000000e+00
  07.78276000e+01   05.74990000e+01   04.18330000e+01   00.00000000e+00
  07.60477000e+01   05.64335000e+01   04.29811000e+01   00.00000000e+00
  07.53456000e+01   05.49887000e+01   04.13765000e+01   00.00000000e+00
  07.54741000e+01   05.40773000e+01   04.29246000e+01   00.00000000e+00
  07.77675000e+01   05.30474000e+01   04.19756000e+01   00.00000000e+00
  07.72516000e+01   05.37242000e+01   04.04948000e+01   00.00000000e+00
  07.56861000e+01   05.17113000e+01   04.21296000e+01   00.00000000e+00
  07.65851000e+01   05.15295000e+01   04.05856000e+01   00.00000000e+00
  07.34968000e+01   05.21105000e+01   04.23194000e+01   00.00000000e+00
  07.31889000e+01   05.36443000e+01   04.14397000e+01   00.00000000e+00
  07.25792000e+01   05.21731000e+01   04.07836000e+01   00.00000000e+00
  06.93719000e+01   05.01013000e+01   03.43226000e+01   05.57290000e-03
  07.04021000e+01   05.23869000e+01   03.28237000e+01  -01.28866000e-02
  07.46911000e+01   05.37891000e+01   03.88757000e+01   00.00000000e+00
  07.49033000e+01   05.96642000e+01   04.79963000e+01   00.00000000e+00
  07.96039000e+01   05.77643000e+01   04.67039000e+01   00.00000000e+00
  07.46972000e+01   05.07492000e+01   03.83728000e+01  -01.99830000e-03
  07.50487000e+01   05.19814000e+01   03.71280000e+01  -01.85290000e-03
