  07.08058000e+01   05.16084000e+01   03.46957000e+01  -06.11779000e-02
  06.17597000e+01   05.19375000e+01   03.68718000e+01   01.75852000e-02
  06.45457000e+01   05.91481000e+01   03.86862000e+01   01.01800000e-02
  07.12011000e+01   05.66826000e+01   03.47712000e+01  -01.32723000e-02
  06.77159000e+01   05.32937000e+01   03.46033000e+01  -04.57645000e-02
  07.04378000e+01   05.15421000e+01   03.61891000e+01   02.46758000e-02
  06.13238000e+01   05.23757000e+01   03.80627000e+01  -01.71993000e-02
  06.57826000e+01   05.93354000e+01   03.95769000e+01  -09.39340000e-03
  07.11143000e+01   05.50960000e+01   03.42918000e+01   07.66074000e-02
  06.50713000e+01   05.32094000e+01   03.57563000e+01   09.44338000e-02
  07.22597000e+01   05.72801000e+01   03.47449000e+01   01.54319000e-02
  07.14025000e+01   05.07867000e+01   03.70531000e+01  -01.56515000e-02
  07.16182000e+01   05.48626000e+01   03.28681000e+01  -02.00050000e-02
  06.77441000e+01   05.62270000e+01   03.54664000e+01  -08.09918000e-02
  07.27799000e+01   05.32903000e+01   03.15291000e+01   04.03650000e-03
  06.96309000e+01   05.47726000e+01   03.45732000e+01  -01.43447000e-01
  06.62445000e+01   05.13489000e+01   03.45697000e+01   01.23287000e-02
  06.34576000e+01   05.44731000e+01   03.70561000e+01   02.21683000e-01
  06.65906000e+01   05.80453000e+01   03.65554000e+01  -05.42921000e-02
  06.81660000e+01   05.09160000e+01   03.20448000e+01   02.66866000e-02
  06.35026000e+01   04.98804000e+01   03.50335000e+01   04.35609000e-02
  06.24322000e+01   05.65866000e+01   03.90975000e+01   02.36507000e-02
  06.93443000e+01   05.96803000e+01   03.57606000e+01  -06.09964000e-02
  07.28898000e+01   05.08111000e+01   03.88329000e+01   08.71130000e-03
  06.90091000e+01   05.35301000e+01   03.43126000e+01   01.26858000e-01
  06.51921000e+01   05.18865000e+01   03.52945000e+01  -03.45042000e-02
  06.40435000e+01   05.57039000e+01   03.71968000e+01  -02.04376000e-01
  06.77360000e+01   05.75344000e+01   03.58919000e+01   07.60142000e-02
  07.14695000e+01   04.95637000e+01   03.69901000e+01   05.08730000e-03
  07.10783000e+01   05.53481000e+01   03.18821000e+01   06.92200000e-04
  07.35168000e+01   05.16536000e+01   03.99114000e+01   00.00000000e+00
  06.96920000e+01   05.22432000e+01   03.37457000e+01   07.64245000e-02
  06.39403000e+01   05.12976000e+01   03.55324000e+01  -04.66821000e-02
  06.35464000e+01   05.67503000e+01   03.81113000e+01   01.65461000e-02
  06.89845000e+01   05.82105000e+01   03.56017000e+01   05.49912000e-02
  07.19247000e+01   05.15683000e+01   03.80596000e+01   03.30200000e-04
  07.24724000e+01   05.38112000e+01   03.28410000e+01   04.02810000e-03
  07.44371000e+01   05.11771000e+01   04.07545000e+01   00.00000000e+00
  06.85227000e+01   05.12896000e+01   03.35361000e+01  -04.69336000e-02
  06.31663000e+01   05.21592000e+01   03.63229000e+01  -07.68710000e-03
  06.44252000e+01   05.78543000e+01   03.78764000e+01  -03.37389000e-02
  06.98060000e+01   05.71127000e+01   03.51710000e+01   03.64969000e-02
  07.41268000e+01   05.05884000e+01   04.21167000e+01   00.00000000e+00
  06.74101000e+01   05.20116000e+01   03.42446000e+01  -09.58259000e-02
  06.38410000e+01   05.33710000e+01   03.64288000e+01  -01.77941000e-01
  06.53811000e+01   05.73812000e+01   03.69552000e+01   06.74294000e-02
  06.90051000e+01   05.59234000e+01   03.50382000e+01   01.44326000e-01
  07.58730000e+01   05.11138000e+01   04.03200000e+01   00.00000000e+00
  07.67951000e+01   05.20905000e+01   04.10553000e+01   00.00000000e+00
  07.62445000e+01   05.35821000e+01   04.08678000e+01   00.00000000e+00
  07.72294000e+01   05.47351000e+01   04.12217000e+01   00.00000000e+00
  07.85090000e+01   05.46578000e+01   04.02896000e+01   00.00000000e+00
  07.75997000e+01   05.47198000e+01   04.27126000e+01   00.00000000e+00
  07.83615000e+01   05.60010000e+01   04.32297000e+01   00.00000000e+00
  07.84520000e+01   05.60833000e+01   04.47281000e+01   00.00000000e+00
  07.88550000e+01   05.75486000e+01   04.53507000e+01   00.00000000e+00
  08.01268000e+01   05.82130000e+01   04.48630000e+01   00.00000000e+00
  07.87855000e+01   05.75532000e+01   04.69183000e+01   00.00000000e+00
  07.75519000e+01   05.82112000e+01   04.75328000e+01   00.00000000e+00
  07.64775000e+01   05.71369000e+01   04.76168000e+01   00.00000000e+00
  07.52776000e+01   05.73870000e+01   04.84855000e+01   00.00000000e+00
  07.56161000e+01   05.77216000e+01   04.99382000e+01   00.00000000e+00
  07.42111000e+01   05.82747000e+01   04.79220000e+01   00.00000000e+00
  06.51351000e+01   05.60743000e+01   03.66069000e+01   03.65717000e-02
  06.64158000e+01   05.47141000e+01   03.55284000e+01  -06.37550000e-03
  07.04169000e+01   05.97226000e+01   03.59282000e+01   01.79582000e-02
  06.90983000e+01   06.01713000e+01   03.47657000e+01   01.23366000e-02
  06.88637000e+01   06.02118000e+01   03.65603000e+01   01.80857000e-02
  06.15322000e+01   05.63141000e+01   03.85170000e+01  -03.55350000e-03
  06.26481000e+01   05.58611000e+01   03.98784000e+01  -05.48890000e-03
  06.21135000e+01   05.74662000e+01   03.96464000e+01  -05.73590000e-03
  06.24203000e+01   04.98930000e+01   03.47889000e+01  -01.16015000e-02
  06.41000000e+01   04.96397000e+01   03.41767000e+01  -01.03548000e-02
  06.37119000e+01   04.92225000e+01   03.58439000e+01  -01.10806000e-02
  06.72610000e+01   05.02953000e+01   03.21618000e+01  -06.50300000e-03
  06.79753000e+01   05.19188000e+01   03.15945000e+01  -03.84930000e-03
  06.90074000e+01   05.03795000e+01   03.16407000e+01  -06.75510000e-03
  07.35103000e+01   05.25486000e+01   03.16377000e+01   06.96000000e-05
  07.19549000e+01   05.28093000e+01   03.10210000e+01  -02.56130000e-03
  07.33131000e+01   05.40373000e+01   03.08762000e+01  -08.86000000e-04
  06.57138000e+01   06.02046000e+01   04.01888000e+01   02.66600000e-04
  06.59633000e+01   05.83300000e+01   04.01112000e+01   02.07780000e-03
  06.66236000e+01   05.95675000e+01   03.89856000e+01   03.44650000e-03
  06.02668000e+01   05.22216000e+01   03.83149000e+01   02.98050000e-03
  06.20585000e+01   05.26975000e+01   03.87596000e+01  -05.01900000e-04
  07.05285000e+01   05.25543000e+01   03.64923000e+01  -05.40000000e-06
  06.93958000e+01   05.11975000e+01   03.63360000e+01  -02.73660000e-03
  06.43471000e+01   06.00448000e+01   03.80947000e+01   06.65000000e-04
  06.37423000e+01   05.91522000e+01   03.94576000e+01  -04.07950000e-03
  07.09130000e+01   05.05886000e+01   03.43225000e+01   01.58140000e-02
  07.17364000e+01   05.21281000e+01   03.45160000e+01   09.11190000e-03
  07.40176000e+01   05.80967000e+01   04.68361000e+01   00.00000000e+00
  07.32538000e+01   05.83734000e+01   04.85029000e+01   00.00000000e+00
  07.46950000e+01   05.92212000e+01   04.81153000e+01   00.00000000e+00
  07.60499000e+01   05.87525000e+01   04.99074000e+01   00.00000000e+00
  07.47647000e+01   05.77590000e+01   05.05806000e+01   00.00000000e+00
  07.64934000e+01   05.71326000e+01   05.03178000e+01   00.00000000e+00
  07.62196000e+01   05.68703000e+01   04.66435000e+01   00.00000000e+00
  07.69141000e+01   05.61996000e+01   04.80293000e+01   00.00000000e+00
  07.78342000e+01   05.85539000e+01   04.85333000e+01   00.00000000e+00
  07.71934000e+01   05.90502000e+01   04.68942000e+01   00.00000000e+00
  07.89578000e+01   05.66159000e+01   04.74244000e+01   00.00000000e+00
  07.95161000e+01   05.82486000e+01   04.72321000e+01   00.00000000e+00
  08.00716000e+01   05.82694000e+01   04.37782000e+01   00.00000000e+00
  08.02722000e+01   05.91996000e+01   04.52332000e+01   00.00000000e+00
  08.08776000e+01   05.76321000e+01   04.52730000e+01   00.00000000e+00
  07.76504000e+01   05.55582000e+01   04.52018000e+01   00.00000000e+00
  07.93670000e+01   05.54360000e+01   04.50010000e+01   00.00000000e+00
  07.93505000e+01   05.60096000e+01   04.28103000e+01   00.00000000e+00
  07.78358000e+01   05.68686000e+01   04.28860000e+01   00.00000000e+00
  07.66819000e+01   05.45366000e+01   04.32990000e+01   00.00000000e+00
  07.82771000e+01   05.39190000e+01   04.29330000e+01   00.00000000e+00
  06.67746000e+01   05.91621000e+01   03.67177000e+01   07.20400000e-04
  06.24581000e+01   05.45101000e+01   03.76007000e+01  -02.39543000e-02
  06.61737000e+01   05.02827000e+01   03.43384000e+01   04.89340000e-03
  07.17383000e+01   05.45619000e+01   03.50431000e+01  -02.28199000e-02
  06.11226000e+01   05.14545000e+01   03.61387000e+01  -01.51750000e-03
  07.92679000e+01   05.55156000e+01   04.03648000e+01   00.00000000e+00
  07.91063000e+01   05.38340000e+01   04.06707000e+01   00.00000000e+00
  07.83001000e+01   05.45787000e+01   03.91681000e+01   00.00000000e+00
  07.66627000e+01   05.56501000e+01   04.09927000e+01   00.00000000e+00
  07.58676000e+01   05.36194000e+01   03.98415000e+01   00.00000000e+00
  07.54265000e+01   05.36019000e+01   04.15411000e+01   00.00000000e+00
  07.68664000e+01   05.19314000e+01   04.21501000e+01   00.00000000e+00
  07.77326000e+01   05.21048000e+01   04.05044000e+01   00.00000000e+00
  07.61880000e+01   05.00380000e+01   04.04331000e+01   00.00000000e+00
  07.60029000e+01   05.12117000e+01   03.92185000e+01   00.00000000e+00
  07.41195000e+01   04.95250000e+01   04.21623000e+01   00.00000000e+00
  07.47649000e+01   05.10912000e+01   04.28689000e+01   00.00000000e+00
  07.31600000e+01   05.08393000e+01   04.24145000e+01   00.00000000e+00
  06.86996000e+01   05.03708000e+01   03.40800000e+01   05.57290000e-03
  07.01680000e+01   05.24630000e+01   03.28168000e+01  -01.28866000e-02
  07.33546000e+01   05.27263000e+01   03.99102000e+01   00.00000000e+00
  07.48697000e+01   05.63835000e+01   04.85461000e+01   00.00000000e+00
  07.81503000e+01   05.82896000e+01   04.49606000e+01   00.00000000e+00
  07.23464000e+01   05.00501000e+01   03.93827000e+01  -01.99830000e-03
  07.36526000e+01   05.05026000e+01   03.80774000e+01  -01.85290000e-03
