  06.89332000e+01   05.15806000e+01   03.40794000e+01  -06.11779000e-02
  06.00485000e+01   05.24494000e+01   03.82623000e+01   01.75852000e-02
  06.32507000e+01   05.98500000e+01   03.79743000e+01   01.01800000e-02
  06.91035000e+01   05.64922000e+01   03.36304000e+01  -01.32723000e-02
  06.57507000e+01   05.31912000e+01   03.48772000e+01  -04.57645000e-02
  06.95010000e+01   05.01786000e+01   03.35512000e+01   02.46758000e-02
  05.97840000e+01   05.15387000e+01   03.92575000e+01  -01.71993000e-02
  06.42670000e+01   06.00243000e+01   03.90810000e+01  -09.39340000e-03
  06.88925000e+01   05.49127000e+01   03.32555000e+01   07.66074000e-02
  06.32265000e+01   05.34150000e+01   03.65249000e+01   09.44338000e-02
  07.00353000e+01   05.71612000e+01   03.32412000e+01   01.54319000e-02
  07.09229000e+01   04.98528000e+01   03.38858000e+01  -01.56515000e-02
  06.87397000e+01   05.47569000e+01   03.17330000e+01  -02.00050000e-02
  06.60756000e+01   05.60561000e+01   03.52486000e+01  -08.09918000e-02
  06.87093000e+01   05.29798000e+01   02.99980000e+01   04.03650000e-03
  06.76784000e+01   05.44937000e+01   03.41324000e+01  -01.43447000e-01
  06.42110000e+01   05.14282000e+01   03.55182000e+01   01.23287000e-02
  06.19009000e+01   05.49738000e+01   03.79081000e+01   02.21683000e-01
  06.51729000e+01   05.81434000e+01   03.62113000e+01  -05.42921000e-02
  06.56605000e+01   05.02574000e+01   03.29963000e+01   02.66866000e-02
  06.18906000e+01   04.99681000e+01   03.70462000e+01   04.35609000e-02
  06.09661000e+01   05.77852000e+01   03.89510000e+01   02.36507000e-02
  06.78833000e+01   05.94423000e+01   03.49027000e+01  -06.09964000e-02
  07.25249000e+01   04.93295000e+01   03.56506000e+01   08.71130000e-03
  06.69799000e+01   05.32828000e+01   03.42888000e+01   01.26858000e-01
  06.32281000e+01   05.20608000e+01   03.62951000e+01  -03.45042000e-02
  06.25372000e+01   05.61577000e+01   03.77028000e+01  -02.04376000e-01
  06.61939000e+01   05.74349000e+01   03.55601000e+01   07.60142000e-02
  07.17855000e+01   04.95036000e+01   03.30789000e+01   05.08730000e-03
  06.85040000e+01   05.56665000e+01   03.08961000e+01   06.92200000e-04
  07.25863000e+01   04.94007000e+01   03.72303000e+01   00.00000000e+00
  06.74677000e+01   05.19630000e+01   03.36506000e+01   07.64245000e-02
  06.20987000e+01   05.14589000e+01   03.69693000e+01  -04.66821000e-02
  06.21526000e+01   05.75495000e+01   03.81483000e+01   01.65461000e-02
  06.73891000e+01   05.79976000e+01   03.49789000e+01   05.49912000e-02
  07.11672000e+01   04.97550000e+01   03.52539000e+01   03.30200000e-04
  06.88825000e+01   05.34307000e+01   03.14272000e+01   04.02810000e-03
  07.35737000e+01   05.00234000e+01   03.79848000e+01   00.00000000e+00
  06.63449000e+01   05.09228000e+01   03.41235000e+01  -04.69336000e-02
  06.13880000e+01   05.24696000e+01   03.75518000e+01  -07.68710000e-03
  06.31258000e+01   05.84370000e+01   03.75907000e+01  -03.37389000e-02
  06.79490000e+01   05.69211000e+01   03.43801000e+01   03.64969000e-02
  07.49139000e+01   04.94680000e+01   03.82263000e+01   00.00000000e+00
  06.53458000e+01   05.18749000e+01   03.48570000e+01  -09.58259000e-02
  06.21686000e+01   05.37219000e+01   03.72944000e+01  -01.77941000e-01
  06.39658000e+01   05.76195000e+01   03.68266000e+01   06.74294000e-02
  06.71767000e+01   05.57500000e+01   03.45552000e+01   01.44326000e-01
  07.33767000e+01   05.15169000e+01   03.82362000e+01   00.00000000e+00
  07.40554000e+01   05.23167000e+01   03.93858000e+01   00.00000000e+00
  07.37943000e+01   05.18517000e+01   04.07937000e+01   00.00000000e+00
  07.42594000e+01   05.28667000e+01   04.19499000e+01   00.00000000e+00
  07.58272000e+01   05.31843000e+01   04.17708000e+01   00.00000000e+00
  07.39738000e+01   05.22033000e+01   04.33439000e+01   00.00000000e+00
  07.42415000e+01   05.30003000e+01   04.46133000e+01   00.00000000e+00
  07.34789000e+01   05.43901000e+01   04.45876000e+01   00.00000000e+00
  07.34665000e+01   05.52026000e+01   04.59538000e+01   00.00000000e+00
  07.23865000e+01   05.63275000e+01   04.59209000e+01   00.00000000e+00
  07.49107000e+01   05.56941000e+01   04.63097000e+01   00.00000000e+00
  07.55188000e+01   05.66539000e+01   04.52801000e+01   00.00000000e+00
  07.69259000e+01   05.69902000e+01   04.57711000e+01   00.00000000e+00
  07.78811000e+01   05.75440000e+01   04.46493000e+01   00.00000000e+00
  07.75723000e+01   05.89318000e+01   04.40426000e+01   00.00000000e+00
  07.92926000e+01   05.75962000e+01   04.52384000e+01   00.00000000e+00
  06.36554000e+01   05.62766000e+01   03.68564000e+01   03.65717000e-02
  06.46599000e+01   05.46909000e+01   03.58409000e+01  -06.37550000e-03
  06.71581000e+01   06.02183000e+01   03.51363000e+01   01.79582000e-02
  06.87217000e+01   05.95757000e+01   03.55364000e+01   01.23366000e-02
  06.80474000e+01   05.97133000e+01   03.38614000e+01   01.80857000e-02
  06.08410000e+01   05.69539000e+01   03.96171000e+01  -03.55350000e-03
  06.12571000e+01   05.85954000e+01   03.96307000e+01  -05.48890000e-03
  06.00170000e+01   05.79205000e+01   03.85758000e+01  -05.73590000e-03
  06.21464000e+01   04.97266000e+01   03.60410000e+01  -01.16015000e-02
  06.26970000e+01   04.93919000e+01   03.76302000e+01  -01.03548000e-02
  06.09035000e+01   04.95595000e+01   03.72681000e+01  -01.10806000e-02
  06.48496000e+01   04.95231000e+01   03.32435000e+01  -06.50300000e-03
  06.51685000e+01   05.09755000e+01   03.23402000e+01  -03.84930000e-03
  06.64398000e+01   04.97472000e+01   03.24547000e+01  -06.75510000e-03
  06.77986000e+01   05.33907000e+01   02.95445000e+01   06.96000000e-05
  06.96534000e+01   05.32447000e+01   02.94889000e+01  -02.56130000e-03
  06.86002000e+01   05.19476000e+01   02.99882000e+01  -08.86000000e-04
  06.40305000e+01   05.95320000e+01   04.00185000e+01   02.66600000e-04
  06.52819000e+01   05.97305000e+01   03.88409000e+01   02.07780000e-03
  06.43873000e+01   06.10909000e+01   03.92735000e+01   03.44650000e-03
  05.88014000e+01   05.15238000e+01   03.98637000e+01   02.98050000e-03
  06.05046000e+01   05.07199000e+01   03.94668000e+01  -05.01900000e-04
  06.89184000e+01   04.95202000e+01   03.40454000e+01  -05.40000000e-06
  06.94404000e+01   05.01265000e+01   03.24864000e+01  -02.73660000e-03
  06.35896000e+01   06.04879000e+01   03.71642000e+01   06.65000000e-04
  06.22741000e+01   06.02335000e+01   03.82014000e+01  -04.07950000e-03
  06.95837000e+01   05.23704000e+01   03.37476000e+01   01.58140000e-02
  06.89267000e+01   05.15232000e+01   03.51050000e+01   09.11190000e-03
  07.99023000e+01   05.80000000e+01   04.44336000e+01   00.00000000e+00
  07.93791000e+01   05.81364000e+01   04.61620000e+01   00.00000000e+00
  07.96721000e+01   05.66119000e+01   04.53341000e+01   00.00000000e+00
  07.84223000e+01   05.92153000e+01   04.34064000e+01   00.00000000e+00
  07.66301000e+01   05.88139000e+01   04.34564000e+01   00.00000000e+00
  07.73333000e+01   05.96483000e+01   04.48523000e+01   00.00000000e+00
  07.68211000e+01   05.77636000e+01   04.65740000e+01   00.00000000e+00
  07.73662000e+01   05.61467000e+01   04.61678000e+01   00.00000000e+00
  07.56445000e+01   05.62894000e+01   04.42579000e+01   00.00000000e+00
  07.48995000e+01   05.75795000e+01   04.52063000e+01   00.00000000e+00
  07.48872000e+01   05.62031000e+01   04.72673000e+01   00.00000000e+00
  07.55060000e+01   05.48218000e+01   04.64465000e+01   00.00000000e+00
  07.24688000e+01   05.70131000e+01   04.50660000e+01   00.00000000e+00
  07.13020000e+01   05.60284000e+01   04.60031000e+01   00.00000000e+00
  07.24525000e+01   05.68680000e+01   04.68621000e+01   00.00000000e+00
  07.38740000e+01   05.50460000e+01   04.38119000e+01   00.00000000e+00
  07.24304000e+01   05.42836000e+01   04.42574000e+01   00.00000000e+00
  07.38290000e+01   05.23873000e+01   04.54011000e+01   00.00000000e+00
  07.53635000e+01   05.30498000e+01   04.46856000e+01   00.00000000e+00
  07.29525000e+01   05.18692000e+01   04.34066000e+01   00.00000000e+00
  07.46419000e+01   05.13384000e+01   04.34709000e+01   00.00000000e+00
  06.52166000e+01   05.92231000e+01   03.63217000e+01   07.20400000e-04
  06.09657000e+01   05.49675000e+01   03.84702000e+01  -02.39543000e-02
  06.39569000e+01   05.03593000e+01   03.54916000e+01   04.89340000e-03
  06.98741000e+01   05.44945000e+01   03.36411000e+01  -02.28199000e-02
  05.93918000e+01   05.33355000e+01   03.80855000e+01  -01.51750000e-03
  07.60127000e+01   05.37076000e+01   04.27242000e+01   00.00000000e+00
  07.64617000e+01   05.22853000e+01   04.17427000e+01   00.00000000e+00
  07.60712000e+01   05.36110000e+01   04.08128000e+01   00.00000000e+00
  07.36215000e+01   05.37396000e+01   04.17563000e+01   00.00000000e+00
  07.26977000e+01   05.17979000e+01   04.09285000e+01   00.00000000e+00
  07.42164000e+01   05.08269000e+01   04.09819000e+01   00.00000000e+00
  07.50749000e+01   05.23836000e+01   03.91360000e+01   00.00000000e+00
  07.36171000e+01   05.33776000e+01   03.93459000e+01   00.00000000e+00
  07.36293000e+01   05.19767000e+01   03.73374000e+01   00.00000000e+00
  07.23091000e+01   05.16917000e+01   03.83145000e+01   00.00000000e+00
  07.49824000e+01   04.83723000e+01   03.81131000e+01   00.00000000e+00
  07.56097000e+01   05.00117000e+01   03.75911000e+01   00.00000000e+00
  07.53357000e+01   04.95438000e+01   03.92343000e+01   00.00000000e+00
  06.67519000e+01   05.02494000e+01   03.48677000e+01   05.57290000e-03
  06.73858000e+01   05.20491000e+01   03.25868000e+01  -01.28866000e-02
  07.19368000e+01   04.87329000e+01   03.78035000e+01   00.00000000e+00
  07.79782000e+01   05.67374000e+01   04.39491000e+01   00.00000000e+00
  07.30891000e+01   05.44730000e+01   04.67280000e+01   00.00000000e+00
  07.28240000e+01   04.83308000e+01   03.51961000e+01  -01.99830000e-03
  07.33086000e+01   05.00473000e+01   03.52773000e+01  -01.85290000e-03
