  07.15622000e+01   05.18069000e+01   03.40767000e+01  -06.11779000e-02
  06.26513000e+01   05.22628000e+01   03.72113000e+01   01.75852000e-02
  06.52653000e+01   05.99199000e+01   03.74052000e+01   01.01800000e-02
  07.17158000e+01   05.68186000e+01   03.32601000e+01  -01.32723000e-02
  06.84087000e+01   05.34148000e+01   03.40188000e+01  -04.57645000e-02
  07.12984000e+01   05.19698000e+01   03.56275000e+01   02.46758000e-02
  06.24023000e+01   05.12119000e+01   03.80045000e+01  -01.71993000e-02
  06.52310000e+01   06.01325000e+01   03.88923000e+01  -09.39340000e-03
  07.15522000e+01   05.52718000e+01   03.29048000e+01   07.66074000e-02
  06.56993000e+01   05.34795000e+01   03.54815000e+01   09.44338000e-02
  07.27104000e+01   05.74797000e+01   03.29741000e+01   01.54319000e-02
  07.22804000e+01   05.12343000e+01   03.65066000e+01  -01.56515000e-02
  07.17583000e+01   05.50434000e+01   03.14172000e+01  -02.00050000e-02
  06.85375000e+01   05.63919000e+01   03.47220000e+01  -08.09918000e-02
  07.26753000e+01   05.36587000e+01   02.97189000e+01   04.03650000e-03
  07.02225000e+01   05.49190000e+01   03.35100000e+01  -01.43447000e-01
  06.67676000e+01   05.15944000e+01   03.43092000e+01   01.23287000e-02
  06.41853000e+01   05.49440000e+01   03.67944000e+01   02.21683000e-01
  06.73747000e+01   05.83525000e+01   03.55372000e+01  -05.42921000e-02
  06.87087000e+01   05.06659000e+01   03.18652000e+01   02.66866000e-02
  06.39475000e+01   05.01290000e+01   03.51200000e+01   04.35609000e-02
  06.31188000e+01   05.74486000e+01   03.82440000e+01   02.36507000e-02
  07.01390000e+01   05.96755000e+01   03.47006000e+01  -06.09964000e-02
  07.35880000e+01   05.12318000e+01   03.84959000e+01   08.71130000e-03
  06.96254000e+01   05.36410000e+01   03.35224000e+01   01.26858000e-01
  06.57241000e+01   05.21663000e+01   03.50865000e+01  -03.45042000e-02
  06.48560000e+01   05.61924000e+01   03.67240000e+01  -02.04376000e-01
  06.84601000e+01   05.76956000e+01   03.49461000e+01   07.60142000e-02
  07.24861000e+01   05.00080000e+01   03.64616000e+01   05.08730000e-03
  07.13817000e+01   05.58733000e+01   03.05442000e+01   06.92200000e-04
  07.43210000e+01   05.22536000e+01   03.93417000e+01   00.00000000e+00
  07.03442000e+01   05.22487000e+01   03.31866000e+01   07.64245000e-02
  06.45020000e+01   05.14791000e+01   03.55687000e+01  -04.66821000e-02
  06.43928000e+01   05.74054000e+01   03.73253000e+01   01.65461000e-02
  06.97300000e+01   05.82939000e+01   03.44659000e+01   05.49912000e-02
  07.27970000e+01   05.20299000e+01   03.75401000e+01   03.30200000e-04
  07.25615000e+01   05.38737000e+01   03.11587000e+01   04.02810000e-03
  07.55523000e+01   05.27205000e+01   03.91299000e+01   00.00000000e+00
  06.91593000e+01   05.12939000e+01   03.32340000e+01  -04.69336000e-02
  06.38805000e+01   05.24062000e+01   03.64444000e+01  -07.68710000e-03
  06.53140000e+01   05.84186000e+01   03.69864000e+01  -03.37389000e-02
  07.05056000e+01   05.72210000e+01   03.39019000e+01   03.64969000e-02
  07.67664000e+01   05.18416000e+01   03.94397000e+01   00.00000000e+00
  06.80339000e+01   05.21264000e+01   03.39021000e+01  -09.58259000e-02
  06.45865000e+01   05.36670000e+01   03.62428000e+01  -01.77941000e-01
  06.62863000e+01   05.77726000e+01   03.61006000e+01   06.74294000e-02
  06.96523000e+01   05.61257000e+01   03.39955000e+01   01.44326000e-01
  07.57919000e+01   05.41144000e+01   03.85959000e+01   00.00000000e+00
  07.59980000e+01   05.52683000e+01   03.95984000e+01   00.00000000e+00
  07.66593000e+01   05.48611000e+01   04.09322000e+01   00.00000000e+00
  07.65424000e+01   05.58599000e+01   04.21436000e+01   00.00000000e+00
  07.75126000e+01   05.70740000e+01   04.19708000e+01   00.00000000e+00
  07.67518000e+01   05.51637000e+01   04.34423000e+01   00.00000000e+00
  07.67056000e+01   05.60394000e+01   04.47234000e+01   00.00000000e+00
  07.70338000e+01   05.52698000e+01   04.60143000e+01   00.00000000e+00
  07.72940000e+01   05.60971000e+01   04.73254000e+01   00.00000000e+00
  07.78442000e+01   05.52568000e+01   04.85233000e+01   00.00000000e+00
  07.59857000e+01   05.68733000e+01   04.76509000e+01   00.00000000e+00
  07.62444000e+01   05.81537000e+01   04.83796000e+01   00.00000000e+00
  07.49658000e+01   05.90814000e+01   04.84334000e+01   00.00000000e+00
  07.52476000e+01   06.05452000e+01   04.88802000e+01   00.00000000e+00
  07.39072000e+01   06.13161000e+01   04.88687000e+01   00.00000000e+00
  07.58908000e+01   06.06826000e+01   05.01980000e+01   00.00000000e+00
  06.60098000e+01   05.64228000e+01   03.60154000e+01   03.65717000e-02
  06.71454000e+01   05.49024000e+01   03.50184000e+01  -06.37550000e-03
  07.11018000e+01   05.98560000e+01   03.42669000e+01   01.79582000e-02
  06.94540000e+01   06.03946000e+01   03.41991000e+01   01.23366000e-02
  07.00540000e+01   05.97985000e+01   03.57885000e+01   01.80857000e-02
  06.27164000e+01   05.84937000e+01   03.82620000e+01  -03.55350000e-03
  06.23004000e+01   05.67971000e+01   03.79860000e+01  -05.48890000e-03
  06.34026000e+01   05.71663000e+01   03.92600000e+01  -05.73590000e-03
  06.34607000e+01   05.02264000e+01   03.41197000e+01  -01.16015000e-02
  06.47428000e+01   04.94015000e+01   03.50915000e+01  -01.03548000e-02
  06.31559000e+01   04.97215000e+01   03.57660000e+01  -01.10806000e-02
  06.95498000e+01   05.00293000e+01   03.14991000e+01  -06.50300000e-03
  06.78149000e+01   05.00551000e+01   03.20781000e+01  -03.84930000e-03
  06.85489000e+01   05.15140000e+01   03.11875000e+01  -06.75510000e-03
  07.16913000e+01   05.33087000e+01   02.94573000e+01   06.96000000e-05
  07.30169000e+01   05.45372000e+01   02.92115000e+01  -02.56130000e-03
  07.34790000e+01   05.28971000e+01   02.94784000e+01  -08.86000000e-04
  06.45604000e+01   06.09997000e+01   03.90359000e+01   02.66600000e-04
  06.47931000e+01   05.92005000e+01   03.93460000e+01   02.07780000e-03
  06.61806000e+01   06.02412000e+01   03.93719000e+01   03.44650000e-03
  06.14355000e+01   05.11676000e+01   03.85092000e+01   02.98050000e-03
  06.30984000e+01   05.03829000e+01   03.80838000e+01  -05.01900000e-04
  07.12536000e+01   05.30173000e+01   03.59744000e+01  -05.40000000e-06
  07.03209000e+01   05.14794000e+01   03.58410000e+01  -02.73660000e-03
  06.62495000e+01   06.03842000e+01   03.71595000e+01   06.65000000e-04
  06.45074000e+01   06.04966000e+01   03.68965000e+01  -04.07950000e-03
  07.19321000e+01   05.08568000e+01   03.37873000e+01   01.58140000e-02
  07.23969000e+01   05.24273000e+01   03.37468000e+01   09.11190000e-03
  07.62080000e+01   06.16812000e+01   05.04716000e+01   00.00000000e+00
  07.53392000e+01   06.02624000e+01   05.09911000e+01   00.00000000e+00
  07.68461000e+01   06.01291000e+01   05.01885000e+01   00.00000000e+00
  07.41126000e+01   06.23201000e+01   04.91798000e+01   00.00000000e+00
  07.35193000e+01   06.12573000e+01   04.78388000e+01   00.00000000e+00
  07.31351000e+01   06.09177000e+01   04.95625000e+01   00.00000000e+00
  07.45539000e+01   05.91468000e+01   04.73950000e+01   00.00000000e+00
  07.42365000e+01   05.86424000e+01   04.90979000e+01   00.00000000e+00
  07.66053000e+01   05.78854000e+01   04.93479000e+01   00.00000000e+00
  07.70231000e+01   05.87889000e+01   04.79584000e+01   00.00000000e+00
  07.54423000e+01   05.70777000e+01   04.67552000e+01   00.00000000e+00
  07.54063000e+01   05.62268000e+01   04.82599000e+01   00.00000000e+00
  07.81290000e+01   05.59440000e+01   04.93169000e+01   00.00000000e+00
  07.69789000e+01   05.47372000e+01   04.88712000e+01   00.00000000e+00
  07.86265000e+01   05.45996000e+01   04.82438000e+01   00.00000000e+00
  07.62567000e+01   05.45620000e+01   04.62929000e+01   00.00000000e+00
  07.79113000e+01   05.47545000e+01   04.58285000e+01   00.00000000e+00
  07.74565000e+01   05.68047000e+01   04.46461000e+01   00.00000000e+00
  07.57457000e+01   05.65014000e+01   04.47583000e+01   00.00000000e+00
  07.60552000e+01   05.42951000e+01   04.35655000e+01   00.00000000e+00
  07.77570000e+01   05.47709000e+01   04.33880000e+01   00.00000000e+00
  06.74623000e+01   05.94314000e+01   03.57310000e+01   07.20400000e-04
  06.32431000e+01   05.49761000e+01   03.73858000e+01  -02.39543000e-02
  06.65447000e+01   05.05575000e+01   03.41505000e+01   04.89340000e-03
  07.22976000e+01   05.46461000e+01   03.34774000e+01  -02.28199000e-02
  06.20324000e+01   05.31451000e+01   03.72291000e+01  -01.51750000e-03
  07.72407000e+01   05.78295000e+01   04.26545000e+01   00.00000000e+00
  07.84953000e+01   05.67755000e+01   04.22049000e+01   00.00000000e+00
  07.75370000e+01   05.74766000e+01   04.09399000e+01   00.00000000e+00
  07.55804000e+01   05.62297000e+01   04.20476000e+01   00.00000000e+00
  07.60067000e+01   05.40301000e+01   04.11512000e+01   00.00000000e+00
  07.77085000e+01   05.45467000e+01   04.07704000e+01   00.00000000e+00
  07.65918000e+01   05.61139000e+01   03.91734000e+01   00.00000000e+00
  07.50264000e+01   05.57088000e+01   03.97092000e+01   00.00000000e+00
  07.66343000e+01   05.40596000e+01   03.79661000e+01   00.00000000e+00
  07.49979000e+01   05.43424000e+01   03.78937000e+01   00.00000000e+00
  07.76508000e+01   05.23605000e+01   03.98894000e+01   00.00000000e+00
  07.64512000e+01   05.10212000e+01   04.01048000e+01   00.00000000e+00
  07.70971000e+01   05.13639000e+01   03.85107000e+01   00.00000000e+00
  06.93039000e+01   05.04382000e+01   03.39029000e+01   05.57290000e-03
  07.06730000e+01   05.21299000e+01   03.21609000e+01  -01.28866000e-02
  07.38643000e+01   05.23754000e+01   04.03297000e+01   00.00000000e+00
  07.59078000e+01   06.11314000e+01   04.82460000e+01   00.00000000e+00
  07.81567000e+01   05.67544000e+01   04.70163000e+01   00.00000000e+00
  07.28441000e+01   05.07145000e+01   03.91365000e+01  -01.99830000e-03
  07.42286000e+01   05.05229000e+01   03.79604000e+01  -01.85290000e-03
