  06.91744000e+01   05.13539000e+01   03.41770000e+01  -06.11779000e-02
  05.97554000e+01   05.09984000e+01   03.60319000e+01   01.75852000e-02
  06.22004000e+01   05.83347000e+01   03.79775000e+01   01.01800000e-02
  06.90810000e+01   05.62771000e+01   03.39071000e+01  -01.32723000e-02
  06.59289000e+01   05.25557000e+01   03.43035000e+01  -04.57645000e-02
  07.01572000e+01   05.03891000e+01   03.35401000e+01   02.46758000e-02
  05.90646000e+01   05.15012000e+01   03.70460000e+01  -01.71993000e-02
  06.34797000e+01   05.88233000e+01   03.87689000e+01  -09.39340000e-03
  06.91195000e+01   05.47096000e+01   03.35651000e+01   07.66074000e-02
  06.31058000e+01   05.23968000e+01   03.53141000e+01   09.44338000e-02
  06.99969000e+01   05.71135000e+01   03.37011000e+01   01.54319000e-02
  07.16524000e+01   05.06046000e+01   03.39917000e+01  -01.56515000e-02
  06.95067000e+01   05.45128000e+01   03.20623000e+01  -02.00050000e-02
  06.58354000e+01   05.55395000e+01   03.49392000e+01  -08.09918000e-02
  07.04936000e+01   05.30148000e+01   03.03762000e+01   04.03650000e-03
  06.77367000e+01   05.42033000e+01   03.39768000e+01  -01.43447000e-01
  06.45243000e+01   05.05649000e+01   03.42910000e+01   01.23287000e-02
  06.13732000e+01   05.36282000e+01   03.64158000e+01   02.21683000e-01
  06.45270000e+01   05.73335000e+01   03.59095000e+01  -05.42921000e-02
  06.66094000e+01   04.99398000e+01   03.19445000e+01   02.66866000e-02
  06.19800000e+01   04.87990000e+01   03.49302000e+01   04.35609000e-02
  06.00597000e+01   05.60454000e+01   03.81371000e+01   02.36507000e-02
  06.70990000e+01   05.91981000e+01   03.50970000e+01  -06.09964000e-02
  07.28706000e+01   05.06735000e+01   03.61474000e+01   08.71130000e-03
  06.72080000e+01   05.28924000e+01   03.39057000e+01   01.26858000e-01
  06.32864000e+01   05.10514000e+01   03.49200000e+01  -03.45042000e-02
  06.19498000e+01   05.49155000e+01   03.66051000e+01  -02.04376000e-01
  06.56829000e+01   05.68968000e+01   03.53112000e+01   07.60142000e-02
  07.26106000e+01   05.10396000e+01   03.34054000e+01   05.08730000e-03
  06.91143000e+01   05.53194000e+01   03.11941000e+01   06.92200000e-04
  07.24281000e+01   05.17610000e+01   03.70646000e+01   00.00000000e+00
  06.79671000e+01   05.16706000e+01   03.33140000e+01   07.64245000e-02
  06.20385000e+01   05.03047000e+01   03.51329000e+01  -04.66821000e-02
  06.14079000e+01   05.59710000e+01   03.74050000e+01   01.65461000e-02
  06.69007000e+01   05.76421000e+01   03.49077000e+01   05.49912000e-02
  07.17279000e+01   05.03696000e+01   03.53200000e+01   03.30200000e-04
  07.04099000e+01   05.35106000e+01   03.18129000e+01   04.02810000e-03
  07.22442000e+01   05.16357000e+01   03.84025000e+01   00.00000000e+00
  06.68667000e+01   05.05517000e+01   03.33707000e+01  -04.69336000e-02
  06.11535000e+01   05.12377000e+01   03.56507000e+01  -07.68710000e-03
  06.23553000e+01   05.70329000e+01   03.72871000e+01  -03.37389000e-02
  06.77443000e+01   05.66221000e+01   03.44865000e+01   03.64969000e-02
  07.08727000e+01   05.11231000e+01   03.88661000e+01   00.00000000e+00
  06.56973000e+01   05.12479000e+01   03.40056000e+01  -09.58259000e-02
  06.18137000e+01   05.25138000e+01   03.57571000e+01  -01.77941000e-01
  06.34600000e+01   05.65297000e+01   03.64738000e+01   06.74294000e-02
  06.70919000e+01   05.53766000e+01   03.45247000e+01   01.44326000e-01
  07.33310000e+01   05.17991000e+01   03.94397000e+01   00.00000000e+00
  07.31686000e+01   05.24341000e+01   04.07559000e+01   00.00000000e+00
  07.43503000e+01   05.20797000e+01   04.16818000e+01   00.00000000e+00
  07.41935000e+01   05.27908000e+01   04.30982000e+01   00.00000000e+00
  07.55217000e+01   05.29774000e+01   04.38800000e+01   00.00000000e+00
  07.30013000e+01   05.23907000e+01   04.39902000e+01   00.00000000e+00
  07.28309000e+01   05.31200000e+01   04.53857000e+01   00.00000000e+00
  07.19949000e+01   05.43683000e+01   04.52496000e+01   00.00000000e+00
  07.20290000e+01   05.54085000e+01   04.65436000e+01   00.00000000e+00
  07.11172000e+01   05.65845000e+01   04.63043000e+01   00.00000000e+00
  07.34426000e+01   05.57567000e+01   04.70723000e+01   00.00000000e+00
  07.44041000e+01   05.63728000e+01   04.60862000e+01   00.00000000e+00
  07.57575000e+01   05.64117000e+01   04.66311000e+01   00.00000000e+00
  07.68326000e+01   05.67946000e+01   04.55834000e+01   00.00000000e+00
  07.66795000e+01   05.82109000e+01   04.50036000e+01   00.00000000e+00
  07.82580000e+01   05.65621000e+01   04.62058000e+01   00.00000000e+00
  06.32049000e+01   05.52428000e+01   03.61435000e+01   03.65717000e-02
  06.45225000e+01   05.39502000e+01   03.51337000e+01  -06.37550000e-03
  06.61036000e+01   05.96216000e+01   03.51488000e+01   01.79582000e-02
  06.76240000e+01   05.93396000e+01   03.60966000e+01   01.23366000e-02
  06.77513000e+01   05.96373000e+01   03.43470000e+01   01.80857000e-02
  05.96540000e+01   05.70204000e+01   03.78171000e+01  -03.55350000e-03
  05.94215000e+01   05.52593000e+01   03.78293000e+01  -05.48890000e-03
  06.02701000e+01   05.61339000e+01   03.92297000e+01  -05.73590000e-03
  06.26610000e+01   04.84235000e+01   03.57213000e+01  -01.16015000e-02
  06.09716000e+01   04.83996000e+01   03.50534000e+01  -01.03548000e-02
  06.23475000e+01   04.84492000e+01   03.40239000e+01  -01.10806000e-02
  06.60566000e+01   05.06405000e+01   03.12898000e+01  -06.50300000e-03
  06.75371000e+01   04.97187000e+01   03.14290000e+01  -03.84930000e-03
  06.59225000e+01   04.91047000e+01   03.20570000e+01  -06.75510000e-03
  07.12370000e+01   05.21700000e+01   03.04754000e+01   06.96000000e-05
  06.95425000e+01   05.25999000e+01   03.00006000e+01  -02.56130000e-03
  07.08252000e+01   05.38395000e+01   02.97464000e+01  -08.86000000e-04
  06.43844000e+01   05.89136000e+01   03.82214000e+01   02.66600000e-04
  06.32492000e+01   05.97643000e+01   03.92740000e+01   02.07780000e-03
  06.36383000e+01   05.81479000e+01   03.95697000e+01   03.44650000e-03
  05.80422000e+01   05.12269000e+01   03.70421000e+01   02.98050000e-03
  05.93791000e+01   05.21978000e+01   03.78078000e+01  -05.01900000e-04
  06.99528000e+01   04.93728000e+01   03.37466000e+01  -05.40000000e-06
  07.00897000e+01   05.05802000e+01   03.24346000e+01  -02.73660000e-03
  06.21117000e+01   05.91226000e+01   03.71765000e+01   06.65000000e-04
  06.13947000e+01   05.83362000e+01   03.86971000e+01  -04.07950000e-03
  06.96845000e+01   05.22751000e+01   03.43703000e+01   01.58140000e-02
  06.87679000e+01   05.08686000e+01   03.51100000e+01   09.11190000e-03
  07.84118000e+01   05.74120000e+01   04.68061000e+01   00.00000000e+00
  07.82732000e+01   05.56365000e+01   04.67652000e+01   00.00000000e+00
  07.90378000e+01   05.66009000e+01   04.54066000e+01   00.00000000e+00
  07.56750000e+01   05.84008000e+01   04.46061000e+01   00.00000000e+00
  07.69033000e+01   05.88949000e+01   04.58029000e+01   00.00000000e+00
  07.74347000e+01   05.83529000e+01   04.42181000e+01   00.00000000e+00
  07.59199000e+01   05.70289000e+01   04.75223000e+01   00.00000000e+00
  07.59715000e+01   05.54168000e+01   04.69420000e+01   00.00000000e+00
  07.43729000e+01   05.59556000e+01   04.50755000e+01   00.00000000e+00
  07.41282000e+01   05.74004000e+01   04.59544000e+01   00.00000000e+00
  07.32445000e+01   05.64000000e+01   04.79285000e+01   00.00000000e+00
  07.36971000e+01   05.47585000e+01   04.74853000e+01   00.00000000e+00
  07.11662000e+01   05.68036000e+01   04.52360000e+01   00.00000000e+00
  07.00610000e+01   05.65531000e+01   04.66153000e+01   00.00000000e+00
  07.15752000e+01   05.75624000e+01   04.65980000e+01   00.00000000e+00
  07.22348000e+01   05.48233000e+01   04.43658000e+01   00.00000000e+00
  07.09817000e+01   05.40124000e+01   04.51230000e+01   00.00000000e+00
  07.22083000e+01   05.24493000e+01   04.59188000e+01   00.00000000e+00
  07.38734000e+01   05.32436000e+01   04.58342000e+01   00.00000000e+00
  07.20557000e+01   05.23881000e+01   04.34327000e+01   00.00000000e+00
  07.32160000e+01   05.13631000e+01   04.42295000e+01   00.00000000e+00
  06.44469000e+01   05.83950000e+01   03.60733000e+01   07.20400000e-04
  06.03875000e+01   05.36167000e+01   03.68241000e+01  -02.39543000e-02
  06.43702000e+01   04.95297000e+01   03.39670000e+01   04.89340000e-03
  06.99559000e+01   05.42396000e+01   03.41305000e+01  -02.28199000e-02
  05.92164000e+01   05.03207000e+01   03.54185000e+01  -01.51750000e-03
  07.54606000e+01   05.39578000e+01   04.44195000e+01   00.00000000e+00
  07.56240000e+01   05.20951000e+01   04.45223000e+01   00.00000000e+00
  07.63768000e+01   05.30126000e+01   04.32090000e+01   00.00000000e+00
  07.40287000e+01   05.39062000e+01   04.30746000e+01   00.00000000e+00
  07.44738000e+01   05.10105000e+01   04.18720000e+01   00.00000000e+00
  07.52009000e+01   05.24968000e+01   04.11567000e+01   00.00000000e+00
  07.29547000e+01   05.35058000e+01   04.06818000e+01   00.00000000e+00
  07.23067000e+01   05.19920000e+01   04.13359000e+01   00.00000000e+00
  07.36746000e+01   05.08167000e+01   03.96403000e+01   00.00000000e+00
  07.41534000e+01   05.23326000e+01   03.89710000e+01   00.00000000e+00
  07.09668000e+01   05.00868000e+01   03.90765000e+01   00.00000000e+00
  07.03896000e+01   05.16637000e+01   03.96720000e+01   00.00000000e+00
  07.01049000e+01   05.11444000e+01   03.80823000e+01   00.00000000e+00
  06.72644000e+01   04.96852000e+01   03.39162000e+01   05.57290000e-03
  06.82178000e+01   05.20028000e+01   03.22846000e+01  -01.28866000e-02
  07.23575000e+01   05.27749000e+01   03.66871000e+01   00.00000000e+00
  07.67296000e+01   05.59951000e+01   04.47879000e+01   00.00000000e+00
  07.14947000e+01   05.48660000e+01   04.73777000e+01   00.00000000e+00
  07.29832000e+01   04.97665000e+01   03.66865000e+01  -01.99830000e-03
  07.37781000e+01   05.07068000e+01   03.55761000e+01  -01.85290000e-03
