  07.07638000e+01   05.11322000e+01   03.52643000e+01  -06.11779000e-02
  06.18294000e+01   05.17874000e+01   03.72302000e+01   01.75852000e-02
  06.44871000e+01   05.92508000e+01   03.81139000e+01   01.01800000e-02
  07.13838000e+01   05.63792000e+01   03.49228000e+01  -01.32723000e-02
  06.79054000e+01   05.29258000e+01   03.50448000e+01  -04.57645000e-02
  07.00407000e+01   05.05456000e+01   03.65492000e+01   02.46758000e-02
  06.13473000e+01   05.24144000e+01   03.83147000e+01  -01.71993000e-02
  06.52814000e+01   05.92216000e+01   03.93476000e+01  -09.39340000e-03
  07.12512000e+01   05.48471000e+01   03.45375000e+01   07.66074000e-02
  06.50940000e+01   05.30478000e+01   03.59646000e+01   09.44338000e-02
  07.24314000e+01   05.69660000e+01   03.49121000e+01   01.54319000e-02
  07.09695000e+01   05.01636000e+01   03.76135000e+01  -01.56515000e-02
  07.17067000e+01   05.46823000e+01   03.31469000e+01  -02.00050000e-02
  06.78922000e+01   05.58805000e+01   03.55108000e+01  -08.09918000e-02
  07.27410000e+01   05.30446000e+01   03.15983000e+01   04.03650000e-03
  06.98271000e+01   05.43981000e+01   03.48476000e+01  -01.43447000e-01
  06.61999000e+01   05.11848000e+01   03.48690000e+01   01.23287000e-02
  06.33319000e+01   05.44913000e+01   03.71139000e+01   02.21683000e-01
  06.67492000e+01   05.78802000e+01   03.63434000e+01  -05.42921000e-02
  06.81751000e+01   05.10066000e+01   03.23429000e+01   02.66866000e-02
  06.34799000e+01   04.95212000e+01   03.58870000e+01   04.35609000e-02
  06.23511000e+01   05.69827000e+01   03.86598000e+01   02.36507000e-02
  06.96910000e+01   05.91525000e+01   03.59788000e+01  -06.09964000e-02
  07.25057000e+01   05.09633000e+01   03.94019000e+01   08.71130000e-03
  06.92420000e+01   05.31048000e+01   03.48120000e+01   01.26858000e-01
  06.51374000e+01   05.17508000e+01   03.55437000e+01  -03.45042000e-02
  06.39950000e+01   05.57499000e+01   03.70658000e+01  -02.04376000e-01
  06.79455000e+01   05.72875000e+01   03.58149000e+01   07.60142000e-02
  07.12162000e+01   04.90441000e+01   03.79520000e+01   05.08730000e-03
  07.16094000e+01   05.54992000e+01   03.22457000e+01   06.92200000e-04
  07.30940000e+01   05.23043000e+01   03.97577000e+01   00.00000000e+00
  06.98636000e+01   05.17772000e+01   03.42635000e+01   07.64245000e-02
  06.38877000e+01   05.10779000e+01   03.59353000e+01  -04.66821000e-02
  06.35555000e+01   05.69669000e+01   03.77175000e+01   01.65461000e-02
  06.92755000e+01   05.77767000e+01   03.56655000e+01   05.49912000e-02
  07.15090000e+01   05.12589000e+01   03.83507000e+01   03.30200000e-04
  07.23792000e+01   05.35242000e+01   03.29794000e+01   04.02810000e-03
  07.40737000e+01   05.24070000e+01   04.06554000e+01   00.00000000e+00
  06.85442000e+01   05.10059000e+01   03.38810000e+01  -04.69336000e-02
  06.31323000e+01   05.19905000e+01   03.66223000e+01  -07.68710000e-03
  06.44402000e+01   05.79407000e+01   03.74073000e+01  -03.37389000e-02
  07.00489000e+01   05.66777000e+01   03.52317000e+01   03.64969000e-02
  07.39195000e+01   05.23686000e+01   04.21314000e+01   00.00000000e+00
  06.74977000e+01   05.17405000e+01   03.47137000e+01  -09.58259000e-02
  06.38762000e+01   05.32851000e+01   03.66111000e+01  -01.77941000e-01
  06.55382000e+01   05.73287000e+01   03.66627000e+01   06.74294000e-02
  06.91593000e+01   05.55792000e+01   03.51423000e+01   01.44326000e-01
  07.54475000e+01   05.25634000e+01   04.00142000e+01   00.00000000e+00
  07.64215000e+01   05.35855000e+01   04.05957000e+01   00.00000000e+00
  07.60266000e+01   05.50479000e+01   04.04071000e+01   00.00000000e+00
  07.69664000e+01   05.60497000e+01   04.10503000e+01   00.00000000e+00
  07.83865000e+01   05.60530000e+01   04.04947000e+01   00.00000000e+00
  07.69114000e+01   05.59954000e+01   04.26020000e+01   00.00000000e+00
  07.76587000e+01   05.70002000e+01   04.34541000e+01   00.00000000e+00
  07.74080000e+01   05.67011000e+01   04.49883000e+01   00.00000000e+00
  07.79836000e+01   05.77497000e+01   04.60290000e+01   00.00000000e+00
  07.94411000e+01   05.80892000e+01   04.57790000e+01   00.00000000e+00
  07.77662000e+01   05.71970000e+01   04.74830000e+01   00.00000000e+00
  07.63626000e+01   05.73619000e+01   04.80617000e+01   00.00000000e+00
  07.57501000e+01   05.87810000e+01   04.81161000e+01   00.00000000e+00
  07.43420000e+01   05.89507000e+01   04.87603000e+01   00.00000000e+00
  07.38662000e+01   06.04848000e+01   04.88783000e+01   00.00000000e+00
  07.32267000e+01   05.81102000e+01   04.80927000e+01   00.00000000e+00
  06.52182000e+01   05.60175000e+01   03.64995000e+01   03.65717000e-02
  06.64977000e+01   05.44492000e+01   03.57381000e+01  -06.37550000e-03
  06.89507000e+01   05.98214000e+01   03.64822000e+01   01.79582000e-02
  07.04336000e+01   05.90626000e+01   03.67328000e+01   01.23366000e-02
  07.00425000e+01   05.95964000e+01   03.50657000e+01   01.80857000e-02
  06.27451000e+01   05.72650000e+01   03.95803000e+01  -03.55350000e-03
  06.16153000e+01   05.77228000e+01   03.83005000e+01  -05.48890000e-03
  06.18721000e+01   05.60009000e+01   03.87977000e+01  -05.73590000e-03
  06.41926000e+01   04.89854000e+01   03.52169000e+01  -01.16015000e-02
  06.34086000e+01   04.91424000e+01   03.69352000e+01  -01.03548000e-02
  06.25322000e+01   04.94103000e+01   03.54264000e+01  -01.10806000e-02
  06.89781000e+01   05.05559000e+01   03.17235000e+01  -06.50300000e-03
  06.72521000e+01   05.04246000e+01   03.22723000e+01  -03.84930000e-03
  06.79676000e+01   05.20409000e+01   03.20396000e+01  -06.75510000e-03
  07.19514000e+01   05.27520000e+01   03.09858000e+01   06.96000000e-05
  07.32256000e+01   05.38954000e+01   03.11518000e+01  -02.56130000e-03
  07.34562000e+01   05.22030000e+01   03.16459000e+01  -08.86000000e-04
  06.46484000e+01   05.95566000e+01   04.01768000e+01   02.66600000e-04
  06.55340000e+01   05.81650000e+01   03.95805000e+01   02.07780000e-03
  06.60616000e+01   05.99416000e+01   03.93187000e+01   03.44650000e-03
  06.03458000e+01   05.22063000e+01   03.86760000e+01   02.98050000e-03
  06.19442000e+01   05.31499000e+01   03.89138000e+01  -05.01900000e-04
  06.94811000e+01   05.13348000e+01   03.70308000e+01  -05.40000000e-06
  06.94210000e+01   04.96687000e+01   03.62736000e+01  -02.73660000e-03
  06.50306000e+01   06.00101000e+01   03.74697000e+01   06.65000000e-04
  06.34938000e+01   05.95522000e+01   03.83002000e+01  -04.07950000e-03
  07.11828000e+01   05.02177000e+01   03.48247000e+01   01.58140000e-02
  07.15284000e+01   05.17370000e+01   03.56453000e+01   09.11190000e-03
  07.36317000e+01   05.71758000e+01   04.78963000e+01   00.00000000e+00
  07.23265000e+01   05.80578000e+01   04.87489000e+01   00.00000000e+00
  07.29457000e+01   05.85117000e+01   04.70798000e+01   00.00000000e+00
  07.35576000e+01   06.09937000e+01   04.78867000e+01   00.00000000e+00
  07.30809000e+01   06.04695000e+01   04.96403000e+01   00.00000000e+00
  07.47320000e+01   06.10872000e+01   04.92008000e+01   00.00000000e+00
  07.64655000e+01   05.93566000e+01   04.86733000e+01   00.00000000e+00
  07.56610000e+01   05.91044000e+01   04.70817000e+01   00.00000000e+00
  07.56783000e+01   05.67992000e+01   04.73958000e+01   00.00000000e+00
  07.63970000e+01   05.69303000e+01   04.90882000e+01   00.00000000e+00
  07.79829000e+01   05.61248000e+01   04.76960000e+01   00.00000000e+00
  07.84378000e+01   05.77984000e+01   04.81024000e+01   00.00000000e+00
  07.99623000e+01   05.71341000e+01   04.59060000e+01   00.00000000e+00
  07.95357000e+01   05.85322000e+01   04.47829000e+01   00.00000000e+00
  07.98844000e+01   05.86865000e+01   04.66318000e+01   00.00000000e+00
  07.63554000e+01   05.65351000e+01   04.51445000e+01   00.00000000e+00
  07.78802000e+01   05.58049000e+01   04.52198000e+01   00.00000000e+00
  07.87281000e+01   05.68646000e+01   04.32105000e+01   00.00000000e+00
  07.73538000e+01   05.79230000e+01   04.30116000e+01   00.00000000e+00
  07.58848000e+01   05.59405000e+01   04.29460000e+01   00.00000000e+00
  07.72928000e+01   05.50098000e+01   04.29268000e+01   00.00000000e+00
  06.67640000e+01   05.89610000e+01   03.66084000e+01   07.20400000e-04
  06.22250000e+01   05.45615000e+01   03.72465000e+01  -02.39543000e-02
  06.59537000e+01   05.01880000e+01   03.43779000e+01   04.89340000e-03
  07.20158000e+01   05.43611000e+01   03.50940000e+01  -02.28199000e-02
  06.12558000e+01   05.09910000e+01   03.67711000e+01  -01.51750000e-03
  07.83839000e+01   05.58247000e+01   03.94469000e+01   00.00000000e+00
  07.89718000e+01   05.69168000e+01   04.07443000e+01   00.00000000e+00
  07.88913000e+01   05.52340000e+01   04.09874000e+01   00.00000000e+00
  07.67385000e+01   05.70703000e+01   04.08350000e+01   00.00000000e+00
  07.59271000e+01   05.52123000e+01   03.93551000e+01   00.00000000e+00
  07.49738000e+01   05.50491000e+01   04.08363000e+01   00.00000000e+00
  07.65104000e+01   05.34939000e+01   04.16462000e+01   00.00000000e+00
  07.74274000e+01   05.34608000e+01   04.01387000e+01   00.00000000e+00
  07.58843000e+01   05.15363000e+01   03.99121000e+01   00.00000000e+00
  07.52732000e+01   05.28949000e+01   03.89893000e+01   00.00000000e+00
  07.45115000e+01   05.14796000e+01   04.24211000e+01   00.00000000e+00
  07.43955000e+01   05.31642000e+01   04.27035000e+01   00.00000000e+00
  07.28734000e+01   05.22199000e+01   04.23818000e+01   00.00000000e+00
  06.85924000e+01   04.99879000e+01   03.42940000e+01   05.57290000e-03
  07.04641000e+01   05.18729000e+01   03.33915000e+01  -01.28866000e-02
  07.25737000e+01   05.31891000e+01   03.93825000e+01   00.00000000e+00
  07.44271000e+01   05.85582000e+01   04.97291000e+01   00.00000000e+00
  07.74198000e+01   05.86549000e+01   04.58162000e+01   00.00000000e+00
  07.20200000e+01   05.04313000e+01   04.02279000e+01  -01.99830000e-03
  07.33457000e+01   05.03688000e+01   03.90258000e+01  -01.85290000e-03
