  07.18723000e+01   05.19753000e+01   03.40189000e+01  -06.11779000e-02
  06.24978000e+01   05.19123000e+01   03.61984000e+01   01.75852000e-02
  06.51298000e+01   05.94391000e+01   03.79769000e+01   01.01800000e-02
  07.18496000e+01   05.70762000e+01   03.40612000e+01  -01.32723000e-02
  06.87029000e+01   05.34801000e+01   03.41388000e+01  -04.57645000e-02
  07.18909000e+01   05.21629000e+01   03.55226000e+01   02.46758000e-02
  06.20603000e+01   05.22554000e+01   03.74262000e+01  -01.71993000e-02
  06.64205000e+01   05.97940000e+01   03.86414000e+01  -09.39340000e-03
  07.19561000e+01   05.55587000e+01   03.36685000e+01   07.66074000e-02
  06.59274000e+01   05.33027000e+01   03.54098000e+01   09.44338000e-02
  07.28365000e+01   05.78012000e+01   03.40448000e+01   01.54319000e-02
  07.30472000e+01   05.15215000e+01   03.63305000e+01  -01.56515000e-02
  07.23905000e+01   05.55436000e+01   03.21846000e+01  -02.00050000e-02
  06.85653000e+01   05.62820000e+01   03.50002000e+01  -08.09918000e-02
  07.37904000e+01   05.40727000e+01   03.07449000e+01   04.03650000e-03
  07.05568000e+01   05.50184000e+01   03.39632000e+01  -01.43447000e-01
  06.71212000e+01   05.17145000e+01   03.41227000e+01   01.23287000e-02
  06.41829000e+01   05.46137000e+01   03.65374000e+01   02.21683000e-01
  06.73743000e+01   05.82178000e+01   03.60710000e+01  -05.42921000e-02
  06.92336000e+01   05.09306000e+01   03.18753000e+01   02.66866000e-02
  06.44980000e+01   04.99869000e+01   03.45298000e+01   04.35609000e-02
  06.29585000e+01   05.69636000e+01   03.82191000e+01   02.36507000e-02
  07.01557000e+01   05.96164000e+01   03.55596000e+01  -06.09964000e-02
  07.52306000e+01   05.19782000e+01   03.74394000e+01   08.71130000e-03
  06.99914000e+01   05.37244000e+01   03.37006000e+01   01.26858000e-01
  06.60011000e+01   05.21320000e+01   03.47794000e+01  -03.45042000e-02
  06.47689000e+01   05.58723000e+01   03.66664000e+01  -02.04376000e-01
  06.85017000e+01   05.77106000e+01   03.53728000e+01   07.60142000e-02
  07.30171000e+01   05.03881000e+01   03.68031000e+01   05.08730000e-03
  07.18659000e+01   05.61162000e+01   03.12282000e+01   06.92200000e-04
  07.54016000e+01   05.32714000e+01   03.81762000e+01   00.00000000e+00
  07.06724000e+01   05.24737000e+01   03.31907000e+01   07.64245000e-02
  06.47536000e+01   05.14266000e+01   03.50076000e+01  -04.66821000e-02
  06.41908000e+01   05.70263000e+01   03.73349000e+01   01.65461000e-02
  06.97076000e+01   05.83166000e+01   03.51142000e+01   05.49912000e-02
  07.41534000e+01   05.23310000e+01   03.64632000e+01   03.30200000e-04
  07.33809000e+01   05.46016000e+01   03.20567000e+01   04.02810000e-03
  07.50112000e+01   05.35469000e+01   03.94303000e+01   00.00000000e+00
  06.94790000e+01   05.14685000e+01   03.32998000e+01  -04.69336000e-02
  06.38609000e+01   05.22379000e+01   03.57088000e+01  -07.68710000e-03
  06.51581000e+01   05.80558000e+01   03.72784000e+01  -03.37389000e-02
  07.04959000e+01   05.73263000e+01   03.45573000e+01   03.64969000e-02
  07.35862000e+01   05.38502000e+01   03.98778000e+01   00.00000000e+00
  06.83420000e+01   05.22698000e+01   03.38801000e+01  -09.58259000e-02
  06.46386000e+01   05.34511000e+01   03.58853000e+01  -01.77941000e-01
  06.62396000e+01   05.74844000e+01   03.64754000e+01   06.74294000e-02
  06.98266000e+01   05.61236000e+01   03.44485000e+01   01.44326000e-01
  07.60467000e+01   05.33825000e+01   04.06055000e+01   00.00000000e+00
  07.74516000e+01   05.39819000e+01   04.04331000e+01   00.00000000e+00
  07.73670000e+01   05.54755000e+01   04.03088000e+01   00.00000000e+00
  07.86469000e+01   05.62897000e+01   04.00822000e+01   00.00000000e+00
  07.93247000e+01   05.59863000e+01   03.87007000e+01   00.00000000e+00
  07.95839000e+01   05.61995000e+01   04.12612000e+01   00.00000000e+00
  07.90279000e+01   05.67246000e+01   04.25603000e+01   00.00000000e+00
  08.00513000e+01   05.66853000e+01   04.37520000e+01   00.00000000e+00
  07.95383000e+01   05.71985000e+01   04.51081000e+01   00.00000000e+00
  07.91707000e+01   05.88119000e+01   04.49901000e+01   00.00000000e+00
  08.05177000e+01   05.69802000e+01   04.62969000e+01   00.00000000e+00
  08.01264000e+01   05.74238000e+01   04.76924000e+01   00.00000000e+00
  07.88741000e+01   05.66301000e+01   04.81371000e+01   00.00000000e+00
  07.84184000e+01   05.69184000e+01   04.95882000e+01   00.00000000e+00
  07.78012000e+01   05.83436000e+01   04.98115000e+01   00.00000000e+00
  07.73862000e+01   05.59545000e+01   05.01998000e+01   00.00000000e+00
  06.59999000e+01   05.61776000e+01   03.61155000e+01   03.65717000e-02
  06.73210000e+01   05.48097000e+01   03.52208000e+01  -06.37550000e-03
  06.93517000e+01   06.02784000e+01   03.58052000e+01   01.79582000e-02
  07.09024000e+01   05.95303000e+01   03.63820000e+01   01.23366000e-02
  07.07277000e+01   06.00139000e+01   03.46550000e+01   01.80857000e-02
  06.20546000e+01   05.71136000e+01   03.75764000e+01  -03.55350000e-03
  06.28667000e+01   05.60133000e+01   03.86907000e+01  -05.48890000e-03
  06.29292000e+01   05.76811000e+01   03.91008000e+01  -05.73590000e-03
  06.34532000e+01   04.99462000e+01   03.43448000e+01  -01.16015000e-02
  06.50973000e+01   04.96358000e+01   03.36427000e+01  -01.03548000e-02
  06.47423000e+01   04.93909000e+01   03.54434000e+01  -01.10806000e-02
  07.01767000e+01   05.05659000e+01   03.14872000e+01  -06.50300000e-03
  06.84785000e+01   05.01224000e+01   03.18185000e+01  -03.84930000e-03
  06.90095000e+01   05.16768000e+01   03.11583000e+01  -06.75510000e-03
  07.44933000e+01   05.47747000e+01   03.02640000e+01   06.96000000e-05
  07.43284000e+01   05.31162000e+01   03.08394000e+01  -02.56130000e-03
  07.30695000e+01   05.37814000e+01   03.00394000e+01  -08.86000000e-04
  06.62558000e+01   06.04157000e+01   03.95172000e+01   02.66600000e-04
  06.69513000e+01   05.88919000e+01   03.90154000e+01   02.07780000e-03
  06.70254000e+01   06.04021000e+01   03.78845000e+01   03.44650000e-03
  06.11019000e+01   05.18631000e+01   03.77781000e+01   02.98050000e-03
  06.26255000e+01   05.28825000e+01   03.81548000e+01  -05.01900000e-04
  07.18740000e+01   05.32245000e+01   03.57805000e+01  -05.40000000e-06
  07.09681000e+01   05.16855000e+01   03.58017000e+01  -02.73660000e-03
  06.48328000e+01   06.02135000e+01   03.72926000e+01   06.65000000e-04
  06.43537000e+01   05.94875000e+01   03.87175000e+01  -04.07950000e-03
  07.20939000e+01   05.09460000e+01   03.37537000e+01   01.58140000e-02
  07.27289000e+01   05.25929000e+01   03.37579000e+01   09.11190000e-03
  07.78311000e+01   05.49650000e+01   05.00622000e+01   00.00000000e+00
  07.72648000e+01   05.62198000e+01   05.12589000e+01   00.00000000e+00
  07.64182000e+01   05.60575000e+01   04.97647000e+01   00.00000000e+00
  07.85063000e+01   05.90678000e+01   04.95096000e+01   00.00000000e+00
  07.68545000e+01   05.86319000e+01   04.92151000e+01   00.00000000e+00
  07.76079000e+01   05.84842000e+01   05.09130000e+01   00.00000000e+00
  07.80106000e+01   05.67698000e+01   04.74716000e+01   00.00000000e+00
  07.92125000e+01   05.55753000e+01   04.81269000e+01   00.00000000e+00
  08.08932000e+01   05.71929000e+01   04.84120000e+01   00.00000000e+00
  07.99815000e+01   05.84826000e+01   04.77073000e+01   00.00000000e+00
  08.08502000e+01   05.59433000e+01   04.62779000e+01   00.00000000e+00
  08.14078000e+01   05.75717000e+01   04.60096000e+01   00.00000000e+00
  07.84248000e+01   05.90749000e+01   04.57569000e+01   00.00000000e+00
  08.01119000e+01   05.93745000e+01   04.51136000e+01   00.00000000e+00
  07.86969000e+01   05.91877000e+01   04.40328000e+01   00.00000000e+00
  08.03146000e+01   05.56282000e+01   04.39871000e+01   00.00000000e+00
  08.09776000e+01   05.71884000e+01   04.34568000e+01   00.00000000e+00
  07.83900000e+01   05.76286000e+01   04.25151000e+01   00.00000000e+00
  07.82873000e+01   05.59955000e+01   04.27171000e+01   00.00000000e+00
  07.98174000e+01   05.51746000e+01   04.14278000e+01   00.00000000e+00
  08.05232000e+01   05.66184000e+01   04.10300000e+01   00.00000000e+00
  06.73745000e+01   05.92688000e+01   03.62933000e+01   07.20400000e-04
  06.31550000e+01   05.45717000e+01   03.68447000e+01  -02.39543000e-02
  06.69443000e+01   05.07820000e+01   03.36740000e+01   04.89340000e-03
  07.27799000e+01   05.50148000e+01   03.41757000e+01  -02.28199000e-02
  06.18402000e+01   05.12425000e+01   03.56098000e+01  -01.51750000e-03
  07.98982000e+01   05.51452000e+01   03.86974000e+01   00.00000000e+00
  07.84919000e+01   05.59324000e+01   03.80154000e+01   00.00000000e+00
  08.00209000e+01   05.67948000e+01   03.84153000e+01   00.00000000e+00
  07.83570000e+01   05.72957000e+01   03.98504000e+01   00.00000000e+00
  07.66245000e+01   05.57189000e+01   03.94737000e+01   00.00000000e+00
  07.68373000e+01   05.58779000e+01   04.11779000e+01   00.00000000e+00
  07.81139000e+01   05.36994000e+01   04.12357000e+01   00.00000000e+00
  07.77357000e+01   05.33964000e+01   03.94943000e+01   00.00000000e+00
  07.56912000e+01   05.39052000e+01   04.14542000e+01   00.00000000e+00
  07.60763000e+01   05.22958000e+01   04.08521000e+01   00.00000000e+00
  07.36674000e+01   05.49532000e+01   03.98280000e+01   00.00000000e+00
  07.28876000e+01   05.34711000e+01   03.91813000e+01   00.00000000e+00
  07.32932000e+01   05.35060000e+01   04.09044000e+01   00.00000000e+00
  06.98633000e+01   05.06209000e+01   03.38616000e+01   05.57290000e-03
  07.09473000e+01   05.27730000e+01   03.22078000e+01  -01.28866000e-02
  07.57811000e+01   05.41106000e+01   03.76470000e+01   00.00000000e+00
  07.92841000e+01   05.67623000e+01   05.02189000e+01   00.00000000e+00
  07.86169000e+01   05.67390000e+01   04.54257000e+01   00.00000000e+00
  07.48635000e+01   05.13590000e+01   03.81979000e+01  -01.99830000e-03
  07.61045000e+01   05.15009000e+01   03.69339000e+01  -01.85290000e-03
