  07.11967000e+01   05.21238000e+01   03.39023000e+01  -06.11779000e-02
  06.21401000e+01   05.13936000e+01   03.59012000e+01   01.75852000e-02
  06.41253000e+01   05.90309000e+01   03.74536000e+01   01.01800000e-02
  07.10348000e+01   05.71764000e+01   03.35362000e+01  -01.32723000e-02
  06.79404000e+01   05.34534000e+01   03.35268000e+01  -04.57645000e-02
  07.08044000e+01   05.20309000e+01   03.54207000e+01   02.46758000e-02
  06.16740000e+01   05.17031000e+01   03.71388000e+01  -01.71993000e-02
  06.51401000e+01   05.91721000e+01   03.85216000e+01  -09.39340000e-03
  07.11641000e+01   05.56841000e+01   03.32972000e+01   07.66074000e-02
  06.52335000e+01   05.30809000e+01   03.46782000e+01   09.44338000e-02
  07.19636000e+01   05.79400000e+01   03.34758000e+01   01.54319000e-02
  07.20324000e+01   05.18231000e+01   03.63809000e+01  -01.56515000e-02
  07.17376000e+01   05.54388000e+01   03.18733000e+01  -02.00050000e-02
  06.77211000e+01   05.62941000e+01   03.44416000e+01  -08.09918000e-02
  07.32784000e+01   05.40848000e+01   03.06945000e+01   04.03650000e-03
  06.97600000e+01   05.51284000e+01   03.35080000e+01  -01.43447000e-01
  06.65765000e+01   05.14027000e+01   03.34918000e+01   01.23287000e-02
  06.35780000e+01   05.42198000e+01   03.61210000e+01   02.21683000e-01
  06.65286000e+01   05.79871000e+01   03.56798000e+01  -05.42921000e-02
  06.86814000e+01   05.10089000e+01   03.12535000e+01   02.66866000e-02
  06.38888000e+01   04.97092000e+01   03.38650000e+01   04.35609000e-02
  06.22271000e+01   05.63405000e+01   03.78389000e+01   02.36507000e-02
  06.92387000e+01   05.97974000e+01   03.51476000e+01  -06.09964000e-02
  07.28029000e+01   05.23640000e+01   03.85547000e+01   08.71130000e-03
  06.92751000e+01   05.37915000e+01   03.33304000e+01   01.26858000e-01
  06.54450000e+01   05.18307000e+01   03.41768000e+01  -03.45042000e-02
  06.40525000e+01   05.55333000e+01   03.61838000e+01  -02.04376000e-01
  06.76828000e+01   05.76026000e+01   03.49675000e+01   07.60142000e-02
  07.27758000e+01   05.08648000e+01   03.63963000e+01   05.08730000e-03
  07.14846000e+01   05.61681000e+01   03.08681000e+01   06.92200000e-04
  07.26243000e+01   05.34690000e+01   03.95695000e+01   00.00000000e+00
  07.00852000e+01   05.25941000e+01   03.28598000e+01   07.64245000e-02
  06.41805000e+01   05.10327000e+01   03.44755000e+01  -04.66821000e-02
  06.33852000e+01   05.65643000e+01   03.69522000e+01   01.65461000e-02
  06.88574000e+01   05.84018000e+01   03.46519000e+01   05.49912000e-02
  07.20816000e+01   05.28335000e+01   03.73664000e+01   03.30200000e-04
  07.25953000e+01   05.43825000e+01   03.19075000e+01   04.02810000e-03
  07.36287000e+01   05.40317000e+01   04.02953000e+01   00.00000000e+00
  06.89804000e+01   05.15303000e+01   03.26562000e+01  -04.69336000e-02
  06.33805000e+01   05.18510000e+01   03.53095000e+01  -07.68710000e-03
  06.42440000e+01   05.76666000e+01   03.68012000e+01  -03.37389000e-02
  06.97277000e+01   05.74678000e+01   03.40470000e+01   03.64969000e-02
  07.37064000e+01   05.38001000e+01   04.18107000e+01   00.00000000e+00
  06.77737000e+01   05.21429000e+01   03.32531000e+01  -09.58259000e-02
  06.40815000e+01   05.30814000e+01   03.54721000e+01  -01.77941000e-01
  06.54116000e+01   05.72600000e+01   03.60122000e+01   06.74294000e-02
  06.90175000e+01   05.62068000e+01   03.39483000e+01   01.44326000e-01
  07.45786000e+01   05.50122000e+01   03.96357000e+01   00.00000000e+00
  07.60037000e+01   05.45804000e+01   03.95220000e+01   00.00000000e+00
  07.68904000e+01   05.46855000e+01   04.08004000e+01   00.00000000e+00
  07.68976000e+01   05.60878000e+01   04.15709000e+01   00.00000000e+00
  07.77849000e+01   05.70319000e+01   04.08206000e+01   00.00000000e+00
  07.73588000e+01   05.59104000e+01   04.30475000e+01   00.00000000e+00
  07.71801000e+01   05.71116000e+01   04.39515000e+01   00.00000000e+00
  07.75905000e+01   05.68541000e+01   04.54021000e+01   00.00000000e+00
  07.71685000e+01   05.80328000e+01   04.63582000e+01   00.00000000e+00
  07.75763000e+01   05.94722000e+01   04.59411000e+01   00.00000000e+00
  07.75723000e+01   05.77672000e+01   04.78306000e+01   00.00000000e+00
  07.68370000e+01   05.86668000e+01   04.88818000e+01   00.00000000e+00
  07.53554000e+01   05.89687000e+01   04.86812000e+01   00.00000000e+00
  07.48217000e+01   05.96153000e+01   05.00156000e+01   00.00000000e+00
  07.55877000e+01   06.09516000e+01   05.05063000e+01   00.00000000e+00
  07.33301000e+01   05.99589000e+01   04.98967000e+01   00.00000000e+00
  06.52259000e+01   05.59295000e+01   03.56958000e+01   03.65717000e-02
  06.64931000e+01   05.47479000e+01   03.45425000e+01  -06.37550000e-03
  06.85060000e+01   06.04655000e+01   03.48024000e+01   01.79582000e-02
  06.94323000e+01   05.97121000e+01   03.62360000e+01   01.23366000e-02
  07.02562000e+01   06.01109000e+01   03.47800000e+01   01.80857000e-02
  06.24884000e+01   05.56009000e+01   03.85413000e+01  -03.55350000e-03
  06.20294000e+01   05.72543000e+01   03.83147000e+01  -05.48890000e-03
  06.13610000e+01   05.61383000e+01   03.72249000e+01  -05.73590000e-03
  06.41400000e+01   04.97360000e+01   03.28446000e+01  -01.16015000e-02
  06.45089000e+01   04.89127000e+01   03.43165000e+01  -01.03548000e-02
  06.28396000e+01   04.95148000e+01   03.38237000e+01  -01.10806000e-02
  06.82621000e+01   05.18212000e+01   03.05699000e+01  -06.50300000e-03
  06.96792000e+01   05.07040000e+01   03.08681000e+01  -03.84930000e-03
  06.80323000e+01   05.01879000e+01   03.11946000e+01  -06.75510000e-03
  07.39827000e+01   05.32716000e+01   03.08419000e+01   06.96000000e-05
  07.26285000e+01   05.37909000e+01   02.98657000e+01  -02.56130000e-03
  07.39752000e+01   05.48749000e+01   03.03294000e+01  -08.86000000e-04
  06.61232000e+01   05.92988000e+01   03.80458000e+01   02.66600000e-04
  06.48769000e+01   06.00210000e+01   03.91179000e+01   02.07780000e-03
  06.51620000e+01   05.82831000e+01   03.91450000e+01   03.44650000e-03
  06.07797000e+01   05.12090000e+01   03.75811000e+01   02.98050000e-03
  06.23119000e+01   05.22487000e+01   03.78825000e+01  -05.01900000e-04
  07.01542000e+01   05.27840000e+01   03.56918000e+01  -05.40000000e-06
  07.02561000e+01   05.11572000e+01   03.56233000e+01  -02.73660000e-03
  06.42538000e+01   05.98542000e+01   03.67996000e+01   06.65000000e-04
  06.31182000e+01   05.90518000e+01   03.79012000e+01  -04.07950000e-03
  07.18406000e+01   05.13689000e+01   03.35770000e+01   01.58140000e-02
  07.18184000e+01   05.29659000e+01   03.37583000e+01   09.11190000e-03
  07.31448000e+01   06.07745000e+01   04.91551000e+01   00.00000000e+00
  07.26293000e+01   05.91320000e+01   04.96395000e+01   00.00000000e+00
  07.30727000e+01   06.03004000e+01   05.08559000e+01   00.00000000e+00
  07.51434000e+01   06.14251000e+01   05.13867000e+01   00.00000000e+00
  07.66329000e+01   06.07937000e+01   05.07449000e+01   00.00000000e+00
  07.54462000e+01   06.15911000e+01   04.96267000e+01   00.00000000e+00
  07.51530000e+01   05.96108000e+01   04.78684000e+01   00.00000000e+00
  07.47533000e+01   05.80784000e+01   04.84605000e+01   00.00000000e+00
  07.70927000e+01   05.82101000e+01   04.98767000e+01   00.00000000e+00
  07.72842000e+01   05.96451000e+01   04.88924000e+01   00.00000000e+00
  07.72658000e+01   05.68027000e+01   04.82166000e+01   00.00000000e+00
  07.86401000e+01   05.78288000e+01   04.79035000e+01   00.00000000e+00
  07.74842000e+01   05.95833000e+01   04.48588000e+01   00.00000000e+00
  07.71780000e+01   06.03577000e+01   04.64524000e+01   00.00000000e+00
  07.86679000e+01   05.94111000e+01   04.60858000e+01   00.00000000e+00
  07.70291000e+01   05.59720000e+01   04.57321000e+01   00.00000000e+00
  07.86598000e+01   05.67742000e+01   04.54769000e+01   00.00000000e+00
  07.79522000e+01   05.78006000e+01   04.36284000e+01   00.00000000e+00
  07.61501000e+01   05.74684000e+01   04.40035000e+01   00.00000000e+00
  07.66858000e+01   05.52022000e+01   04.35073000e+01   00.00000000e+00
  07.84115000e+01   05.56552000e+01   04.29460000e+01   00.00000000e+00
  06.64932000e+01   05.90083000e+01   03.59284000e+01   07.20400000e-04
  06.25854000e+01   05.39875000e+01   03.65234000e+01  -02.39543000e-02
  06.65951000e+01   05.03114000e+01   03.32949000e+01   04.89340000e-03
  07.18872000e+01   05.53031000e+01   03.40294000e+01  -02.28199000e-02
  06.14248000e+01   05.07066000e+01   03.53956000e+01  -01.51750000e-03
  07.74831000e+01   05.72248000e+01   03.98194000e+01   00.00000000e+00
  07.77915000e+01   05.80358000e+01   04.12828000e+01   00.00000000e+00
  07.88099000e+01   05.66880000e+01   04.06588000e+01   00.00000000e+00
  07.58753000e+01   05.64502000e+01   04.15714000e+01   00.00000000e+00
  07.65275000e+01   05.38246000e+01   04.13933000e+01   00.00000000e+00
  07.79372000e+01   05.45028000e+01   04.05139000e+01   00.00000000e+00
  07.60622000e+01   05.35568000e+01   03.91552000e+01   00.00000000e+00
  07.63221000e+01   05.52647000e+01   03.87175000e+01   00.00000000e+00
  07.42771000e+01   05.50778000e+01   03.85864000e+01   00.00000000e+00
  07.44419000e+01   05.60426000e+01   04.01157000e+01   00.00000000e+00
  07.42443000e+01   05.46712000e+01   04.22411000e+01   00.00000000e+00
  07.26851000e+01   05.37019000e+01   04.21795000e+01   00.00000000e+00
  07.41699000e+01   05.28134000e+01   04.19485000e+01   00.00000000e+00
  06.91791000e+01   05.05898000e+01   03.32221000e+01   05.57290000e-03
  07.05706000e+01   05.27087000e+01   03.19094000e+01  -01.28866000e-02
  07.17337000e+01   05.40631000e+01   03.95150000e+01   00.00000000e+00
  07.49785000e+01   05.89430000e+01   05.08354000e+01   00.00000000e+00
  07.61448000e+01   05.81726000e+01   04.62806000e+01   00.00000000e+00
  07.24326000e+01   05.13890000e+01   03.89005000e+01  -01.99830000e-03
  07.38609000e+01   05.21055000e+01   03.85356000e+01  -01.85290000e-03
