  06.89831000e+01   05.09158000e+01   03.32001000e+01  -06.11779000e-02
  06.00219000e+01   05.18497000e+01   03.69820000e+01   01.75852000e-02
  06.37682000e+01   05.88635000e+01   03.82274000e+01   01.01800000e-02
  06.96272000e+01   05.58579000e+01   03.34863000e+01  -01.32723000e-02
  06.58876000e+01   05.26443000e+01   03.41445000e+01  -04.57645000e-02
  06.95072000e+01   05.10231000e+01   03.46627000e+01   02.46758000e-02
  05.96919000e+01   05.23928000e+01   03.81633000e+01  -01.71993000e-02
  06.48184000e+01   05.86636000e+01   03.93193000e+01  -09.39340000e-03
  06.92805000e+01   05.44013000e+01   03.29787000e+01   07.66074000e-02
  06.32511000e+01   05.29623000e+01   03.55116000e+01   09.44338000e-02
  07.06416000e+01   05.65112000e+01   03.32385000e+01   01.54319000e-02
  07.07887000e+01   05.01862000e+01   03.48929000e+01  -01.56515000e-02
  06.92393000e+01   05.43980000e+01   03.14414000e+01  -02.00050000e-02
  06.63760000e+01   05.54699000e+01   03.50750000e+01  -08.09918000e-02
  06.90350000e+01   05.28058000e+01   02.95908000e+01   04.03650000e-03
  06.78318000e+01   05.40131000e+01   03.35953000e+01  -01.43447000e-01
  06.42168000e+01   05.08671000e+01   03.43799000e+01   01.23287000e-02
  06.18033000e+01   05.44754000e+01   03.67964000e+01   02.21683000e-01
  06.55725000e+01   05.74848000e+01   03.61887000e+01  -05.42921000e-02
  06.59267000e+01   04.95599000e+01   03.20715000e+01   02.66866000e-02
  06.13737000e+01   04.99129000e+01   03.47854000e+01   04.35609000e-02
  06.12169000e+01   05.68705000e+01   03.86607000e+01   02.36507000e-02
  06.85236000e+01   05.86468000e+01   03.52643000e+01  -06.09964000e-02
  07.27959000e+01   05.01366000e+01   03.61275000e+01   08.71130000e-03
  06.71342000e+01   05.28225000e+01   03.35433000e+01   01.26858000e-01
  06.32197000e+01   05.16199000e+01   03.50883000e+01  -03.45042000e-02
  06.26430000e+01   05.55679000e+01   03.68699000e+01  -02.04376000e-01
  06.65738000e+01   05.67962000e+01   03.54443000e+01   07.60142000e-02
  07.09618000e+01   04.90261000e+01   03.45698000e+01   05.08730000e-03
  06.91591000e+01   05.53871000e+01   03.07240000e+01   06.92200000e-04
  07.35820000e+01   05.10224000e+01   03.71321000e+01   00.00000000e+00
  06.75608000e+01   05.14811000e+01   03.28737000e+01   07.64245000e-02
  06.18427000e+01   05.11111000e+01   03.54290000e+01  -04.66821000e-02
  06.24151000e+01   05.67166000e+01   03.77576000e+01   01.65461000e-02
  06.78795000e+01   05.73271000e+01   03.49044000e+01   05.49912000e-02
  07.17282000e+01   05.09404000e+01   03.55307000e+01   03.30200000e-04
  06.92028000e+01   05.31298000e+01   03.10138000e+01   04.02810000e-03
  07.34896000e+01   05.23271000e+01   03.73931000e+01   00.00000000e+00
  06.64639000e+01   05.04316000e+01   03.32347000e+01  -04.69336000e-02
  06.12616000e+01   05.20531000e+01   03.62771000e+01  -07.68710000e-03
  06.34899000e+01   05.75446000e+01   03.75050000e+01  -03.37389000e-02
  06.83824000e+01   05.62409000e+01   03.41932000e+01   03.64969000e-02
  07.43207000e+01   05.33553000e+01   03.65971000e+01   00.00000000e+00
  06.54503000e+01   05.13285000e+01   03.39561000e+01  -09.58259000e-02
  06.20519000e+01   05.31949000e+01   03.61710000e+01  -01.77941000e-01
  06.43791000e+01   05.69423000e+01   03.66196000e+01   06.74294000e-02
  06.74595000e+01   05.51397000e+01   03.43078000e+01   01.44326000e-01
  07.26200000e+01   05.28270000e+01   03.83990000e+01   00.00000000e+00
  07.31581000e+01   05.33715000e+01   03.97320000e+01   00.00000000e+00
  07.37667000e+01   05.22245000e+01   04.06110000e+01   00.00000000e+00
  07.40668000e+01   05.25931000e+01   04.20797000e+01   00.00000000e+00
  07.52417000e+01   05.36651000e+01   04.20641000e+01   00.00000000e+00
  07.41619000e+01   05.12102000e+01   04.28180000e+01   00.00000000e+00
  07.47091000e+01   05.13322000e+01   04.42128000e+01   00.00000000e+00
  07.38123000e+01   05.21123000e+01   04.52166000e+01   00.00000000e+00
  07.41455000e+01   05.22444000e+01   04.67512000e+01   00.00000000e+00
  07.29766000e+01   05.28564000e+01   04.75330000e+01   00.00000000e+00
  07.54908000e+01   05.29386000e+01   04.69495000e+01   00.00000000e+00
  07.58890000e+01   05.43253000e+01   04.63002000e+01   00.00000000e+00
  07.74117000e+01   05.47379000e+01   04.63517000e+01   00.00000000e+00
  07.77738000e+01   05.61708000e+01   04.59441000e+01   00.00000000e+00
  07.70656000e+01   05.71633000e+01   04.68940000e+01   00.00000000e+00
  07.92819000e+01   05.63157000e+01   04.57664000e+01   00.00000000e+00
  06.39243000e+01   05.56592000e+01   03.63251000e+01   03.65717000e-02
  06.48375000e+01   05.41822000e+01   03.53147000e+01  -06.37550000e-03
  06.78531000e+01   05.95066000e+01   03.50293000e+01   01.79582000e-02
  06.86733000e+01   05.86907000e+01   03.64003000e+01   01.23366000e-02
  06.95285000e+01   05.86423000e+01   03.47200000e+01   01.80857000e-02
  06.14571000e+01   05.74115000e+01   03.95586000e+01  -03.55350000e-03
  06.04599000e+01   05.74245000e+01   03.81532000e+01  -05.48890000e-03
  06.06195000e+01   05.59762000e+01   03.90630000e+01  -05.73590000e-03
  06.10853000e+01   05.01292000e+01   03.37867000e+01  -01.16015000e-02
  06.20988000e+01   04.91600000e+01   03.46771000e+01  -01.03548000e-02
  06.05879000e+01   04.93826000e+01   03.53168000e+01  -01.10806000e-02
  06.67003000e+01   04.88170000e+01   03.18545000e+01  -06.50300000e-03
  06.49227000e+01   04.91110000e+01   03.23316000e+01  -03.84930000e-03
  06.55470000e+01   05.01547000e+01   03.11342000e+01  -06.75510000e-03
  06.83503000e+01   05.33894000e+01   02.90041000e+01   06.96000000e-05
  06.99657000e+01   05.27964000e+01   02.90158000e+01  -02.56130000e-03
  06.86460000e+01   05.18281000e+01   02.96185000e+01  -08.86000000e-04
  06.58589000e+01   05.85163000e+01   03.90799000e+01   02.66600000e-04
  06.49305000e+01   05.96481000e+01   03.96649000e+01   02.07780000e-03
  06.45616000e+01   05.79297000e+01   03.99806000e+01   03.44650000e-03
  05.87845000e+01   05.20856000e+01   03.86614000e+01   02.98050000e-03
  06.03787000e+01   05.30097000e+01   03.87909000e+01  -05.01900000e-04
  06.97154000e+01   05.20466000e+01   03.49472000e+01  -05.40000000e-06
  06.87666000e+01   05.05944000e+01   03.53845000e+01  -02.73660000e-03
  06.39511000e+01   05.96175000e+01   03.74674000e+01   06.65000000e-04
  06.29296000e+01   05.91375000e+01   03.87614000e+01  -04.07950000e-03
  06.88496000e+01   04.98862000e+01   03.29438000e+01   01.58140000e-02
  06.98255000e+01   05.13507000e+01   03.26006000e+01   09.11190000e-03
  07.96285000e+01   05.56075000e+01   04.49996000e+01   00.00000000e+00
  07.94678000e+01   05.72165000e+01   04.53425000e+01   00.00000000e+00
  07.98362000e+01   05.61484000e+01   04.66518000e+01   00.00000000e+00
  07.73989000e+01   05.81158000e+01   04.66376000e+01   00.00000000e+00
  07.59929000e+01   05.71314000e+01   04.67202000e+01   00.00000000e+00
  07.73471000e+01   05.69152000e+01   04.78366000e+01   00.00000000e+00
  07.76970000e+01   05.46879000e+01   04.74164000e+01   00.00000000e+00
  07.80269000e+01   05.39551000e+01   04.58112000e+01   00.00000000e+00
  07.57649000e+01   05.42528000e+01   04.52427000e+01   00.00000000e+00
  07.52869000e+01   05.50634000e+01   04.67553000e+01   00.00000000e+00
  07.56404000e+01   05.31380000e+01   04.80411000e+01   00.00000000e+00
  07.63104000e+01   05.21971000e+01   04.67071000e+01   00.00000000e+00
  07.20633000e+01   05.23055000e+01   04.72614000e+01   00.00000000e+00
  07.31972000e+01   05.29332000e+01   04.85981000e+01   00.00000000e+00
  07.28642000e+01   05.39230000e+01   04.72054000e+01   00.00000000e+00
  07.36979000e+01   05.31658000e+01   04.48690000e+01   00.00000000e+00
  07.28566000e+01   05.15001000e+01   04.51575000e+01   00.00000000e+00
  07.48671000e+01   05.03430000e+01   04.46480000e+01   00.00000000e+00
  07.57401000e+01   05.17823000e+01   04.40603000e+01   00.00000000e+00
  07.32024000e+01   05.06514000e+01   04.27897000e+01   00.00000000e+00
  07.49484000e+01   05.05843000e+01   04.23452000e+01   00.00000000e+00
  06.57516000e+01   05.85265000e+01   03.65195000e+01   07.20400000e-04
  06.08887000e+01   05.45868000e+01   03.73536000e+01  -02.39543000e-02
  06.41149000e+01   04.98366000e+01   03.42386000e+01   04.89340000e-03
  07.00156000e+01   05.37792000e+01   03.33735000e+01  -02.28199000e-02
  05.93036000e+01   05.11142000e+01   03.64495000e+01  -01.51750000e-03
  07.49034000e+01   05.45616000e+01   04.15776000e+01   00.00000000e+00
  07.53399000e+01   05.39314000e+01   04.31313000e+01   00.00000000e+00
  07.61997000e+01   05.32241000e+01   04.16352000e+01   00.00000000e+00
  07.33139000e+01   05.30871000e+01   04.25327000e+01   00.00000000e+00
  07.30999000e+01   05.14518000e+01   04.04528000e+01   00.00000000e+00
  07.46488000e+01   05.19107000e+01   04.00678000e+01   00.00000000e+00
  07.39675000e+01   05.41148000e+01   03.95373000e+01   00.00000000e+00
  07.22941000e+01   05.37763000e+01   04.02493000e+01   00.00000000e+00
  07.20796000e+01   05.36410000e+01   03.79687000e+01   00.00000000e+00
  07.19156000e+01   05.20512000e+01   03.87151000e+01   00.00000000e+00
  07.46811000e+01   05.28372000e+01   03.56989000e+01   00.00000000e+00
  07.37156000e+01   05.41979000e+01   03.62425000e+01   00.00000000e+00
  07.51560000e+01   05.37241000e+01   03.71330000e+01   00.00000000e+00
  06.68563000e+01   04.96394000e+01   03.39730000e+01   05.57290000e-03
  06.75064000e+01   05.16346000e+01   03.17904000e+01  -01.28866000e-02
  07.43116000e+01   05.04832000e+01   03.76300000e+01   00.00000000e+00
  07.73931000e+01   05.64049000e+01   04.49304000e+01   00.00000000e+00
  07.41074000e+01   05.11775000e+01   04.70600000e+01   00.00000000e+00
  07.23755000e+01   04.93294000e+01   03.67634000e+01  -01.99830000e-03
  07.35375000e+01   04.96736000e+01   03.54932000e+01  -01.85290000e-03
