  07.11646000e+01   05.14684000e+01   03.56528000e+01  -06.11779000e-02
  06.14512000e+01   05.16851000e+01   03.69695000e+01   01.75852000e-02
  06.42079000e+01   05.88253000e+01   03.93790000e+01   01.01800000e-02
  07.09698000e+01   05.64506000e+01   03.51288000e+01  -01.32723000e-02
  06.78253000e+01   05.28336000e+01   03.56480000e+01  -04.57645000e-02
  07.11565000e+01   05.16272000e+01   03.71942000e+01   02.46758000e-02
  06.07985000e+01   05.19748000e+01   03.81431000e+01  -01.71993000e-02
  06.52744000e+01   05.91504000e+01   04.04520000e+01  -09.39340000e-03
  07.09756000e+01   05.49402000e+01   03.48705000e+01   07.66074000e-02
  06.49309000e+01   05.28718000e+01   03.63897000e+01   09.44338000e-02
  07.19637000e+01   05.71349000e+01   03.49184000e+01   01.54319000e-02
  07.24788000e+01   05.17463000e+01   03.79072000e+01  -01.56515000e-02
  07.11571000e+01   05.47118000e+01   03.34545000e+01  -02.00050000e-02
  06.78292000e+01   05.58825000e+01   03.63721000e+01  -08.09918000e-02
  07.20564000e+01   05.32629000e+01   03.18211000e+01   04.03650000e-03
  06.96143000e+01   05.44338000e+01   03.53942000e+01  -01.43447000e-01
  06.62869000e+01   05.09118000e+01   03.55727000e+01   01.23287000e-02
  06.32460000e+01   05.41908000e+01   03.75981000e+01   02.21683000e-01
  06.66418000e+01   05.77090000e+01   03.74717000e+01  -05.42921000e-02
  06.85276000e+01   04.98099000e+01   03.38279000e+01   02.66866000e-02
  06.35549000e+01   04.96190000e+01   03.55844000e+01   04.35609000e-02
  06.21876000e+01   05.63608000e+01   03.94004000e+01   02.36507000e-02
  06.94034000e+01   05.92698000e+01   03.64764000e+01  -06.09964000e-02
  07.35510000e+01   05.25398000e+01   03.99331000e+01   08.71130000e-03
  06.91252000e+01   05.31116000e+01   03.52687000e+01   01.26858000e-01
  06.50527000e+01   05.15454000e+01   03.59503000e+01  -03.45042000e-02
  06.39695000e+01   05.53440000e+01   03.78937000e+01  -02.04376000e-01
  06.77641000e+01   05.72661000e+01   03.66837000e+01   07.60142000e-02
  07.36049000e+01   05.13939000e+01   03.75617000e+01   05.08730000e-03
  07.05748000e+01   05.53729000e+01   03.25666000e+01   06.92200000e-04
  07.32492000e+01   05.31995000e+01   04.12400000e+01   00.00000000e+00
  06.98575000e+01   05.18074000e+01   03.49032000e+01   07.64245000e-02
  06.38089000e+01   05.09308000e+01   03.60147000e+01  -04.66821000e-02
  06.34148000e+01   05.64046000e+01   03.86046000e+01   01.65461000e-02
  06.89771000e+01   05.78682000e+01   03.62714000e+01   05.49912000e-02
  07.23079000e+01   05.23234000e+01   03.91512000e+01   03.30200000e-04
  07.19791000e+01   05.36456000e+01   03.32072000e+01   04.02810000e-03
  07.34284000e+01   05.26678000e+01   04.24847000e+01   00.00000000e+00
  06.87787000e+01   05.06513000e+01   03.50721000e+01  -04.69336000e-02
  06.29072000e+01   05.19018000e+01   03.65929000e+01  -07.68710000e-03
  06.43176000e+01   05.74656000e+01   03.86103000e+01  -03.37389000e-02
  06.96828000e+01   05.68025000e+01   03.56993000e+01   03.64969000e-02
  07.22987000e+01   05.19179000e+01   04.31922000e+01   00.00000000e+00
  06.75553000e+01   05.14873000e+01   03.55175000e+01  -09.58259000e-02
  06.37111000e+01   05.30297000e+01   03.69515000e+01  -01.77941000e-01
  06.54656000e+01   05.69912000e+01   03.78630000e+01   06.74294000e-02
  06.89449000e+01   05.56365000e+01   03.58145000e+01   01.44326000e-01
  07.48292000e+01   05.26927000e+01   04.31647000e+01   00.00000000e+00
  07.60036000e+01   05.32545000e+01   04.23775000e+01   00.00000000e+00
  07.58754000e+01   05.48044000e+01   04.23131000e+01   00.00000000e+00
  07.72284000e+01   05.56146000e+01   04.20391000e+01   00.00000000e+00
  07.80154000e+01   05.51119000e+01   04.08324000e+01   00.00000000e+00
  07.80469000e+01   05.57747000e+01   04.33987000e+01   00.00000000e+00
  07.73608000e+01   05.64072000e+01   04.46053000e+01   00.00000000e+00
  07.83640000e+01   05.65219000e+01   04.57850000e+01   00.00000000e+00
  07.80739000e+01   05.74658000e+01   04.69507000e+01   00.00000000e+00
  07.93279000e+01   05.76554000e+01   04.79011000e+01   00.00000000e+00
  07.69459000e+01   05.67490000e+01   04.78038000e+01   00.00000000e+00
  07.66053000e+01   05.73375000e+01   04.91648000e+01   00.00000000e+00
  07.59290000e+01   05.86988000e+01   04.91053000e+01   00.00000000e+00
  07.51732000e+01   05.91414000e+01   05.03814000e+01   00.00000000e+00
  07.60822000e+01   05.95420000e+01   05.15911000e+01   00.00000000e+00
  07.42621000e+01   06.02771000e+01   05.00594000e+01   00.00000000e+00
  06.51463000e+01   05.57176000e+01   03.74107000e+01   03.65717000e-02
  06.63711000e+01   05.42728000e+01   03.63207000e+01  -06.37550000e-03
  07.04557000e+01   05.93218000e+01   03.63259000e+01   01.79582000e-02
  06.90349000e+01   05.97540000e+01   03.56314000e+01   01.23366000e-02
  06.89850000e+01   05.97565000e+01   03.74026000e+01   01.80857000e-02
  06.20406000e+01   05.70327000e+01   04.02287000e+01  -03.55350000e-03
  06.12804000e+01   05.64775000e+01   03.87910000e+01  -05.48890000e-03
  06.21986000e+01   05.54263000e+01   03.99713000e+01  -05.73590000e-03
  06.44127000e+01   04.90242000e+01   03.53477000e+01  -01.16015000e-02
  06.29590000e+01   04.91253000e+01   03.62962000e+01  -01.03548000e-02
  06.28718000e+01   04.97895000e+01   03.47589000e+01  -01.10806000e-02
  06.78879000e+01   05.03472000e+01   03.31382000e+01  -06.50300000e-03
  06.94819000e+01   04.95520000e+01   03.33333000e+01  -03.84930000e-03
  06.79461000e+01   04.88927000e+01   03.39703000e+01  -06.75510000e-03
  07.28157000e+01   05.24584000e+01   03.16783000e+01   06.96000000e-05
  07.10945000e+01   05.29308000e+01   03.15986000e+01  -02.56130000e-03
  07.22924000e+01   05.41227000e+01   03.12099000e+01  -08.86000000e-04
  06.51541000e+01   06.01890000e+01   04.07960000e+01   02.66600000e-04
  06.51817000e+01   05.85703000e+01   04.13370000e+01   02.07780000e-03
  06.62681000e+01   05.90983000e+01   04.00962000e+01   03.44650000e-03
  05.97048000e+01   05.15799000e+01   03.82748000e+01   02.98050000e-03
  06.11729000e+01   05.24784000e+01   03.90613000e+01  -05.01900000e-04
  07.07913000e+01   05.26331000e+01   03.74022000e+01  -05.40000000e-06
  07.06315000e+01   05.08301000e+01   03.77390000e+01  -02.73660000e-03
  06.42157000e+01   05.96444000e+01   03.86857000e+01   06.65000000e-04
  06.32524000e+01   05.90237000e+01   03.98354000e+01  -04.07950000e-03
  07.15889000e+01   05.05050000e+01   03.54578000e+01   01.58140000e-02
  07.19757000e+01   05.21359000e+01   03.52152000e+01   09.11190000e-03
  07.37605000e+01   06.06013000e+01   05.10047000e+01   00.00000000e+00
  07.46376000e+01   06.11259000e+01   04.95234000e+01   00.00000000e+00
  07.35707000e+01   05.96869000e+01   04.94942000e+01   00.00000000e+00
  07.55575000e+01   05.97678000e+01   05.24877000e+01   00.00000000e+00
  07.65955000e+01   05.86920000e+01   05.18960000e+01   00.00000000e+00
  07.67901000e+01   06.03220000e+01   05.12254000e+01   00.00000000e+00
  07.66516000e+01   05.92847000e+01   04.87355000e+01   00.00000000e+00
  07.51640000e+01   05.86467000e+01   04.84308000e+01   00.00000000e+00
  07.58299000e+01   05.67840000e+01   04.97154000e+01   00.00000000e+00
  07.74851000e+01   05.73806000e+01   04.97470000e+01   00.00000000e+00
  07.61016000e+01   05.68095000e+01   04.71718000e+01   00.00000000e+00
  07.72375000e+01   05.57628000e+01   04.79442000e+01   00.00000000e+00
  08.00766000e+01   05.80395000e+01   04.72492000e+01   00.00000000e+00
  07.92042000e+01   05.83209000e+01   04.87539000e+01   00.00000000e+00
  07.95206000e+01   05.66312000e+01   04.82062000e+01   00.00000000e+00
  07.84593000e+01   05.54451000e+01   04.61605000e+01   00.00000000e+00
  07.92758000e+01   05.67782000e+01   04.53268000e+01   00.00000000e+00
  07.69740000e+01   05.73411000e+01   04.42903000e+01   00.00000000e+00
  07.65872000e+01   05.58298000e+01   04.51045000e+01   00.00000000e+00
  07.85360000e+01   05.48471000e+01   04.35898000e+01   00.00000000e+00
  07.87321000e+01   05.65368000e+01   04.30956000e+01   00.00000000e+00
  06.66518000e+01   05.86978000e+01   03.79011000e+01   07.20400000e-04
  06.22266000e+01   05.41601000e+01   03.78721000e+01  -02.39543000e-02
  06.62583000e+01   04.98551000e+01   03.54412000e+01   04.89340000e-03
  07.17804000e+01   05.44879000e+01   03.54450000e+01  -02.28199000e-02
  06.10112000e+01   05.09577000e+01   03.63515000e+01  -01.51750000e-03
  07.83204000e+01   05.41361000e+01   04.09314000e+01   00.00000000e+00
  07.73466000e+01   05.52099000e+01   03.99863000e+01   00.00000000e+00
  07.89337000e+01   05.58414000e+01   04.08349000e+01   00.00000000e+00
  07.69653000e+01   05.66073000e+01   04.17423000e+01   00.00000000e+00
  07.53333000e+01   05.51502000e+01   04.14822000e+01   00.00000000e+00
  07.54847000e+01   05.52673000e+01   04.32668000e+01   00.00000000e+00
  07.69385000e+01   05.29867000e+01   04.28867000e+01   00.00000000e+00
  07.59723000e+01   05.28454000e+01   04.14497000e+01   00.00000000e+00
  07.47069000e+01   05.33023000e+01   04.40515000e+01   00.00000000e+00
  07.50973000e+01   05.17070000e+01   04.35103000e+01   00.00000000e+00
  07.14668000e+01   05.22560000e+01   04.25868000e+01   00.00000000e+00
  07.24750000e+01   05.07980000e+01   04.31568000e+01   00.00000000e+00
  07.20703000e+01   05.21769000e+01   04.42277000e+01   00.00000000e+00
  06.90826000e+01   05.00011000e+01   03.59098000e+01   05.57290000e-03
  07.00616000e+01   05.18163000e+01   03.37653000e+01  -01.28866000e-02
  07.29561000e+01   05.42029000e+01   04.13248000e+01   00.00000000e+00
  07.47011000e+01   05.82590000e+01   05.06966000e+01   00.00000000e+00
  07.75759000e+01   05.83739000e+01   04.67453000e+01   00.00000000e+00
  07.40290000e+01   05.15819000e+01   04.01827000e+01  -01.99830000e-03
  07.43304000e+01   05.31297000e+01   03.94910000e+01  -01.85290000e-03
