  07.20366000e+01   05.16539000e+01   03.60660000e+01  -06.11779000e-02
  06.23882000e+01   05.17247000e+01   03.78805000e+01   01.75852000e-02
  06.51035000e+01   05.90926000e+01   03.97802000e+01   01.01800000e-02
  07.18952000e+01   05.64728000e+01   03.56206000e+01  -01.32723000e-02
  06.87210000e+01   05.28813000e+01   03.62817000e+01  -04.57645000e-02
  07.19175000e+01   05.15110000e+01   03.76140000e+01   02.46758000e-02
  06.16153000e+01   05.22905000e+01   03.88603000e+01  -01.71993000e-02
  06.62092000e+01   05.91932000e+01   04.08896000e+01  -09.39340000e-03
  07.18633000e+01   05.49320000e+01   03.52349000e+01   07.66074000e-02
  06.58180000e+01   05.29827000e+01   03.72533000e+01   09.44338000e-02
  07.28618000e+01   05.71879000e+01   03.54022000e+01   01.54319000e-02
  07.32073000e+01   05.11109000e+01   03.83319000e+01  -01.56515000e-02
  07.19126000e+01   05.47510000e+01   03.37542000e+01  -02.00050000e-02
  06.86602000e+01   05.57595000e+01   03.70461000e+01  -08.09918000e-02
  07.29951000e+01   05.33762000e+01   03.20584000e+01   04.03650000e-03
  07.05212000e+01   05.44367000e+01   03.59031000e+01  -01.43447000e-01
  06.71181000e+01   05.11430000e+01   03.62690000e+01   01.23287000e-02
  06.40728000e+01   05.44337000e+01   03.82700000e+01   02.21683000e-01
  06.75665000e+01   05.77439000e+01   03.81013000e+01  -05.42921000e-02
  06.91616000e+01   05.01249000e+01   03.40560000e+01   02.66866000e-02
  06.45034000e+01   04.95541000e+01   03.69726000e+01   04.35609000e-02
  06.26579000e+01   05.68974000e+01   03.95289000e+01   02.36507000e-02
  07.02687000e+01   05.92244000e+01   03.69396000e+01  -06.09964000e-02
  07.55893000e+01   05.14316000e+01   03.86236000e+01   08.71130000e-03
  06.99703000e+01   05.31630000e+01   03.58524000e+01   01.26858000e-01
  06.59527000e+01   05.16776000e+01   03.68637000e+01  -03.45042000e-02
  06.46852000e+01   05.57119000e+01   03.83320000e+01  -02.04376000e-01
  06.86278000e+01   05.71645000e+01   03.74187000e+01   07.60142000e-02
  07.32192000e+01   05.04652000e+01   03.93816000e+01   05.08730000e-03
  07.10649000e+01   05.51355000e+01   03.29380000e+01   06.92200000e-04
  07.57289000e+01   05.26950000e+01   03.94734000e+01   00.00000000e+00
  07.06954000e+01   05.19203000e+01   03.53378000e+01   07.64245000e-02
  06.47260000e+01   05.09974000e+01   03.71200000e+01  -04.66821000e-02
  06.41030000e+01   05.68763000e+01   03.90038000e+01   01.65461000e-02
  06.98743000e+01   05.77885000e+01   03.68726000e+01   05.49912000e-02
  07.43453000e+01   05.16506000e+01   03.77544000e+01   03.30200000e-04
  07.30172000e+01   05.40469000e+01   03.33437000e+01   04.02810000e-03
  07.56986000e+01   05.27221000e+01   04.08280000e+01   00.00000000e+00
  06.95579000e+01   05.08182000e+01   03.53779000e+01  -04.69336000e-02
  06.38033000e+01   05.18988000e+01   03.76899000e+01  -07.68710000e-03
  06.51866000e+01   05.77614000e+01   03.90279000e+01  -03.37389000e-02
  07.06465000e+01   05.67204000e+01   03.63011000e+01   03.64969000e-02
  07.43495000e+01   05.28980000e+01   04.16143000e+01   00.00000000e+00
  06.84472000e+01   05.16617000e+01   03.60032000e+01  -09.58259000e-02
  06.45270000e+01   05.31811000e+01   03.77239000e+01  -01.77941000e-01
  06.63557000e+01   05.71151000e+01   03.84717000e+01   06.74294000e-02
  06.98870000e+01   05.55639000e+01   03.64118000e+01   01.44326000e-01
  07.69803000e+01   05.25569000e+01   04.17445000e+01   00.00000000e+00
  07.81378000e+01   05.35951000e+01   04.15849000e+01   00.00000000e+00
  07.77935000e+01   05.49881000e+01   04.21506000e+01   00.00000000e+00
  07.88924000e+01   05.61222000e+01   04.21180000e+01   00.00000000e+00
  07.96886000e+01   05.61767000e+01   04.08028000e+01   00.00000000e+00
  07.97999000e+01   05.60917000e+01   04.33793000e+01   00.00000000e+00
  08.05706000e+01   05.74022000e+01   04.37639000e+01   00.00000000e+00
  08.14136000e+01   05.72751000e+01   04.50524000e+01   00.00000000e+00
  08.05607000e+01   05.73877000e+01   04.63595000e+01   00.00000000e+00
  08.01071000e+01   05.88566000e+01   04.65844000e+01   00.00000000e+00
  08.13120000e+01   05.67271000e+01   04.75960000e+01   00.00000000e+00
  08.09158000e+01   05.72182000e+01   04.90513000e+01   00.00000000e+00
  08.14508000e+01   05.63623000e+01   05.01701000e+01   00.00000000e+00
  08.11716000e+01   05.67164000e+01   05.16875000e+01   00.00000000e+00
  07.96262000e+01   05.65842000e+01   05.19561000e+01   00.00000000e+00
  08.19507000e+01   05.56775000e+01   05.26253000e+01   00.00000000e+00
  06.60185000e+01   05.58224000e+01   03.81173000e+01   03.65717000e-02
  06.72537000e+01   05.43574000e+01   03.72095000e+01  -06.37550000e-03
  07.12259000e+01   05.94022000e+01   03.66529000e+01   01.79582000e-02
  06.96172000e+01   05.98034000e+01   03.63410000e+01   01.23366000e-02
  07.02781000e+01   05.95358000e+01   03.79729000e+01   01.80857000e-02
  06.23463000e+01   05.79112000e+01   03.96904000e+01  -03.55350000e-03
  06.19376000e+01   05.64796000e+01   03.87929000e+01  -05.48890000e-03
  06.24942000e+01   05.63092000e+01   04.03768000e+01  -05.73590000e-03
  06.54144000e+01   04.89735000e+01   03.68279000e+01  -01.16015000e-02
  06.42782000e+01   04.91442000e+01   03.79592000e+01  -01.03548000e-02
  06.37235000e+01   04.93071000e+01   03.63083000e+01  -01.10806000e-02
  06.82575000e+01   04.95651000e+01   03.42407000e+01  -06.50300000e-03
  06.89319000e+01   05.07812000e+01   03.32360000e+01  -03.84930000e-03
  06.99736000e+01   04.94260000e+01   03.37960000e+01  -06.75510000e-03
  07.29203000e+01   05.41191000e+01   03.12497000e+01   06.96000000e-05
  07.38365000e+01   05.27418000e+01   03.20845000e+01  -02.56130000e-03
  07.22013000e+01   05.26347000e+01   03.20851000e+01  -08.86000000e-04
  06.61375000e+01   06.00658000e+01   04.15119000e+01   02.66600000e-04
  06.62844000e+01   05.84007000e+01   04.15964000e+01   02.07780000e-03
  06.72124000e+01   05.93208000e+01   04.03993000e+01   03.44650000e-03
  06.04992000e+01   05.20384000e+01   03.89855000e+01   02.98050000e-03
  06.20389000e+01   05.29182000e+01   03.96170000e+01  -05.01900000e-04
  07.16406000e+01   05.25110000e+01   03.80250000e+01  -05.40000000e-06
  07.10968000e+01   05.08099000e+01   03.79267000e+01  -02.73660000e-03
  06.50552000e+01   05.98859000e+01   03.91014000e+01   06.65000000e-04
  06.42127000e+01   05.91069000e+01   04.03833000e+01  -04.07950000e-03
  07.23667000e+01   05.07509000e+01   03.55630000e+01   01.58140000e-02
  07.26370000e+01   05.24808000e+01   03.57347000e+01   09.11190000e-03
  08.17509000e+01   05.46603000e+01   05.23214000e+01   00.00000000e+00
  08.30145000e+01   05.59336000e+01   05.23425000e+01   00.00000000e+00
  08.16631000e+01   05.58287000e+01   05.36936000e+01   00.00000000e+00
  07.93463000e+01   05.69742000e+01   05.29883000e+01   00.00000000e+00
  07.89486000e+01   05.70430000e+01   05.12478000e+01   00.00000000e+00
  07.94649000e+01   05.55345000e+01   05.20088000e+01   00.00000000e+00
  08.10519000e+01   05.53228000e+01   05.00439000e+01   00.00000000e+00
  08.25589000e+01   05.62411000e+01   05.01086000e+01   00.00000000e+00
  08.15280000e+01   05.80721000e+01   04.89498000e+01   00.00000000e+00
  07.99086000e+01   05.75039000e+01   04.92382000e+01   00.00000000e+00
  08.11781000e+01   05.56552000e+01   04.75965000e+01   00.00000000e+00
  08.23974000e+01   05.68712000e+01   04.75162000e+01   00.00000000e+00
  07.95316000e+01   05.92084000e+01   04.57660000e+01   00.00000000e+00
  07.95232000e+01   05.89658000e+01   04.74967000e+01   00.00000000e+00
  08.10425000e+01   05.94182000e+01   04.67554000e+01   00.00000000e+00
  08.18346000e+01   05.62567000e+01   04.49957000e+01   00.00000000e+00
  08.22665000e+01   05.79898000e+01   04.50597000e+01   00.00000000e+00
  08.12497000e+01   05.76397000e+01   04.29599000e+01   00.00000000e+00
  07.98920000e+01   05.82304000e+01   04.37340000e+01   00.00000000e+00
  07.90090000e+01   05.61250000e+01   04.40945000e+01   00.00000000e+00
  08.02435000e+01   05.51573000e+01   04.35614000e+01   00.00000000e+00
  06.77013000e+01   05.88230000e+01   03.82240000e+01   07.20400000e-04
  06.30425000e+01   05.43614000e+01   03.86164000e+01  -02.39543000e-02
  06.69870000e+01   05.01492000e+01   03.59421000e+01   04.89340000e-03
  07.26777000e+01   05.45342000e+01   03.58096000e+01  -02.28199000e-02
  06.19035000e+01   05.10917000e+01   03.70943000e+01  -01.51750000e-03
  07.89060000e+01   05.61861000e+01   04.00647000e+01   00.00000000e+00
  08.02599000e+01   05.71255000e+01   04.06907000e+01   00.00000000e+00
  08.04185000e+01   05.53432000e+01   04.06151000e+01   00.00000000e+00
  07.83120000e+01   05.69930000e+01   04.21997000e+01   00.00000000e+00
  07.70544000e+01   05.53994000e+01   04.14568000e+01   00.00000000e+00
  07.73769000e+01   05.49016000e+01   04.32242000e+01   00.00000000e+00
  07.91111000e+01   05.31947000e+01   04.20685000e+01   00.00000000e+00
  07.82949000e+01   05.38657000e+01   04.05076000e+01   00.00000000e+00
  07.66037000e+01   05.25326000e+01   04.27302000e+01   00.00000000e+00
  07.73470000e+01   05.15917000e+01   04.15342000e+01   00.00000000e+00
  07.33554000e+01   05.28817000e+01   04.10804000e+01   00.00000000e+00
  07.43197000e+01   05.21912000e+01   04.24689000e+01   00.00000000e+00
  07.43835000e+01   05.39012000e+01   04.20198000e+01   00.00000000e+00
  06.99547000e+01   05.00648000e+01   03.60635000e+01   05.57290000e-03
  07.07984000e+01   05.21031000e+01   03.42174000e+01  -01.28866000e-02
  07.59192000e+01   05.36768000e+01   03.90110000e+01   00.00000000e+00
  08.15011000e+01   05.77049000e+01   05.20008000e+01   00.00000000e+00
  07.96811000e+01   05.68290000e+01   04.62717000e+01   00.00000000e+00
  07.56528000e+01   05.04921000e+01   03.91944000e+01  -01.99830000e-03
  07.64192000e+01   05.13946000e+01   03.78814000e+01  -01.85290000e-03
