  07.12358000e+01   05.16781000e+01   03.43931000e+01  -06.11779000e-02
  06.23024000e+01   05.22099000e+01   03.70310000e+01   01.75852000e-02
  06.49450000e+01   05.96558000e+01   03.79416000e+01   01.01800000e-02
  07.16491000e+01   05.67073000e+01   03.41587000e+01  -01.32723000e-02
  06.81434000e+01   05.33535000e+01   03.45066000e+01  -04.57645000e-02
  07.11236000e+01   05.17126000e+01   03.59560000e+01   02.46758000e-02
  06.19675000e+01   05.25773000e+01   03.82892000e+01  -01.71993000e-02
  06.57835000e+01   05.99564000e+01   03.92163000e+01  -09.39340000e-03
  07.16147000e+01   05.52066000e+01   03.39037000e+01   07.66074000e-02
  06.55437000e+01   05.34087000e+01   03.57827000e+01   09.44338000e-02
  07.26862000e+01   05.73541000e+01   03.39498000e+01   01.54319000e-02
  07.22440000e+01   05.08838000e+01   03.65918000e+01  -01.56515000e-02
  07.20628000e+01   05.49122000e+01   03.24892000e+01  -02.00050000e-02
  06.82444000e+01   05.62673000e+01   03.50729000e+01  -08.09918000e-02
  07.29412000e+01   05.31239000e+01   03.12000000e+01   04.03650000e-03
  07.01230000e+01   05.48213000e+01   03.42179000e+01  -01.43447000e-01
  06.65521000e+01   05.14665000e+01   03.47094000e+01   01.23287000e-02
  06.40051000e+01   05.47606000e+01   03.70433000e+01   02.21683000e-01
  06.72135000e+01   05.82890000e+01   03.59911000e+01  -05.42921000e-02
  06.83311000e+01   05.05831000e+01   03.21957000e+01   02.66866000e-02
  06.41373000e+01   04.99053000e+01   03.56130000e+01   04.35609000e-02
  06.27764000e+01   05.72066000e+01   03.84062000e+01   02.36507000e-02
  07.00501000e+01   05.96351000e+01   03.51940000e+01  -06.09964000e-02
  07.40102000e+01   05.09892000e+01   03.82329000e+01   08.71130000e-03
  06.94892000e+01   05.35292000e+01   03.40194000e+01   01.26858000e-01
  06.55329000e+01   05.20944000e+01   03.53900000e+01  -03.45042000e-02
  06.45771000e+01   05.60364000e+01   03.69212000e+01  -02.04376000e-01
  06.83575000e+01   05.76158000e+01   03.53991000e+01   07.60142000e-02
  07.24688000e+01   04.96350000e+01   03.64666000e+01   05.08730000e-03
  07.17732000e+01   05.55048000e+01   03.14848000e+01   06.92200000e-04
  07.46744000e+01   05.18277000e+01   03.92264000e+01   00.00000000e+00
  07.00831000e+01   05.21840000e+01   03.35446000e+01   07.64245000e-02
  06.43880000e+01   05.13908000e+01   03.58173000e+01  -04.66821000e-02
  06.40935000e+01   05.72567000e+01   03.75869000e+01   01.65461000e-02
  06.96322000e+01   05.82396000e+01   03.50555000e+01   05.49912000e-02
  07.28797000e+01   05.16691000e+01   03.75815000e+01   03.30200000e-04
  07.27761000e+01   05.37685000e+01   03.24698000e+01   04.02810000e-03
  07.58193000e+01   05.16807000e+01   03.99022000e+01   00.00000000e+00
  06.87991000e+01   05.12126000e+01   03.35617000e+01  -04.69336000e-02
  06.36334000e+01   05.23435000e+01   03.64224000e+01  -07.68710000e-03
  06.50255000e+01   05.82828000e+01   03.73387000e+01  -03.37389000e-02
  07.03391000e+01   05.71224000e+01   03.46469000e+01   03.64969000e-02
  07.58761000e+01   05.11993000e+01   04.13623000e+01   00.00000000e+00
  06.77170000e+01   05.20650000e+01   03.42843000e+01  -09.58259000e-02
  06.44013000e+01   05.35977000e+01   03.64439000e+01  -01.77941000e-01
  06.60568000e+01   05.77102000e+01   03.65402000e+01   06.74294000e-02
  06.94779000e+01   05.59824000e+01   03.46293000e+01   01.44326000e-01
  07.71285000e+01   05.20727000e+01   03.92499000e+01   00.00000000e+00
  07.78170000e+01   05.32524000e+01   03.99365000e+01   00.00000000e+00
  07.68999000e+01   05.45493000e+01   03.98802000e+01   00.00000000e+00
  07.73359000e+01   05.57590000e+01   04.07895000e+01   00.00000000e+00
  07.86458000e+01   05.63838000e+01   04.03113000e+01   00.00000000e+00
  07.73855000e+01   05.54477000e+01   04.22885000e+01   00.00000000e+00
  07.76295000e+01   05.66288000e+01   04.32724000e+01   00.00000000e+00
  07.76387000e+01   05.61295000e+01   04.46756000e+01   00.00000000e+00
  07.77454000e+01   05.71806000e+01   04.58004000e+01   00.00000000e+00
  07.91640000e+01   05.77380000e+01   04.58803000e+01   00.00000000e+00
  07.72655000e+01   05.65336000e+01   04.71296000e+01   00.00000000e+00
  07.70252000e+01   05.74696000e+01   04.82739000e+01   00.00000000e+00
  07.57400000e+01   05.83477000e+01   04.80237000e+01   00.00000000e+00
  07.54345000e+01   05.92036000e+01   04.93335000e+01   00.00000000e+00
  07.65298000e+01   06.02245000e+01   04.97213000e+01   00.00000000e+00
  07.41113000e+01   05.99560000e+01   04.92525000e+01   00.00000000e+00
  06.57582000e+01   05.63289000e+01   03.62921000e+01   03.65717000e-02
  06.69526000e+01   05.48927000e+01   03.53450000e+01  -06.37550000e-03
  06.96431000e+01   06.00772000e+01   03.60989000e+01   01.79582000e-02
  07.10919000e+01   05.97054000e+01   03.51813000e+01   01.23366000e-02
  06.96955000e+01   06.01962000e+01   03.43329000e+01   01.80857000e-02
  06.31168000e+01   05.69370000e+01   03.94134000e+01  -03.55350000e-03
  06.22432000e+01   05.81843000e+01   03.84522000e+01  -05.48890000e-03
  06.20692000e+01   05.64496000e+01   03.80805000e+01  -05.73590000e-03
  06.41757000e+01   04.96234000e+01   03.46256000e+01  -01.16015000e-02
  06.49453000e+01   04.93590000e+01   03.60664000e+01  -01.03548000e-02
  06.32355000e+01   04.96163000e+01   03.60523000e+01  -01.10806000e-02
  06.73641000e+01   05.00625000e+01   03.22651000e+01  -06.50300000e-03
  06.81023000e+01   05.13429000e+01   03.15069000e+01  -03.84930000e-03
  06.91175000e+01   05.00627000e+01   03.16811000e+01  -06.75510000e-03
  07.35936000e+01   05.22492000e+01   03.13271000e+01   06.96000000e-05
  07.20184000e+01   05.27337000e+01   03.08035000e+01  -02.56130000e-03
  07.33950000e+01   05.37315000e+01   03.03925000e+01  -08.86000000e-04
  06.54322000e+01   05.93144000e+01   03.99724000e+01   02.66600000e-04
  06.68114000e+01   05.97933000e+01   03.90681000e+01   02.07780000e-03
  06.56989000e+01   06.10082000e+01   03.95116000e+01   03.44650000e-03
  06.08889000e+01   05.26577000e+01   03.86418000e+01   02.98050000e-03
  06.26476000e+01   05.30684000e+01   03.89863000e+01  -05.01900000e-04
  07.11457000e+01   05.27613000e+01   03.62620000e+01  -05.40000000e-06
  07.01662000e+01   05.12311000e+01   03.63412000e+01  -02.73660000e-03
  06.51793000e+01   06.03854000e+01   03.71976000e+01   06.65000000e-04
  06.39221000e+01   05.98174000e+01   03.81821000e+01  -04.07950000e-03
  07.14155000e+01   05.06149000e+01   03.41096000e+01   01.58140000e-02
  07.21096000e+01   05.21827000e+01   03.41559000e+01   09.11190000e-03
  07.41575000e+01   06.06534000e+01   04.83632000e+01   00.00000000e+00
  07.33212000e+01   05.92320000e+01   04.89539000e+01   00.00000000e+00
  07.38120000e+01   06.04653000e+01   05.01748000e+01   00.00000000e+00
  07.64302000e+01   06.10790000e+01   04.90437000e+01   00.00000000e+00
  07.63448000e+01   06.06993000e+01   05.07111000e+01   00.00000000e+00
  07.75231000e+01   05.99347000e+01   04.97530000e+01   00.00000000e+00
  07.59380000e+01   05.90098000e+01   04.72024000e+01   00.00000000e+00
  07.49248000e+01   05.76510000e+01   04.78448000e+01   00.00000000e+00
  07.70333000e+01   05.69536000e+01   04.92452000e+01   00.00000000e+00
  07.78612000e+01   05.81331000e+01   04.83979000e+01   00.00000000e+00
  07.63500000e+01   05.59052000e+01   04.70474000e+01   00.00000000e+00
  07.81509000e+01   05.59874000e+01   04.74999000e+01   00.00000000e+00
  07.93202000e+01   05.81354000e+01   04.48976000e+01   00.00000000e+00
  07.92581000e+01   05.85441000e+01   04.66653000e+01   00.00000000e+00
  07.98576000e+01   05.69756000e+01   04.60049000e+01   00.00000000e+00
  07.66415000e+01   05.57505000e+01   04.49085000e+01   00.00000000e+00
  07.83747000e+01   05.53108000e+01   04.48318000e+01   00.00000000e+00
  07.86483000e+01   05.71388000e+01   04.31676000e+01   00.00000000e+00
  07.68420000e+01   05.73459000e+01   04.32941000e+01   00.00000000e+00
  07.64178000e+01   05.50863000e+01   04.24673000e+01   00.00000000e+00
  07.81210000e+01   05.46361000e+01   04.25029000e+01   00.00000000e+00
  06.74176000e+01   05.92836000e+01   03.63461000e+01   07.20400000e-04
  06.31179000e+01   05.46966000e+01   03.75635000e+01  -02.39543000e-02
  06.64468000e+01   05.03913000e+01   03.44996000e+01   04.89340000e-03
  07.23638000e+01   05.48444000e+01   03.46076000e+01  -02.28199000e-02
  06.15138000e+01   05.18577000e+01   03.63832000e+01  -01.51750000e-03
  07.88980000e+01   05.74001000e+01   04.06887000e+01   00.00000000e+00
  07.94930000e+01   05.56884000e+01   04.04860000e+01   00.00000000e+00
  07.84754000e+01   05.65697000e+01   03.92262000e+01   00.00000000e+00
  07.65495000e+01   05.64373000e+01   04.06833000e+01   00.00000000e+00
  07.68136000e+01   05.48751000e+01   03.89029000e+01   00.00000000e+00
  07.59954000e+01   05.42197000e+01   04.03260000e+01   00.00000000e+00
  07.82472000e+01   05.29664000e+01   04.08769000e+01   00.00000000e+00
  07.86861000e+01   05.33983000e+01   03.92707000e+01   00.00000000e+00
  07.78460000e+01   05.12790000e+01   03.94330000e+01   00.00000000e+00
  07.71258000e+01   05.23772000e+01   03.81993000e+01   00.00000000e+00
  07.49315000e+01   05.10815000e+01   04.17753000e+01   00.00000000e+00
  07.63551000e+01   05.02472000e+01   04.14733000e+01   00.00000000e+00
  07.63905000e+01   05.19522000e+01   04.19831000e+01   00.00000000e+00
  06.89804000e+01   05.03472000e+01   03.42589000e+01   05.57290000e-03
  07.02731000e+01   05.23067000e+01   03.24912000e+01  -01.28866000e-02
  07.41970000e+01   05.27854000e+01   03.93607000e+01   00.00000000e+00
  07.54211000e+01   05.85531000e+01   05.02322000e+01   00.00000000e+00
  07.71617000e+01   05.80782000e+01   04.55666000e+01   00.00000000e+00
  07.38996000e+01   05.00390000e+01   03.87318000e+01  -01.99830000e-03
  07.47489000e+01   05.08363000e+01   03.74931000e+01  -01.85290000e-03
