  07.02057000e+01   05.02813000e+01   03.61626000e+01  -06.11779000e-02
  06.05010000e+01   05.03355000e+01   03.67354000e+01   01.75852000e-02
  06.32276000e+01   05.77135000e+01   03.82344000e+01   01.01800000e-02
  07.00622000e+01   05.51853000e+01   03.48081000e+01  -01.32723000e-02
  06.69237000e+01   05.15580000e+01   03.56445000e+01  -04.57645000e-02
  07.10052000e+01   04.89915000e+01   03.60829000e+01   02.46758000e-02
  05.96346000e+01   04.93934000e+01   03.63810000e+01  -01.71993000e-02
  06.40930000e+01   05.79473000e+01   03.95143000e+01  -09.39340000e-03
  07.01975000e+01   05.36002000e+01   03.48158000e+01   07.66074000e-02
  06.39757000e+01   05.15932000e+01   03.61521000e+01   09.44338000e-02
  07.09881000e+01   05.59544000e+01   03.46408000e+01   01.54319000e-02
  07.21305000e+01   04.88181000e+01   03.70832000e+01  -01.56515000e-02
  07.05727000e+01   05.32314000e+01   03.34369000e+01  -02.00050000e-02
  06.67405000e+01   05.44314000e+01   03.57937000e+01  -08.09918000e-02
  07.14918000e+01   05.14566000e+01   03.21230000e+01   04.03650000e-03
  06.87590000e+01   05.30909000e+01   03.51630000e+01  -01.43447000e-01
  06.53940000e+01   04.96701000e+01   03.55627000e+01   01.23287000e-02
  06.21749000e+01   05.30039000e+01   03.70629000e+01   02.21683000e-01
  06.55384000e+01   05.63988000e+01   03.66343000e+01  -05.42921000e-02
  06.78029000e+01   04.86033000e+01   03.39349000e+01   02.66866000e-02
  06.26228000e+01   04.80872000e+01   03.55972000e+01   04.35609000e-02
  06.07643000e+01   05.54313000e+01   03.84366000e+01   02.36507000e-02
  06.81026000e+01   05.79218000e+01   03.55972000e+01  -06.09964000e-02
  07.25428000e+01   04.81566000e+01   03.93826000e+01   08.71130000e-03
  06.82254000e+01   05.18169000e+01   03.52996000e+01   01.26858000e-01
  06.41456000e+01   05.02214000e+01   03.59194000e+01  -03.45042000e-02
  06.27542000e+01   05.42137000e+01   03.71697000e+01  -02.04376000e-01
  06.66866000e+01   05.58199000e+01   03.60608000e+01   07.60142000e-02
  07.33198000e+01   04.89534000e+01   03.68071000e+01   05.08730000e-03
  07.03044000e+01   05.37814000e+01   03.23620000e+01   06.92200000e-04
  07.31708000e+01   04.94218000e+01   03.99911000e+01   00.00000000e+00
  06.90596000e+01   05.05134000e+01   03.51217000e+01   07.64245000e-02
  06.27812000e+01   04.95474000e+01   03.59479000e+01  -04.66821000e-02
  06.21683000e+01   05.53983000e+01   03.78444000e+01   01.65461000e-02
  06.78722000e+01   05.64618000e+01   03.55653000e+01   05.49912000e-02
  07.15676000e+01   04.84207000e+01   03.83070000e+01   03.30200000e-04
  07.13107000e+01   05.20695000e+01   03.34428000e+01   04.02810000e-03
  07.29283000e+01   05.06763000e+01   03.96554000e+01   00.00000000e+00
  06.79274000e+01   04.94811000e+01   03.52711000e+01  -04.69336000e-02
  06.19746000e+01   05.04935000e+01   03.64815000e+01  -07.68710000e-03
  06.31963000e+01   05.63465000e+01   03.77170000e+01  -03.37389000e-02
  06.86966000e+01   05.54278000e+01   03.52067000e+01   03.64969000e-02
  07.38189000e+01   05.13556000e+01   03.87439000e+01   00.00000000e+00
  06.66524000e+01   05.02394000e+01   03.55806000e+01  -09.58259000e-02
  06.26770000e+01   05.17342000e+01   03.66207000e+01  -01.77941000e-01
  06.43301000e+01   05.57603000e+01   03.69936000e+01   06.74294000e-02
  06.80229000e+01   05.42490000e+01   03.54073000e+01   01.44326000e-01
  07.19641000e+01   05.14469000e+01   04.04840000e+01   00.00000000e+00
  07.25735000e+01   05.26385000e+01   04.13567000e+01   00.00000000e+00
  07.38077000e+01   05.22459000e+01   04.22622000e+01   00.00000000e+00
  07.45754000e+01   05.33615000e+01   04.30940000e+01   00.00000000e+00
  07.52712000e+01   05.44916000e+01   04.23080000e+01   00.00000000e+00
  07.54231000e+01   05.28139000e+01   04.42908000e+01   00.00000000e+00
  07.61224000e+01   05.38869000e+01   04.51074000e+01   00.00000000e+00
  07.51126000e+01   05.45313000e+01   04.61207000e+01   00.00000000e+00
  07.57445000e+01   05.57099000e+01   04.69401000e+01   00.00000000e+00
  07.46385000e+01   05.64149000e+01   04.77936000e+01   00.00000000e+00
  07.66548000e+01   05.66929000e+01   04.60664000e+01   00.00000000e+00
  07.69776000e+01   05.80424000e+01   04.66836000e+01   00.00000000e+00
  07.79344000e+01   05.79238000e+01   04.78661000e+01   00.00000000e+00
  07.80032000e+01   05.91209000e+01   04.87565000e+01   00.00000000e+00
  07.90893000e+01   05.89959000e+01   04.97945000e+01   00.00000000e+00
  07.80482000e+01   06.04935000e+01   04.81299000e+01   00.00000000e+00
  06.40093000e+01   05.44824000e+01   03.67080000e+01   03.65717000e-02
  06.54090000e+01   05.30415000e+01   03.60051000e+01  -06.37550000e-03
  06.76490000e+01   05.81982000e+01   03.65165000e+01   01.79582000e-02
  06.91937000e+01   05.81271000e+01   03.55487000e+01   01.23366000e-02
  06.74853000e+01   05.82551000e+01   03.47868000e+01   01.80857000e-02
  06.00734000e+01   05.53661000e+01   03.76950000e+01  -03.55350000e-03
  06.05654000e+01   05.45514000e+01   03.89548000e+01  -05.48890000e-03
  06.05276000e+01   05.62682000e+01   03.91514000e+01  -05.73590000e-03
  06.27280000e+01   04.75221000e+01   03.64911000e+01  -01.16015000e-02
  06.17247000e+01   04.77480000e+01   03.51488000e+01  -01.03548000e-02
  06.34022000e+01   04.78266000e+01   03.48803000e+01  -01.10806000e-02
  06.72134000e+01   04.77511000e+01   03.40862000e+01  -06.50300000e-03
  06.73447000e+01   04.91686000e+01   03.31071000e+01  -03.84930000e-03
  06.88346000e+01   04.83760000e+01   03.36996000e+01  -06.75510000e-03
  07.18906000e+01   05.04280000e+01   03.23216000e+01   06.96000000e-05
  07.05735000e+01   05.14227000e+01   03.15599000e+01  -02.56130000e-03
  07.22753000e+01   05.19647000e+01   03.15045000e+01  -08.86000000e-04
  06.51219000e+01   05.75921000e+01   03.93695000e+01   02.66600000e-04
  06.40253000e+01   05.90145000e+01   03.98546000e+01   02.07780000e-03
  06.36515000e+01   05.73217000e+01   04.02682000e+01   03.44650000e-03
  05.85343000e+01   04.95106000e+01   03.63031000e+01   02.98050000e-03
  05.99497000e+01   04.84273000e+01   03.59664000e+01  -05.01900000e-04
  07.03156000e+01   04.82049000e+01   03.63949000e+01  -05.40000000e-06
  07.14151000e+01   04.88068000e+01   03.50757000e+01  -02.73660000e-03
  06.37071000e+01   05.83648000e+01   03.74797000e+01   06.65000000e-04
  06.21955000e+01   05.80518000e+01   03.83948000e+01  -04.07950000e-03
  07.10679000e+01   05.10053000e+01   03.60750000e+01   01.58140000e-02
  06.97667000e+01   05.03698000e+01   03.71821000e+01   09.11190000e-03
  07.82696000e+01   06.12850000e+01   04.88804000e+01   00.00000000e+00
  07.88219000e+01   06.05059000e+01   04.73258000e+01   00.00000000e+00
  07.71491000e+01   06.06888000e+01   04.76099000e+01   00.00000000e+00
  07.91023000e+01   05.97819000e+01   05.05218000e+01   00.00000000e+00
  07.90211000e+01   05.80705000e+01   05.03171000e+01   00.00000000e+00
  08.00997000e+01   05.88521000e+01   04.93967000e+01   00.00000000e+00
  07.77806000e+01   05.70374000e+01   04.84524000e+01   00.00000000e+00
  07.89480000e+01   05.79038000e+01   04.74991000e+01   00.00000000e+00
  07.74894000e+01   05.85858000e+01   04.58974000e+01   00.00000000e+00
  07.60918000e+01   05.85208000e+01   04.69323000e+01   00.00000000e+00
  07.75992000e+01   05.61881000e+01   04.57080000e+01   00.00000000e+00
  07.60516000e+01   05.68766000e+01   04.51509000e+01   00.00000000e+00
  07.50841000e+01   05.70954000e+01   04.85732000e+01   00.00000000e+00
  07.38656000e+01   05.69928000e+01   04.72679000e+01   00.00000000e+00
  07.41845000e+01   05.55947000e+01   04.83248000e+01   00.00000000e+00
  07.42893000e+01   05.49102000e+01   04.54979000e+01   00.00000000e+00
  07.46367000e+01   05.38123000e+01   04.67927000e+01   00.00000000e+00
  07.69428000e+01   05.34109000e+01   04.56672000e+01   00.00000000e+00
  07.65603000e+01   05.45810000e+01   04.44812000e+01   00.00000000e+00
  07.47088000e+01   05.23495000e+01   04.49931000e+01   00.00000000e+00
  07.61410000e+01   05.20752000e+01   04.40086000e+01   00.00000000e+00
  06.55628000e+01   05.74688000e+01   03.67131000e+01   07.20400000e-04
  06.11558000e+01   05.29425000e+01   03.73817000e+01  -02.39543000e-02
  06.53572000e+01   04.85954000e+01   03.55863000e+01   04.89340000e-03
  07.09998000e+01   05.32709000e+01   03.54898000e+01  -02.28199000e-02
  06.00700000e+01   05.12795000e+01   03.71755000e+01  -01.51750000e-03
  07.52503000e+01   05.53560000e+01   04.29168000e+01   00.00000000e+00
  07.62682000e+01   05.40950000e+01   04.20729000e+01   00.00000000e+00
  07.47239000e+01   05.47674000e+01   04.14048000e+01   00.00000000e+00
  07.37456000e+01   05.39825000e+01   04.35701000e+01   00.00000000e+00
  07.33450000e+01   05.15411000e+01   04.29547000e+01   00.00000000e+00
  07.46042000e+01   05.17281000e+01   04.17127000e+01   00.00000000e+00
  07.28547000e+01   05.33719000e+01   04.06270000e+01   00.00000000e+00
  07.18871000e+01   05.31209000e+01   04.21072000e+01   00.00000000e+00
  07.10955000e+01   05.18298000e+01   04.00675000e+01   00.00000000e+00
  07.16569000e+01   05.06484000e+01   04.11471000e+01   00.00000000e+00
  07.32834000e+01   05.14385000e+01   03.77426000e+01   00.00000000e+00
  07.40376000e+01   05.23624000e+01   03.90354000e+01   00.00000000e+00
  07.47591000e+01   05.09824000e+01   03.86342000e+01   00.00000000e+00
  06.81448000e+01   04.88785000e+01   03.61624000e+01   05.57290000e-03
  06.94499000e+01   05.04384000e+01   03.41291000e+01  -01.28866000e-02
  07.38337000e+01   04.93941000e+01   04.08546000e+01   00.00000000e+00
  07.70791000e+01   05.91978000e+01   04.93590000e+01   00.00000000e+00
  07.63768000e+01   05.51539000e+01   04.76769000e+01   00.00000000e+00
  07.19402000e+01   04.76920000e+01   04.01413000e+01  -01.99830000e-03
  07.33121000e+01   04.74666000e+01   03.90762000e+01  -01.85290000e-03
