  06.93352000e+01   05.04990000e+01   03.25599000e+01  -06.11779000e-02
  06.03972000e+01   05.16748000e+01   03.64001000e+01   01.75852000e-02
  06.42028000e+01   05.86786000e+01   03.77803000e+01   01.01800000e-02
  07.01227000e+01   05.54436000e+01   03.29750000e+01  -01.32723000e-02
  06.63323000e+01   05.22857000e+01   03.34585000e+01  -04.57645000e-02
  06.94888000e+01   04.99997000e+01   03.40144000e+01   02.46758000e-02
  06.03631000e+01   05.17176000e+01   03.77570000e+01  -01.71993000e-02
  06.53722000e+01   05.89366000e+01   03.87720000e+01  -09.39340000e-03
  06.97965000e+01   05.39539000e+01   03.24303000e+01   07.66074000e-02
  06.37003000e+01   05.25797000e+01   03.49441000e+01   09.44338000e-02
  07.11616000e+01   05.60216000e+01   03.27784000e+01   01.54319000e-02
  07.08087000e+01   04.93216000e+01   03.42799000e+01  -01.56515000e-02
  06.97585000e+01   05.40992000e+01   03.08731000e+01  -02.00050000e-02
  06.68147000e+01   05.51906000e+01   03.42257000e+01  -08.09918000e-02
  06.99150000e+01   05.29688000e+01   02.88749000e+01   04.03650000e-03
  06.84202000e+01   05.35424000e+01   03.30748000e+01  -01.43447000e-01
  06.44313000e+01   05.06279000e+01   03.35770000e+01   01.23287000e-02
  06.24050000e+01   05.40205000e+01   03.64399000e+01   02.21683000e-01
  06.62209000e+01   05.69556000e+01   03.57878000e+01  -05.42921000e-02
  06.63264000e+01   04.94338000e+01   03.11920000e+01   02.66866000e-02
  06.17242000e+01   04.93872000e+01   03.44270000e+01   04.35609000e-02
  06.19697000e+01   05.63867000e+01   03.84505000e+01   02.36507000e-02
  06.90033000e+01   05.82065000e+01   03.48721000e+01  -06.09964000e-02
  07.29529000e+01   04.94063000e+01   03.52329000e+01   08.71130000e-03
  06.76161000e+01   05.23388000e+01   03.29095000e+01   01.26858000e-01
  06.35363000e+01   05.13086000e+01   03.43783000e+01  -03.45042000e-02
  06.32612000e+01   05.51520000e+01   03.66151000e+01  -02.04376000e-01
  06.71108000e+01   05.63938000e+01   03.48410000e+01   07.60142000e-02
  07.10785000e+01   04.82067000e+01   03.38792000e+01   05.08730000e-03
  06.99206000e+01   05.51688000e+01   03.02626000e+01   06.92200000e-04
  07.38861000e+01   05.04196000e+01   03.58964000e+01   00.00000000e+00
  06.79876000e+01   05.10106000e+01   03.22048000e+01   07.64245000e-02
  06.22380000e+01   05.07614000e+01   03.48049000e+01  -04.66821000e-02
  06.30059000e+01   05.63235000e+01   03.74177000e+01   01.65461000e-02
  06.83958000e+01   05.69147000e+01   03.44254000e+01   05.49912000e-02
  07.16914000e+01   05.01048000e+01   03.49976000e+01   03.30200000e-04
  06.96446000e+01   05.28884000e+01   03.02608000e+01   04.02810000e-03
  07.37950000e+01   05.17296000e+01   03.59839000e+01   00.00000000e+00
  06.67225000e+01   05.01026000e+01   03.24676000e+01  -04.69336000e-02
  06.16576000e+01   05.16975000e+01   03.56963000e+01  -07.68710000e-03
  06.40482000e+01   05.72648000e+01   03.71521000e+01  -03.37389000e-02
  06.89143000e+01   05.58775000e+01   03.36715000e+01   03.64969000e-02
  07.42668000e+01   05.26696000e+01   03.49747000e+01   00.00000000e+00
  06.57183000e+01   05.10697000e+01   03.31910000e+01  -09.58259000e-02
  06.25435000e+01   05.28453000e+01   03.56420000e+01  -01.77941000e-01
  06.49463000e+01   05.65659000e+01   03.62665000e+01   06.74294000e-02
  06.79048000e+01   05.47704000e+01   03.36374000e+01   01.44326000e-01
  07.29701000e+01   05.24826000e+01   03.71180000e+01   00.00000000e+00
  07.37354000e+01   05.34035000e+01   03.80668000e+01   00.00000000e+00
  07.47979000e+01   05.27311000e+01   03.89964000e+01   00.00000000e+00
  07.55676000e+01   05.36225000e+01   04.00116000e+01   00.00000000e+00
  07.64048000e+01   05.48357000e+01   03.95073000e+01   00.00000000e+00
  07.63505000e+01   05.27252000e+01   04.10458000e+01   00.00000000e+00
  07.65787000e+01   05.32933000e+01   04.24668000e+01   00.00000000e+00
  07.52686000e+01   05.32884000e+01   04.33255000e+01   00.00000000e+00
  07.56395000e+01   05.30933000e+01   04.48694000e+01   00.00000000e+00
  07.44177000e+01   05.29683000e+01   04.58433000e+01   00.00000000e+00
  07.67200000e+01   05.41080000e+01   04.54438000e+01   00.00000000e+00
  07.64311000e+01   05.56462000e+01   04.53647000e+01   00.00000000e+00
  07.76001000e+01   05.63887000e+01   04.60532000e+01   00.00000000e+00
  07.86420000e+01   05.70868000e+01   04.52334000e+01   00.00000000e+00
  07.79995000e+01   05.82968000e+01   04.44796000e+01   00.00000000e+00
  08.00149000e+01   05.74421000e+01   04.59365000e+01   00.00000000e+00
  06.43804000e+01   05.53148000e+01   03.59122000e+01   03.65717000e-02
  06.52704000e+01   05.38781000e+01   03.45724000e+01  -06.37550000e-03
  06.85914000e+01   05.89411000e+01   03.42685000e+01   01.79582000e-02
  06.87597000e+01   05.82920000e+01   03.59070000e+01   01.23366000e-02
  07.00581000e+01   05.81087000e+01   03.47294000e+01   01.80857000e-02
  06.18649000e+01   05.54341000e+01   03.89093000e+01  -03.55350000e-03
  06.23126000e+01   05.70257000e+01   03.92854000e+01  -05.48890000e-03
  06.11071000e+01   05.66868000e+01   03.78682000e+01  -05.73590000e-03
  06.20497000e+01   04.86990000e+01   03.51715000e+01  -01.16015000e-02
  06.06147000e+01   04.94914000e+01   03.43539000e+01  -01.03548000e-02
  06.19989000e+01   04.90066000e+01   03.34555000e+01  -01.10806000e-02
  06.54330000e+01   04.87891000e+01   03.12798000e+01  -06.50300000e-03
  06.60342000e+01   05.01965000e+01   03.05053000e+01  -03.84930000e-03
  06.71920000e+01   04.89263000e+01   03.07611000e+01  -06.75510000e-03
  07.08607000e+01   05.34980000e+01   02.87306000e+01   06.96000000e-05
  07.00240000e+01   05.19213000e+01   02.85905000e+01  -02.56130000e-03
  06.91116000e+01   05.34597000e+01   02.83395000e+01  -08.86000000e-04
  06.55981000e+01   06.00529000e+01   03.87722000e+01   02.66600000e-04
  06.50964000e+01   05.87002000e+01   03.98234000e+01   02.07780000e-03
  06.63060000e+01   05.83541000e+01   03.84963000e+01   03.44650000e-03
  05.93860000e+01   05.17705000e+01   03.82578000e+01   02.98050000e-03
  06.12448000e+01   05.17477000e+01   03.84313000e+01  -05.01900000e-04
  06.94091000e+01   05.08320000e+01   03.46480000e+01  -05.40000000e-06
  06.86495000e+01   04.93402000e+01   03.43219000e+01  -02.73660000e-03
  06.42189000e+01   05.94816000e+01   03.69932000e+01   06.65000000e-04
  06.33144000e+01   05.89572000e+01   03.83793000e+01  -04.07950000e-03
  06.95834000e+01   04.96256000e+01   03.19256000e+01   01.58140000e-02
  07.00976000e+01   05.12322000e+01   03.23277000e+01   09.11190000e-03
  08.04445000e+01   05.65392000e+01   04.63485000e+01   00.00000000e+00
  08.06778000e+01   05.79746000e+01   04.52027000e+01   00.00000000e+00
  07.96986000e+01   05.80657000e+01   04.67583000e+01   00.00000000e+00
  07.87679000e+01   05.85816000e+01   04.37779000e+01   00.00000000e+00
  07.71108000e+01   05.79984000e+01   04.39017000e+01   00.00000000e+00
  07.77371000e+01   05.90978000e+01   04.52063000e+01   00.00000000e+00
  07.72521000e+01   05.71254000e+01   04.68190000e+01   00.00000000e+00
  07.80792000e+01   05.56551000e+01   04.67357000e+01   00.00000000e+00
  07.62608000e+01   05.60756000e+01   04.43834000e+01   00.00000000e+00
  07.55887000e+01   05.58609000e+01   04.59579000e+01   00.00000000e+00
  07.69221000e+01   05.38328000e+01   04.64494000e+01   00.00000000e+00
  07.77563000e+01   05.39844000e+01   04.48838000e+01   00.00000000e+00
  07.37893000e+01   05.38347000e+01   04.58980000e+01   00.00000000e+00
  07.38171000e+01   05.21157000e+01   04.56361000e+01   00.00000000e+00
  07.48867000e+01   05.29705000e+01   04.68712000e+01   00.00000000e+00
  07.46576000e+01   05.41377000e+01   04.31938000e+01   00.00000000e+00
  07.45179000e+01   05.25396000e+01   04.30604000e+01   00.00000000e+00
  07.74515000e+01   05.26800000e+01   04.29058000e+01   00.00000000e+00
  07.69969000e+01   05.42582000e+01   04.23801000e+01   00.00000000e+00
  07.58261000e+01   05.17657000e+01   04.11246000e+01   00.00000000e+00
  07.73457000e+01   05.27089000e+01   04.05568000e+01   00.00000000e+00
  06.64710000e+01   05.80028000e+01   03.61206000e+01   07.20400000e-04
  06.14559000e+01   05.40116000e+01   03.69769000e+01  -02.39543000e-02
  06.41567000e+01   04.96146000e+01   03.32335000e+01   04.89340000e-03
  07.06517000e+01   05.33108000e+01   03.27549000e+01  -02.28199000e-02
  05.94358000e+01   05.15200000e+01   03.58483000e+01  -01.51750000e-03
  07.59256000e+01   05.54264000e+01   03.87621000e+01   00.00000000e+00
  07.66904000e+01   05.54199000e+01   04.02971000e+01   00.00000000e+00
  07.72716000e+01   05.45248000e+01   03.89257000e+01   00.00000000e+00
  07.47025000e+01   05.39126000e+01   04.06304000e+01   00.00000000e+00
  07.43337000e+01   05.19516000e+01   03.96757000e+01   00.00000000e+00
  07.54653000e+01   05.22729000e+01   03.82980000e+01   00.00000000e+00
  07.41870000e+01   05.41828000e+01   03.74577000e+01   00.00000000e+00
  07.29520000e+01   05.39123000e+01   03.86068000e+01   00.00000000e+00
  07.21639000e+01   05.31179000e+01   03.67681000e+01   00.00000000e+00
  07.25823000e+01   05.17229000e+01   03.77962000e+01   00.00000000e+00
  07.47950000e+01   05.22293000e+01   03.41431000e+01   00.00000000e+00
  07.35168000e+01   05.32855000e+01   03.45458000e+01   00.00000000e+00
  07.49769000e+01   05.33197000e+01   03.54412000e+01   00.00000000e+00
  06.68162000e+01   04.92697000e+01   03.31367000e+01   05.57290000e-03
  06.81212000e+01   05.11230000e+01   03.11422000e+01  -01.28866000e-02
  07.47195000e+01   04.99935000e+01   03.63573000e+01   00.00000000e+00
  07.88675000e+01   05.64299000e+01   04.44351000e+01   00.00000000e+00
  07.61317000e+01   05.21709000e+01   04.49256000e+01   00.00000000e+00
  07.25966000e+01   04.85259000e+01   03.58698000e+01  -01.99830000e-03
  07.34642000e+01   04.90961000e+01   03.43646000e+01  -01.85290000e-03
