  06.85178000e+01   05.13697000e+01   03.40266000e+01  -06.11779000e-02
  05.99949000e+01   05.26670000e+01   03.81526000e+01   01.75852000e-02
  06.35793000e+01   05.98590000e+01   03.80931000e+01   01.01800000e-02
  06.91426000e+01   05.62619000e+01   03.35479000e+01  -01.32723000e-02
  06.55186000e+01   05.31386000e+01   03.44146000e+01  -04.57645000e-02
  06.85963000e+01   05.14402000e+01   03.55157000e+01   02.46758000e-02
  05.89514000e+01   05.18051000e+01   03.80889000e+01  -01.71993000e-02
  06.49519000e+01   05.99312000e+01   03.87010000e+01  -09.39340000e-03
  06.89171000e+01   05.47346000e+01   03.32374000e+01   07.66074000e-02
  06.30106000e+01   05.35159000e+01   03.60418000e+01   09.44338000e-02
  07.02200000e+01   05.68344000e+01   03.33282000e+01   01.54319000e-02
  06.96295000e+01   05.05537000e+01   03.61296000e+01  -01.56515000e-02
  06.91358000e+01   05.44752000e+01   03.17708000e+01  -02.00050000e-02
  06.59522000e+01   05.60834000e+01   03.50373000e+01  -08.09918000e-02
  06.94103000e+01   05.26500000e+01   03.00761000e+01   04.03650000e-03
  06.74930000e+01   05.44458000e+01   03.38238000e+01  -01.43447000e-01
  06.37444000e+01   05.14753000e+01   03.47692000e+01   01.23287000e-02
  06.18248000e+01   05.50630000e+01   03.76635000e+01   02.21683000e-01
  06.51664000e+01   05.81625000e+01   03.60375000e+01  -05.42921000e-02
  06.55015000e+01   05.01689000e+01   03.23367000e+01   02.66866000e-02
  06.11548000e+01   05.02221000e+01   03.61441000e+01   04.35609000e-02
  06.13643000e+01   05.76103000e+01   03.93366000e+01   02.36507000e-02
  06.80605000e+01   05.92582000e+01   03.50423000e+01  -06.09964000e-02
  07.18123000e+01   05.04405000e+01   03.71206000e+01   08.71130000e-03
  06.67716000e+01   05.32124000e+01   03.39054000e+01   01.26858000e-01
  06.28298000e+01   05.22163000e+01   03.56180000e+01  -03.45042000e-02
  06.24904000e+01   05.62651000e+01   03.74142000e+01  -02.04376000e-01
  06.61571000e+01   05.74386000e+01   03.52608000e+01   07.60142000e-02
  06.97318000e+01   04.93133000e+01   03.59026000e+01   05.08730000e-03
  06.90359000e+01   05.52979000e+01   03.08932000e+01   06.92200000e-04
  07.29798000e+01   05.13627000e+01   03.73896000e+01   00.00000000e+00
  06.72113000e+01   05.19440000e+01   03.33574000e+01   07.64245000e-02
  06.16019000e+01   05.17141000e+01   03.62448000e+01  -04.66821000e-02
  06.22598000e+01   05.75268000e+01   03.80801000e+01   01.65461000e-02
  06.73256000e+01   05.79025000e+01   03.47995000e+01   05.49912000e-02
  07.06116000e+01   05.12452000e+01   03.68114000e+01   03.30200000e-04
  06.93521000e+01   05.31234000e+01   03.15073000e+01   04.02810000e-03
  07.29318000e+01   05.27233000e+01   03.73964000e+01   00.00000000e+00
  06.59890000e+01   05.09955000e+01   03.35894000e+01  -04.69336000e-02
  06.11209000e+01   05.27177000e+01   03.71704000e+01  -07.68710000e-03
  06.32406000e+01   05.84222000e+01   03.76523000e+01  -03.37389000e-02
  06.79164000e+01   05.67357000e+01   03.42005000e+01   03.64969000e-02
  07.32678000e+01   05.34283000e+01   03.60659000e+01   00.00000000e+00
  06.49446000e+01   05.19367000e+01   03.41812000e+01  -09.58259000e-02
  06.20171000e+01   05.38365000e+01   03.69735000e+01  -01.77941000e-01
  06.40255000e+01   05.77079000e+01   03.67504000e+01   06.74294000e-02
  06.70297000e+01   05.56780000e+01   03.43096000e+01   01.44326000e-01
  07.24232000e+01   05.35837000e+01   03.85659000e+01   00.00000000e+00
  07.33900000e+01   05.38407000e+01   03.97100000e+01   00.00000000e+00
  07.34362000e+01   05.26884000e+01   04.07331000e+01   00.00000000e+00
  07.42568000e+01   05.28971000e+01   04.21426000e+01   00.00000000e+00
  07.56852000e+01   05.33330000e+01   04.17172000e+01   00.00000000e+00
  07.42356000e+01   05.15756000e+01   04.28844000e+01   00.00000000e+00
  07.48972000e+01   05.15687000e+01   04.42725000e+01   00.00000000e+00
  07.40327000e+01   05.20713000e+01   04.53962000e+01   00.00000000e+00
  07.46753000e+01   05.25755000e+01   04.66446000e+01   00.00000000e+00
  07.36095000e+01   05.28360000e+01   04.77632000e+01   00.00000000e+00
  07.58113000e+01   05.35746000e+01   04.64971000e+01   00.00000000e+00
  07.56593000e+01   05.48987000e+01   04.57036000e+01   00.00000000e+00
  07.68520000e+01   05.57915000e+01   04.61361000e+01   00.00000000e+00
  07.71702000e+01   05.71126000e+01   04.52740000e+01   00.00000000e+00
  07.85199000e+01   05.77691000e+01   04.58252000e+01   00.00000000e+00
  07.72562000e+01   05.66561000e+01   04.38648000e+01   00.00000000e+00
  06.35371000e+01   05.64016000e+01   03.65243000e+01   03.65717000e-02
  06.44837000e+01   05.47674000e+01   03.54644000e+01  -06.37550000e-03
  06.82462000e+01   05.93611000e+01   03.60795000e+01   01.79582000e-02
  06.88786000e+01   05.93566000e+01   03.43553000e+01   01.23366000e-02
  06.72680000e+01   05.99739000e+01   03.47946000e+01   01.80857000e-02
  06.15694000e+01   05.85877000e+01   03.98487000e+01  -03.55350000e-03
  06.03144000e+01   05.75518000e+01   03.89623000e+01  -05.48890000e-03
  06.16769000e+01   05.68394000e+01   04.00491000e+01  -05.73590000e-03
  06.02861000e+01   05.00403000e+01   03.55689000e+01  -01.16015000e-02
  06.19531000e+01   04.96111000e+01   03.57261000e+01  -01.03548000e-02
  06.10631000e+01   04.99092000e+01   03.71320000e+01  -01.10806000e-02
  06.53491000e+01   05.08482000e+01   03.15071000e+01  -06.50300000e-03
  06.62943000e+01   04.94741000e+01   03.20190000e+01  -03.84930000e-03
  06.46032000e+01   04.95531000e+01   03.25579000e+01  -06.75510000e-03
  07.02984000e+01   05.30567000e+01   02.94656000e+01   06.96000000e-05
  06.94650000e+01   05.15484000e+01   03.01568000e+01  -02.56130000e-03
  06.84356000e+01   05.29954000e+01   02.96015000e+01  -08.86000000e-04
  06.52170000e+01   05.90119000e+01   03.92464000e+01   02.66600000e-04
  06.57912000e+01   06.00765000e+01   03.80254000e+01   02.07780000e-03
  06.49555000e+01   06.07944000e+01   03.93463000e+01   03.44650000e-03
  05.82172000e+01   05.17297000e+01   03.88756000e+01   02.98050000e-03
  05.88833000e+01   05.09662000e+01   03.73479000e+01  -05.01900000e-04
  06.88495000e+01   05.25050000e+01   03.58114000e+01  -05.40000000e-06
  06.76871000e+01   05.11409000e+01   03.59952000e+01  -02.73660000e-03
  06.35453000e+01   06.05742000e+01   03.72914000e+01   06.65000000e-04
  06.29136000e+01   06.01059000e+01   03.89278000e+01  -04.07950000e-03
  06.84679000e+01   05.02964000e+01   03.38304000e+01   01.58140000e-02
  06.94029000e+01   05.17578000e+01   03.35053000e+01   09.11190000e-03
  07.77516000e+01   05.74113000e+01   04.32201000e+01   00.00000000e+00
  07.78997000e+01   05.57861000e+01   04.37976000e+01   00.00000000e+00
  07.62980000e+01   05.64591000e+01   04.33949000e+01   00.00000000e+00
  07.87358000e+01   05.86764000e+01   04.52874000e+01   00.00000000e+00
  07.82834000e+01   05.80035000e+01   04.68818000e+01   00.00000000e+00
  07.94035000e+01   05.71261000e+01   04.57283000e+01   00.00000000e+00
  07.65603000e+01   05.61823000e+01   04.71050000e+01   00.00000000e+00
  07.77728000e+01   05.52113000e+01   04.63209000e+01   00.00000000e+00
  07.55221000e+01   05.47477000e+01   04.46837000e+01   00.00000000e+00
  07.47226000e+01   05.53380000e+01   04.58919000e+01   00.00000000e+00
  07.61281000e+01   05.37680000e+01   04.75628000e+01   00.00000000e+00
  07.65796000e+01   05.29892000e+01   04.59633000e+01   00.00000000e+00
  07.30623000e+01   05.36761000e+01   04.73694000e+01   00.00000000e+00
  07.28951000e+01   05.19656000e+01   04.78910000e+01   00.00000000e+00
  07.41124000e+01   05.31069000e+01   04.86657000e+01   00.00000000e+00
  07.36180000e+01   05.29873000e+01   04.49417000e+01   00.00000000e+00
  07.33390000e+01   05.12875000e+01   04.57040000e+01   00.00000000e+00
  07.52642000e+01   05.05920000e+01   04.45529000e+01   00.00000000e+00
  07.58604000e+01   05.22019000e+01   04.42021000e+01   00.00000000e+00
  07.31745000e+01   05.11905000e+01   04.30269000e+01   00.00000000e+00
  07.47191000e+01   05.08505000e+01   04.22739000e+01   00.00000000e+00
  06.53654000e+01   05.92180000e+01   03.61225000e+01   07.20400000e-04
  06.09607000e+01   05.50242000e+01   03.82663000e+01  -02.39543000e-02
  06.35710000e+01   05.03940000e+01   03.45202000e+01   04.89340000e-03
  06.96827000e+01   05.41568000e+01   03.37288000e+01  -02.28199000e-02
  06.00135000e+01   05.33397000e+01   03.90728000e+01  -01.51750000e-03
  07.60774000e+01   05.26350000e+01   04.10039000e+01   00.00000000e+00
  07.55793000e+01   05.42668000e+01   04.12670000e+01   00.00000000e+00
  07.63794000e+01   05.34031000e+01   04.25402000e+01   00.00000000e+00
  07.38775000e+01   05.37298000e+01   04.27692000e+01   00.00000000e+00
  07.23896000e+01   05.24386000e+01   04.09740000e+01   00.00000000e+00
  07.38381000e+01   05.17984000e+01   04.01905000e+01   00.00000000e+00
  07.44023000e+01   05.41357000e+01   03.93792000e+01   00.00000000e+00
  07.30660000e+01   05.46171000e+01   04.03776000e+01   00.00000000e+00
  07.22617000e+01   05.45996000e+01   03.81888000e+01   00.00000000e+00
  07.14298000e+01   05.33281000e+01   03.89531000e+01   00.00000000e+00
  07.25266000e+01   05.40108000e+01   03.56043000e+01   00.00000000e+00
  07.40359000e+01   05.40837000e+01   03.63365000e+01   00.00000000e+00
  07.36274000e+01   05.27031000e+01   03.53485000e+01   00.00000000e+00
  06.62700000e+01   05.01951000e+01   03.43129000e+01   05.57290000e-03
  06.72056000e+01   05.20167000e+01   03.22697000e+01  -01.28866000e-02
  07.37407000e+01   05.08332000e+01   03.78943000e+01   00.00000000e+00
  07.63842000e+01   05.78600000e+01   04.52961000e+01   00.00000000e+00
  07.50883000e+01   05.16626000e+01   04.71064000e+01   00.00000000e+00
  07.17616000e+01   04.97327000e+01   03.79488000e+01  -01.99830000e-03
  07.20981000e+01   04.98687000e+01   03.62545000e+01  -01.85290000e-03
