  07.12285000e+01   05.11022000e+01   03.58627000e+01  -06.11779000e-02
  06.20453000e+01   05.14906000e+01   03.83031000e+01   01.75852000e-02
  06.51194000e+01   05.89715000e+01   03.91248000e+01   01.01800000e-02
  07.16399000e+01   05.61653000e+01   03.54703000e+01  -01.32723000e-02
  06.80607000e+01   05.27376000e+01   03.56760000e+01  -04.57645000e-02
  07.09367000e+01   05.11393000e+01   03.73424000e+01   02.46758000e-02
  06.16454000e+01   05.21370000e+01   03.94419000e+01  -01.71993000e-02
  06.63063000e+01   05.90591000e+01   04.00766000e+01  -09.39340000e-03
  07.15439000e+01   05.45773000e+01   03.52073000e+01   07.66074000e-02
  06.54016000e+01   05.27011000e+01   03.68199000e+01   09.44338000e-02
  07.26282000e+01   05.68905000e+01   03.52885000e+01   01.54319000e-02
  07.20713000e+01   05.07712000e+01   03.82266000e+01  -01.56515000e-02
  07.18983000e+01   05.43166000e+01   03.37616000e+01  -02.00050000e-02
  06.82650000e+01   05.56347000e+01   03.63979000e+01  -08.09918000e-02
  07.29904000e+01   05.29799000e+01   03.20944000e+01   04.03650000e-03
  07.00569000e+01   05.41881000e+01   03.55186000e+01  -01.43447000e-01
  06.65802000e+01   05.07855000e+01   03.58941000e+01   01.23287000e-02
  06.38695000e+01   05.41212000e+01   03.81812000e+01   02.21683000e-01
  06.70946000e+01   05.75976000e+01   03.71910000e+01  -05.42921000e-02
  06.86918000e+01   05.02904000e+01   03.32270000e+01   02.66866000e-02
  06.38184000e+01   04.92681000e+01   03.67136000e+01   04.35609000e-02
  06.26828000e+01   05.66759000e+01   03.94939000e+01   02.36507000e-02
  06.98395000e+01   05.89246000e+01   03.63536000e+01  -06.09964000e-02
  07.42517000e+01   05.13967000e+01   03.88491000e+01   08.71130000e-03
  06.94038000e+01   05.29397000e+01   03.53962000e+01   01.26858000e-01
  06.54710000e+01   05.13401000e+01   03.64817000e+01  -03.45042000e-02
  06.45385000e+01   05.53599000e+01   03.81845000e+01  -02.04376000e-01
  06.82027000e+01   05.70112000e+01   03.65568000e+01   07.60142000e-02
  07.22308000e+01   04.96589000e+01   03.86451000e+01   05.08730000e-03
  07.15989000e+01   05.50563000e+01   03.27949000e+01   06.92200000e-04
  07.42631000e+01   05.13376000e+01   04.03620000e+01   00.00000000e+00
  07.01725000e+01   05.16668000e+01   03.49127000e+01   07.64245000e-02
  06.41980000e+01   05.06988000e+01   03.69547000e+01  -04.66821000e-02
  06.40468000e+01   05.66514000e+01   03.87204000e+01   01.65461000e-02
  06.94482000e+01   05.75834000e+01   03.62028000e+01   05.49912000e-02
  07.29091000e+01   05.17719000e+01   03.84643000e+01   03.30200000e-04
  07.25744000e+01   05.31765000e+01   03.35244000e+01   04.02810000e-03
  07.53232000e+01   05.16108000e+01   04.10821000e+01   00.00000000e+00
  06.89062000e+01   05.06853000e+01   03.47775000e+01  -04.69336000e-02
  06.34465000e+01   05.16329000e+01   03.76807000e+01  -07.68710000e-03
  06.49890000e+01   05.76124000e+01   03.84633000e+01  -03.37389000e-02
  07.02677000e+01   05.65478000e+01   03.59016000e+01   03.64969000e-02
  07.65008000e+01   05.06556000e+01   04.12723000e+01   00.00000000e+00
  06.77590000e+01   05.14556000e+01   03.54686000e+01  -09.58259000e-02
  06.42335000e+01   05.29014000e+01   03.75786000e+01  -01.77941000e-01
  06.59651000e+01   05.69313000e+01   03.76819000e+01   06.74294000e-02
  06.94469000e+01   05.53983000e+01   03.59554000e+01   01.44326000e-01
  07.55599000e+01   05.30528000e+01   04.15653000e+01   00.00000000e+00
  07.70316000e+01   05.34527000e+01   04.14621000e+01   00.00000000e+00
  07.71848000e+01   05.50397000e+01   04.14670000e+01   00.00000000e+00
  07.87209000e+01   05.55694000e+01   04.15214000e+01   00.00000000e+00
  07.95471000e+01   05.49732000e+01   04.03632000e+01   00.00000000e+00
  07.93985000e+01   05.54006000e+01   04.29708000e+01   00.00000000e+00
  07.88881000e+01   05.63983000e+01   04.39943000e+01   00.00000000e+00
  07.96674000e+01   05.62830000e+01   04.53522000e+01   00.00000000e+00
  07.94118000e+01   05.74580000e+01   04.64134000e+01   00.00000000e+00
  07.99194000e+01   05.87932000e+01   04.59507000e+01   00.00000000e+00
  07.99986000e+01   05.70851000e+01   04.77870000e+01   00.00000000e+00
  07.94806000e+01   05.78556000e+01   04.89792000e+01   00.00000000e+00
  07.97465000e+01   05.70321000e+01   05.02786000e+01   00.00000000e+00
  07.94950000e+01   05.77328000e+01   05.16109000e+01   00.00000000e+00
  07.79314000e+01   05.79352000e+01   05.18419000e+01   00.00000000e+00
  08.00817000e+01   05.67810000e+01   05.26695000e+01   00.00000000e+00
  06.57305000e+01   05.55863000e+01   03.76083000e+01   03.65717000e-02
  06.68921000e+01   05.41588000e+01   03.67318000e+01  -06.37550000e-03
  07.07444000e+01   05.90641000e+01   03.58115000e+01   01.79582000e-02
  06.90380000e+01   05.95454000e+01   03.58379000e+01   01.23366000e-02
  06.99791000e+01   05.91587000e+01   03.73527000e+01   01.80857000e-02
  06.23041000e+01   05.57273000e+01   03.97983000e+01  -03.55350000e-03
  06.27799000e+01   05.72263000e+01   04.04328000e+01  -05.48890000e-03
  06.18506000e+01   05.70965000e+01   03.89946000e+01  -05.73590000e-03
  06.47188000e+01   04.87854000e+01   03.64495000e+01  -01.16015000e-02
  06.34898000e+01   04.89146000e+01   03.76281000e+01  -01.03548000e-02
  06.30245000e+01   04.91844000e+01   03.59397000e+01  -01.10806000e-02
  06.85433000e+01   05.11529000e+01   03.26343000e+01  -06.50300000e-03
  06.96873000e+01   04.98606000e+01   03.29637000e+01  -03.84930000e-03
  06.78226000e+01   04.96224000e+01   03.31559000e+01  -06.75510000e-03
  07.20121000e+01   05.26670000e+01   03.16206000e+01   06.96000000e-05
  07.34551000e+01   05.38031000e+01   03.15824000e+01  -02.56130000e-03
  07.36311000e+01   05.21466000e+01   03.20103000e+01  -08.86000000e-04
  06.62814000e+01   05.84614000e+01   04.09917000e+01   02.66600000e-04
  06.71646000e+01   05.86490000e+01   03.95582000e+01   02.07780000e-03
  06.64806000e+01   06.01462000e+01   04.03036000e+01   03.44650000e-03
  06.06106000e+01   05.21436000e+01   03.97972000e+01   02.98050000e-03
  06.23774000e+01   05.24108000e+01   04.02418000e+01  -05.01900000e-04
  07.07419000e+01   05.21931000e+01   03.75709000e+01  -05.40000000e-06
  06.99945000e+01   05.06033000e+01   03.75512000e+01  -02.73660000e-03
  06.50960000e+01   05.97394000e+01   03.83541000e+01   06.65000000e-04
  06.42169000e+01   05.92186000e+01   03.96096000e+01  -04.07950000e-03
  07.14509000e+01   05.00554000e+01   03.56048000e+01   01.58140000e-02
  07.20815000e+01   05.17179000e+01   03.56623000e+01   09.11190000e-03
  08.00600000e+01   05.72924000e+01   05.36355000e+01   00.00000000e+00
  07.94509000e+01   05.58971000e+01   05.27198000e+01   00.00000000e+00
  08.10030000e+01   05.62998000e+01   05.24576000e+01   00.00000000e+00
  07.76253000e+01   05.86888000e+01   05.10854000e+01   00.00000000e+00
  07.75028000e+01   05.69376000e+01   05.19050000e+01   00.00000000e+00
  07.78248000e+01   05.84669000e+01   05.27675000e+01   00.00000000e+00
  07.91875000e+01   05.61535000e+01   05.03683000e+01   00.00000000e+00
  08.07991000e+01   05.68860000e+01   05.01827000e+01   00.00000000e+00
  08.02926000e+01   05.86622000e+01   04.89607000e+01   00.00000000e+00
  07.85113000e+01   05.81793000e+01   04.88871000e+01   00.00000000e+00
  07.97246000e+01   05.60718000e+01   04.79462000e+01   00.00000000e+00
  08.11031000e+01   05.70042000e+01   04.77874000e+01   00.00000000e+00
  07.97889000e+01   05.95013000e+01   04.67698000e+01   00.00000000e+00
  08.10117000e+01   05.87166000e+01   04.57067000e+01   00.00000000e+00
  07.93768000e+01   05.91398000e+01   04.50337000e+01   00.00000000e+00
  07.93311000e+01   05.53878000e+01   04.57717000e+01   00.00000000e+00
  08.07478000e+01   05.63214000e+01   04.52057000e+01   00.00000000e+00
  07.91261000e+01   05.73716000e+01   04.36129000e+01   00.00000000e+00
  07.78031000e+01   05.63473000e+01   04.42167000e+01   00.00000000e+00
  07.92428000e+01   05.44683000e+01   04.34275000e+01   00.00000000e+00
  08.05225000e+01   05.56044000e+01   04.28824000e+01   00.00000000e+00
  06.71008000e+01   05.87031000e+01   03.74166000e+01   07.20400000e-04
  06.28442000e+01   05.41151000e+01   03.86964000e+01  -02.39543000e-02
  06.67701000e+01   04.97963000e+01   03.55622000e+01   04.89340000e-03
  07.22202000e+01   05.42225000e+01   03.59387000e+01  -02.28199000e-02
  06.12946000e+01   05.10443000e+01   03.76518000e+01  -01.51750000e-03
  07.89724000e+01   05.51639000e+01   03.94564000e+01   00.00000000e+00
  08.04842000e+01   05.54203000e+01   04.03239000e+01   00.00000000e+00
  07.97940000e+01   05.39474000e+01   04.05314000e+01   00.00000000e+00
  07.86370000e+01   05.66703000e+01   04.13907000e+01   00.00000000e+00
  07.68019000e+01   05.53869000e+01   04.04941000e+01   00.00000000e+00
  07.66065000e+01   05.54501000e+01   04.22792000e+01   00.00000000e+00
  07.74362000e+01   05.29464000e+01   04.22583000e+01   00.00000000e+00
  07.75533000e+01   05.32325000e+01   04.05569000e+01   00.00000000e+00
  07.49179000e+01   05.37870000e+01   04.10338000e+01   00.00000000e+00
  07.51916000e+01   05.30738000e+01   04.25770000e+01   00.00000000e+00
  07.67143000e+01   05.05677000e+01   04.23200000e+01   00.00000000e+00
  07.62811000e+01   04.96675000e+01   04.08855000e+01   00.00000000e+00
  07.73287000e+01   05.10411000e+01   04.07751000e+01   00.00000000e+00
  06.90543000e+01   04.96711000e+01   03.52922000e+01   05.57290000e-03
  07.05449000e+01   05.18228000e+01   03.39161000e+01  -01.28866000e-02
  07.33619000e+01   05.10411000e+01   04.08820000e+01   00.00000000e+00
  08.00692000e+01   05.86336000e+01   05.15889000e+01   00.00000000e+00
  07.82759000e+01   05.74741000e+01   04.65152000e+01   00.00000000e+00
  07.45941000e+01   05.05130000e+01   03.84244000e+01  -01.99830000e-03
  07.49029000e+01   05.22514000e+01   03.85972000e+01  -01.85290000e-03
