  07.08853000e+01   05.17739000e+01   03.52298000e+01  -06.11779000e-02
  06.16119000e+01   05.17591000e+01   03.73273000e+01   01.75852000e-02
  06.44374000e+01   05.93589000e+01   03.86421000e+01   01.01800000e-02
  07.09104000e+01   05.67346000e+01   03.47122000e+01  -01.32723000e-02
  06.76721000e+01   05.31844000e+01   03.51172000e+01  -04.57645000e-02
  07.07410000e+01   05.20059000e+01   03.66848000e+01   02.46758000e-02
  06.10254000e+01   05.23445000e+01   03.84283000e+01  -01.71993000e-02
  06.56758000e+01   05.95438000e+01   03.94919000e+01  -09.39340000e-03
  07.08411000e+01   05.52161000e+01   03.43106000e+01   07.66074000e-02
  06.48584000e+01   05.32301000e+01   03.61645000e+01   09.44338000e-02
  07.18537000e+01   05.74589000e+01   03.45877000e+01   01.54319000e-02
  07.20227000e+01   05.16860000e+01   03.75832000e+01  -01.56515000e-02
  07.10513000e+01   05.50410000e+01   03.28149000e+01  -02.00050000e-02
  06.75201000e+01   05.61754000e+01   03.55756000e+01  -08.09918000e-02
  07.20924000e+01   05.34426000e+01   03.12058000e+01   04.03650000e-03
  06.94487000e+01   05.47218000e+01   03.46672000e+01  -01.43447000e-01
  06.60944000e+01   05.13226000e+01   03.51967000e+01   01.23287000e-02
  06.31755000e+01   05.45075000e+01   03.74046000e+01   02.21683000e-01
  06.63936000e+01   05.81561000e+01   03.64251000e+01  -05.42921000e-02
  06.82622000e+01   05.03912000e+01   03.30086000e+01   02.66866000e-02
  06.37040000e+01   04.96504000e+01   03.59019000e+01   04.35609000e-02
  06.22241000e+01   05.68872000e+01   03.90542000e+01   02.36507000e-02
  06.91691000e+01   05.95949000e+01   03.56493000e+01  -06.09964000e-02
  07.44880000e+01   05.20182000e+01   03.76818000e+01   08.71130000e-03
  06.88669000e+01   05.34754000e+01   03.47070000e+01   01.26858000e-01
  06.49359000e+01   05.19227000e+01   03.57550000e+01  -03.45042000e-02
  06.38515000e+01   05.58037000e+01   03.73910000e+01  -02.04376000e-01
  06.75036000e+01   05.75635000e+01   03.58337000e+01   07.60142000e-02
  07.20357000e+01   05.07993000e+01   03.84234000e+01   05.08730000e-03
  07.03353000e+01   05.55838000e+01   03.19144000e+01   06.92200000e-04
  07.48211000e+01   05.31663000e+01   03.85433000e+01   00.00000000e+00
  06.96252000e+01   05.21241000e+01   03.42980000e+01   07.64245000e-02
  06.37674000e+01   05.11642000e+01   03.61386000e+01  -04.66821000e-02
  06.34254000e+01   05.69621000e+01   03.82110000e+01   01.65461000e-02
  06.87663000e+01   05.81372000e+01   03.55109000e+01   05.49912000e-02
  07.31661000e+01   05.23004000e+01   03.70757000e+01   03.30200000e-04
  07.19881000e+01   05.39748000e+01   03.25991000e+01   04.02810000e-03
  07.49953000e+01   05.32122000e+01   03.98873000e+01   00.00000000e+00
  06.84812000e+01   05.11161000e+01   03.43575000e+01  -04.69336000e-02
  06.29629000e+01   05.20043000e+01   03.68814000e+01  -07.68710000e-03
  06.43337000e+01   05.79719000e+01   03.79990000e+01  -03.37389000e-02
  06.95865000e+01   05.70576000e+01   03.51577000e+01   03.64969000e-02
  07.39052000e+01   05.33243000e+01   04.08538000e+01   00.00000000e+00
  06.73303000e+01   05.19206000e+01   03.49107000e+01  -09.58259000e-02
  06.36567000e+01   05.33036000e+01   03.68381000e+01  -01.77941000e-01
  06.52670000e+01   05.74679000e+01   03.70204000e+01   06.74294000e-02
  06.88132000e+01   05.58595000e+01   03.51552000e+01   01.44326000e-01
  07.64965000e+01   05.30562000e+01   04.04158000e+01   00.00000000e+00
  07.72929000e+01   05.42465000e+01   04.09869000e+01   00.00000000e+00
  07.64624000e+01   05.51414000e+01   04.19655000e+01   00.00000000e+00
  07.71508000e+01   05.61569000e+01   04.28158000e+01   00.00000000e+00
  07.81177000e+01   05.70014000e+01   04.19445000e+01   00.00000000e+00
  07.78310000e+01   05.56327000e+01   04.41223000e+01   00.00000000e+00
  07.77793000e+01   05.66964000e+01   04.52983000e+01   00.00000000e+00
  07.77985000e+01   05.60055000e+01   04.66706000e+01   00.00000000e+00
  07.77526000e+01   05.67119000e+01   04.80111000e+01   00.00000000e+00
  07.79722000e+01   05.58157000e+01   04.91961000e+01   00.00000000e+00
  07.64735000e+01   05.76111000e+01   04.82421000e+01   00.00000000e+00
  07.64213000e+01   05.84939000e+01   04.95527000e+01   00.00000000e+00
  07.53075000e+01   05.96185000e+01   04.94697000e+01   00.00000000e+00
  07.46617000e+01   06.01812000e+01   05.08056000e+01   00.00000000e+00
  07.58570000e+01   06.08486000e+01   05.15280000e+01   00.00000000e+00
  07.35556000e+01   06.11262000e+01   05.05490000e+01   00.00000000e+00
  06.50120000e+01   05.61495000e+01   03.67611000e+01   03.65717000e-02
  06.61954000e+01   05.47153000e+01   03.59320000e+01  -06.37550000e-03
  06.87642000e+01   06.00206000e+01   03.65559000e+01   01.79582000e-02
  07.02471000e+01   05.96912000e+01   03.56319000e+01   01.23366000e-02
  06.86826000e+01   06.01365000e+01   03.49038000e+01   01.80857000e-02
  06.20119000e+01   05.58715000e+01   03.92760000e+01  -03.55350000e-03
  06.23134000e+01   05.75263000e+01   03.99982000e+01  -05.48890000e-03
  06.13850000e+01   05.73729000e+01   03.85805000e+01  -05.73590000e-03
  06.31091000e+01   04.93667000e+01   03.66986000e+01  -01.16015000e-02
  06.31531000e+01   04.94184000e+01   03.50019000e+01  -01.03548000e-02
  06.46762000e+01   04.91802000e+01   03.59052000e+01  -01.10806000e-02
  06.91726000e+01   04.97477000e+01   03.28970000e+01  -06.50300000e-03
  06.74375000e+01   04.96349000e+01   03.31482000e+01  -03.84930000e-03
  06.78877000e+01   05.09696000e+01   03.21772000e+01  -06.75510000e-03
  07.25788000e+01   05.24931000e+01   03.13227000e+01   06.96000000e-05
  07.11076000e+01   05.33018000e+01   03.07428000e+01  -02.56130000e-03
  07.26383000e+01   05.40923000e+01   03.05122000e+01  -08.86000000e-04
  06.56342000e+01   06.05906000e+01   03.97071000e+01   02.66600000e-04
  06.56619000e+01   05.90692000e+01   04.04216000e+01   02.07780000e-03
  06.66332000e+01   05.95009000e+01   03.88924000e+01   03.44650000e-03
  06.00016000e+01   05.21652000e+01   03.87822000e+01   02.98050000e-03
  06.17669000e+01   05.28696000e+01   03.91475000e+01  -05.01900000e-04
  07.03641000e+01   05.29426000e+01   03.68941000e+01  -05.40000000e-06
  06.99933000e+01   05.12562000e+01   03.69926000e+01  -02.73660000e-03
  06.44208000e+01   06.01419000e+01   03.78680000e+01   06.65000000e-04
  06.36375000e+01   05.94873000e+01   03.93929000e+01  -04.07950000e-03
  07.12389000e+01   05.07425000e+01   03.49792000e+01   01.58140000e-02
  07.17343000e+01   05.23820000e+01   03.48747000e+01   09.11190000e-03
  07.30726000e+01   06.15412000e+01   05.14706000e+01   00.00000000e+00
  07.39826000e+01   06.20065000e+01   05.00635000e+01   00.00000000e+00
  07.28866000e+01   06.08206000e+01   04.98269000e+01   00.00000000e+00
  07.54787000e+01   06.13474000e+01   05.24186000e+01   00.00000000e+00
  07.66785000e+01   06.01219000e+01   05.18346000e+01   00.00000000e+00
  07.63246000e+01   06.16691000e+01   05.09060000e+01   00.00000000e+00
  07.57887000e+01   06.04990000e+01   04.90131000e+01   00.00000000e+00
  07.45313000e+01   05.92688000e+01   04.87658000e+01   00.00000000e+00
  07.63312000e+01   05.79685000e+01   05.04372000e+01   00.00000000e+00
  07.74164000e+01   05.89944000e+01   04.96327000e+01   00.00000000e+00
  07.63771000e+01   05.84464000e+01   04.74852000e+01   00.00000000e+00
  07.56038000e+01   05.69965000e+01   04.81699000e+01   00.00000000e+00
  07.81982000e+01   05.63809000e+01   05.00169000e+01   00.00000000e+00
  07.70700000e+01   05.51636000e+01   04.94449000e+01   00.00000000e+00
  07.88793000e+01   05.52829000e+01   04.91211000e+01   00.00000000e+00
  07.69754000e+01   05.52770000e+01   04.66799000e+01   00.00000000e+00
  07.87066000e+01   05.54031000e+01   04.67415000e+01   00.00000000e+00
  07.86014000e+01   05.74212000e+01   04.52111000e+01   00.00000000e+00
  07.68576000e+01   05.72953000e+01   04.53768000e+01   00.00000000e+00
  07.70706000e+01   05.48692000e+01   04.44234000e+01   00.00000000e+00
  07.88072000e+01   05.51750000e+01   04.39193000e+01   00.00000000e+00
  06.64350000e+01   05.92261000e+01   03.66500000e+01   07.20400000e-04
  06.22684000e+01   05.43577000e+01   03.79876000e+01  -02.39543000e-02
  06.60066000e+01   05.02864000e+01   03.49581000e+01   04.89340000e-03
  07.16437000e+01   05.46478000e+01   03.47268000e+01  -02.28199000e-02
  06.10324000e+01   05.10816000e+01   03.66271000e+01  -01.51750000e-03
  07.89580000e+01   05.64008000e+01   04.15896000e+01   00.00000000e+00
  07.76136000e+01   05.75469000e+01   04.10817000e+01   00.00000000e+00
  07.85174000e+01   05.77257000e+01   04.26336000e+01   00.00000000e+00
  07.62638000e+01   05.66136000e+01   04.32728000e+01   00.00000000e+00
  07.56809000e+01   05.56644000e+01   04.14329000e+01   00.00000000e+00
  07.58331000e+01   05.44049000e+01   04.25610000e+01   00.00000000e+00
  07.81118000e+01   05.37138000e+01   04.14931000e+01   00.00000000e+00
  07.76698000e+01   05.48502000e+01   04.01005000e+01   00.00000000e+00
  07.64922000e+01   05.22751000e+01   04.11762000e+01   00.00000000e+00
  07.70934000e+01   05.27055000e+01   03.96107000e+01   00.00000000e+00
  07.39766000e+01   05.40105000e+01   04.17406000e+01   00.00000000e+00
  07.29238000e+01   05.34292000e+01   04.03772000e+01   00.00000000e+00
  07.38581000e+01   05.23682000e+01   04.12995000e+01   00.00000000e+00
  06.87727000e+01   05.04940000e+01   03.51727000e+01   05.57290000e-03
  07.00473000e+01   05.22017000e+01   03.32847000e+01  -01.28866000e-02
  07.50278000e+01   05.40842000e+01   03.80495000e+01   00.00000000e+00
  07.42480000e+01   05.92573000e+01   05.12744000e+01   00.00000000e+00
  07.87232000e+01   05.72115000e+01   04.80415000e+01   00.00000000e+00
  07.45951000e+01   05.11028000e+01   03.82604000e+01  -01.99830000e-03
  07.52860000e+01   05.19521000e+01   03.69446000e+01  -01.85290000e-03
