  07.09090000e+01   05.21359000e+01   03.40041000e+01  -06.11779000e-02
  06.19400000e+01   05.17739000e+01   03.70006000e+01   01.75852000e-02
  06.43338000e+01   05.95391000e+01   03.82456000e+01   01.01800000e-02
  07.11500000e+01   05.71660000e+01   03.43130000e+01  -01.32723000e-02
  06.77085000e+01   05.38029000e+01   03.41802000e+01  -04.57645000e-02
  07.07006000e+01   05.18725000e+01   03.55377000e+01   02.46758000e-02
  06.15004000e+01   05.22351000e+01   03.81635000e+01  -01.71993000e-02
  06.52587000e+01   05.96893000e+01   03.95464000e+01  -09.39340000e-03
  07.10757000e+01   05.56593000e+01   03.37695000e+01   07.66074000e-02
  06.50004000e+01   05.33981000e+01   03.56291000e+01   09.44338000e-02
  07.22373000e+01   05.77039000e+01   03.42433000e+01   01.54319000e-02
  07.19132000e+01   05.15909000e+01   03.64186000e+01  -01.56515000e-02
  07.14470000e+01   05.56306000e+01   03.23102000e+01  -02.00050000e-02
  06.78274000e+01   05.64683000e+01   03.53088000e+01  -08.09918000e-02
  07.25905000e+01   05.42966000e+01   03.06911000e+01   04.03650000e-03
  06.96603000e+01   05.52007000e+01   03.41714000e+01  -01.43447000e-01
  06.61705000e+01   05.18582000e+01   03.41257000e+01   01.23287000e-02
  06.33461000e+01   05.46183000e+01   03.70042000e+01   02.21683000e-01
  06.67539000e+01   05.82083000e+01   03.66113000e+01  -05.42921000e-02
  06.78717000e+01   05.16863000e+01   03.14857000e+01   02.66866000e-02
  06.37928000e+01   04.99525000e+01   03.48459000e+01   04.35609000e-02
  06.22015000e+01   05.72650000e+01   03.86195000e+01   02.36507000e-02
  06.95308000e+01   05.98556000e+01   03.58967000e+01  -06.09964000e-02
  07.39280000e+01   05.24758000e+01   03.70595000e+01   08.71130000e-03
  06.90411000e+01   05.39739000e+01   03.38538000e+01   01.26858000e-01
  06.51310000e+01   05.22068000e+01   03.50162000e+01  -03.45042000e-02
  06.39539000e+01   05.59344000e+01   03.71039000e+01  -02.04376000e-01
  06.78863000e+01   05.77516000e+01   03.59044000e+01   07.60142000e-02
  07.23605000e+01   05.04688000e+01   03.66373000e+01   05.08730000e-03
  07.10692000e+01   05.63866000e+01   03.14396000e+01   06.92200000e-04
  07.42581000e+01   05.37235000e+01   03.78713000e+01   00.00000000e+00
  06.96567000e+01   05.27611000e+01   03.31876000e+01   07.64245000e-02
  06.39548000e+01   05.13878000e+01   03.53402000e+01  -04.66821000e-02
  06.34555000e+01   05.71039000e+01   03.78146000e+01   01.65461000e-02
  06.90819000e+01   05.84277000e+01   03.55105000e+01   05.49912000e-02
  07.25428000e+01   05.27482000e+01   03.67199000e+01   03.30200000e-04
  07.22501000e+01   05.45464000e+01   03.20954000e+01   04.02810000e-03
  07.39960000e+01   05.37587000e+01   03.91833000e+01   00.00000000e+00
  06.83950000e+01   05.18288000e+01   03.29437000e+01  -04.69336000e-02
  06.32130000e+01   05.21221000e+01   03.63163000e+01  -07.68710000e-03
  06.44361000e+01   05.81290000e+01   03.76555000e+01  -03.37389000e-02
  06.98431000e+01   05.74503000e+01   03.49083000e+01   03.64969000e-02
  07.27149000e+01   05.41709000e+01   03.98820000e+01   00.00000000e+00
  06.73256000e+01   05.25148000e+01   03.37484000e+01  -09.58259000e-02
  06.38333000e+01   05.34395000e+01   03.63643000e+01  -01.77941000e-01
  06.54817000e+01   05.75897000e+01   03.68698000e+01   06.74294000e-02
  06.90466000e+01   05.62926000e+01   03.48452000e+01   01.44326000e-01
  07.50474000e+01   05.33723000e+01   04.01723000e+01   00.00000000e+00
  07.61153000e+01   05.44707000e+01   04.03470000e+01   00.00000000e+00
  07.54794000e+01   05.57717000e+01   04.07454000e+01   00.00000000e+00
  07.64758000e+01   05.66838000e+01   04.16095000e+01   00.00000000e+00
  07.77523000e+01   05.69732000e+01   04.08012000e+01   00.00000000e+00
  07.66853000e+01   05.61451000e+01   04.30151000e+01   00.00000000e+00
  07.71187000e+01   05.72169000e+01   04.40541000e+01   00.00000000e+00
  07.74504000e+01   05.65359000e+01   04.53318000e+01   00.00000000e+00
  07.75487000e+01   05.73557000e+01   04.66012000e+01   00.00000000e+00
  07.87170000e+01   05.68286000e+01   04.75374000e+01   00.00000000e+00
  07.62394000e+01   05.74323000e+01   04.74716000e+01   00.00000000e+00
  07.49595000e+01   05.79847000e+01   04.67482000e+01   00.00000000e+00
  07.37522000e+01   05.84727000e+01   04.76076000e+01   00.00000000e+00
  07.40809000e+01   05.96196000e+01   04.86217000e+01   00.00000000e+00
  07.34675000e+01   06.09017000e+01   04.80076000e+01   00.00000000e+00
  07.34093000e+01   05.94984000e+01   04.99773000e+01   00.00000000e+00
  06.51486000e+01   05.63055000e+01   03.64618000e+01   03.65717000e-02
  06.64703000e+01   05.48992000e+01   03.54022000e+01  -06.37550000e-03
  07.05563000e+01   05.98638000e+01   03.62710000e+01   01.79582000e-02
  06.94152000e+01   06.05090000e+01   03.49753000e+01   01.23366000e-02
  06.90261000e+01   06.01613000e+01   03.67572000e+01   01.80857000e-02
  06.13901000e+01   05.67488000e+01   03.81267000e+01  -03.55350000e-03
  06.25001000e+01   05.68559000e+01   03.95604000e+01  -05.48890000e-03
  06.18113000e+01   05.82324000e+01   03.88715000e+01  -05.73590000e-03
  06.45666000e+01   04.93189000e+01   03.52639000e+01  -01.16015000e-02
  06.27562000e+01   04.95784000e+01   03.51975000e+01  -01.03548000e-02
  06.38471000e+01   05.00341000e+01   03.38038000e+01  -01.10806000e-02
  06.77268000e+01   05.26435000e+01   03.10522000e+01  -06.50300000e-03
  06.85475000e+01   05.10834000e+01   03.08903000e+01  -03.84930000e-03
  06.68163000e+01   05.12716000e+01   03.14458000e+01  -06.75510000e-03
  07.27533000e+01   05.52111000e+01   03.01775000e+01   06.96000000e-05
  07.34332000e+01   05.36746000e+01   03.05400000e+01  -02.56130000e-03
  07.18310000e+01   05.37723000e+01   03.01049000e+01  -08.86000000e-04
  06.45156000e+01   05.97079000e+01   04.04336000e+01   02.66600000e-04
  06.58568000e+01   05.87742000e+01   03.95809000e+01   02.07780000e-03
  06.58220000e+01   06.06229000e+01   03.96231000e+01   03.44650000e-03
  06.04856000e+01   05.20405000e+01   03.85441000e+01   02.98050000e-03
  06.21738000e+01   05.28945000e+01   03.87729000e+01  -05.01900000e-04
  07.02933000e+01   05.27773000e+01   03.59494000e+01  -05.40000000e-06
  06.98551000e+01   05.11334000e+01   03.56397000e+01  -02.73660000e-03
  06.45486000e+01   06.03074000e+01   03.75330000e+01   06.65000000e-04
  06.33219000e+01   05.97766000e+01   03.84698000e+01  -04.07950000e-03
  07.12557000e+01   05.11610000e+01   03.35689000e+01   01.58140000e-02
  07.17156000e+01   05.27922000e+01   03.38483000e+01   09.11190000e-03
  07.36456000e+01   06.02609000e+01   05.06958000e+01   00.00000000e+00
  07.23365000e+01   05.94753000e+01   04.99251000e+01   00.00000000e+00
  07.36343000e+01   05.85796000e+01   05.05083000e+01   00.00000000e+00
  07.24097000e+01   06.10502000e+01   04.82069000e+01   00.00000000e+00
  07.39609000e+01   06.16907000e+01   04.85626000e+01   00.00000000e+00
  07.37767000e+01   06.10411000e+01   04.69355000e+01   00.00000000e+00
  07.28980000e+01   05.86647000e+01   04.69690000e+01   00.00000000e+00
  07.34088000e+01   05.76266000e+01   04.81749000e+01   00.00000000e+00
  07.51653000e+01   05.88104000e+01   04.60844000e+01   00.00000000e+00
  07.46175000e+01   05.71753000e+01   04.61020000e+01   00.00000000e+00
  07.59848000e+01   05.65216000e+01   04.79372000e+01   00.00000000e+00
  07.65066000e+01   05.81648000e+01   04.82685000e+01   00.00000000e+00
  07.86462000e+01   05.71073000e+01   04.85838000e+01   00.00000000e+00
  07.85957000e+01   05.57536000e+01   04.76748000e+01   00.00000000e+00
  07.96614000e+01   05.70188000e+01   04.71316000e+01   00.00000000e+00
  07.67388000e+01   05.58093000e+01   04.55806000e+01   00.00000000e+00
  07.84047000e+01   05.60394000e+01   04.50677000e+01   00.00000000e+00
  07.79907000e+01   05.77702000e+01   04.37563000e+01   00.00000000e+00
  07.63390000e+01   05.79260000e+01   04.42354000e+01   00.00000000e+00
  07.58325000e+01   05.55350000e+01   04.33185000e+01   00.00000000e+00
  07.75911000e+01   05.54695000e+01   04.29125000e+01   00.00000000e+00
  06.68244000e+01   05.91584000e+01   03.71736000e+01   07.20400000e-04
  06.24129000e+01   05.45652000e+01   03.75566000e+01  -02.39543000e-02
  06.61837000e+01   05.08076000e+01   03.38125000e+01   04.89340000e-03
  07.18402000e+01   05.52402000e+01   03.43568000e+01  -02.28199000e-02
  06.11869000e+01   05.11023000e+01   03.64854000e+01  -01.51750000e-03
  07.84676000e+01   05.61490000e+01   04.06694000e+01   00.00000000e+00
  07.75319000e+01   05.73573000e+01   03.97951000e+01   00.00000000e+00
  07.82045000e+01   05.77835000e+01   04.14351000e+01   00.00000000e+00
  07.59691000e+01   05.75538000e+01   04.17817000e+01   00.00000000e+00
  07.50992000e+01   05.62863000e+01   03.98557000e+01   00.00000000e+00
  07.46676000e+01   05.55792000e+01   04.14242000e+01   00.00000000e+00
  07.68677000e+01   05.42479000e+01   04.10952000e+01   00.00000000e+00
  07.66906000e+01   05.45749000e+01   03.94025000e+01   00.00000000e+00
  07.45746000e+01   05.31638000e+01   04.11582000e+01   00.00000000e+00
  07.55847000e+01   05.24483000e+01   03.97883000e+01   00.00000000e+00
  07.19048000e+01   05.42546000e+01   03.91568000e+01   00.00000000e+00
  07.23832000e+01   05.34286000e+01   04.06470000e+01   00.00000000e+00
  07.28776000e+01   05.50990000e+01   04.03904000e+01   00.00000000e+00
  06.87858000e+01   05.08261000e+01   03.33173000e+01   05.57290000e-03
  07.00633000e+01   05.29968000e+01   03.21770000e+01  -01.28866000e-02
  07.46883000e+01   05.44788000e+01   03.72419000e+01   00.00000000e+00
  07.51123000e+01   05.97882000e+01   04.88499000e+01   00.00000000e+00
  07.78264000e+01   05.83509000e+01   04.62838000e+01   00.00000000e+00
  07.40381000e+01   05.16378000e+01   03.77580000e+01  -01.99830000e-03
  07.45537000e+01   05.24465000e+01   03.61346000e+01  -01.85290000e-03
