  07.11484000e+01   05.17462000e+01   03.44838000e+01  -06.11779000e-02
  06.20681000e+01   05.16081000e+01   03.72219000e+01   01.75852000e-02
  06.38851000e+01   05.93909000e+01   03.79167000e+01   01.01800000e-02
  07.10068000e+01   05.68933000e+01   03.43715000e+01  -01.32723000e-02
  06.78285000e+01   05.32604000e+01   03.45760000e+01  -04.57645000e-02
  07.11665000e+01   05.15624000e+01   03.60345000e+01   02.46758000e-02
  06.18404000e+01   05.21051000e+01   03.84685000e+01  -01.71993000e-02
  06.46772000e+01   05.95838000e+01   03.91757000e+01  -09.39340000e-03
  07.09856000e+01   05.53448000e+01   03.40963000e+01   07.66074000e-02
  06.50569000e+01   05.31411000e+01   03.56655000e+01   09.44338000e-02
  07.19803000e+01   05.76226000e+01   03.42737000e+01   01.54319000e-02
  07.25272000e+01   05.13557000e+01   03.67022000e+01  -01.56515000e-02
  07.14563000e+01   05.52140000e+01   03.26267000e+01  -02.00050000e-02
  06.76622000e+01   05.61494000e+01   03.52837000e+01  -08.09918000e-02
  07.27329000e+01   05.37288000e+01   03.11773000e+01   04.03650000e-03
  06.95970000e+01   05.47992000e+01   03.43969000e+01  -01.43447000e-01
  06.63448000e+01   05.13612000e+01   03.45667000e+01   01.23287000e-02
  06.33668000e+01   05.44380000e+01   03.67321000e+01   02.21683000e-01
  06.64716000e+01   05.80388000e+01   03.62593000e+01  -05.42921000e-02
  06.84473000e+01   05.05667000e+01   03.24328000e+01   02.66866000e-02
  06.37543000e+01   04.96707000e+01   03.50983000e+01   04.35609000e-02
  06.18264000e+01   05.68095000e+01   03.80695000e+01   02.36507000e-02
  06.92265000e+01   05.96407000e+01   03.57032000e+01  -06.09964000e-02
  07.45246000e+01   05.25464000e+01   03.73542000e+01   08.71130000e-03
  06.91095000e+01   05.34800000e+01   03.43169000e+01   01.26858000e-01
  06.52061000e+01   05.18822000e+01   03.52753000e+01  -03.45042000e-02
  06.38659000e+01   05.56968000e+01   03.68089000e+01  -02.04376000e-01
  06.76242000e+01   05.75346000e+01   03.56794000e+01   07.60142000e-02
  07.27149000e+01   05.03993000e+01   03.74550000e+01   05.08730000e-03
  07.12543000e+01   05.59524000e+01   03.16376000e+01   06.92200000e-04
  07.40082000e+01   05.36166000e+01   03.83164000e+01   00.00000000e+00
  06.98712000e+01   05.22543000e+01   03.36889000e+01   07.64245000e-02
  06.40042000e+01   05.11222000e+01   03.55133000e+01  -04.66821000e-02
  06.31814000e+01   05.68779000e+01   03.73800000e+01   01.65461000e-02
  06.88748000e+01   05.81918000e+01   03.54057000e+01   05.49912000e-02
  07.34757000e+01   05.23699000e+01   03.63797000e+01   03.30200000e-04
  07.22816000e+01   05.41076000e+01   03.25395000e+01   04.02810000e-03
  07.36742000e+01   05.33183000e+01   03.95895000e+01   00.00000000e+00
  06.87725000e+01   05.11709000e+01   03.37799000e+01  -04.69336000e-02
  06.32494000e+01   05.20094000e+01   03.63858000e+01  -07.68710000e-03
  06.41154000e+01   05.79305000e+01   03.73408000e+01  -03.37389000e-02
  06.96755000e+01   05.72177000e+01   03.48464000e+01   03.64969000e-02
  07.23401000e+01   05.28174000e+01   04.01098000e+01   00.00000000e+00
  06.75329000e+01   05.19769000e+01   03.42938000e+01  -09.58259000e-02
  06.39312000e+01   05.32780000e+01   03.63048000e+01  -01.77941000e-01
  06.53182000e+01   05.73609000e+01   03.66695000e+01   06.74294000e-02
  06.89773000e+01   05.59903000e+01   03.48843000e+01   01.44326000e-01
  07.47397000e+01   05.34916000e+01   04.06491000e+01   00.00000000e+00
  07.62067000e+01   05.39869000e+01   04.03497000e+01   00.00000000e+00
  07.64076000e+01   05.54998000e+01   04.04483000e+01   00.00000000e+00
  07.78954000e+01   05.60531000e+01   04.02556000e+01   00.00000000e+00
  07.84898000e+01   05.55892000e+01   03.88643000e+01   00.00000000e+00
  07.88426000e+01   05.58913000e+01   04.14646000e+01   00.00000000e+00
  07.83852000e+01   05.67482000e+01   04.26159000e+01   00.00000000e+00
  07.94311000e+01   05.69756000e+01   04.37593000e+01   00.00000000e+00
  07.87854000e+01   05.74180000e+01   04.51228000e+01   00.00000000e+00
  07.80712000e+01   05.87978000e+01   04.48715000e+01   00.00000000e+00
  07.99296000e+01   05.74300000e+01   04.62367000e+01   00.00000000e+00
  07.95310000e+01   05.76205000e+01   04.77819000e+01   00.00000000e+00
  07.89088000e+01   05.64581000e+01   04.85180000e+01   00.00000000e+00
  07.83518000e+01   05.68360000e+01   04.98554000e+01   00.00000000e+00
  07.71415000e+01   05.78107000e+01   04.99759000e+01   00.00000000e+00
  07.78460000e+01   05.55254000e+01   05.06549000e+01   00.00000000e+00
  06.50601000e+01   05.60264000e+01   03.63649000e+01   03.65717000e-02
  06.64036000e+01   05.46148000e+01   03.54866000e+01  -06.37550000e-03
  06.91384000e+01   05.99548000e+01   03.67169000e+01   01.79582000e-02
  07.01911000e+01   05.94366000e+01   03.54260000e+01   01.23366000e-02
  06.87269000e+01   06.02760000e+01   03.49430000e+01   01.80857000e-02
  06.20208000e+01   05.62215000e+01   03.89999000e+01  -03.55350000e-03
  06.14260000e+01   05.78359000e+01   03.82315000e+01  -05.48890000e-03
  06.10767000e+01   05.62526000e+01   03.74668000e+01  -05.73590000e-03
  06.38823000e+01   04.90974000e+01   03.60637000e+01  -01.16015000e-02
  06.27308000e+01   04.96114000e+01   03.48371000e+01  -01.03548000e-02
  06.44055000e+01   04.92083000e+01   03.43399000e+01  -01.10806000e-02
  06.92962000e+01   05.01170000e+01   03.19004000e+01  -06.50300000e-03
  06.77384000e+01   04.97444000e+01   03.25374000e+01  -03.84930000e-03
  06.78782000e+01   05.12683000e+01   03.18118000e+01  -06.75510000e-03
  07.35380000e+01   05.29580000e+01   03.12079000e+01   06.96000000e-05
  07.18133000e+01   05.33460000e+01   03.07574000e+01  -02.56130000e-03
  07.30361000e+01   05.46482000e+01   03.06566000e+01  -08.86000000e-04
  06.42681000e+01   06.05003000e+01   03.95234000e+01   02.66600000e-04
  06.46114000e+01   05.87579000e+01   03.98315000e+01   02.07780000e-03
  06.57340000e+01   05.97215000e+01   03.89217000e+01   03.44650000e-03
  06.09219000e+01   05.19209000e+01   03.91007000e+01   02.98050000e-03
  06.24695000e+01   05.29283000e+01   03.88511000e+01  -05.01900000e-04
  07.07709000e+01   05.24370000e+01   03.64286000e+01  -05.40000000e-06
  07.05617000e+01   05.07667000e+01   03.63362000e+01  -02.73660000e-03
  06.41486000e+01   06.01328000e+01   03.71992000e+01   06.65000000e-04
  06.28342000e+01   05.94100000e+01   03.81856000e+01  -04.07950000e-03
  07.14756000e+01   05.08808000e+01   03.40509000e+01   01.58140000e-02
  07.18420000e+01   05.25264000e+01   03.43306000e+01   09.11190000e-03
  07.86248000e+01   05.47607000e+01   05.08533000e+01   00.00000000e+00
  07.74579000e+01   05.57692000e+01   05.16277000e+01   00.00000000e+00
  07.71804000e+01   05.48753000e+01   05.01779000e+01   00.00000000e+00
  07.63502000e+01   05.75630000e+01   04.93195000e+01   00.00000000e+00
  07.68096000e+01   05.79139000e+01   05.09908000e+01   00.00000000e+00
  07.75325000e+01   05.87410000e+01   04.97627000e+01   00.00000000e+00
  07.81384000e+01   05.60375000e+01   04.78209000e+01   00.00000000e+00
  07.97562000e+01   05.57545000e+01   04.85652000e+01   00.00000000e+00
  08.04390000e+01   05.77981000e+01   04.83942000e+01   00.00000000e+00
  07.88656000e+01   05.84816000e+01   04.78272000e+01   00.00000000e+00
  08.05081000e+01   05.65643000e+01   04.62212000e+01   00.00000000e+00
  08.06381000e+01   05.81977000e+01   04.58397000e+01   00.00000000e+00
  07.76098000e+01   05.90574000e+01   04.57870000e+01   00.00000000e+00
  07.87666000e+01   05.95486000e+01   04.46293000e+01   00.00000000e+00
  07.72602000e+01   05.86786000e+01   04.41473000e+01   00.00000000e+00
  07.99851000e+01   05.60662000e+01   04.40086000e+01   00.00000000e+00
  08.00435000e+01   05.78149000e+01   04.34375000e+01   00.00000000e+00
  07.80440000e+01   05.76933000e+01   04.22520000e+01   00.00000000e+00
  07.75259000e+01   05.61768000e+01   04.30321000e+01   00.00000000e+00
  07.89568000e+01   05.48619000e+01   04.16917000e+01   00.00000000e+00
  07.98582000e+01   05.62701000e+01   04.11420000e+01   00.00000000e+00
  06.65428000e+01   05.91642000e+01   03.65344000e+01   07.20400000e-04
  06.23798000e+01   05.43206000e+01   03.71450000e+01  -02.39543000e-02
  06.62888000e+01   05.03410000e+01   03.41602000e+01   04.89340000e-03
  07.17604000e+01   05.48257000e+01   03.46621000e+01  -02.28199000e-02
  06.13795000e+01   05.08561000e+01   03.67203000e+01  -01.51750000e-03
  07.88217000e+01   05.45485000e+01   03.88866000e+01   00.00000000e+00
  07.77613000e+01   05.56595000e+01   03.80299000e+01   00.00000000e+00
  07.93291000e+01   05.61764000e+01   03.85202000e+01   00.00000000e+00
  07.77403000e+01   05.71889000e+01   04.00771000e+01   00.00000000e+00
  07.57522000e+01   05.59864000e+01   03.97583000e+01   00.00000000e+00
  07.60270000e+01   05.57714000e+01   04.14275000e+01   00.00000000e+00
  07.69413000e+01   05.35517000e+01   04.10465000e+01   00.00000000e+00
  07.64047000e+01   05.37408000e+01   03.93433000e+01   00.00000000e+00
  07.43665000e+01   05.41636000e+01   04.13824000e+01   00.00000000e+00
  07.48283000e+01   05.25544000e+01   04.11273000e+01   00.00000000e+00
  07.15445000e+01   05.29067000e+01   03.94044000e+01   00.00000000e+00
  07.23782000e+01   05.18382000e+01   04.04662000e+01   00.00000000e+00
  07.19528000e+01   05.35030000e+01   04.08249000e+01   00.00000000e+00
  06.91318000e+01   05.04641000e+01   03.45059000e+01   05.57290000e-03
  07.00118000e+01   05.24389000e+01   03.26520000e+01  -01.28866000e-02
  07.40645000e+01   05.46140000e+01   03.79560000e+01   00.00000000e+00
  07.91120000e+01   05.72054000e+01   05.05469000e+01   00.00000000e+00
  07.79848000e+01   05.67863000e+01   04.54702000e+01   00.00000000e+00
  07.46677000e+01   05.15379000e+01   03.78257000e+01  -01.99830000e-03
  07.54063000e+01   05.29101000e+01   03.67980000e+01  -01.85290000e-03
