  07.11817000e+01   05.16748000e+01   03.25687000e+01  -06.11779000e-02
  06.22560000e+01   05.15813000e+01   03.52114000e+01   01.75852000e-02
  06.47316000e+01   05.90740000e+01   03.71755000e+01   01.01800000e-02
  07.14198000e+01   05.67960000e+01   03.29428000e+01  -01.32723000e-02
  06.80869000e+01   05.34204000e+01   03.28115000e+01  -04.57645000e-02
  07.10479000e+01   05.15622000e+01   03.40723000e+01   02.46758000e-02
  06.20578000e+01   05.17753000e+01   03.65563000e+01  -01.71993000e-02
  06.57375000e+01   05.93233000e+01   03.83664000e+01  -09.39340000e-03
  07.14138000e+01   05.53010000e+01   03.25553000e+01   07.66074000e-02
  06.54032000e+01   05.32063000e+01   03.40917000e+01   09.44338000e-02
  07.24221000e+01   05.75567000e+01   03.28219000e+01   01.54319000e-02
  07.23993000e+01   05.11665000e+01   03.46601000e+01  -01.56515000e-02
  07.19916000e+01   05.51261000e+01   03.11447000e+01  -02.00050000e-02
  06.81808000e+01   05.61632000e+01   03.39803000e+01  -08.09918000e-02
  07.35928000e+01   05.38844000e+01   02.99126000e+01   04.03650000e-03
  06.99742000e+01   05.48767000e+01   03.27470000e+01  -01.43447000e-01
  06.65340000e+01   05.15152000e+01   03.26639000e+01   01.23287000e-02
  06.36670000e+01   05.43850000e+01   03.55123000e+01   02.21683000e-01
  06.71278000e+01   05.79222000e+01   03.52017000e+01  -05.42921000e-02
  06.83184000e+01   05.13761000e+01   03.01637000e+01   02.66866000e-02
  06.38725000e+01   04.98734000e+01   03.30640000e+01   04.35609000e-02
  06.25510000e+01   05.66715000e+01   03.73276000e+01   02.36507000e-02
  06.98092000e+01   05.95480000e+01   03.45439000e+01  -06.09964000e-02
  07.42714000e+01   05.19856000e+01   03.59878000e+01   08.71130000e-03
  06.93794000e+01   05.36651000e+01   03.24591000e+01   01.26858000e-01
  06.54807000e+01   05.19734000e+01   03.34845000e+01  -03.45042000e-02
  06.43251000e+01   05.56361000e+01   03.57032000e+01  -02.04376000e-01
  06.81781000e+01   05.74879000e+01   03.44580000e+01   07.60142000e-02
  07.29776000e+01   05.00852000e+01   03.46329000e+01   05.08730000e-03
  07.15747000e+01   05.55991000e+01   03.01031000e+01   06.92200000e-04
  07.45586000e+01   05.31477000e+01   03.68074000e+01   00.00000000e+00
  06.99644000e+01   05.23487000e+01   03.17928000e+01   07.64245000e-02
  06.41877000e+01   05.12170000e+01   03.37041000e+01  -04.66821000e-02
  06.38451000e+01   05.67230000e+01   03.65633000e+01   01.65461000e-02
  06.94616000e+01   05.81663000e+01   03.41904000e+01   05.49912000e-02
  07.29951000e+01   05.22747000e+01   03.53112000e+01   03.30200000e-04
  07.31642000e+01   05.43296000e+01   03.12386000e+01   04.02810000e-03
  07.45490000e+01   05.31749000e+01   03.81547000e+01   00.00000000e+00
  06.87967000e+01   05.14092000e+01   03.16039000e+01  -04.69336000e-02
  06.34539000e+01   05.19894000e+01   03.46098000e+01  -07.68710000e-03
  06.48270000e+01   05.77630000e+01   03.64928000e+01  -03.37389000e-02
  07.01820000e+01   05.71644000e+01   03.35808000e+01   03.64969000e-02
  07.32364000e+01   05.33028000e+01   03.89280000e+01   00.00000000e+00
  06.77781000e+01   05.21410000e+01   03.24509000e+01  -09.58259000e-02
  06.41468000e+01   05.32309000e+01   03.48205000e+01  -01.77941000e-01
  06.58944000e+01   05.72673000e+01   03.55601000e+01   06.74294000e-02
  06.93764000e+01   05.59735000e+01   03.34634000e+01   01.44326000e-01
  07.58380000e+01   05.31892000e+01   03.89028000e+01   00.00000000e+00
  07.64267000e+01   05.46283000e+01   03.90669000e+01   00.00000000e+00
  07.69740000e+01   05.47708000e+01   04.04739000e+01   00.00000000e+00
  07.75399000e+01   05.60532000e+01   04.10145000e+01   00.00000000e+00
  07.88354000e+01   05.64279000e+01   04.02098000e+01   00.00000000e+00
  07.77095000e+01   05.58203000e+01   04.25500000e+01   00.00000000e+00
  07.78396000e+01   05.71595000e+01   04.33550000e+01   00.00000000e+00
  07.78960000e+01   05.67765000e+01   04.48273000e+01   00.00000000e+00
  07.74114000e+01   05.78304000e+01   04.58292000e+01   00.00000000e+00
  07.84492000e+01   05.89986000e+01   04.59621000e+01   00.00000000e+00
  07.70128000e+01   05.71952000e+01   04.72123000e+01   00.00000000e+00
  07.66522000e+01   05.82418000e+01   04.82616000e+01   00.00000000e+00
  07.53205000e+01   05.89856000e+01   04.78945000e+01   00.00000000e+00
  07.45686000e+01   05.94506000e+01   04.91631000e+01   00.00000000e+00
  07.53417000e+01   06.06547000e+01   04.97466000e+01   00.00000000e+00
  07.31464000e+01   05.99851000e+01   04.87595000e+01   00.00000000e+00
  06.55905000e+01   05.59941000e+01   03.51270000e+01   03.65717000e-02
  06.67722000e+01   05.47207000e+01   03.39590000e+01  -06.37550000e-03
  06.96846000e+01   05.96586000e+01   03.56124000e+01   01.79582000e-02
  07.08783000e+01   05.96983000e+01   03.42884000e+01   01.23366000e-02
  06.91199000e+01   06.01668000e+01   03.40157000e+01   01.80857000e-02
  06.18359000e+01   05.59328000e+01   03.68342000e+01  -03.55350000e-03
  06.28139000e+01   05.63358000e+01   03.83639000e+01  -05.48890000e-03
  06.21246000e+01   05.77323000e+01   03.72733000e+01  -05.73590000e-03
  06.39542000e+01   04.99787000e+01   03.20000000e+01  -01.16015000e-02
  06.47271000e+01   04.92552000e+01   03.33503000e+01  -01.03548000e-02
  06.29263000e+01   04.94622000e+01   03.31629000e+01  -01.10806000e-02
  06.91458000e+01   05.07518000e+01   02.96675000e+01  -06.50300000e-03
  06.73684000e+01   05.08654000e+01   02.98806000e+01  -03.84930000e-03
  06.82098000e+01   05.23713000e+01   02.97549000e+01  -06.75510000e-03
  07.45274000e+01   05.33286000e+01   02.99268000e+01   06.96000000e-05
  07.27991000e+01   05.32289000e+01   02.95873000e+01  -02.56130000e-03
  07.35996000e+01   05.46983000e+01   02.91951000e+01  -08.86000000e-04
  06.54961000e+01   06.02042000e+01   03.89151000e+01   02.66600000e-04
  06.56188000e+01   05.84634000e+01   03.90255000e+01   02.07780000e-03
  06.67831000e+01   05.95213000e+01   03.80388000e+01   03.44650000e-03
  06.13191000e+01   05.11670000e+01   03.71184000e+01   02.98050000e-03
  06.27162000e+01   05.23920000e+01   03.72636000e+01  -05.01900000e-04
  07.08201000e+01   05.25373000e+01   03.44853000e+01  -05.40000000e-06
  07.02201000e+01   05.10068000e+01   03.44523000e+01  -02.73660000e-03
  06.48120000e+01   05.98838000e+01   03.64556000e+01   06.65000000e-04
  06.37000000e+01   05.91642000e+01   03.76691000e+01  -04.07950000e-03
  07.14085000e+01   05.07059000e+01   03.21476000e+01   01.58140000e-02
  07.20469000e+01   05.23455000e+01   03.23990000e+01   09.11190000e-03
  07.31664000e+01   06.08060000e+01   04.79815000e+01   00.00000000e+00
  07.26314000e+01   05.91116000e+01   04.83982000e+01   00.00000000e+00
  07.26846000e+01   06.04015000e+01   04.96259000e+01   00.00000000e+00
  07.50583000e+01   06.08137000e+01   05.07829000e+01   00.00000000e+00
  07.64263000e+01   06.04908000e+01   04.98782000e+01   00.00000000e+00
  07.53368000e+01   06.15622000e+01   04.91819000e+01   00.00000000e+00
  07.56455000e+01   05.99222000e+01   04.73418000e+01   00.00000000e+00
  07.45963000e+01   05.84206000e+01   04.72292000e+01   00.00000000e+00
  07.64357000e+01   05.76687000e+01   04.92480000e+01   00.00000000e+00
  07.75103000e+01   05.88186000e+01   04.84990000e+01   00.00000000e+00
  07.62029000e+01   05.65692000e+01   04.69635000e+01   00.00000000e+00
  07.78234000e+01   05.65261000e+01   04.75867000e+01   00.00000000e+00
  07.89007000e+01   05.90659000e+01   04.50082000e+01   00.00000000e+00
  07.79946000e+01   05.99479000e+01   04.62409000e+01   00.00000000e+00
  07.92101000e+01   05.87408000e+01   04.67345000e+01   00.00000000e+00
  07.73125000e+01   05.58977000e+01   04.49958000e+01   00.00000000e+00
  07.88811000e+01   05.65172000e+01   04.51758000e+01   00.00000000e+00
  07.88428000e+01   05.75729000e+01   04.30549000e+01   00.00000000e+00
  07.70162000e+01   05.78663000e+01   04.32767000e+01   00.00000000e+00
  07.69198000e+01   05.52803000e+01   04.30562000e+01   00.00000000e+00
  07.85470000e+01   05.52231000e+01   04.27366000e+01   00.00000000e+00
  06.73058000e+01   05.89151000e+01   03.57748000e+01   07.20400000e-04
  06.26515000e+01   05.42892000e+01   03.60007000e+01  -02.39543000e-02
  06.62750000e+01   05.05554000e+01   03.21467000e+01   04.89340000e-03
  07.20828000e+01   05.47878000e+01   03.32962000e+01  -02.28199000e-02
  06.15559000e+01   05.08937000e+01   03.47789000e+01  -01.51750000e-03
  07.86354000e+01   05.66034000e+01   03.91135000e+01   00.00000000e+00
  07.92398000e+01   05.73421000e+01   04.06398000e+01   00.00000000e+00
  07.96777000e+01   05.57269000e+01   04.02620000e+01   00.00000000e+00
  07.68581000e+01   05.68835000e+01   04.08477000e+01   00.00000000e+00
  07.61972000e+01   05.44795000e+01   04.11328000e+01   00.00000000e+00
  07.77413000e+01   05.40029000e+01   04.05910000e+01   00.00000000e+00
  07.71612000e+01   05.48585000e+01   03.82547000e+01   00.00000000e+00
  07.55641000e+01   05.52446000e+01   03.89996000e+01   00.00000000e+00
  07.57063000e+01   05.27466000e+01   03.98838000e+01   00.00000000e+00
  07.65846000e+01   05.25734000e+01   03.84010000e+01   00.00000000e+00
  07.24520000e+01   05.29737000e+01   03.82343000e+01   00.00000000e+00
  07.33202000e+01   05.26081000e+01   03.97484000e+01   00.00000000e+00
  07.30509000e+01   05.43547000e+01   03.92371000e+01   00.00000000e+00
  06.88557000e+01   05.04007000e+01   03.20521000e+01   05.57290000e-03
  07.04089000e+01   05.26086000e+01   03.07885000e+01  -01.28866000e-02
  07.44902000e+01   05.40586000e+01   03.63383000e+01   00.00000000e+00
  07.44332000e+01   05.85794000e+01   04.98138000e+01   00.00000000e+00
  07.64892000e+01   05.82599000e+01   04.55037000e+01   00.00000000e+00
  07.42924000e+01   05.11265000e+01   03.66055000e+01  -01.99830000e-03
  07.50082000e+01   05.18103000e+01   03.52424000e+01  -01.85290000e-03
