  07.12710000e+01   05.19752000e+01   03.36006000e+01  -06.11779000e-02
  06.18917000e+01   05.22431000e+01   03.52158000e+01   01.75852000e-02
  06.51795000e+01   05.92551000e+01   03.76254000e+01   01.01800000e-02
  07.14857000e+01   05.69705000e+01   03.30599000e+01  -01.32723000e-02
  06.80811000e+01   05.35525000e+01   03.32881000e+01  -04.57645000e-02
  07.09644000e+01   05.20489000e+01   03.51263000e+01   02.46758000e-02
  06.09736000e+01   05.13104000e+01   03.47136000e+01  -01.71993000e-02
  06.63202000e+01   05.91419000e+01   03.84525000e+01  -09.39340000e-03
  07.13735000e+01   05.54184000e+01   03.27837000e+01   07.66074000e-02
  06.52547000e+01   05.34831000e+01   03.43197000e+01   09.44338000e-02
  07.25086000e+01   05.76362000e+01   03.28870000e+01   01.54319000e-02
  07.19346000e+01   05.12530000e+01   03.60427000e+01  -01.56515000e-02
  07.16839000e+01   05.52664000e+01   03.13082000e+01  -02.00050000e-02
  06.81102000e+01   05.64128000e+01   03.39848000e+01  -08.09918000e-02
  07.29657000e+01   05.40520000e+01   02.96622000e+01   04.03650000e-03
  07.00011000e+01   05.49936000e+01   03.31445000e+01  -01.43447000e-01
  06.65769000e+01   05.16571000e+01   03.34100000e+01   01.23287000e-02
  06.36365000e+01   05.48498000e+01   03.55908000e+01   02.21683000e-01
  06.71455000e+01   05.81804000e+01   03.52782000e+01  -05.42921000e-02
  06.87419000e+01   05.07333000e+01   03.12441000e+01   02.66866000e-02
  06.40165000e+01   04.99222000e+01   03.42779000e+01   04.35609000e-02
  06.28207000e+01   05.71165000e+01   03.77791000e+01   02.36507000e-02
  06.99026000e+01   05.98038000e+01   03.43198000e+01  -06.09964000e-02
  07.37446000e+01   05.11536000e+01   03.76809000e+01   08.71130000e-03
  06.94229000e+01   05.37315000e+01   03.30789000e+01   01.26858000e-01
  06.54165000e+01   05.22085000e+01   03.39464000e+01  -03.45042000e-02
  06.43302000e+01   05.60768000e+01   03.57625000e+01  -02.04376000e-01
  06.81302000e+01   05.77030000e+01   03.44016000e+01   07.60142000e-02
  07.19285000e+01   05.00308000e+01   03.61455000e+01   05.08730000e-03
  07.11288000e+01   05.59370000e+01   03.04752000e+01   06.92200000e-04
  07.43556000e+01   05.21471000e+01   03.87342000e+01   00.00000000e+00
  07.02176000e+01   05.24694000e+01   03.26614000e+01   07.64245000e-02
  06.42533000e+01   05.14384000e+01   03.43218000e+01  -04.66821000e-02
  06.39647000e+01   05.71540000e+01   03.67257000e+01   01.65461000e-02
  06.94285000e+01   05.83782000e+01   03.40520000e+01   05.49912000e-02
  07.28294000e+01   05.20069000e+01   03.68206000e+01   03.30200000e-04
  07.27062000e+01   05.43893000e+01   03.10962000e+01   04.02810000e-03
  07.56456000e+01   05.22870000e+01   03.90050000e+01   00.00000000e+00
  06.90418000e+01   05.14691000e+01   03.26033000e+01  -04.69336000e-02
  06.33207000e+01   05.24248000e+01   03.47198000e+01  -07.68710000e-03
  06.50033000e+01   05.81031000e+01   03.66692000e+01  -03.37389000e-02
  07.01547000e+01   05.72963000e+01   03.35928000e+01   03.64969000e-02
  07.62893000e+01   05.15713000e+01   04.01902000e+01   00.00000000e+00
  06.78055000e+01   05.22287000e+01   03.31266000e+01  -09.58259000e-02
  06.40427000e+01   05.36503000e+01   03.49123000e+01  -01.77941000e-01
  06.59266000e+01   05.75881000e+01   03.56574000e+01   06.74294000e-02
  06.93547000e+01   05.61818000e+01   03.35428000e+01   01.44326000e-01
  07.65355000e+01   05.32498000e+01   03.81780000e+01   00.00000000e+00
  07.64734000e+01   05.47434000e+01   03.85714000e+01   00.00000000e+00
  07.71439000e+01   05.48420000e+01   03.99678000e+01   00.00000000e+00
  07.74816000e+01   05.62605000e+01   04.04716000e+01   00.00000000e+00
  07.86002000e+01   05.70525000e+01   03.97008000e+01   00.00000000e+00
  07.79540000e+01   05.61205000e+01   04.20141000e+01   00.00000000e+00
  07.75923000e+01   05.73112000e+01   04.29027000e+01   00.00000000e+00
  07.74354000e+01   05.68455000e+01   04.43341000e+01   00.00000000e+00
  07.70793000e+01   05.79723000e+01   04.52458000e+01   00.00000000e+00
  07.82833000e+01   05.89226000e+01   04.55143000e+01   00.00000000e+00
  07.64463000e+01   05.74524000e+01   04.65587000e+01   00.00000000e+00
  07.62855000e+01   05.85249000e+01   04.76329000e+01   00.00000000e+00
  07.53425000e+01   05.97170000e+01   04.72075000e+01   00.00000000e+00
  07.53963000e+01   06.09040000e+01   04.82867000e+01   00.00000000e+00
  07.45202000e+01   06.20953000e+01   04.77400000e+01   00.00000000e+00
  07.49918000e+01   06.05433000e+01   04.96800000e+01   00.00000000e+00
  06.55333000e+01   05.64080000e+01   03.51474000e+01   03.65717000e-02
  06.66260000e+01   05.50430000e+01   03.40682000e+01  -06.37550000e-03
  06.93661000e+01   06.05534000e+01   03.37214000e+01   01.79582000e-02
  06.98151000e+01   05.99583000e+01   03.53989000e+01   01.23366000e-02
  07.09231000e+01   05.99851000e+01   03.40030000e+01   01.80857000e-02
  06.32248000e+01   05.73840000e+01   03.87244000e+01  -03.55350000e-03
  06.18994000e+01   05.77008000e+01   03.75127000e+01  -05.48890000e-03
  06.24405000e+01   05.61143000e+01   03.79341000e+01  -05.73590000e-03
  06.32274000e+01   04.96345000e+01   03.50168000e+01  -01.16015000e-02
  06.36896000e+01   04.95242000e+01   03.33246000e+01  -01.03548000e-02
  06.50073000e+01   04.95393000e+01   03.45558000e+01  -01.10806000e-02
  06.94919000e+01   05.00215000e+01   03.10140000e+01  -06.50300000e-03
  06.78676000e+01   05.00949000e+01   03.15338000e+01  -03.84930000e-03
  06.85885000e+01   05.15201000e+01   03.04583000e+01  -06.75510000e-03
  07.20144000e+01   05.37399000e+01   02.92390000e+01   06.96000000e-05
  07.33924000e+01   05.48860000e+01   02.91613000e+01  -02.56130000e-03
  07.36301000e+01   05.31987000e+01   02.96112000e+01  -08.86000000e-04
  06.71608000e+01   05.84975000e+01   03.81194000e+01   02.66600000e-04
  06.67504000e+01   06.01425000e+01   03.85262000e+01   02.07780000e-03
  06.60036000e+01   05.88223000e+01   03.94514000e+01   03.44650000e-03
  05.99184000e+01   05.13023000e+01   03.50611000e+01   02.98050000e-03
  06.12956000e+01   05.05415000e+01   03.39608000e+01  -05.01900000e-04
  07.09481000e+01   05.31111000e+01   03.54737000e+01  -05.40000000e-06
  07.00362000e+01   05.14390000e+01   03.52277000e+01  -02.73660000e-03
  06.52205000e+01   06.01846000e+01   03.70749000e+01   06.65000000e-04
  06.42958000e+01   05.94634000e+01   03.82643000e+01  -04.07950000e-03
  07.13555000e+01   05.09689000e+01   03.34222000e+01   01.58140000e-02
  07.21705000e+01   05.25642000e+01   03.34318000e+01   09.11190000e-03
  07.50458000e+01   06.13995000e+01   05.02974000e+01   00.00000000e+00
  07.39753000e+01   06.01764000e+01   04.97107000e+01   00.00000000e+00
  07.57311000e+01   05.97580000e+01   04.99654000e+01   00.00000000e+00
  07.34944000e+01   06.18883000e+01   04.73862000e+01   00.00000000e+00
  07.42473000e+01   06.27754000e+01   04.85520000e+01   00.00000000e+00
  07.50879000e+01   06.26093000e+01   04.70177000e+01   00.00000000e+00
  07.57256000e+01   06.01879000e+01   04.63435000e+01   00.00000000e+00
  07.42915000e+01   05.93877000e+01   04.71202000e+01   00.00000000e+00
  07.56960000e+01   05.80650000e+01   04.84188000e+01   00.00000000e+00
  07.72266000e+01   05.88628000e+01   04.80463000e+01   00.00000000e+00
  07.54982000e+01   05.69800000e+01   04.62503000e+01   00.00000000e+00
  07.71101000e+01   05.67133000e+01   04.67978000e+01   00.00000000e+00
  07.87424000e+01   05.92030000e+01   04.46171000e+01   00.00000000e+00
  07.78667000e+01   05.97713000e+01   04.59510000e+01   00.00000000e+00
  07.90285000e+01   05.84482000e+01   04.61911000e+01   00.00000000e+00
  07.67179000e+01   05.61200000e+01   04.43787000e+01   00.00000000e+00
  07.83554000e+01   05.64228000e+01   04.48109000e+01   00.00000000e+00
  07.83553000e+01   05.80768000e+01   04.28593000e+01   00.00000000e+00
  07.66109000e+01   05.77707000e+01   04.25452000e+01   00.00000000e+00
  07.75019000e+01   05.52447000e+01   04.24771000e+01   00.00000000e+00
  07.90368000e+01   05.60674000e+01   04.21166000e+01   00.00000000e+00
  06.73732000e+01   05.91465000e+01   03.57672000e+01   07.20400000e-04
  06.27122000e+01   05.47355000e+01   03.62304000e+01  -02.39543000e-02
  06.65760000e+01   05.05716000e+01   03.32608000e+01   04.89340000e-03
  07.21115000e+01   05.49109000e+01   03.34130000e+01  -02.28199000e-02
  06.14775000e+01   05.30084000e+01   03.58952000e+01  -01.51750000e-03
  07.84642000e+01   05.70552000e+01   03.85875000e+01   00.00000000e+00
  07.86266000e+01   05.80956000e+01   04.00178000e+01   00.00000000e+00
  07.95841000e+01   05.65807000e+01   03.98948000e+01   00.00000000e+00
  07.65626000e+01   05.68491000e+01   04.03536000e+01   00.00000000e+00
  07.65635000e+01   05.42922000e+01   04.07512000e+01   00.00000000e+00
  07.81370000e+01   05.42870000e+01   03.98937000e+01   00.00000000e+00
  07.70682000e+01   05.53259000e+01   03.78694000e+01   00.00000000e+00
  07.54308000e+01   05.50170000e+01   03.86887000e+01   00.00000000e+00
  07.75645000e+01   05.29523000e+01   03.83857000e+01   00.00000000e+00
  07.64861000e+01   05.31902000e+01   03.70651000e+01   00.00000000e+00
  07.68789000e+01   05.22161000e+01   04.08230000e+01   00.00000000e+00
  07.54573000e+01   05.10767000e+01   04.06970000e+01   00.00000000e+00
  07.69150000e+01   05.08504000e+01   03.97689000e+01   00.00000000e+00
  06.92839000e+01   05.05942000e+01   03.32202000e+01   05.57290000e-03
  07.06093000e+01   05.25542000e+01   03.17037000e+01  -01.28866000e-02
  07.37121000e+01   05.29447000e+01   03.91348000e+01   00.00000000e+00
  07.64964000e+01   06.12108000e+01   04.83026000e+01   00.00000000e+00
  07.63988000e+01   05.86254000e+01   04.47078000e+01   00.00000000e+00
  07.30821000e+01   05.05784000e+01   03.83735000e+01  -01.99830000e-03
  07.45415000e+01   05.08060000e+01   03.71105000e+01  -01.85290000e-03
