  06.99850000e+01   05.06150000e+01   03.37765000e+01  -06.11779000e-02
  06.09059000e+01   05.13926000e+01   03.70566000e+01   01.75852000e-02
  06.42231000e+01   05.85731000e+01   03.85418000e+01   01.01800000e-02
  07.04628000e+01   05.56167000e+01   03.39443000e+01  -01.32723000e-02
  06.68371000e+01   05.24200000e+01   03.42990000e+01  -04.57645000e-02
  07.01116000e+01   05.05983000e+01   03.53422000e+01   02.46758000e-02
  06.00521000e+01   05.03498000e+01   03.68785000e+01  -01.71993000e-02
  06.52748000e+01   05.86464000e+01   03.97057000e+01  -09.39340000e-03
  07.01531000e+01   05.41320000e+01   03.33728000e+01   07.66074000e-02
  06.42420000e+01   05.24886000e+01   03.57746000e+01   09.44338000e-02
  07.14163000e+01   05.63370000e+01   03.36297000e+01   01.54319000e-02
  07.11523000e+01   04.96859000e+01   03.58677000e+01  -01.56515000e-02
  07.01392000e+01   05.41777000e+01   03.18563000e+01  -02.00050000e-02
  06.72340000e+01   05.51937000e+01   03.53612000e+01  -08.09918000e-02
  07.01528000e+01   05.28685000e+01   02.98484000e+01   04.03650000e-03
  06.88333000e+01   05.36666000e+01   03.39750000e+01  -01.43447000e-01
  06.51827000e+01   05.06101000e+01   03.45356000e+01   01.23287000e-02
  06.28270000e+01   05.38847000e+01   03.72041000e+01   02.21683000e-01
  06.64095000e+01   05.70700000e+01   03.67295000e+01  -05.42921000e-02
  06.68504000e+01   04.99138000e+01   03.18595000e+01   02.66866000e-02
  06.25437000e+01   04.91237000e+01   03.51379000e+01   04.35609000e-02
  06.19769000e+01   05.63120000e+01   03.90156000e+01   02.36507000e-02
  06.92975000e+01   05.82750000e+01   03.60026000e+01  -06.09964000e-02
  07.34432000e+01   04.97239000e+01   03.67716000e+01   08.71130000e-03
  06.80905000e+01   05.25371000e+01   03.37961000e+01   01.26858000e-01
  06.42010000e+01   05.11994000e+01   03.53082000e+01  -03.45042000e-02
  06.35625000e+01   05.50913000e+01   03.73207000e+01  -02.04376000e-01
  06.73955000e+01   05.64470000e+01   03.59626000e+01   07.60142000e-02
  07.10885000e+01   04.84704000e+01   03.59508000e+01   05.08730000e-03
  06.98839000e+01   05.51786000e+01   03.11780000e+01   06.92200000e-04
  07.43619000e+01   05.06075000e+01   03.75562000e+01   00.00000000e+00
  06.85854000e+01   05.11796000e+01   03.32583000e+01   07.64245000e-02
  06.29432000e+01   05.05374000e+01   03.56441000e+01  -04.66821000e-02
  06.31967000e+01   05.62967000e+01   03.81164000e+01   01.65461000e-02
  06.87273000e+01   05.69632000e+01   03.55461000e+01   05.49912000e-02
  07.22317000e+01   05.04722000e+01   03.62753000e+01   03.30200000e-04
  07.03666000e+01   05.29291000e+01   03.12666000e+01   04.02810000e-03
  07.48480000e+01   05.17767000e+01   03.71719000e+01   00.00000000e+00
  06.73426000e+01   05.02457000e+01   03.32912000e+01  -04.69336000e-02
  06.22576000e+01   05.14756000e+01   03.64423000e+01  -07.68710000e-03
  06.41814000e+01   05.72471000e+01   03.79412000e+01  -03.37389000e-02
  06.93048000e+01   05.59610000e+01   03.47313000e+01   03.64969000e-02
  07.58911000e+01   05.18657000e+01   03.60568000e+01   00.00000000e+00
  06.63788000e+01   05.11332000e+01   03.40894000e+01  -09.58259000e-02
  06.30233000e+01   05.27220000e+01   03.64950000e+01  -01.77941000e-01
  06.51433000e+01   05.65860000e+01   03.71015000e+01   06.74294000e-02
  06.83838000e+01   05.48382000e+01   03.46871000e+01   01.44326000e-01
  07.41837000e+01   05.30754000e+01   03.76332000e+01   00.00000000e+00
  07.49280000e+01   05.38410000e+01   03.87814000e+01   00.00000000e+00
  07.50467000e+01   05.29396000e+01   04.00554000e+01   00.00000000e+00
  07.53610000e+01   05.37076000e+01   04.13824000e+01   00.00000000e+00
  07.64458000e+01   05.47863000e+01   04.13768000e+01   00.00000000e+00
  07.58817000e+01   05.26408000e+01   04.24451000e+01   00.00000000e+00
  07.62330000e+01   05.30291000e+01   04.39562000e+01   00.00000000e+00
  07.49860000e+01   05.33271000e+01   04.47609000e+01   00.00000000e+00
  07.51849000e+01   05.34877000e+01   04.63253000e+01   00.00000000e+00
  07.37797000e+01   05.36147000e+01   04.70372000e+01   00.00000000e+00
  07.61268000e+01   05.47121000e+01   04.66511000e+01   00.00000000e+00
  07.56506000e+01   05.61249000e+01   04.61566000e+01   00.00000000e+00
  07.65602000e+01   05.73414000e+01   04.65539000e+01   00.00000000e+00
  07.81300000e+01   05.72489000e+01   04.61600000e+01   00.00000000e+00
  07.83187000e+01   05.74813000e+01   04.46533000e+01   00.00000000e+00
  07.89324000e+01   05.82480000e+01   04.70573000e+01   00.00000000e+00
  06.47179000e+01   05.53167000e+01   03.67129000e+01   03.65717000e-02
  06.57759000e+01   05.38215000e+01   03.54744000e+01  -06.37550000e-03
  07.01225000e+01   05.83117000e+01   03.66603000e+01   01.79582000e-02
  06.96065000e+01   05.87956000e+01   03.50499000e+01   01.23366000e-02
  06.85306000e+01   05.88839000e+01   03.64520000e+01   01.80857000e-02
  06.11170000e+01   05.63416000e+01   03.83399000e+01  -03.55350000e-03
  06.19890000e+01   05.54739000e+01   03.96260000e+01  -05.48890000e-03
  06.20742000e+01   05.71975000e+01   03.95970000e+01  -05.73590000e-03
  06.34467000e+01   04.85690000e+01   03.47776000e+01  -01.16015000e-02
  06.19802000e+01   04.85344000e+01   03.58620000e+01  -01.03548000e-02
  06.18281000e+01   04.91581000e+01   03.42832000e+01  -01.10806000e-02
  06.76284000e+01   04.96039000e+01   03.11155000e+01  -06.50300000e-03
  06.60459000e+01   04.92506000e+01   03.17871000e+01  -03.84930000e-03
  06.66008000e+01   05.09029000e+01   03.15243000e+01  -06.75510000e-03
  06.91146000e+01   05.27706000e+01   02.96013000e+01   06.96000000e-05
  07.05191000e+01   05.37489000e+01   02.93584000e+01  -02.56130000e-03
  07.07559000e+01   05.20281000e+01   02.94467000e+01  -08.86000000e-04
  06.49452000e+01   05.82152000e+01   04.06560000e+01   02.66600000e-04
  06.62098000e+01   05.82141000e+01   03.93304000e+01   02.07780000e-03
  06.55142000e+01   05.96300000e+01   04.00001000e+01   03.44650000e-03
  05.91186000e+01   05.04364000e+01   03.74285000e+01   02.98050000e-03
  06.03142000e+01   04.94864000e+01   03.62399000e+01  -05.01900000e-04
  07.01670000e+01   05.15913000e+01   03.58387000e+01  -05.40000000e-06
  06.91534000e+01   05.02559000e+01   03.56579000e+01  -02.73660000e-03
  06.45505000e+01   05.92275000e+01   03.77202000e+01   06.65000000e-04
  06.32946000e+01   05.89992000e+01   03.88765000e+01  -04.07950000e-03
  07.00586000e+01   04.95901000e+01   03.33877000e+01   01.58140000e-02
  07.06909000e+01   05.11710000e+01   03.32515000e+01   09.11190000e-03
  07.86010000e+01   05.92531000e+01   04.69050000e+01   00.00000000e+00
  07.88416000e+01   05.79274000e+01   04.81165000e+01   00.00000000e+00
  07.99608000e+01   05.81607000e+01   04.68315000e+01   00.00000000e+00
  07.93735000e+01   05.74074000e+01   04.44816000e+01   00.00000000e+00
  07.77643000e+01   05.66470000e+01   04.41582000e+01   00.00000000e+00
  07.79450000e+01   05.84519000e+01   04.44413000e+01   00.00000000e+00
  07.62451000e+01   05.83011000e+01   04.61575000e+01   00.00000000e+00
  07.65652000e+01   05.72629000e+01   04.76638000e+01   00.00000000e+00
  07.57657000e+01   05.60605000e+01   04.50555000e+01   00.00000000e+00
  07.45734000e+01   05.63164000e+01   04.65004000e+01   00.00000000e+00
  07.63144000e+01   05.46742000e+01   04.78052000e+01   00.00000000e+00
  07.70852000e+01   05.44353000e+01   04.63106000e+01   00.00000000e+00
  07.38402000e+01   05.38787000e+01   04.80908000e+01   00.00000000e+00
  07.31666000e+01   05.43912000e+01   04.65323000e+01   00.00000000e+00
  07.32538000e+01   05.26015000e+01   04.70592000e+01   00.00000000e+00
  07.44067000e+01   05.41946000e+01   04.43977000e+01   00.00000000e+00
  07.43139000e+01   05.24940000e+01   04.45494000e+01   00.00000000e+00
  07.66801000e+01   05.20969000e+01   04.43895000e+01   00.00000000e+00
  07.70067000e+01   05.37808000e+01   04.40220000e+01   00.00000000e+00
  07.50936000e+01   05.18453000e+01   04.23712000e+01   00.00000000e+00
  07.68175000e+01   05.22068000e+01   04.20046000e+01   00.00000000e+00
  06.66301000e+01   05.80889000e+01   03.70570000e+01   07.20400000e-04
  06.19634000e+01   05.38384000e+01   03.77985000e+01  -02.39543000e-02
  06.49227000e+01   04.96700000e+01   03.40749000e+01   04.89340000e-03
  07.09335000e+01   05.33889000e+01   03.37364000e+01  -02.28199000e-02
  06.05533000e+01   05.21564000e+01   03.77256000e+01  -01.51750000e-03
  07.73769000e+01   05.42686000e+01   04.09861000e+01   00.00000000e+00
  07.61779000e+01   05.55917000e+01   04.06175000e+01   00.00000000e+00
  07.66044000e+01   05.51642000e+01   04.23740000e+01   00.00000000e+00
  07.44918000e+01   05.42530000e+01   04.16537000e+01   00.00000000e+00
  07.40938000e+01   05.23905000e+01   04.01755000e+01   00.00000000e+00
  07.58277000e+01   05.22246000e+01   03.98242000e+01   00.00000000e+00
  07.59434000e+01   05.41457000e+01   03.85394000e+01   00.00000000e+00
  07.43298000e+01   05.46773000e+01   03.90257000e+01   00.00000000e+00
  07.41402000e+01   05.36168000e+01   03.66803000e+01   00.00000000e+00
  07.31699000e+01   05.28342000e+01   03.79946000e+01   00.00000000e+00
  07.62201000e+01   05.09781000e+01   03.54690000e+01   00.00000000e+00
  07.57938000e+01   05.26422000e+01   03.53160000e+01   00.00000000e+00
  07.67660000e+01   05.21246000e+01   03.66220000e+01   00.00000000e+00
  06.74633000e+01   04.93782000e+01   03.38486000e+01   05.57290000e-03
  06.87817000e+01   05.13633000e+01   03.22127000e+01  -01.28866000e-02
  07.49895000e+01   05.01148000e+01   03.82795000e+01   00.00000000e+00
  07.84883000e+01   05.62885000e+01   04.63995000e+01   00.00000000e+00
  07.56295000e+01   05.25272000e+01   04.66757000e+01   00.00000000e+00
  07.30810000e+01   04.89472000e+01   03.73942000e+01  -01.99830000e-03
  07.38698000e+01   04.92425000e+01   03.59026000e+01  -01.85290000e-03
