  06.93266000e+01   05.15000000e+01   03.39566000e+01  -06.11779000e-02
  06.01864000e+01   05.20730000e+01   03.60553000e+01   01.75852000e-02
  06.31407000e+01   05.94014000e+01   03.78973000e+01   01.01800000e-02
  06.98233000e+01   05.66480000e+01   03.38762000e+01  -01.32723000e-02
  06.63075000e+01   05.33774000e+01   03.38461000e+01  -04.57645000e-02
  07.00003000e+01   05.02385000e+01   03.32561000e+01   02.46758000e-02
  05.98134000e+01   05.24736000e+01   03.72847000e+01  -01.71993000e-02
  06.44213000e+01   05.96553000e+01   03.87453000e+01  -09.39340000e-03
  06.97124000e+01   05.51701000e+01   03.33796000e+01   07.66074000e-02
  06.34548000e+01   05.35061000e+01   03.47589000e+01   09.44338000e-02
  07.08831000e+01   05.72640000e+01   03.37633000e+01   01.54319000e-02
  07.11565000e+01   04.95910000e+01   03.39242000e+01  -01.56515000e-02
  07.00454000e+01   05.51128000e+01   03.18664000e+01  -02.00050000e-02
  06.64054000e+01   05.62450000e+01   03.46959000e+01  -08.09918000e-02
  07.13317000e+01   05.37819000e+01   03.02427000e+01   04.03650000e-03
  06.82700000e+01   05.47194000e+01   03.37877000e+01  -01.43447000e-01
  06.45425000e+01   05.16514000e+01   03.34788000e+01   01.23287000e-02
  06.18251000e+01   05.48832000e+01   03.60672000e+01   02.21683000e-01
  06.53855000e+01   05.81773000e+01   03.57669000e+01  -05.42921000e-02
  06.68374000e+01   05.09403000e+01   03.12981000e+01   02.66866000e-02
  06.17677000e+01   05.01625000e+01   03.40339000e+01   04.35609000e-02
  06.07669000e+01   05.73240000e+01   03.77689000e+01   02.36507000e-02
  06.82638000e+01   05.94546000e+01   03.52071000e+01  -06.09964000e-02
  07.18800000e+01   04.86923000e+01   03.60659000e+01   08.71130000e-03
  06.76668000e+01   05.35175000e+01   03.36090000e+01   01.26858000e-01
  06.33773000e+01   05.22012000e+01   03.41384000e+01  -03.45042000e-02
  06.25543000e+01   05.60436000e+01   03.62486000e+01  -02.04376000e-01
  06.64576000e+01   05.75747000e+01   03.50733000e+01   07.60142000e-02
  07.23268000e+01   04.93994000e+01   03.34776000e+01   05.08730000e-03
  06.96298000e+01   05.58845000e+01   03.09742000e+01   06.92200000e-04
  07.26057000e+01   04.98042000e+01   03.67963000e+01   00.00000000e+00
  06.82380000e+01   05.22151000e+01   03.30486000e+01   07.64245000e-02
  06.21764000e+01   05.15788000e+01   03.45021000e+01  -04.66821000e-02
  06.21130000e+01   05.71646000e+01   03.71296000e+01   01.65461000e-02
  06.77575000e+01   05.81493000e+01   03.48036000e+01   05.49912000e-02
  07.07700000e+01   04.91932000e+01   03.52197000e+01   03.30200000e-04
  07.08628000e+01   05.40790000e+01   03.15909000e+01   04.02810000e-03
  07.24256000e+01   05.11046000e+01   03.65172000e+01   00.00000000e+00
  06.69838000e+01   05.13469000e+01   03.27664000e+01  -04.69336000e-02
  06.14621000e+01   05.24431000e+01   03.53111000e+01  -07.68710000e-03
  06.31564000e+01   05.81560000e+01   03.70986000e+01  -03.37389000e-02
  06.85059000e+01   05.70661000e+01   03.42806000e+01   03.64969000e-02
  07.31415000e+01   05.18369000e+01   03.53794000e+01   00.00000000e+00
  06.58476000e+01   05.21567000e+01   03.33555000e+01  -09.58259000e-02
  06.22259000e+01   05.36719000e+01   03.54317000e+01  -01.77941000e-01
  06.41845000e+01   05.76041000e+01   03.62181000e+01   06.74294000e-02
  06.77092000e+01   05.59177000e+01   03.42768000e+01   01.44326000e-01
  07.13514000e+01   05.18204000e+01   03.72456000e+01   00.00000000e+00
  07.19339000e+01   05.27973000e+01   03.83225000e+01   00.00000000e+00
  07.27128000e+01   05.20443000e+01   03.94706000e+01   00.00000000e+00
  07.33038000e+01   05.28166000e+01   04.06166000e+01   00.00000000e+00
  07.43880000e+01   05.37760000e+01   04.01189000e+01   00.00000000e+00
  07.39027000e+01   05.18444000e+01   04.17032000e+01   00.00000000e+00
  07.43923000e+01   05.24659000e+01   04.30073000e+01   00.00000000e+00
  07.34040000e+01   05.34738000e+01   04.36628000e+01   00.00000000e+00
  07.36798000e+01   05.38860000e+01   04.50812000e+01   00.00000000e+00
  07.24708000e+01   05.47911000e+01   04.55319000e+01   00.00000000e+00
  07.51003000e+01   05.44587000e+01   04.54579000e+01   00.00000000e+00
  07.56912000e+01   05.57084000e+01   04.46943000e+01   00.00000000e+00
  07.70911000e+01   05.59737000e+01   04.52076000e+01   00.00000000e+00
  07.79095000e+01   05.71647000e+01   04.45261000e+01   00.00000000e+00
  07.72221000e+01   05.85951000e+01   04.46020000e+01   00.00000000e+00
  07.94045000e+01   05.73053000e+01   04.51827000e+01   00.00000000e+00
  06.37748000e+01   05.62929000e+01   03.58059000e+01   03.65717000e-02
  06.50006000e+01   05.49219000e+01   03.47739000e+01  -06.37550000e-03
  06.92899000e+01   05.93331000e+01   03.52400000e+01   01.79582000e-02
  06.80530000e+01   06.02402000e+01   03.44990000e+01   01.23366000e-02
  06.79386000e+01   05.98852000e+01   03.61769000e+01   01.80857000e-02
  05.99620000e+01   05.67279000e+01   03.74043000e+01  -03.55350000e-03
  06.08807000e+01   05.69392000e+01   03.87876000e+01  -05.48890000e-03
  06.04357000e+01   05.83480000e+01   03.77202000e+01  -05.73590000e-03
  06.07935000e+01   04.98378000e+01   03.42239000e+01  -01.16015000e-02
  06.19312000e+01   05.01677000e+01   03.29719000e+01  -01.03548000e-02
  06.24731000e+01   04.95724000e+01   03.45410000e+01  -01.10806000e-02
  06.59937000e+01   05.02563000e+01   03.12192000e+01  -06.50300000e-03
  06.66072000e+01   05.17787000e+01   03.06532000e+01  -03.84930000e-03
  06.76749000e+01   05.04311000e+01   03.08293000e+01  -06.75510000e-03
  07.21215000e+01   05.31056000e+01   03.03371000e+01   06.96000000e-05
  07.05114000e+01   05.32470000e+01   02.97643000e+01  -02.56130000e-03
  07.16375000e+01   05.47283000e+01   02.97387000e+01  -08.86000000e-04
  06.43311000e+01   06.04789000e+01   03.94588000e+01   02.66600000e-04
  06.47157000e+01   05.87786000e+01   03.94122000e+01   02.07780000e-03
  06.52528000e+01   05.98916000e+01   03.80367000e+01   03.44650000e-03
  05.89235000e+01   05.21635000e+01   03.77355000e+01   02.98050000e-03
  06.04519000e+01   05.30921000e+01   03.78960000e+01  -05.01900000e-04
  06.91562000e+01   04.96345000e+01   03.33222000e+01  -05.40000000e-06
  07.02602000e+01   05.04136000e+01   03.22197000e+01  -02.73660000e-03
  06.30868000e+01   06.02896000e+01   03.72160000e+01   06.65000000e-04
  06.23236000e+01   05.94331000e+01   03.86450000e+01  -04.07950000e-03
  07.01132000e+01   05.21895000e+01   03.42093000e+01   01.58140000e-02
  06.87961000e+01   05.12642000e+01   03.49233000e+01   09.11190000e-03
  07.92942000e+01   05.74023000e+01   04.62402000e+01   00.00000000e+00
  07.99596000e+01   05.64155000e+01   04.51029000e+01   00.00000000e+00
  07.99491000e+01   05.80820000e+01   04.46594000e+01   00.00000000e+00
  07.63898000e+01   05.85341000e+01   04.40155000e+01   00.00000000e+00
  07.69856000e+01   05.88308000e+01   04.56309000e+01   00.00000000e+00
  07.79143000e+01   05.93622000e+01   04.42380000e+01   00.00000000e+00
  07.71260000e+01   05.61488000e+01   04.62590000e+01   00.00000000e+00
  07.76752000e+01   05.50451000e+01   04.50631000e+01   00.00000000e+00
  07.56975000e+01   05.55000000e+01   04.36313000e+01   00.00000000e+00
  07.50962000e+01   05.65676000e+01   04.48889000e+01   00.00000000e+00
  07.50989000e+01   05.47892000e+01   04.65114000e+01   00.00000000e+00
  07.56808000e+01   05.35357000e+01   04.52991000e+01   00.00000000e+00
  07.25943000e+01   05.52407000e+01   04.64945000e+01   00.00000000e+00
  07.24221000e+01   05.55650000e+01   04.47177000e+01   00.00000000e+00
  07.15522000e+01   05.42911000e+01   04.55982000e+01   00.00000000e+00
  07.32674000e+01   05.43432000e+01   04.30487000e+01   00.00000000e+00
  07.24500000e+01   05.29522000e+01   04.36149000e+01   00.00000000e+00
  07.47288000e+01   05.17927000e+01   04.37277000e+01   00.00000000e+00
  07.52421000e+01   05.30953000e+01   04.27724000e+01   00.00000000e+00
  07.31321000e+01   05.10874000e+01   04.18583000e+01   00.00000000e+00
  07.47472000e+01   05.13453000e+01   04.13519000e+01   00.00000000e+00
  06.55315000e+01   05.91936000e+01   03.60502000e+01   07.20400000e-04
  06.09088000e+01   05.48580000e+01   03.65805000e+01  -02.39543000e-02
  06.43339000e+01   05.06644000e+01   03.31305000e+01   04.89340000e-03
  07.04589000e+01   05.45776000e+01   03.38888000e+01  -02.28199000e-02
  05.94862000e+01   05.14228000e+01   03.55243000e+01  -01.51750000e-03
  07.52422000e+01   05.32166000e+01   03.96956000e+01   00.00000000e+00
  07.40147000e+01   05.43871000e+01   03.93187000e+01   00.00000000e+00
  07.45587000e+01   05.44818000e+01   04.09169000e+01   00.00000000e+00
  07.24091000e+01   05.33083000e+01   04.10740000e+01   00.00000000e+00
  07.19880000e+01   05.13764000e+01   03.99134000e+01   00.00000000e+00
  07.34681000e+01   05.13626000e+01   03.90957000e+01   00.00000000e+00
  07.26504000e+01   05.34317000e+01   03.78302000e+01   00.00000000e+00
  07.11093000e+01   05.33835000e+01   03.87433000e+01   00.00000000e+00
  07.08689000e+01   05.25228000e+01   03.65984000e+01   00.00000000e+00
  07.07031000e+01   05.10584000e+01   03.76430000e+01   00.00000000e+00
  07.38287000e+01   05.26123000e+01   03.57803000e+01   00.00000000e+00
  07.35694000e+01   05.10816000e+01   03.47032000e+01   00.00000000e+00
  07.23919000e+01   05.23909000e+01   03.47928000e+01   00.00000000e+00
  06.71397000e+01   05.04933000e+01   03.33591000e+01   05.57290000e-03
  06.87064000e+01   05.24058000e+01   03.21185000e+01  -01.28866000e-02
  07.32342000e+01   04.95834000e+01   03.76715000e+01   00.00000000e+00
  07.80741000e+01   05.70135000e+01   04.34421000e+01   00.00000000e+00
  07.36258000e+01   05.29065000e+01   04.56967000e+01   00.00000000e+00
  07.14210000e+01   04.80350000e+01   03.68672000e+01  -01.99830000e-03
  07.27305000e+01   04.80901000e+01   03.55924000e+01  -01.85290000e-03
