  06.78750000e+01   05.08049000e+01   03.35981000e+01  -06.11779000e-02
  05.87648000e+01   05.13343000e+01   03.57450000e+01   01.75852000e-02
  06.19345000e+01   05.85159000e+01   03.74882000e+01   01.01800000e-02
  06.84560000e+01   05.59091000e+01   03.34152000e+01  -01.32723000e-02
  06.49432000e+01   05.25896000e+01   03.37425000e+01  -04.57645000e-02
  06.87594000e+01   04.96664000e+01   03.30149000e+01   02.46758000e-02
  05.82291000e+01   05.16481000e+01   03.69597000e+01  -01.71993000e-02
  06.30864000e+01   05.88472000e+01   03.84217000e+01  -09.39340000e-03
  06.82972000e+01   05.43216000e+01   03.30076000e+01   07.66074000e-02
  06.22558000e+01   05.24216000e+01   03.49698000e+01   09.44338000e-02
  06.95553000e+01   05.64447000e+01   03.33263000e+01   01.54319000e-02
  06.94096000e+01   04.86768000e+01   03.39884000e+01  -01.56515000e-02
  06.89022000e+01   05.40266000e+01   03.15840000e+01  -02.00050000e-02
  06.51840000e+01   05.53298000e+01   03.45864000e+01  -08.09918000e-02
  07.00995000e+01   05.22516000e+01   03.03802000e+01   04.03650000e-03
  06.68688000e+01   05.39517000e+01   03.33048000e+01  -01.43447000e-01
  06.33429000e+01   05.06339000e+01   03.36726000e+01   01.23287000e-02
  06.06711000e+01   05.37386000e+01   03.62531000e+01   02.21683000e-01
  06.40620000e+01   05.72905000e+01   03.54798000e+01  -05.42921000e-02
  06.52181000e+01   05.02837000e+01   03.10166000e+01   02.66866000e-02
  06.06067000e+01   04.90419000e+01   03.41887000e+01   04.35609000e-02
  05.99400000e+01   05.62356000e+01   03.81249000e+01   02.36507000e-02
  06.69642000e+01   05.85656000e+01   03.50820000e+01  -06.09964000e-02
  07.08934000e+01   04.83330000e+01   03.57813000e+01   08.71130000e-03
  06.62243000e+01   05.26914000e+01   03.32151000e+01   01.26858000e-01
  06.22725000e+01   05.11459000e+01   03.44427000e+01  -03.45042000e-02
  06.13361000e+01   05.49811000e+01   03.63346000e+01  -02.04376000e-01
  06.51891000e+01   05.66981000e+01   03.49052000e+01   07.60142000e-02
  06.91832000e+01   04.74698000e+01   03.39423000e+01   05.08730000e-03
  06.85791000e+01   05.45409000e+01   03.05227000e+01   06.92200000e-04
  07.17330000e+01   04.90037000e+01   03.68333000e+01   00.00000000e+00
  06.68993000e+01   05.14470000e+01   03.26196000e+01   07.64245000e-02
  06.09900000e+01   05.04695000e+01   03.47471000e+01  -04.66821000e-02
  06.10601000e+01   05.61416000e+01   03.71111000e+01   01.65461000e-02
  06.65068000e+01   05.72956000e+01   03.46235000e+01   05.49912000e-02
  07.01935000e+01   04.93042000e+01   03.49359000e+01   03.30200000e-04
  06.96032000e+01   05.28208000e+01   03.16914000e+01   04.02810000e-03
  07.22776000e+01   05.02492000e+01   03.68114000e+01   00.00000000e+00
  06.55896000e+01   05.05612000e+01   03.25155000e+01  -04.69336000e-02
  06.02095000e+01   05.14252000e+01   03.54425000e+01  -07.68710000e-03
  06.19440000e+01   05.71903000e+01   03.68776000e+01  -03.37389000e-02
  06.71623000e+01   05.62605000e+01   03.39919000e+01   03.64969000e-02
  07.36080000e+01   05.04761000e+01   03.63050000e+01   00.00000000e+00
  06.45433000e+01   05.13203000e+01   03.33566000e+01  -09.58259000e-02
  06.10449000e+01   05.25615000e+01   03.56392000e+01  -01.77941000e-01
  06.29413000e+01   05.66216000e+01   03.60086000e+01   06.74294000e-02
  06.63509000e+01   05.51071000e+01   03.38992000e+01   01.44326000e-01
  07.15623000e+01   05.15470000e+01   03.73241000e+01   00.00000000e+00
  07.21183000e+01   05.21984000e+01   03.85571000e+01   00.00000000e+00
  07.20344000e+01   05.12487000e+01   03.97374000e+01   00.00000000e+00
  07.25950000e+01   05.19301000e+01   04.10359000e+01   00.00000000e+00
  07.41429000e+01   05.22159000e+01   04.08669000e+01   00.00000000e+00
  07.23352000e+01   05.10033000e+01   04.23043000e+01   00.00000000e+00
  07.25178000e+01   05.16043000e+01   04.36715000e+01   00.00000000e+00
  07.18957000e+01   05.30009000e+01   04.37399000e+01   00.00000000e+00
  07.18865000e+01   05.37556000e+01   04.50796000e+01   00.00000000e+00
  07.09299000e+01   05.50336000e+01   04.50099000e+01   00.00000000e+00
  07.33223000e+01   05.41451000e+01   04.54646000e+01   00.00000000e+00
  07.41217000e+01   05.50656000e+01   04.45067000e+01   00.00000000e+00
  07.52714000e+01   05.56879000e+01   04.52526000e+01   00.00000000e+00
  07.63374000e+01   05.64960000e+01   04.44149000e+01   00.00000000e+00
  07.71816000e+01   05.75309000e+01   04.52985000e+01   00.00000000e+00
  07.73126000e+01   05.55888000e+01   04.36360000e+01   00.00000000e+00
  06.25589000e+01   05.52766000e+01   03.56643000e+01   03.65717000e-02
  06.37292000e+01   05.39554000e+01   03.47092000e+01  -06.37550000e-03
  06.79164000e+01   05.87844000e+01   03.45511000e+01   01.79582000e-02
  06.63007000e+01   05.93771000e+01   03.48475000e+01   01.23366000e-02
  06.73073000e+01   05.85942000e+01   03.61290000e+01   01.80857000e-02
  06.04505000e+01   05.64021000e+01   03.90569000e+01  -03.55350000e-03
  05.91447000e+01   05.69353000e+01   03.78103000e+01  -05.48890000e-03
  05.95311000e+01   05.52388000e+01   03.83102000e+01  -05.73590000e-03
  05.95028000e+01   04.88959000e+01   03.41874000e+01  -01.16015000e-02
  06.10273000e+01   04.88080000e+01   03.31862000e+01  -01.03548000e-02
  06.11256000e+01   04.83204000e+01   03.47971000e+01  -01.10806000e-02
  06.59914000e+01   04.96525000e+01   03.05227000e+01  -06.50300000e-03
  06.42262000e+01   04.97976000e+01   03.09520000e+01  -03.84930000e-03
  06.52342000e+01   05.13091000e+01   03.05052000e+01  -06.75510000e-03
  07.10344000e+01   05.17648000e+01   03.05794000e+01   06.96000000e-05
  06.93997000e+01   05.14859000e+01   03.00234000e+01  -02.56130000e-03
  07.02716000e+01   05.29874000e+01   02.95884000e+01  -08.86000000e-04
  06.39563000e+01   05.92217000e+01   03.78670000e+01   02.66600000e-04
  06.29201000e+01   05.96358000e+01   03.92246000e+01   02.07780000e-03
  06.33575000e+01   05.79394000e+01   03.89537000e+01   03.44650000e-03
  05.71327000e+01   05.15832000e+01   03.71600000e+01   02.98050000e-03
  05.88685000e+01   05.20518000e+01   03.77319000e+01  -05.01900000e-04
  06.81195000e+01   04.89858000e+01   03.24743000e+01  -05.40000000e-06
  06.94400000e+01   05.01531000e+01   03.23927000e+01  -02.73660000e-03
  06.19366000e+01   05.94075000e+01   03.68493000e+01   06.65000000e-04
  06.10999000e+01   05.85774000e+01   03.81978000e+01  -04.07950000e-03
  06.85550000e+01   05.15796000e+01   03.40248000e+01   01.58140000e-02
  06.72580000e+01   05.04776000e+01   03.44261000e+01   09.11190000e-03
  07.80695000e+01   05.52275000e+01   04.43450000e+01   00.00000000e+00
  07.68478000e+01   05.46588000e+01   04.32640000e+01   00.00000000e+00
  07.77385000e+01   05.60685000e+01   04.28212000e+01   00.00000000e+00
  07.76596000e+01   05.69545000e+01   04.60979000e+01   00.00000000e+00
  07.79445000e+01   05.79978000e+01   04.46417000e+01   00.00000000e+00
  07.65265000e+01   05.82747000e+01   04.57628000e+01   00.00000000e+00
  07.48188000e+01   05.64332000e+01   04.59564000e+01   00.00000000e+00
  07.58433000e+01   05.49932000e+01   04.58624000e+01   00.00000000e+00
  07.44136000e+01   05.44896000e+01   04.37011000e+01   00.00000000e+00
  07.35861000e+01   05.59284000e+01   04.42452000e+01   00.00000000e+00
  07.32456000e+01   05.45940000e+01   04.64456000e+01   00.00000000e+00
  07.38998000e+01   05.32467000e+01   04.55121000e+01   00.00000000e+00
  07.13036000e+01   05.56569000e+01   04.41468000e+01   00.00000000e+00
  06.99420000e+01   05.46484000e+01   04.47610000e+01   00.00000000e+00
  07.07874000e+01   05.56228000e+01   04.59252000e+01   00.00000000e+00
  07.23440000e+01   05.36975000e+01   04.30601000e+01   00.00000000e+00
  07.08869000e+01   05.28240000e+01   04.35110000e+01   00.00000000e+00
  07.21060000e+01   05.09516000e+01   04.43769000e+01   00.00000000e+00
  07.35494000e+01   05.17652000e+01   04.38201000e+01   00.00000000e+00
  07.12916000e+01   05.07547000e+01   04.22974000e+01   00.00000000e+00
  07.29397000e+01   05.01993000e+01   04.22130000e+01   00.00000000e+00
  06.40928000e+01   05.83558000e+01   03.57892000e+01   07.20400000e-04
  05.96395000e+01   05.37664000e+01   03.66709000e+01  -02.39543000e-02
  06.32882000e+01   04.96608000e+01   03.31508000e+01   04.89340000e-03
  06.89300000e+01   05.38193000e+01   03.37825000e+01  -02.28199000e-02
  05.81313000e+01   05.08131000e+01   03.50239000e+01  -01.51750000e-03
  07.45688000e+01   05.12224000e+01   04.07071000e+01   00.00000000e+00
  07.43366000e+01   05.28655000e+01   03.99754000e+01   00.00000000e+00
  07.45123000e+01   05.26007000e+01   04.18366000e+01   00.00000000e+00
  07.20604000e+01   05.28805000e+01   04.11157000e+01   00.00000000e+00
  07.10011000e+01   05.10574000e+01   03.98790000e+01   00.00000000e+00
  07.26400000e+01   05.03134000e+01   03.94445000e+01   00.00000000e+00
  07.32429000e+01   05.22790000e+01   03.84481000e+01   00.00000000e+00
  07.16872000e+01   05.31190000e+01   03.87231000e+01   00.00000000e+00
  07.17189000e+01   05.21299000e+01   03.64372000e+01   00.00000000e+00
  07.05824000e+01   05.11852000e+01   03.73585000e+01   00.00000000e+00
  07.39473000e+01   04.95486000e+01   03.57523000e+01   00.00000000e+00
  07.35432000e+01   05.12726000e+01   03.56050000e+01   00.00000000e+00
  07.42959000e+01   05.08363000e+01   03.70842000e+01   00.00000000e+00
  06.56274000e+01   04.96255000e+01   03.29992000e+01   05.57290000e-03
  06.73320000e+01   05.17537000e+01   03.16896000e+01  -01.28866000e-02
  07.18382000e+01   04.84510000e+01   03.77580000e+01   00.00000000e+00
  07.56652000e+01   05.70394000e+01   04.37514000e+01   00.00000000e+00
  07.14681000e+01   05.30999000e+01   04.59207000e+01   00.00000000e+00
  07.01365000e+01   04.75779000e+01   03.60809000e+01  -01.99830000e-03
  07.15834000e+01   04.78161000e+01   03.50326000e+01  -01.85290000e-03
