  06.97921000e+01   05.08077000e+01   03.54140000e+01  -06.11779000e-02
  06.05143000e+01   05.04066000e+01   03.58272000e+01   01.75852000e-02
  06.30118000e+01   05.75409000e+01   03.86590000e+01   01.01800000e-02
  07.00608000e+01   05.58447000e+01   03.50812000e+01  -01.32723000e-02
  06.67755000e+01   05.21239000e+01   03.47168000e+01  -04.57645000e-02
  06.90367000e+01   05.02177000e+01   03.66242000e+01   02.46758000e-02
  05.98909000e+01   04.91813000e+01   03.60213000e+01  -01.71993000e-02
  06.39503000e+01   05.76338000e+01   03.98634000e+01  -09.39340000e-03
  07.00638000e+01   05.43183000e+01   03.46390000e+01   07.66074000e-02
  06.39400000e+01   05.18638000e+01   03.54787000e+01   09.44338000e-02
  07.10152000e+01   05.66249000e+01   03.49333000e+01   01.54319000e-02
  06.98879000e+01   04.94283000e+01   03.76297000e+01  -01.56515000e-02
  07.06320000e+01   05.41080000e+01   03.32737000e+01  -02.00050000e-02
  06.66906000e+01   05.49588000e+01   03.56877000e+01  -08.09918000e-02
  07.16075000e+01   05.24503000e+01   03.19010000e+01   04.03650000e-03
  06.86516000e+01   05.37969000e+01   03.48860000e+01  -01.43447000e-01
  06.54281000e+01   05.01496000e+01   03.43606000e+01   01.23287000e-02
  06.20785000e+01   05.29448000e+01   03.67282000e+01   02.21683000e-01
  06.53494000e+01   05.66906000e+01   03.68633000e+01  -05.42921000e-02
  06.76523000e+01   05.03516000e+01   03.20795000e+01   02.66866000e-02
  06.28189000e+01   04.84775000e+01   03.42412000e+01   04.35609000e-02
  06.06800000e+01   05.51314000e+01   03.84062000e+01   02.36507000e-02
  06.80081000e+01   05.84585000e+01   03.64589000e+01  -06.09964000e-02
  07.16874000e+01   04.95900000e+01   03.91903000e+01   08.71130000e-03
  06.80950000e+01   05.24847000e+01   03.45975000e+01   01.26858000e-01
  06.42107000e+01   05.06194000e+01   03.48598000e+01  -03.45042000e-02
  06.27154000e+01   05.41718000e+01   03.71017000e+01  -02.04376000e-01
  06.65441000e+01   05.62648000e+01   03.62273000e+01   07.60142000e-02
  06.96763000e+01   04.83016000e+01   03.80512000e+01   05.08730000e-03
  07.02315000e+01   05.46713000e+01   03.22780000e+01   06.92200000e-04
  07.27340000e+01   05.06296000e+01   03.94442000e+01   00.00000000e+00
  06.89190000e+01   05.12673000e+01   03.42047000e+01   07.64245000e-02
  06.29551000e+01   04.98278000e+01   03.48838000e+01  -04.66821000e-02
  06.20928000e+01   05.52138000e+01   03.78724000e+01   01.65461000e-02
  06.77962000e+01   05.70029000e+01   03.60468000e+01   05.49912000e-02
  07.08575000e+01   05.02556000e+01   03.81436000e+01   03.30200000e-04
  07.14482000e+01   05.29691000e+01   03.32685000e+01   04.02810000e-03
  07.27761000e+01   05.16031000e+01   04.04407000e+01   00.00000000e+00
  06.78826000e+01   05.02816000e+01   03.36172000e+01  -04.69336000e-02
  06.19892000e+01   05.06193000e+01   03.55744000e+01  -07.68710000e-03
  06.30289000e+01   05.62456000e+01   03.78911000e+01  -03.37389000e-02
  06.86746000e+01   05.60383000e+01   03.54762000e+01   03.64969000e-02
  07.22106000e+01   05.29700000e+01   04.01656000e+01   00.00000000e+00
  06.65975000e+01   05.08177000e+01   03.42845000e+01  -09.58259000e-02
  06.26415000e+01   05.19037000e+01   03.59573000e+01  -01.77941000e-01
  06.41725000e+01   05.58832000e+01   03.70750000e+01   06.74294000e-02
  06.79489000e+01   05.48493000e+01   03.53239000e+01   01.44326000e-01
  07.31792000e+01   05.12745000e+01   04.18347000e+01   00.00000000e+00
  07.46461000e+01   05.12785000e+01   04.21729000e+01   00.00000000e+00
  07.53022000e+01   05.26801000e+01   04.19861000e+01   00.00000000e+00
  07.47142000e+01   05.39426000e+01   04.27359000e+01   00.00000000e+00
  07.49810000e+01   05.53189000e+01   04.19995000e+01   00.00000000e+00
  07.52457000e+01   05.39312000e+01   04.42280000e+01   00.00000000e+00
  07.46641000e+01   05.50465000e+01   04.51537000e+01   00.00000000e+00
  07.52179000e+01   05.47986000e+01   04.66010000e+01   00.00000000e+00
  07.50935000e+01   05.59235000e+01   04.77507000e+01   00.00000000e+00
  07.36353000e+01   05.63773000e+01   04.77980000e+01   00.00000000e+00
  07.60067000e+01   05.70962000e+01   04.73589000e+01   00.00000000e+00
  07.62805000e+01   05.81939000e+01   04.83984000e+01   00.00000000e+00
  07.73480000e+01   05.92672000e+01   04.79254000e+01   00.00000000e+00
  07.78420000e+01   06.02969000e+01   04.89531000e+01   00.00000000e+00
  07.87384000e+01   05.95235000e+01   04.99777000e+01   00.00000000e+00
  07.86413000e+01   06.14455000e+01   04.83307000e+01   00.00000000e+00
  06.39859000e+01   05.45360000e+01   03.67481000e+01   03.65717000e-02
  06.53559000e+01   05.33782000e+01   03.56035000e+01  -06.37550000e-03
  06.88477000e+01   05.85883000e+01   03.71648000e+01   01.79582000e-02
  06.81874000e+01   05.90382000e+01   03.55026000e+01   01.23366000e-02
  06.70777000e+01   05.88302000e+01   03.68673000e+01   01.80857000e-02
  06.03025000e+01   05.61050000e+01   03.87833000e+01  -03.55350000e-03
  06.00664000e+01   05.48034000e+01   03.76380000e+01  -05.48890000e-03
  06.04919000e+01   05.43504000e+01   03.90966000e+01  -05.73590000e-03
  06.19162000e+01   04.79365000e+01   03.45421000e+01  -01.16015000e-02
  06.28755000e+01   04.86420000e+01   03.31645000e+01  -01.03548000e-02
  06.36591000e+01   04.78391000e+01   03.45297000e+01  -01.10806000e-02
  06.76167000e+01   05.13006000e+01   03.17410000e+01  -06.50300000e-03
  06.84621000e+01   04.98969000e+01   03.13778000e+01  -03.84930000e-03
  06.67338000e+01   04.97843000e+01   03.17578000e+01  -06.75510000e-03
  07.07302000e+01   05.20414000e+01   03.14851000e+01   06.96000000e-05
  07.21526000e+01   05.31050000e+01   03.12709000e+01  -02.56130000e-03
  07.21998000e+01   05.15766000e+01   03.21507000e+01  -08.86000000e-04
  06.36976000e+01   05.69375000e+01   04.05920000e+01   02.66600000e-04
  06.49438000e+01   05.76868000e+01   03.93957000e+01   02.07780000e-03
  06.37667000e+01   05.85865000e+01   04.03755000e+01   03.44650000e-03
  05.87868000e+01   04.91617000e+01   03.62119000e+01   02.98050000e-03
  06.04500000e+01   04.82530000e+01   03.60915000e+01  -05.01900000e-04
  06.84642000e+01   05.09177000e+01   03.71656000e+01  -05.40000000e-06
  06.84115000e+01   04.93966000e+01   03.63251000e+01  -02.73660000e-03
  06.31770000e+01   05.83693000e+01   03.79896000e+01   06.65000000e-04
  06.20251000e+01   05.76659000e+01   03.91552000e+01  -04.07950000e-03
  07.02628000e+01   04.99203000e+01   03.50457000e+01   01.58140000e-02
  07.05678000e+01   05.15317000e+01   03.57297000e+01   09.11190000e-03
  07.96349000e+01   06.11498000e+01   04.82322000e+01   00.00000000e+00
  07.81819000e+01   06.17677000e+01   04.74381000e+01   00.00000000e+00
  07.86379000e+01   06.22908000e+01   04.90768000e+01   00.00000000e+00
  07.90720000e+01   06.00869000e+01   05.08540000e+01   00.00000000e+00
  07.81736000e+01   05.86822000e+01   05.04389000e+01   00.00000000e+00
  07.96711000e+01   05.91300000e+01   04.95767000e+01   00.00000000e+00
  07.83224000e+01   05.87990000e+01   04.76321000e+01   00.00000000e+00
  07.69447000e+01   05.97403000e+01   04.70038000e+01   00.00000000e+00
  07.53109000e+01   05.86853000e+01   04.85879000e+01   00.00000000e+00
  07.65984000e+01   05.76519000e+01   04.93192000e+01   00.00000000e+00
  07.69363000e+01   05.65906000e+01   04.72500000e+01   00.00000000e+00
  07.56871000e+01   05.75345000e+01   04.63754000e+01   00.00000000e+00
  07.34506000e+01   05.71671000e+01   04.85259000e+01   00.00000000e+00
  07.32143000e+01   05.67392000e+01   04.68591000e+01   00.00000000e+00
  07.30059000e+01   05.55565000e+01   04.79992000e+01   00.00000000e+00
  07.46148000e+01   05.39863000e+01   04.69653000e+01   00.00000000e+00
  07.62881000e+01   05.44677000e+01   04.66188000e+01   00.00000000e+00
  07.50200000e+01   05.60156000e+01   04.47217000e+01   00.00000000e+00
  07.35731000e+01   05.49173000e+01   04.50809000e+01   00.00000000e+00
  07.50497000e+01   05.29659000e+01   04.46880000e+01   00.00000000e+00
  07.62679000e+01   05.40350000e+01   04.41527000e+01   00.00000000e+00
  06.52332000e+01   05.77235000e+01   03.72573000e+01   07.20400000e-04
  06.10334000e+01   05.27635000e+01   03.70482000e+01  -02.39543000e-02
  06.54577000e+01   04.90963000e+01   03.40277000e+01   04.89340000e-03
  07.07425000e+01   05.39469000e+01   03.54244000e+01  -02.28199000e-02
  05.98529000e+01   05.12427000e+01   03.57635000e+01  -01.51750000e-03
  07.41907000e+01   05.60497000e+01   04.21240000e+01   00.00000000e+00
  07.59360000e+01   05.56445000e+01   04.23705000e+01   00.00000000e+00
  07.49874000e+01   05.51855000e+01   04.09254000e+01   00.00000000e+00
  07.36338000e+01   05.38248000e+01   04.26746000e+01   00.00000000e+00
  07.63873000e+01   05.24938000e+01   04.22751000e+01   00.00000000e+00
  07.54278000e+01   05.28918000e+01   04.09083000e+01   00.00000000e+00
  07.47008000e+01   05.10370000e+01   04.32653000e+01   00.00000000e+00
  07.51932000e+01   05.05928000e+01   04.15561000e+01   00.00000000e+00
  07.27063000e+01   05.19991000e+01   04.24307000e+01   00.00000000e+00
  07.27380000e+01   05.03158000e+01   04.21376000e+01   00.00000000e+00
  07.13646000e+01   05.31020000e+01   04.07906000e+01   00.00000000e+00
  07.28579000e+01   05.37076000e+01   04.06045000e+01   00.00000000e+00
  07.20641000e+01   05.32173000e+01   03.90774000e+01   00.00000000e+00
  06.81473000e+01   04.92792000e+01   03.38279000e+01   05.57290000e-03
  06.96283000e+01   05.14882000e+01   03.33949000e+01  -01.28866000e-02
  07.35522000e+01   05.04542000e+01   03.88816000e+01   00.00000000e+00
  07.70862000e+01   06.07015000e+01   04.95875000e+01   00.00000000e+00
  07.54915000e+01   05.54720000e+01   04.86479000e+01   00.00000000e+00
  07.10406000e+01   04.94026000e+01   04.00689000e+01  -01.99830000e-03
  07.21212000e+01   04.86207000e+01   03.89141000e+01  -01.85290000e-03
