  07.11727000e+01   04.96942000e+01   03.58315000e+01  -06.11779000e-02
  06.18501000e+01   04.87860000e+01   03.78064000e+01   01.75852000e-02
  06.35061000e+01   05.65466000e+01   03.91361000e+01   01.01800000e-02
  07.06932000e+01   05.47137000e+01   03.54726000e+01  -01.32723000e-02
  06.77643000e+01   05.07754000e+01   03.57838000e+01  -04.57645000e-02
  07.20173000e+01   04.85033000e+01   03.54410000e+01   02.46758000e-02
  06.09779000e+01   04.81256000e+01   03.70288000e+01  -01.71993000e-02
  06.46493000e+01   05.71538000e+01   04.00472000e+01  -09.39340000e-03
  07.08320000e+01   05.31593000e+01   03.51489000e+01   07.66074000e-02
  06.50276000e+01   05.04367000e+01   03.68708000e+01   09.44338000e-02
  07.16093000e+01   05.55260000e+01   03.54098000e+01   01.54319000e-02
  07.31455000e+01   04.80322000e+01   03.63702000e+01  -01.56515000e-02
  07.12624000e+01   05.29294000e+01   03.37169000e+01  -02.00050000e-02
  06.74215000e+01   05.36261000e+01   03.65976000e+01  -08.09918000e-02
  07.23818000e+01   05.13142000e+01   03.23106000e+01   04.03650000e-03
  06.94535000e+01   05.25276000e+01   03.54575000e+01  -01.43447000e-01
  06.64380000e+01   04.87135000e+01   03.57781000e+01   01.23287000e-02
  06.31645000e+01   05.15481000e+01   03.80140000e+01   02.21683000e-01
  06.60647000e+01   05.54430000e+01   03.75754000e+01  -05.42921000e-02
  06.84777000e+01   04.80039000e+01   03.36311000e+01   02.66866000e-02
  06.42407000e+01   04.67118000e+01   03.65720000e+01   04.35609000e-02
  06.14531000e+01   05.39953000e+01   03.92720000e+01   02.36507000e-02
  06.86189000e+01   05.72982000e+01   03.65778000e+01  -06.09964000e-02
  07.33808000e+01   04.73443000e+01   03.87373000e+01   08.71130000e-03
  06.90345000e+01   05.11713000e+01   03.53247000e+01   01.26858000e-01
  06.52360000e+01   04.91299000e+01   03.64204000e+01  -03.45042000e-02
  06.35843000e+01   05.28976000e+01   03.80738000e+01  -02.04376000e-01
  06.72055000e+01   05.50009000e+01   03.68908000e+01   07.60142000e-02
  07.43431000e+01   04.79970000e+01   03.61986000e+01   05.08730000e-03
  07.07577000e+01   05.34977000e+01   03.27143000e+01   06.92200000e-04
  07.40611000e+01   04.85718000e+01   03.93806000e+01   00.00000000e+00
  06.98599000e+01   04.99333000e+01   03.48792000e+01   07.64245000e-02
  06.42087000e+01   04.82124000e+01   03.68094000e+01  -04.66821000e-02
  06.28424000e+01   05.40887000e+01   03.86442000e+01   01.65461000e-02
  06.84128000e+01   05.58001000e+01   03.64668000e+01   05.49912000e-02
  07.25758000e+01   04.77038000e+01   03.75405000e+01   03.30200000e-04
  07.20545000e+01   05.18056000e+01   03.36802000e+01   04.02810000e-03
  07.36073000e+01   04.98354000e+01   03.94355000e+01   00.00000000e+00
  06.87665000e+01   04.87824000e+01   03.48881000e+01  -04.69336000e-02
  06.32310000e+01   04.90548000e+01   03.73449000e+01  -07.68710000e-03
  06.37975000e+01   05.51447000e+01   03.86207000e+01  -03.37389000e-02
  06.93353000e+01   05.48315000e+01   03.59821000e+01   03.64969000e-02
  07.38565000e+01   05.09214000e+01   03.84060000e+01   00.00000000e+00
  06.75870000e+01   04.94573000e+01   03.55163000e+01  -09.58259000e-02
  06.38041000e+01   05.04055000e+01   03.74490000e+01  -01.77941000e-01
  06.49444000e+01   05.46714000e+01   03.79052000e+01   06.74294000e-02
  06.86587000e+01   05.35571000e+01   03.59405000e+01   01.44326000e-01
  07.27681000e+01   05.02275000e+01   04.06524000e+01   00.00000000e+00
  07.32267000e+01   05.15072000e+01   04.15289000e+01   00.00000000e+00
  07.45124000e+01   05.13033000e+01   04.23801000e+01   00.00000000e+00
  07.49421000e+01   05.25462000e+01   04.32873000e+01   00.00000000e+00
  07.53891000e+01   05.36698000e+01   04.22579000e+01   00.00000000e+00
  07.61718000e+01   05.21505000e+01   04.41773000e+01   00.00000000e+00
  07.66718000e+01   05.32273000e+01   04.51304000e+01   00.00000000e+00
  07.55346000e+01   05.38355000e+01   04.60258000e+01   00.00000000e+00
  07.59559000e+01   05.49670000e+01   04.69889000e+01   00.00000000e+00
  07.48311000e+01   05.54279000e+01   04.80508000e+01   00.00000000e+00
  07.66314000e+01   05.61056000e+01   04.62178000e+01   00.00000000e+00
  07.68601000e+01   05.73965000e+01   04.68913000e+01   00.00000000e+00
  07.79637000e+01   05.72119000e+01   04.79839000e+01   00.00000000e+00
  07.82734000e+01   05.84469000e+01   04.88937000e+01   00.00000000e+00
  07.91581000e+01   05.81208000e+01   05.01635000e+01   00.00000000e+00
  07.89463000e+01   05.95703000e+01   04.80824000e+01   00.00000000e+00
  06.48781000e+01   05.32819000e+01   03.77442000e+01   03.65717000e-02
  06.62884000e+01   05.19598000e+01   03.68684000e+01  -06.37550000e-03
  06.95269000e+01   05.76643000e+01   03.59989000e+01   01.79582000e-02
  06.77710000e+01   05.78498000e+01   03.62331000e+01   01.23366000e-02
  06.86491000e+01   05.76028000e+01   03.76676000e+01   01.80857000e-02
  06.08351000e+01   05.47321000e+01   03.87421000e+01  -03.55350000e-03
  06.10847000e+01   05.29976000e+01   03.93654000e+01  -05.48890000e-03
  06.15650000e+01   05.45594000e+01   04.02266000e+01  -05.73590000e-03
  06.39282000e+01   04.62958000e+01   03.56143000e+01  -01.16015000e-02
  06.52319000e+01   04.63195000e+01   03.67619000e+01  -01.03548000e-02
  06.35655000e+01   04.63697000e+01   03.73427000e+01  -01.10806000e-02
  06.79891000e+01   04.87632000e+01   03.29565000e+01  -06.50300000e-03
  06.93089000e+01   04.74560000e+01   03.31654000e+01  -03.84930000e-03
  06.77787000e+01   04.72281000e+01   03.37001000e+01  -06.75510000e-03
  07.30362000e+01   05.04718000e+01   03.25932000e+01   06.96000000e-05
  07.14807000e+01   05.10335000e+01   03.18088000e+01  -02.56130000e-03
  07.30478000e+01   05.20211000e+01   03.16880000e+01  -08.86000000e-04
  06.52750000e+01   05.64600000e+01   04.06813000e+01   02.66600000e-04
  06.52985000e+01   05.76121000e+01   03.93785000e+01   02.07780000e-03
  06.41037000e+01   05.78819000e+01   04.06054000e+01   03.44650000e-03
  05.98738000e+01   04.80222000e+01   03.72348000e+01   02.98050000e-03
  06.13176000e+01   04.79428000e+01   03.59784000e+01  -05.01900000e-04
  07.13657000e+01   04.76458000e+01   03.55347000e+01  -05.40000000e-06
  07.24288000e+01   04.85779000e+01   03.44339000e+01  -02.73660000e-03
  06.31308000e+01   05.72648000e+01   03.83653000e+01   06.65000000e-04
  06.26039000e+01   05.64540000e+01   03.97164000e+01  -04.07950000e-03
  07.18664000e+01   05.05073000e+01   03.57741000e+01   01.58140000e-02
  07.07198000e+01   04.96802000e+01   03.68188000e+01   09.11190000e-03
  07.99583000e+01   05.92698000e+01   04.78218000e+01   00.00000000e+00
  07.83533000e+01   05.97204000e+01   04.71763000e+01   00.00000000e+00
  07.90387000e+01   06.04637000e+01   04.87550000e+01   00.00000000e+00
  08.01416000e+01   05.78093000e+01   04.98364000e+01   00.00000000e+00
  07.92561000e+01   05.89482000e+01   05.08759000e+01   00.00000000e+00
  07.86348000e+01   05.73098000e+01   05.07242000e+01   00.00000000e+00
  07.77169000e+01   05.63906000e+01   04.86081000e+01   00.00000000e+00
  07.88401000e+01   05.68336000e+01   04.74565000e+01   00.00000000e+00
  07.72439000e+01   05.81410000e+01   04.61520000e+01   00.00000000e+00
  07.58610000e+01   05.77600000e+01   04.72401000e+01   00.00000000e+00
  07.75976000e+01   05.57315000e+01   04.58374000e+01   00.00000000e+00
  07.59256000e+01   05.62476000e+01   04.53688000e+01   00.00000000e+00
  07.53029000e+01   05.61757000e+01   04.86811000e+01   00.00000000e+00
  07.38922000e+01   05.58767000e+01   04.76562000e+01   00.00000000e+00
  07.45227000e+01   05.46320000e+01   04.87602000e+01   00.00000000e+00
  07.47455000e+01   05.41543000e+01   04.53434000e+01   00.00000000e+00
  07.50861000e+01   05.30600000e+01   04.66036000e+01   00.00000000e+00
  07.74384000e+01   05.28432000e+01   04.57905000e+01   00.00000000e+00
  07.72004000e+01   05.39829000e+01   04.45796000e+01   00.00000000e+00
  07.58036000e+01   05.13304000e+01   04.48151000e+01   00.00000000e+00
  07.70217000e+01   05.17320000e+01   04.36062000e+01   00.00000000e+00
  06.59592000e+01   05.65642000e+01   03.77237000e+01   07.20400000e-04
  06.21740000e+01   05.14316000e+01   03.83387000e+01  -02.39543000e-02
  06.67123000e+01   04.76582000e+01   03.56315000e+01   04.89340000e-03
  07.16304000e+01   05.29137000e+01   03.58786000e+01  -02.28199000e-02
  06.14789000e+01   04.91187000e+01   03.88353000e+01  -01.51750000e-03
  07.47058000e+01   05.39132000e+01   04.14983000e+01   00.00000000e+00
  07.56877000e+01   05.45909000e+01   04.27653000e+01   00.00000000e+00
  07.61741000e+01   05.33194000e+01   04.16877000e+01   00.00000000e+00
  07.40390000e+01   05.26692000e+01   04.39463000e+01   00.00000000e+00
  07.43499000e+01   05.04791000e+01   04.30982000e+01   00.00000000e+00
  07.53722000e+01   05.09510000e+01   04.19028000e+01   00.00000000e+00
  07.32804000e+01   05.23582000e+01   04.07912000e+01   00.00000000e+00
  07.24105000e+01   05.18143000e+01   04.21306000e+01   00.00000000e+00
  07.17748000e+01   05.04723000e+01   04.01960000e+01   00.00000000e+00
  07.26280000e+01   04.93742000e+01   04.13221000e+01   00.00000000e+00
  07.29122000e+01   05.13687000e+01   03.81120000e+01   00.00000000e+00
  07.45287000e+01   05.15882000e+01   03.88891000e+01   00.00000000e+00
  07.43275000e+01   05.05314000e+01   03.74946000e+01   00.00000000e+00
  06.91108000e+01   04.81523000e+01   03.56526000e+01   05.57290000e-03
  07.01892000e+01   05.00678000e+01   03.38638000e+01  -01.28866000e-02
  07.50373000e+01   04.82999000e+01   03.97445000e+01   00.00000000e+00
  07.73421000e+01   05.88770000e+01   04.93514000e+01   00.00000000e+00
  07.67212000e+01   05.44822000e+01   04.75972000e+01   00.00000000e+00
  07.27920000e+01   04.69851000e+01   03.96294000e+01  -01.99830000e-03
  07.42082000e+01   04.66535000e+01   03.85163000e+01  -01.85290000e-03
