  06.93738000e+01   05.16282000e+01   03.45698000e+01  -06.11779000e-02
  06.03107000e+01   05.17129000e+01   03.70797000e+01   01.75852000e-02
  06.32075000e+01   05.91525000e+01   03.84729000e+01   01.01800000e-02
  06.97177000e+01   05.67700000e+01   03.41855000e+01  -01.32723000e-02
  06.63384000e+01   05.32135000e+01   03.46268000e+01  -04.57645000e-02
  07.00995000e+01   05.03886000e+01   03.40095000e+01   02.46758000e-02
  05.95129000e+01   05.06821000e+01   03.67286000e+01  -01.71993000e-02
  06.43258000e+01   05.93653000e+01   03.95305000e+01  -09.39340000e-03
  06.96082000e+01   05.53175000e+01   03.37957000e+01   07.66074000e-02
  06.36641000e+01   05.29716000e+01   03.59517000e+01   09.44338000e-02
  07.07657000e+01   05.73919000e+01   03.40014000e+01   01.54319000e-02
  07.06456000e+01   04.93356000e+01   03.49718000e+01  -01.56515000e-02
  06.98728000e+01   05.51510000e+01   03.23558000e+01  -02.00050000e-02
  06.64420000e+01   05.60725000e+01   03.53869000e+01  -08.09918000e-02
  07.05385000e+01   05.35533000e+01   03.06136000e+01   04.03650000e-03
  06.82665000e+01   05.47382000e+01   03.43335000e+01  -01.43447000e-01
  06.48628000e+01   05.12001000e+01   03.46862000e+01   01.23287000e-02
  06.21466000e+01   05.43377000e+01   03.72848000e+01   02.21683000e-01
  06.55079000e+01   05.78631000e+01   03.66457000e+01  -05.42921000e-02
  06.67320000e+01   05.07386000e+01   03.21180000e+01   02.66866000e-02
  06.23128000e+01   04.95779000e+01   03.54752000e+01   04.35609000e-02
  06.10577000e+01   05.66302000e+01   03.89687000e+01   02.36507000e-02
  06.79575000e+01   05.95492000e+01   03.55056000e+01  -06.09964000e-02
  07.21899000e+01   04.90287000e+01   03.68401000e+01   08.71130000e-03
  06.76544000e+01   05.34669000e+01   03.42366000e+01   01.26858000e-01
  06.37660000e+01   05.16879000e+01   03.54470000e+01  -03.45042000e-02
  06.27880000e+01   05.55808000e+01   03.73827000e+01  -02.04376000e-01
  06.64809000e+01   05.73521000e+01   03.58143000e+01   07.60142000e-02
  07.02231000e+01   04.81643000e+01   03.49944000e+01   05.08730000e-03
  06.96545000e+01   05.59676000e+01   03.14786000e+01   06.92200000e-04
  07.32643000e+01   04.97471000e+01   03.76048000e+01   00.00000000e+00
  06.82646000e+01   05.21673000e+01   03.37034000e+01   07.64245000e-02
  06.25869000e+01   05.09707000e+01   03.58731000e+01  -04.66821000e-02
  06.22828000e+01   05.67442000e+01   03.80947000e+01   01.65461000e-02
  06.76731000e+01   05.80663000e+01   03.53405000e+01   05.49912000e-02
  07.15859000e+01   04.99271000e+01   03.58072000e+01   03.30200000e-04
  07.02996000e+01   05.39313000e+01   03.20051000e+01   04.02810000e-03
  07.32503000e+01   05.09982000e+01   03.81475000e+01   00.00000000e+00
  06.71048000e+01   05.12268000e+01   03.35768000e+01  -04.69336000e-02
  06.17270000e+01   05.19106000e+01   03.65976000e+01  -07.68710000e-03
  06.31562000e+01   05.77963000e+01   03.78473000e+01  -03.37389000e-02
  06.84591000e+01   05.70408000e+01   03.48181000e+01   03.64969000e-02
  07.34929000e+01   05.22698000e+01   03.73908000e+01   00.00000000e+00
  06.60115000e+01   05.19362000e+01   03.43023000e+01  -09.58259000e-02
  06.24502000e+01   05.31363000e+01   03.66241000e+01  -01.77941000e-01
  06.42741000e+01   05.71940000e+01   03.70893000e+01   06.74294000e-02
  06.76803000e+01   05.58461000e+01   03.48315000e+01   01.44326000e-01
  07.26935000e+01   05.12188000e+01   03.96065000e+01   00.00000000e+00
  07.34063000e+01   05.22686000e+01   04.05183000e+01   00.00000000e+00
  07.31913000e+01   05.19076000e+01   04.20219000e+01   00.00000000e+00
  07.37679000e+01   05.30590000e+01   04.29778000e+01   00.00000000e+00
  07.53232000e+01   05.31323000e+01   04.27082000e+01   00.00000000e+00
  07.34156000e+01   05.26363000e+01   04.44489000e+01   00.00000000e+00
  07.39022000e+01   05.35190000e+01   04.56400000e+01   00.00000000e+00
  07.32563000e+01   05.49064000e+01   04.56386000e+01   00.00000000e+00
  07.34761000e+01   05.56744000e+01   04.69655000e+01   00.00000000e+00
  07.26758000e+01   05.69068000e+01   04.69866000e+01   00.00000000e+00
  07.50491000e+01   05.59257000e+01   04.72238000e+01   00.00000000e+00
  07.58558000e+01   05.67074000e+01   04.60856000e+01   00.00000000e+00
  07.73516000e+01   05.67637000e+01   04.64506000e+01   00.00000000e+00
  07.83097000e+01   05.71985000e+01   04.53494000e+01   00.00000000e+00
  07.77938000e+01   05.86419000e+01   04.47715000e+01   00.00000000e+00
  07.97510000e+01   05.73481000e+01   04.58398000e+01   00.00000000e+00
  06.39714000e+01   05.58498000e+01   03.67387000e+01   03.65717000e-02
  06.50729000e+01   05.45630000e+01   03.56408000e+01  -06.37550000e-03
  06.76406000e+01   06.01758000e+01   03.46780000e+01   01.79582000e-02
  06.74083000e+01   05.99871000e+01   03.64231000e+01   01.23366000e-02
  06.90194000e+01   05.97018000e+01   03.56772000e+01   01.80857000e-02
  06.02089000e+01   05.62207000e+01   03.83562000e+01  -03.55350000e-03
  06.13538000e+01   05.59958000e+01   03.97531000e+01  -05.48890000e-03
  06.08109000e+01   05.76165000e+01   03.93702000e+01  -05.73590000e-03
  06.32225000e+01   04.90567000e+01   03.53544000e+01  -01.16015000e-02
  06.20261000e+01   04.90486000e+01   03.64303000e+01  -01.03548000e-02
  06.15349000e+01   04.95945000e+01   03.47095000e+01  -01.10806000e-02
  06.66178000e+01   05.15728000e+01   03.14273000e+01  -06.50300000e-03
  06.74683000e+01   05.00613000e+01   03.17907000e+01  -03.84930000e-03
  06.57427000e+01   05.02941000e+01   03.22198000e+01  -06.75510000e-03
  07.09355000e+01   05.25075000e+01   03.05551000e+01   06.96000000e-05
  06.94833000e+01   05.35191000e+01   03.01749000e+01  -02.56130000e-03
  07.11021000e+01   05.43151000e+01   03.01263000e+01  -08.86000000e-04
  06.52535000e+01   05.90473000e+01   03.91179000e+01   02.66600000e-04
  06.42796000e+01   06.04611000e+01   03.98395000e+01   02.07780000e-03
  06.41519000e+01   05.87302000e+01   04.04061000e+01   03.44650000e-03
  05.86042000e+01   05.04079000e+01   03.71900000e+01   02.98050000e-03
  05.98941000e+01   04.99428000e+01   03.60077000e+01  -05.01900000e-04
  06.94916000e+01   04.98706000e+01   03.32918000e+01  -05.40000000e-06
  07.09898000e+01   05.07376000e+01   03.34835000e+01  -02.73660000e-03
  06.34306000e+01   05.98828000e+01   03.76700000e+01   06.65000000e-04
  06.22543000e+01   05.93088000e+01   03.89084000e+01  -04.07950000e-03
  07.01580000e+01   05.23326000e+01   03.47118000e+01   01.58140000e-02
  06.88499000e+01   05.13230000e+01   03.55150000e+01   09.11190000e-03
  07.98412000e+01   05.80993000e+01   04.66772000e+01   00.00000000e+00
  08.02320000e+01   05.64391000e+01   04.61256000e+01   00.00000000e+00
  08.03425000e+01   05.76567000e+01   04.49948000e+01   00.00000000e+00
  07.85773000e+01   05.89547000e+01   04.40908000e+01   00.00000000e+00
  07.69500000e+01   05.85384000e+01   04.40344000e+01   00.00000000e+00
  07.76572000e+01   05.94117000e+01   04.55001000e+01   00.00000000e+00
  07.75430000e+01   05.73279000e+01   04.73885000e+01   00.00000000e+00
  07.74857000e+01   05.57065000e+01   04.67047000e+01   00.00000000e+00
  07.57795000e+01   05.62625000e+01   04.50841000e+01   00.00000000e+00
  07.54166000e+01   05.77082000e+01   04.60383000e+01   00.00000000e+00
  07.51782000e+01   05.66812000e+01   04.80108000e+01   00.00000000e+00
  07.55625000e+01   05.49889000e+01   04.74755000e+01   00.00000000e+00
  07.26592000e+01   05.74270000e+01   04.79281000e+01   00.00000000e+00
  07.30025000e+01   05.75665000e+01   04.62062000e+01   00.00000000e+00
  07.15939000e+01   05.67479000e+01   04.68319000e+01   00.00000000e+00
  07.36371000e+01   05.53654000e+01   04.47272000e+01   00.00000000e+00
  07.21904000e+01   05.47760000e+01   04.55381000e+01   00.00000000e+00
  07.36324000e+01   05.29804000e+01   04.65602000e+01   00.00000000e+00
  07.50002000e+01   05.35132000e+01   04.57737000e+01   00.00000000e+00
  07.22986000e+01   05.27009000e+01   04.45810000e+01   00.00000000e+00
  07.37563000e+01   05.16228000e+01   04.45728000e+01   00.00000000e+00
  06.55729000e+01   05.88939000e+01   03.70663000e+01   07.20400000e-04
  06.11341000e+01   05.43239000e+01   03.78013000e+01  -02.39543000e-02
  06.48348000e+01   05.02763000e+01   03.42717000e+01   04.89340000e-03
  07.04140000e+01   05.47792000e+01   03.42643000e+01  -02.28199000e-02
  05.98580000e+01   05.25038000e+01   03.77418000e+01  -01.51750000e-03
  07.55344000e+01   05.34011000e+01   04.17112000e+01   00.00000000e+00
  07.56195000e+01   05.39390000e+01   04.34510000e+01   00.00000000e+00
  07.58289000e+01   05.22376000e+01   04.30243000e+01   00.00000000e+00
  07.32189000e+01   05.40310000e+01   04.27856000e+01   00.00000000e+00
  07.21326000e+01   05.16973000e+01   04.22862000e+01   00.00000000e+00
  07.38147000e+01   05.10584000e+01   04.23093000e+01   00.00000000e+00
  07.45499000e+01   05.21235000e+01   04.03718000e+01   00.00000000e+00
  07.30670000e+01   05.32277000e+01   04.02507000e+01   00.00000000e+00
  07.16569000e+01   05.15386000e+01   03.94469000e+01   00.00000000e+00
  07.27625000e+01   05.03054000e+01   04.01849000e+01   00.00000000e+00
  07.25961000e+01   05.28202000e+01   03.74759000e+01   00.00000000e+00
  07.44155000e+01   05.27214000e+01   03.78029000e+01   00.00000000e+00
  07.36780000e+01   05.20588000e+01   03.64282000e+01   00.00000000e+00
  06.72568000e+01   05.03384000e+01   03.41423000e+01   05.57290000e-03
  06.86177000e+01   05.23567000e+01   03.26609000e+01  -01.28866000e-02
  07.42988000e+01   04.93055000e+01   03.76866000e+01   00.00000000e+00
  07.83045000e+01   05.64574000e+01   04.45482000e+01   00.00000000e+00
  07.31914000e+01   05.50135000e+01   04.77897000e+01   00.00000000e+00
  07.14415000e+01   04.86168000e+01   03.74850000e+01  -01.99830000e-03
  07.26188000e+01   04.81781000e+01   03.62096000e+01  -01.85290000e-03
