  06.96135000e+01   05.10367000e+01   03.37994000e+01  -06.11779000e-02
  06.06129000e+01   05.23169000e+01   03.68212000e+01   01.75852000e-02
  06.44917000e+01   05.92247000e+01   03.82471000e+01   01.01800000e-02
  07.03864000e+01   05.58944000e+01   03.34105000e+01  -01.32723000e-02
  06.65848000e+01   05.29211000e+01   03.41865000e+01  -04.57645000e-02
  06.98139000e+01   05.10818000e+01   03.52320000e+01   02.46758000e-02
  06.03113000e+01   05.28380000e+01   03.80167000e+01  -01.71993000e-02
  06.56240000e+01   05.92668000e+01   03.91941000e+01  -09.39340000e-03
  07.00005000e+01   05.43608000e+01   03.29912000e+01   07.66074000e-02
  06.39566000e+01   05.32277000e+01   03.55780000e+01   09.44338000e-02
  07.14380000e+01   05.63993000e+01   03.32092000e+01   01.54319000e-02
  07.10528000e+01   05.05505000e+01   03.59342000e+01  -01.56515000e-02
  07.00219000e+01   05.41920000e+01   03.15443000e+01  -02.00050000e-02
  06.71273000e+01   05.57530000e+01   03.49718000e+01  -08.09918000e-02
  07.00300000e+01   05.26941000e+01   02.96894000e+01   04.03650000e-03
  06.85807000e+01   05.41679000e+01   03.35212000e+01  -01.43447000e-01
  06.48730000e+01   05.12961000e+01   03.43971000e+01   01.23287000e-02
  06.26865000e+01   05.47137000e+01   03.70198000e+01   02.21683000e-01
  06.65050000e+01   05.77282000e+01   03.61674000e+01  -05.42921000e-02
  06.65591000e+01   05.01441000e+01   03.19862000e+01   02.66866000e-02
  06.19792000e+01   05.01347000e+01   03.48694000e+01   04.35609000e-02
  06.21538000e+01   05.73157000e+01   03.87538000e+01   02.36507000e-02
  06.94109000e+01   05.88224000e+01   03.50218000e+01  -06.09964000e-02
  07.32628000e+01   05.10603000e+01   03.64829000e+01   08.71130000e-03
  06.77959000e+01   05.29674000e+01   03.35909000e+01   01.26858000e-01
  06.38167000e+01   05.19820000e+01   03.50900000e+01  -03.45042000e-02
  06.35420000e+01   05.58008000e+01   03.71171000e+01  -02.04376000e-01
  06.73754000e+01   05.70872000e+01   03.52823000e+01   07.60142000e-02
  07.12430000e+01   04.94076000e+01   03.62959000e+01   05.08730000e-03
  06.98015000e+01   05.50791000e+01   03.07604000e+01   06.92200000e-04
  07.41931000e+01   05.22783000e+01   03.66707000e+01   00.00000000e+00
  06.83158000e+01   05.15623000e+01   03.30931000e+01   07.64245000e-02
  06.25314000e+01   05.14621000e+01   03.53847000e+01  -04.66821000e-02
  06.33279000e+01   05.70506000e+01   03.78303000e+01   01.65461000e-02
  06.87059000e+01   05.75034000e+01   03.48036000e+01   05.49912000e-02
  07.20114000e+01   05.15261000e+01   03.59755000e+01   03.30200000e-04
  07.02773000e+01   05.28969000e+01   03.11562000e+01   04.02810000e-03
  07.38078000e+01   05.35853000e+01   03.65860000e+01   00.00000000e+00
  06.70244000e+01   05.07207000e+01   03.33177000e+01  -04.69336000e-02
  06.19584000e+01   05.24163000e+01   03.61949000e+01  -07.68710000e-03
  06.44247000e+01   05.78414000e+01   03.76429000e+01  -03.37389000e-02
  06.91761000e+01   05.63582000e+01   03.41385000e+01   03.64969000e-02
  07.38363000e+01   05.44033000e+01   03.53204000e+01   00.00000000e+00
  06.60576000e+01   05.16493000e+01   03.39803000e+01  -09.58259000e-02
  06.28779000e+01   05.35677000e+01   03.63131000e+01  -01.77941000e-01
  06.53052000e+01   05.71789000e+01   03.67071000e+01   06.74294000e-02
  06.81503000e+01   05.53685000e+01   03.42072000e+01   01.44326000e-01
  07.33251000e+01   05.43391000e+01   03.78601000e+01   00.00000000e+00
  07.43043000e+01   05.51959000e+01   03.87783000e+01   00.00000000e+00
  07.53034000e+01   05.42848000e+01   03.94820000e+01   00.00000000e+00
  07.58105000e+01   05.46923000e+01   04.08597000e+01   00.00000000e+00
  07.67262000e+01   05.59214000e+01   04.06746000e+01   00.00000000e+00
  07.66849000e+01   05.35708000e+01   04.15254000e+01   00.00000000e+00
  07.72315000e+01   05.37726000e+01   04.29847000e+01   00.00000000e+00
  07.62034000e+01   05.40940000e+01   04.41001000e+01   00.00000000e+00
  07.66867000e+01   05.39540000e+01   04.56029000e+01   00.00000000e+00
  07.55041000e+01   05.38830000e+01   04.65753000e+01   00.00000000e+00
  07.76596000e+01   05.50492000e+01   04.60475000e+01   00.00000000e+00
  07.71693000e+01   05.64817000e+01   04.62311000e+01   00.00000000e+00
  07.82317000e+01   05.75612000e+01   04.65161000e+01   00.00000000e+00
  07.92432000e+01   05.79247000e+01   04.53338000e+01   00.00000000e+00
  07.85970000e+01   05.81376000e+01   04.38950000e+01   00.00000000e+00
  08.00935000e+01   05.91614000e+01   04.56720000e+01   00.00000000e+00
  06.47294000e+01   05.59167000e+01   03.64637000e+01   03.65717000e-02
  06.55090000e+01   05.45285000e+01   03.53013000e+01  -06.37550000e-03
  06.95722000e+01   05.90489000e+01   03.60793000e+01   01.79582000e-02
  07.02390000e+01   05.88325000e+01   03.44007000e+01   01.23366000e-02
  06.87252000e+01   05.95954000e+01   03.46778000e+01   01.80857000e-02
  06.12360000e+01   05.75430000e+01   03.82666000e+01  -03.55350000e-03
  06.19543000e+01   05.64035000e+01   03.92662000e+01  -05.48890000e-03
  06.24095000e+01   05.80493000e+01   03.95420000e+01  -05.73590000e-03
  06.08752000e+01   05.01945000e+01   03.48191000e+01  -01.16015000e-02
  06.24265000e+01   05.02501000e+01   03.38633000e+01  -01.03548000e-02
  06.22440000e+01   04.93085000e+01   03.53904000e+01  -01.10806000e-02
  06.73583000e+01   04.97029000e+01   03.14468000e+01  -06.50300000e-03
  06.58847000e+01   04.93741000e+01   03.21919000e+01  -03.84930000e-03
  06.61195000e+01   05.09628000e+01   03.14836000e+01  -06.75510000e-03
  07.03098000e+01   05.16446000e+01   02.94608000e+01   06.96000000e-05
  06.90150000e+01   05.28385000e+01   02.93327000e+01  -02.56130000e-03
  07.07827000e+01   05.33417000e+01   02.92901000e+01  -08.86000000e-04
  06.65109000e+01   05.89201000e+01   03.87248000e+01   02.66600000e-04
  06.56977000e+01   06.02947000e+01   03.96088000e+01   02.07780000e-03
  06.53674000e+01   05.85643000e+01   03.99619000e+01   03.44650000e-03
  05.92729000e+01   05.27155000e+01   03.83816000e+01   02.98050000e-03
  06.10762000e+01   05.33677000e+01   03.87033000e+01  -05.01900000e-04
  06.96519000e+01   05.20168000e+01   03.57267000e+01  -05.40000000e-06
  06.91106000e+01   05.03937000e+01   03.56057000e+01  -02.73660000e-03
  06.45140000e+01   06.00432000e+01   03.75185000e+01   06.65000000e-04
  06.36068000e+01   05.94748000e+01   03.88488000e+01  -04.07950000e-03
  06.98056000e+01   05.00240000e+01   03.34927000e+01   01.58140000e-02
  07.04584000e+01   05.16535000e+01   03.33300000e+01   09.11190000e-03
  08.06474000e+01   05.88952000e+01   04.65835000e+01   00.00000000e+00
  08.07532000e+01   05.92613000e+01   04.48126000e+01   00.00000000e+00
  07.93926000e+01   05.99891000e+01   04.58948000e+01   00.00000000e+00
  07.82243000e+01   05.91755000e+01   04.38700000e+01   00.00000000e+00
  07.94158000e+01   05.79272000e+01   04.32429000e+01   00.00000000e+00
  07.78157000e+01   05.73725000e+01   04.36049000e+01   00.00000000e+00
  07.77102000e+01   05.84832000e+01   04.67341000e+01   00.00000000e+00
  07.87343000e+01   05.73587000e+01   04.74412000e+01   00.00000000e+00
  07.65973000e+01   05.67553000e+01   04.53378000e+01   00.00000000e+00
  07.63880000e+01   05.64303000e+01   04.70262000e+01   00.00000000e+00
  07.80727000e+01   05.48004000e+01   04.69938000e+01   00.00000000e+00
  07.84640000e+01   05.50069000e+01   04.52948000e+01   00.00000000e+00
  07.48848000e+01   05.30028000e+01   04.62915000e+01   00.00000000e+00
  07.58982000e+01   05.39115000e+01   04.75947000e+01   00.00000000e+00
  07.49474000e+01   05.48212000e+01   04.65753000e+01   00.00000000e+00
  07.56868000e+01   05.50227000e+01   04.40449000e+01   00.00000000e+00
  07.54619000e+01   05.33301000e+01   04.39496000e+01   00.00000000e+00
  07.77160000e+01   05.28702000e+01   04.32668000e+01   00.00000000e+00
  07.79836000e+01   05.45642000e+01   04.29747000e+01   00.00000000e+00
  07.59684000e+01   05.27591000e+01   04.14269000e+01   00.00000000e+00
  07.75679000e+01   05.33757000e+01   04.08477000e+01   00.00000000e+00
  06.67976000e+01   05.87367000e+01   03.64519000e+01   07.20400000e-04
  06.16620000e+01   05.48317000e+01   03.74275000e+01  -02.39543000e-02
  06.46692000e+01   05.02626000e+01   03.42073000e+01   04.89340000e-03
  07.05325000e+01   05.37436000e+01   03.36795000e+01  -02.28199000e-02
  05.98461000e+01   05.17477000e+01   03.62802000e+01  -01.51750000e-03
  07.63816000e+01   05.67560000e+01   03.99597000e+01   00.00000000e+00
  07.68410000e+01   05.63956000e+01   04.15879000e+01   00.00000000e+00
  07.76785000e+01   05.55177000e+01   04.02080000e+01   00.00000000e+00
  07.49951000e+01   05.49488000e+01   04.14745000e+01   00.00000000e+00
  07.47248000e+01   05.33487000e+01   03.96495000e+01   00.00000000e+00
  07.61490000e+01   05.41959000e+01   03.88131000e+01   00.00000000e+00
  07.47616000e+01   05.59205000e+01   03.80846000e+01   00.00000000e+00
  07.36503000e+01   05.57841000e+01   03.94741000e+01   00.00000000e+00
  07.26222000e+01   05.51719000e+01   03.74859000e+01   00.00000000e+00
  07.27339000e+01   05.36296000e+01   03.85309000e+01   00.00000000e+00
  07.28362000e+01   05.46629000e+01   03.49757000e+01   00.00000000e+00
  07.43483000e+01   05.52688000e+01   03.54149000e+01   00.00000000e+00
  07.43805000e+01   05.38598000e+01   03.45379000e+01   00.00000000e+00
  06.71973000e+01   04.99212000e+01   03.40299000e+01   05.57290000e-03
  06.84268000e+01   05.16924000e+01   03.20021000e+01  -01.28866000e-02
  07.52500000e+01   05.20552000e+01   03.70148000e+01   00.00000000e+00
  07.97798000e+01   05.69799000e+01   04.52588000e+01   00.00000000e+00
  07.71518000e+01   05.29770000e+01   04.57779000e+01   00.00000000e+00
  07.32467000e+01   05.06162000e+01   03.75180000e+01  -01.99830000e-03
  07.37074000e+01   05.03880000e+01   03.56974000e+01  -01.85290000e-03
