  07.09122000e+01   05.10917000e+01   03.49410000e+01  -06.11779000e-02
  06.18778000e+01   05.14060000e+01   03.63732000e+01   01.75852000e-02
  06.50386000e+01   05.86365000e+01   03.82960000e+01   01.01800000e-02
  07.14057000e+01   05.59913000e+01   03.44587000e+01  -01.32723000e-02
  06.79000000e+01   05.28082000e+01   03.42514000e+01  -04.57645000e-02
  07.03935000e+01   05.06875000e+01   03.63573000e+01   02.46758000e-02
  06.15964000e+01   05.16401000e+01   03.76848000e+01  -01.71993000e-02
  06.61815000e+01   05.87836000e+01   03.92550000e+01  -09.39340000e-03
  07.12864000e+01   05.44712000e+01   03.40143000e+01   07.66074000e-02
  06.51814000e+01   05.28814000e+01   03.52468000e+01   09.44338000e-02
  07.25127000e+01   05.65661000e+01   03.43459000e+01   01.54319000e-02
  07.13237000e+01   05.00337000e+01   03.73970000e+01  -01.56515000e-02
  07.18259000e+01   05.42731000e+01   03.26247000e+01  -02.00050000e-02
  06.79814000e+01   05.56666000e+01   03.50982000e+01  -08.09918000e-02
  07.34589000e+01   05.32432000e+01   03.12687000e+01   04.03650000e-03
  06.98339000e+01   05.41637000e+01   03.43956000e+01  -01.43447000e-01
  06.62514000e+01   05.10541000e+01   03.38762000e+01   01.23287000e-02
  06.36584000e+01   05.39800000e+01   03.67917000e+01   02.21683000e-01
  06.70323000e+01   05.74850000e+01   03.63153000e+01  -05.42921000e-02
  06.88460000e+01   05.06140000e+01   03.18510000e+01   02.66866000e-02
  06.35820000e+01   04.97053000e+01   03.42075000e+01   04.35609000e-02
  06.27196000e+01   05.61976000e+01   03.87777000e+01   02.36507000e-02
  06.97332000e+01   05.89580000e+01   03.57603000e+01  -06.09964000e-02
  07.27055000e+01   05.04678000e+01   03.92400000e+01   08.71130000e-03
  06.92356000e+01   05.29390000e+01   03.42322000e+01   01.26858000e-01
  06.51911000e+01   05.16315000e+01   03.45798000e+01  -03.45042000e-02
  06.43565000e+01   05.51832000e+01   03.70211000e+01  -02.04376000e-01
  06.80462000e+01   05.69828000e+01   03.55035000e+01   07.60142000e-02
  07.13680000e+01   04.88470000e+01   03.75779000e+01   05.08730000e-03
  07.14063000e+01   05.49360000e+01   03.17009000e+01   06.92200000e-04
  07.35346000e+01   05.15705000e+01   03.97824000e+01   00.00000000e+00
  06.99587000e+01   05.17093000e+01   03.38278000e+01   07.64245000e-02
  06.39373000e+01   05.10048000e+01   03.48409000e+01  -04.66821000e-02
  06.39827000e+01   05.62250000e+01   03.78755000e+01   01.65461000e-02
  06.93861000e+01   05.75313000e+01   03.53021000e+01   05.49912000e-02
  07.22710000e+01   05.09803000e+01   03.79251000e+01   03.30200000e-04
  07.27449000e+01   05.32408000e+01   03.25107000e+01   04.02810000e-03
  07.47849000e+01   05.14885000e+01   04.03230000e+01   00.00000000e+00
  06.88282000e+01   05.07418000e+01   03.33469000e+01  -04.69336000e-02
  06.31953000e+01   05.17218000e+01   03.57252000e+01  -07.68710000e-03
  06.49707000e+01   05.72400000e+01   03.76622000e+01  -03.37389000e-02
  07.00926000e+01   05.64443000e+01   03.48535000e+01   03.64969000e-02
  07.50058000e+01   05.09273000e+01   04.16981000e+01   00.00000000e+00
  06.75497000e+01   05.15803000e+01   03.38001000e+01  -09.58259000e-02
  06.40542000e+01   05.29223000e+01   03.59602000e+01  -01.77941000e-01
  06.59158000e+01   05.68119000e+01   03.67659000e+01   06.74294000e-02
  06.92207000e+01   05.53360000e+01   03.47979000e+01   01.44326000e-01
  07.60655000e+01   05.16768000e+01   03.95333000e+01   00.00000000e+00
  07.71489000e+01   05.25865000e+01   04.00746000e+01   00.00000000e+00
  07.66772000e+01   05.40507000e+01   03.99373000e+01   00.00000000e+00
  07.75940000e+01   05.51431000e+01   04.06234000e+01   00.00000000e+00
  07.89281000e+01   05.55217000e+01   03.98417000e+01   00.00000000e+00
  07.76886000e+01   05.49740000e+01   04.21422000e+01   00.00000000e+00
  07.77771000e+01   05.63051000e+01   04.29154000e+01   00.00000000e+00
  07.76948000e+01   05.61342000e+01   04.44494000e+01   00.00000000e+00
  07.77273000e+01   05.75141000e+01   04.51435000e+01   00.00000000e+00
  07.91789000e+01   05.81376000e+01   04.50948000e+01   00.00000000e+00
  07.72017000e+01   05.75414000e+01   04.65580000e+01   00.00000000e+00
  07.57337000e+01   05.71393000e+01   04.67110000e+01   00.00000000e+00
  07.51805000e+01   05.72229000e+01   04.81808000e+01   00.00000000e+00
  07.36760000e+01   05.69136000e+01   04.83953000e+01   00.00000000e+00
  07.32430000e+01   05.71835000e+01   04.98478000e+01   00.00000000e+00
  07.27202000e+01   05.77349000e+01   04.74966000e+01   00.00000000e+00
  06.55538000e+01   05.55625000e+01   03.64397000e+01   03.65717000e-02
  06.66109000e+01   05.43718000e+01   03.51466000e+01  -06.37550000e-03
  07.07974000e+01   05.91423000e+01   03.57469000e+01   01.79582000e-02
  06.93143000e+01   05.96074000e+01   03.49798000e+01   01.23366000e-02
  06.94468000e+01   05.91038000e+01   03.67322000e+01   01.80857000e-02
  06.28000000e+01   05.54076000e+01   03.94778000e+01  -03.55350000e-03
  06.26556000e+01   05.71168000e+01   03.92711000e+01  -05.48890000e-03
  06.19052000e+01   05.60300000e+01   03.81293000e+01  -05.73590000e-03
  06.24969000e+01   04.97378000e+01   03.40797000e+01  -01.16015000e-02
  06.41898000e+01   04.96393000e+01   03.32614000e+01  -01.03548000e-02
  06.38751000e+01   04.89406000e+01   03.49247000e+01  -01.10806000e-02
  06.89082000e+01   05.16313000e+01   03.14747000e+01  -06.50300000e-03
  06.97236000e+01   05.00874000e+01   03.15992000e+01  -03.84930000e-03
  06.79181000e+01   05.01206000e+01   03.14653000e+01  -06.75510000e-03
  07.43658000e+01   05.26502000e+01   03.12167000e+01   06.96000000e-05
  07.27967000e+01   05.26009000e+01   03.07163000e+01  -02.56130000e-03
  07.35265000e+01   05.42934000e+01   03.08628000e+01  -08.86000000e-04
  06.62506000e+01   05.97698000e+01   03.95953000e+01   02.66600000e-04
  06.60045000e+01   05.80169000e+01   04.00884000e+01   02.07780000e-03
  06.71557000e+01   05.85423000e+01   03.88226000e+01   03.44650000e-03
  06.07641000e+01   05.11517000e+01   03.82406000e+01   02.98050000e-03
  06.22596000e+01   05.21440000e+01   03.83662000e+01  -05.01900000e-04
  06.96548000e+01   05.14251000e+01   03.67529000e+01  -05.40000000e-06
  06.97417000e+01   04.99385000e+01   03.59538000e+01  -02.73660000e-03
  06.51316000e+01   05.93772000e+01   03.75018000e+01   06.65000000e-04
  06.41098000e+01   05.89374000e+01   03.88060000e+01  -04.07950000e-03
  07.13565000e+01   05.01837000e+01   03.44622000e+01   01.58140000e-02
  07.17803000e+01   05.17074000e+01   03.49269000e+01   09.11190000e-03
  07.17470000e+01   05.76580000e+01   04.78184000e+01   00.00000000e+00
  07.30200000e+01   05.87687000e+01   04.75537000e+01   00.00000000e+00
  07.26986000e+01   05.73253000e+01   04.64940000e+01   00.00000000e+00
  07.23656000e+01   05.66048000e+01   05.01369000e+01   00.00000000e+00
  07.40737000e+01   05.70061000e+01   05.05257000e+01   00.00000000e+00
  07.29230000e+01   05.82652000e+01   04.99949000e+01   00.00000000e+00
  07.57076000e+01   05.64547000e+01   04.87639000e+01   00.00000000e+00
  07.54332000e+01   05.82093000e+01   04.84471000e+01   00.00000000e+00
  07.51569000e+01   05.78033000e+01   04.60779000e+01   00.00000000e+00
  07.55364000e+01   05.60964000e+01   04.63722000e+01   00.00000000e+00
  07.78576000e+01   05.69042000e+01   04.71291000e+01   00.00000000e+00
  07.71817000e+01   05.86138000e+01   04.69355000e+01   00.00000000e+00
  07.93019000e+01   05.86338000e+01   04.41332000e+01   00.00000000e+00
  07.94951000e+01   05.88084000e+01   04.58930000e+01   00.00000000e+00
  07.99218000e+01   05.73978000e+01   04.52244000e+01   00.00000000e+00
  07.67960000e+01   05.55930000e+01   04.46954000e+01   00.00000000e+00
  07.85376000e+01   05.54840000e+01   04.46559000e+01   00.00000000e+00
  07.86787000e+01   05.68861000e+01   04.26568000e+01   00.00000000e+00
  07.68558000e+01   05.69124000e+01   04.26288000e+01   00.00000000e+00
  07.67310000e+01   05.44847000e+01   04.23991000e+01   00.00000000e+00
  07.84790000e+01   05.43548000e+01   04.25032000e+01   00.00000000e+00
  06.71924000e+01   05.84745000e+01   03.65698000e+01   07.20400000e-04
  06.28679000e+01   05.38025000e+01   03.74577000e+01  -02.39543000e-02
  06.61197000e+01   05.00504000e+01   03.35846000e+01   04.89340000e-03
  07.18558000e+01   05.39053000e+01   03.46303000e+01  -02.28199000e-02
  06.11731000e+01   05.07323000e+01   03.57959000e+01  -01.51750000e-03
  07.86046000e+01   05.54275000e+01   03.88144000e+01   00.00000000e+00
  07.92508000e+01   05.65902000e+01   03.99289000e+01   00.00000000e+00
  07.97123000e+01   05.48566000e+01   04.01829000e+01   00.00000000e+00
  07.69446000e+01   05.60418000e+01   04.05268000e+01   00.00000000e+00
  07.64203000e+01   05.42344000e+01   03.89117000e+01   00.00000000e+00
  07.57360000e+01   05.41491000e+01   04.04781000e+01   00.00000000e+00
  07.72823000e+01   05.22769000e+01   04.11185000e+01   00.00000000e+00
  07.80760000e+01   05.23623000e+01   03.95889000e+01   00.00000000e+00
  07.63250000e+01   05.06489000e+01   03.95270000e+01   00.00000000e+00
  07.58385000e+01   05.20795000e+01   03.85058000e+01   00.00000000e+00
  07.58134000e+01   05.02691000e+01   04.17119000e+01   00.00000000e+00
  07.53062000e+01   05.18429000e+01   04.22255000e+01   00.00000000e+00
  07.40062000e+01   05.05189000e+01   04.19775000e+01   00.00000000e+00
  06.89631000e+01   04.98014000e+01   03.38883000e+01   05.57290000e-03
  07.06455000e+01   05.19540000e+01   03.29949000e+01  -01.28866000e-02
  07.31575000e+01   05.26389000e+01   03.96783000e+01   00.00000000e+00
  07.35339000e+01   05.58587000e+01   04.82239000e+01   00.00000000e+00
  07.71325000e+01   05.81801000e+01   04.45793000e+01   00.00000000e+00
  07.18231000e+01   05.04174000e+01   03.98008000e+01  -01.99830000e-03
  07.32828000e+01   04.95158000e+01   03.91721000e+01  -01.85290000e-03
