  06.94499000e+01   05.02128000e+01   03.51258000e+01  -06.11779000e-02
  06.03090000e+01   04.99547000e+01   03.63760000e+01   01.75852000e-02
  06.26300000e+01   05.72807000e+01   03.80854000e+01   01.01800000e-02
  06.96701000e+01   05.52400000e+01   03.46799000e+01  -01.32723000e-02
  06.63985000e+01   05.15198000e+01   03.46386000e+01  -04.57645000e-02
  07.05534000e+01   04.91464000e+01   03.47117000e+01   02.46758000e-02
  05.98505000e+01   04.88377000e+01   03.70335000e+01  -01.71993000e-02
  06.34087000e+01   05.75112000e+01   03.94331000e+01  -09.39340000e-03
  06.96852000e+01   05.36600000e+01   03.43280000e+01   07.66074000e-02
  06.35723000e+01   05.13619000e+01   03.55032000e+01   09.44338000e-02
  07.06034000e+01   05.60194000e+01   03.46775000e+01   01.54319000e-02
  07.16578000e+01   04.90320000e+01   03.58033000e+01  -01.56515000e-02
  07.01812000e+01   05.34055000e+01   03.28984000e+01  -02.00050000e-02
  06.62697000e+01   05.43734000e+01   03.53746000e+01  -08.09918000e-02
  07.14637000e+01   05.18588000e+01   03.16400000e+01   04.03650000e-03
  06.82899000e+01   05.31381000e+01   03.45929000e+01  -01.43447000e-01
  06.49602000e+01   04.95422000e+01   03.45000000e+01   01.23287000e-02
  06.17447000e+01   05.26253000e+01   03.64999000e+01   02.21683000e-01
  06.49532000e+01   05.62573000e+01   03.63576000e+01  -05.42921000e-02
  06.69389000e+01   04.91192000e+01   03.21929000e+01   02.66866000e-02
  06.23831000e+01   04.78607000e+01   03.50056000e+01   04.35609000e-02
  06.03278000e+01   05.49134000e+01   03.77778000e+01   02.36507000e-02
  06.76216000e+01   05.79564000e+01   03.56585000e+01  -06.09964000e-02
  07.20693000e+01   04.82659000e+01   03.80790000e+01   08.71130000e-03
  06.77587000e+01   05.18042000e+01   03.43995000e+01   01.26858000e-01
  06.38218000e+01   05.00130000e+01   03.50939000e+01  -03.45042000e-02
  06.23367000e+01   05.38505000e+01   03.66802000e+01  -02.04376000e-01
  06.61462000e+01   05.56882000e+01   03.57453000e+01   07.60142000e-02
  07.28063000e+01   04.93976000e+01   03.56574000e+01   05.08730000e-03
  06.99524000e+01   05.41267000e+01   03.19512000e+01   06.92200000e-04
  07.22298000e+01   04.96117000e+01   03.87625000e+01   00.00000000e+00
  06.84350000e+01   05.05823000e+01   03.39598000e+01   07.64245000e-02
  06.25675000e+01   04.93185000e+01   03.52272000e+01  -04.66821000e-02
  06.17856000e+01   05.49343000e+01   03.74239000e+01   01.65461000e-02
  06.73935000e+01   05.64268000e+01   03.55264000e+01   05.49912000e-02
  07.11140000e+01   04.85253000e+01   03.69646000e+01   03.30200000e-04
  07.09824000e+01   05.23032000e+01   03.28793000e+01   04.02810000e-03
  07.13173000e+01   05.03836000e+01   03.93595000e+01   00.00000000e+00
  06.72920000e+01   04.95529000e+01   03.36598000e+01  -04.69336000e-02
  06.16436000e+01   05.01836000e+01   03.59061000e+01  -07.68710000e-03
  06.27408000e+01   05.59375000e+01   03.74738000e+01  -03.37389000e-02
  06.82491000e+01   05.54043000e+01   03.50729000e+01   03.64969000e-02
  07.05986000e+01   05.14172000e+01   03.86269000e+01   00.00000000e+00
  06.61853000e+01   05.01978000e+01   03.43476000e+01  -09.58259000e-02
  06.23080000e+01   05.14621000e+01   03.59789000e+01  -01.77941000e-01
  06.37804000e+01   05.54866000e+01   03.66256000e+01   06.74294000e-02
  06.75680000e+01   05.42275000e+01   03.50307000e+01   01.44326000e-01
  07.10330000e+01   05.02443000e+01   04.08214000e+01   00.00000000e+00
  07.13699000e+01   05.13395000e+01   04.18599000e+01   00.00000000e+00
  07.28969000e+01   05.12766000e+01   04.22693000e+01   00.00000000e+00
  07.34075000e+01   05.25031000e+01   04.30126000e+01   00.00000000e+00
  07.33281000e+01   05.37657000e+01   04.21491000e+01   00.00000000e+00
  07.48938000e+01   05.22471000e+01   04.36098000e+01   00.00000000e+00
  07.53865000e+01   05.32736000e+01   04.46324000e+01   00.00000000e+00
  07.45330000e+01   05.34594000e+01   04.59005000e+01   00.00000000e+00
  07.50871000e+01   05.44245000e+01   04.70189000e+01   00.00000000e+00
  07.42663000e+01   05.44188000e+01   04.83053000e+01   00.00000000e+00
  07.52617000e+01   05.59912000e+01   04.65822000e+01   00.00000000e+00
  07.67559000e+01   05.63391000e+01   04.61879000e+01   00.00000000e+00
  07.69996000e+01   05.78359000e+01   04.61892000e+01   00.00000000e+00
  07.71252000e+01   05.85485000e+01   04.75664000e+01   00.00000000e+00
  07.82701000e+01   05.80684000e+01   04.84754000e+01   00.00000000e+00
  07.73313000e+01   06.01328000e+01   04.72680000e+01   00.00000000e+00
  06.35870000e+01   05.41411000e+01   03.62834000e+01   03.65717000e-02
  06.49688000e+01   05.29017000e+01   03.53531000e+01  -06.37550000e-03
  06.73975000e+01   05.83303000e+01   03.66699000e+01   01.79582000e-02
  06.87071000e+01   05.80596000e+01   03.53669000e+01   01.23366000e-02
  06.69563000e+01   05.84822000e+01   03.49791000e+01   01.80857000e-02
  05.97360000e+01   05.41754000e+01   03.72257000e+01  -03.55350000e-03
  06.03249000e+01   05.45015000e+01   03.87811000e+01  -05.48890000e-03
  05.99542000e+01   05.58779000e+01   03.76439000e+01  -05.73590000e-03
  06.30109000e+01   04.74269000e+01   03.42199000e+01  -01.16015000e-02
  06.24207000e+01   04.73107000e+01   03.59567000e+01  -01.03548000e-02
  06.13969000e+01   04.77235000e+01   03.46553000e+01  -01.10806000e-02
  06.60787000e+01   04.85067000e+01   03.20809000e+01  -06.50300000e-03
  06.67589000e+01   05.00604000e+01   03.16625000e+01  -03.84930000e-03
  06.77443000e+01   04.85803000e+01   03.17713000e+01  -06.75510000e-03
  07.21660000e+01   05.10717000e+01   03.17876000e+01   06.96000000e-05
  07.06136000e+01   05.13576000e+01   03.12770000e+01  -02.56130000e-03
  07.18792000e+01   05.26304000e+01   03.09790000e+01  -08.86000000e-04
  06.45237000e+01   05.74797000e+01   03.92857000e+01   02.66600000e-04
  06.30032000e+01   05.84274000e+01   03.98521000e+01   02.07780000e-03
  06.31165000e+01   05.66319000e+01   03.99708000e+01   03.44650000e-03
  05.87481000e+01   04.87476000e+01   03.72391000e+01   02.98050000e-03
  06.04076000e+01   04.79592000e+01   03.74687000e+01  -05.01900000e-04
  07.02411000e+01   04.81149000e+01   03.46236000e+01  -05.40000000e-06
  07.11178000e+01   04.95017000e+01   03.37733000e+01  -02.73660000e-03
  06.29242000e+01   05.80708000e+01   03.74675000e+01   06.65000000e-04
  06.15775000e+01   05.73952000e+01   03.83842000e+01  -04.07950000e-03
  06.99488000e+01   05.11959000e+01   03.54502000e+01   01.58140000e-02
  06.87418000e+01   04.98746000e+01   03.59066000e+01   09.11190000e-03
  07.72521000e+01   06.06841000e+01   04.82217000e+01   00.00000000e+00
  07.82381000e+01   06.03638000e+01   04.66727000e+01   00.00000000e+00
  07.65370000e+01   06.05488000e+01   04.66780000e+01   00.00000000e+00
  07.80736000e+01   05.70090000e+01   04.87702000e+01   00.00000000e+00
  07.91802000e+01   05.80107000e+01   04.78514000e+01   00.00000000e+00
  07.84844000e+01   05.86949000e+01   04.93628000e+01   00.00000000e+00
  07.79359000e+01   05.79941000e+01   04.57488000e+01   00.00000000e+00
  07.61460000e+01   05.82282000e+01   04.55761000e+01   00.00000000e+00
  07.74777000e+01   05.59239000e+01   04.68652000e+01   00.00000000e+00
  07.70030000e+01   05.59187000e+01   04.51921000e+01   00.00000000e+00
  07.45798000e+01   05.61906000e+01   04.57050000e+01   00.00000000e+00
  07.49609000e+01   05.66094000e+01   04.73440000e+01   00.00000000e+00
  07.41189000e+01   05.34134000e+01   04.87558000e+01   00.00000000e+00
  07.47608000e+01   05.50572000e+01   04.89917000e+01   00.00000000e+00
  07.32379000e+01   05.47786000e+01   04.81100000e+01   00.00000000e+00
  07.35167000e+01   05.37278000e+01   04.57326000e+01   00.00000000e+00
  07.45138000e+01   05.24709000e+01   04.63848000e+01   00.00000000e+00
  07.64023000e+01   05.29576000e+01   04.49077000e+01   00.00000000e+00
  07.55115000e+01   05.43286000e+01   04.43560000e+01   00.00000000e+00
  07.49050000e+01   05.13380000e+01   04.41541000e+01   00.00000000e+00
  07.56659000e+01   05.22172000e+01   04.28471000e+01   00.00000000e+00
  06.49791000e+01   05.73120000e+01   03.67531000e+01   07.20400000e-04
  06.07646000e+01   05.25092000e+01   03.69428000e+01  -02.39543000e-02
  06.50288000e+01   04.84220000e+01   03.42459000e+01   04.89340000e-03
  07.02903000e+01   05.30558000e+01   03.50184000e+01  -02.28199000e-02
  05.95564000e+01   05.07176000e+01   03.60768000e+01  -01.51750000e-03
  07.39825000e+01   05.36924000e+01   04.12697000e+01   00.00000000e+00
  07.23513000e+01   05.39348000e+01   04.17224000e+01   00.00000000e+00
  07.35815000e+01   05.45039000e+01   04.28373000e+01   00.00000000e+00
  07.27520000e+01   05.26963000e+01   04.38660000e+01   00.00000000e+00
  07.30332000e+01   05.04413000e+01   04.29345000e+01   00.00000000e+00
  07.35256000e+01   05.11294000e+01   04.14344000e+01   00.00000000e+00
  07.11071000e+01   05.22578000e+01   04.14398000e+01   00.00000000e+00
  07.07369000e+01   05.12668000e+01   04.27541000e+01   00.00000000e+00
  06.99163000e+01   05.02124000e+01   04.08746000e+01   00.00000000e+00
  07.13557000e+01   04.92045000e+01   04.11430000e+01   00.00000000e+00
  06.95257000e+01   05.13530000e+01   03.83896000e+01   00.00000000e+00
  07.06773000e+01   05.22679000e+01   03.93749000e+01   00.00000000e+00
  07.12212000e+01   05.16504000e+01   03.78249000e+01   00.00000000e+00
  06.76505000e+01   04.86590000e+01   03.42225000e+01   05.57290000e-03
  06.89887000e+01   05.08240000e+01   03.30093000e+01  -01.28866000e-02
  07.32406000e+01   05.00819000e+01   03.87100000e+01   00.00000000e+00
  07.62325000e+01   05.83894000e+01   04.81392000e+01   00.00000000e+00
  07.60710000e+01   05.41185000e+01   04.73433000e+01   00.00000000e+00
  07.17780000e+01   04.75055000e+01   03.88673000e+01  -01.99830000e-03
  07.30056000e+01   04.78128000e+01   03.75525000e+01  -01.85290000e-03
