  06.93429000e+01   05.14587000e+01   03.61026000e+01  -06.11779000e-02
  06.03533000e+01   05.10980000e+01   03.76260000e+01   01.75852000e-02
  06.27590000e+01   05.85991000e+01   03.89533000e+01   01.01800000e-02
  06.96063000e+01   05.63957000e+01   03.51271000e+01  -01.32723000e-02
  06.64770000e+01   05.26736000e+01   03.55097000e+01  -04.57645000e-02
  07.02221000e+01   05.01690000e+01   03.62140000e+01   02.46758000e-02
  05.98981000e+01   04.99316000e+01   03.81574000e+01  -01.71993000e-02
  06.38144000e+01   05.86892000e+01   04.00370000e+01  -09.39340000e-03
  06.96948000e+01   05.48142000e+01   03.48844000e+01   07.66074000e-02
  06.36472000e+01   05.25246000e+01   03.64866000e+01   09.44338000e-02
  07.05277000e+01   05.72159000e+01   03.51325000e+01   01.54319000e-02
  07.13009000e+01   05.01031000e+01   03.72878000e+01  -01.56515000e-02
  07.01358000e+01   05.45444000e+01   03.34242000e+01  -02.00050000e-02
  06.62355000e+01   05.55411000e+01   03.59868000e+01  -08.09918000e-02
  07.11681000e+01   05.30146000e+01   03.19502000e+01   04.03650000e-03
  06.83019000e+01   05.42166000e+01   03.52495000e+01  -01.43447000e-01
  06.50762000e+01   05.06739000e+01   03.56295000e+01   01.23287000e-02
  06.19438000e+01   05.37767000e+01   03.77183000e+01   02.21683000e-01
  06.50793000e+01   05.74144000e+01   03.70790000e+01  -05.42921000e-02
  06.70384000e+01   05.01795000e+01   03.33027000e+01   02.66866000e-02
  06.25666000e+01   04.89012000e+01   03.62033000e+01   04.35609000e-02
  06.06373000e+01   05.61993000e+01   03.90789000e+01   02.36507000e-02
  06.76235000e+01   05.90410000e+01   03.64489000e+01  -06.09964000e-02
  07.20520000e+01   05.08855000e+01   03.94600000e+01   08.71130000e-03
  06.77728000e+01   05.29791000e+01   03.51977000e+01   01.26858000e-01
  06.38657000e+01   05.11700000e+01   03.62446000e+01  -03.45042000e-02
  06.24721000e+01   05.50570000e+01   03.77525000e+01  -02.04376000e-01
  06.61428000e+01   05.68905000e+01   03.63246000e+01   07.60142000e-02
  07.23449000e+01   04.94422000e+01   03.72231000e+01   05.08730000e-03
  06.98457000e+01   05.52399000e+01   03.24530000e+01   06.92200000e-04
  07.14899000e+01   05.17710000e+01   04.05399000e+01   00.00000000e+00
  06.84977000e+01   05.16806000e+01   03.48569000e+01   07.64245000e-02
  06.26855000e+01   05.03790000e+01   03.65624000e+01  -04.66821000e-02
  06.19179000e+01   05.62682000e+01   03.83221000e+01   01.65461000e-02
  06.73403000e+01   05.76016000e+01   03.60552000e+01   05.49912000e-02
  07.10673000e+01   05.08838000e+01   03.83998000e+01   03.30200000e-04
  07.09584000e+01   05.34032000e+01   03.33251000e+01   04.02810000e-03
  07.20705000e+01   05.20588000e+01   04.17341000e+01   00.00000000e+00
  06.73946000e+01   05.06444000e+01   03.46862000e+01  -04.69336000e-02
  06.17697000e+01   05.12513000e+01   03.72155000e+01  -07.68710000e-03
  06.28532000e+01   05.73111000e+01   03.82640000e+01  -03.37389000e-02
  06.82138000e+01   05.65895000e+01   03.55892000e+01   03.64969000e-02
  07.20899000e+01   05.12128000e+01   04.29360000e+01   00.00000000e+00
  06.62560000e+01   05.13795000e+01   03.53740000e+01  -09.58259000e-02
  06.24349000e+01   05.25666000e+01   03.71737000e+01  -01.77941000e-01
  06.39514000e+01   05.67264000e+01   03.74903000e+01   06.74294000e-02
  06.75076000e+01   05.53585000e+01   03.55498000e+01   01.44326000e-01
  07.28855000e+01   05.33541000e+01   04.16788000e+01   00.00000000e+00
  07.43353000e+01   05.31165000e+01   04.13645000e+01   00.00000000e+00
  07.50320000e+01   05.43949000e+01   04.09742000e+01   00.00000000e+00
  07.49279000e+01   05.56417000e+01   04.19549000e+01   00.00000000e+00
  07.57676000e+01   05.68473000e+01   04.13710000e+01   00.00000000e+00
  07.54736000e+01   05.52944000e+01   04.33388000e+01   00.00000000e+00
  07.48764000e+01   05.61783000e+01   04.44931000e+01   00.00000000e+00
  07.56646000e+01   05.60067000e+01   04.57913000e+01   00.00000000e+00
  07.53695000e+01   05.70361000e+01   04.69811000e+01   00.00000000e+00
  07.38146000e+01   05.71364000e+01   04.73697000e+01   00.00000000e+00
  07.60338000e+01   05.84754000e+01   04.65960000e+01   00.00000000e+00
  07.56887000e+01   05.96735000e+01   04.76584000e+01   00.00000000e+00
  07.66717000e+01   06.08404000e+01   04.76413000e+01   00.00000000e+00
  07.81502000e+01   06.06600000e+01   04.80729000e+01   00.00000000e+00
  07.88389000e+01   06.20399000e+01   04.81948000e+01   00.00000000e+00
  07.83437000e+01   05.99799000e+01   04.95072000e+01   00.00000000e+00
  06.37097000e+01   05.53540000e+01   03.72510000e+01   03.65717000e-02
  06.49939000e+01   05.40881000e+01   03.62352000e+01  -06.37550000e-03
  06.86712000e+01   05.91641000e+01   03.62587000e+01   01.79582000e-02
  06.70000000e+01   05.98127000e+01   03.58932000e+01   01.23366000e-02
  06.74202000e+01   05.93206000e+01   03.75432000e+01   01.80857000e-02
  06.02597000e+01   05.72224000e+01   03.90513000e+01  -03.55350000e-03
  06.00361000e+01   05.55158000e+01   03.85222000e+01  -05.48890000e-03
  06.08462000e+01   05.58442000e+01   04.00969000e+01  -05.73590000e-03
  06.31825000e+01   04.81104000e+01   03.67519000e+01  -01.16015000e-02
  06.15254000e+01   04.86448000e+01   03.64130000e+01  -01.03548000e-02
  06.27552000e+01   04.86170000e+01   03.51742000e+01  -01.10806000e-02
  06.79427000e+01   04.99514000e+01   03.27475000e+01  -06.50300000e-03
  06.65007000e+01   04.92627000e+01   03.33327000e+01  -03.84930000e-03
  06.64839000e+01   05.09268000e+01   03.27000000e+01  -06.75510000e-03
  07.02595000e+01   05.25560000e+01   03.15174000e+01   06.96000000e-05
  07.16090000e+01   05.38172000e+01   03.13585000e+01  -02.56130000e-03
  07.19268000e+01   05.22178000e+01   03.17965000e+01  -08.86000000e-04
  06.48070000e+01   05.88155000e+01   03.96479000e+01   02.66600000e-04
  06.34897000e+01   05.94876000e+01   04.06965000e+01   02.07780000e-03
  06.38641000e+01   05.78183000e+01   04.07277000e+01   03.44650000e-03
  05.88187000e+01   04.97744000e+01   03.83559000e+01   02.98050000e-03
  06.06199000e+01   04.90845000e+01   03.82696000e+01  -05.01900000e-04
  06.96367000e+01   04.92281000e+01   03.63054000e+01  -05.40000000e-06
  07.08240000e+01   05.01956000e+01   03.53324000e+01  -02.73660000e-03
  06.28185000e+01   05.93842000e+01   03.82344000e+01   06.65000000e-04
  06.17762000e+01   05.87113000e+01   03.93851000e+01  -04.07950000e-03
  06.99429000e+01   05.23694000e+01   03.62184000e+01   01.58140000e-02
  06.86936000e+01   05.13821000e+01   03.69234000e+01   09.11190000e-03
  07.93382000e+01   05.95022000e+01   04.96412000e+01   00.00000000e+00
  07.79855000e+01   06.06620000e+01   05.03508000e+01   00.00000000e+00
  07.76617000e+01   05.90953000e+01   04.94890000e+01   00.00000000e+00
  07.98796000e+01   06.18793000e+01   04.85121000e+01   00.00000000e+00
  07.88721000e+01   06.25246000e+01   04.71820000e+01   00.00000000e+00
  07.83400000e+01   06.25644000e+01   04.90052000e+01   00.00000000e+00
  07.66300000e+01   06.12847000e+01   04.66233000e+01   00.00000000e+00
  07.62202000e+01   06.14645000e+01   04.83765000e+01   00.00000000e+00
  07.47996000e+01   06.01448000e+01   04.73521000e+01   00.00000000e+00
  07.55599000e+01   05.92054000e+01   04.86749000e+01   00.00000000e+00
  07.70970000e+01   05.84215000e+01   04.65328000e+01   00.00000000e+00
  07.55227000e+01   05.88609000e+01   04.56171000e+01   00.00000000e+00
  07.35483000e+01   05.61308000e+01   04.76751000e+01   00.00000000e+00
  07.36043000e+01   05.78802000e+01   04.81739000e+01   00.00000000e+00
  07.31528000e+01   05.73810000e+01   04.65662000e+01   00.00000000e+00
  07.53573000e+01   05.49910000e+01   04.61267000e+01   00.00000000e+00
  07.67701000e+01   05.60435000e+01   04.57639000e+01   00.00000000e+00
  07.48595000e+01   05.72660000e+01   04.42482000e+01   00.00000000e+00
  07.38448000e+01   05.58221000e+01   04.46527000e+01   00.00000000e+00
  07.51862000e+01   05.42718000e+01   04.36377000e+01   00.00000000e+00
  07.64840000e+01   05.54582000e+01   04.33655000e+01   00.00000000e+00
  06.49302000e+01   05.84862000e+01   03.71936000e+01   07.20400000e-04
  06.10573000e+01   05.36859000e+01   03.83369000e+01  -02.39543000e-02
  06.51269000e+01   04.95924000e+01   03.54236000e+01   04.89340000e-03
  07.03430000e+01   05.43733000e+01   03.56773000e+01  -02.28199000e-02
  05.96077000e+01   05.18501000e+01   03.75569000e+01  -01.51750000e-03
  07.50784000e+01   05.73529000e+01   04.07393000e+01   00.00000000e+00
  07.62000000e+01   05.75808000e+01   04.20558000e+01   00.00000000e+00
  07.65092000e+01   05.64326000e+01   04.07822000e+01   00.00000000e+00
  07.38978000e+01   05.60003000e+01   04.20940000e+01   00.00000000e+00
  07.61112000e+01   05.41124000e+01   04.06738000e+01   00.00000000e+00
  07.45121000e+01   05.47918000e+01   04.00664000e+01   00.00000000e+00
  07.46904000e+01   05.27414000e+01   04.22943000e+01   00.00000000e+00
  07.44590000e+01   05.24040000e+01   04.05400000e+01   00.00000000e+00
  07.24234000e+01   05.40443000e+01   04.09985000e+01   00.00000000e+00
  07.27839000e+01   05.38048000e+01   04.26806000e+01   00.00000000e+00
  07.30078000e+01   05.06692000e+01   04.31013000e+01   00.00000000e+00
  07.19254000e+01   05.17503000e+01   04.38626000e+01   00.00000000e+00
  07.13033000e+01   05.04607000e+01   04.29073000e+01   00.00000000e+00
  06.76078000e+01   04.97624000e+01   03.53081000e+01   05.57290000e-03
  06.91714000e+01   05.17535000e+01   03.39980000e+01  -01.28866000e-02
  07.04554000e+01   05.21716000e+01   04.04642000e+01   00.00000000e+00
  07.86660000e+01   06.00982000e+01   04.72781000e+01   00.00000000e+00
  07.59252000e+01   05.65470000e+01   04.78315000e+01   00.00000000e+00
  07.21015000e+01   04.98957000e+01   03.98852000e+01  -01.99830000e-03
  07.30850000e+01   05.11785000e+01   03.92546000e+01  -01.85290000e-03
