  07.13713000e+01   05.11468000e+01   03.41153000e+01  -06.11779000e-02
  06.18606000e+01   05.03505000e+01   03.52460000e+01   01.75852000e-02
  06.40147000e+01   05.79062000e+01   03.77050000e+01   01.01800000e-02
  07.09563000e+01   05.62469000e+01   03.39887000e+01  -01.32723000e-02
  06.80701000e+01   05.24372000e+01   03.40951000e+01  -04.57645000e-02
  07.11781000e+01   05.08327000e+01   03.56407000e+01   02.46758000e-02
  06.12875000e+01   05.06874000e+01   03.64538000e+01  -01.71993000e-02
  06.49874000e+01   05.80062000e+01   03.88466000e+01  -09.39340000e-03
  07.11113000e+01   05.47200000e+01   03.35569000e+01   07.66074000e-02
  06.50599000e+01   05.21721000e+01   03.46463000e+01   09.44338000e-02
  07.18199000e+01   05.71070000e+01   03.38189000e+01   01.54319000e-02
  07.24687000e+01   05.05078000e+01   03.64078000e+01  -01.56515000e-02
  07.14384000e+01   05.47014000e+01   03.20667000e+01  -02.00050000e-02
  06.76908000e+01   05.52432000e+01   03.48907000e+01  -08.09918000e-02
  07.27150000e+01   05.34701000e+01   03.05079000e+01   04.03650000e-03
  06.98214000e+01   05.40978000e+01   03.39937000e+01  -01.43447000e-01
  06.66046000e+01   05.05813000e+01   03.35804000e+01   01.23287000e-02
  06.31692000e+01   05.33003000e+01   03.57424000e+01   02.21683000e-01
  06.62432000e+01   05.70948000e+01   03.57441000e+01  -05.42921000e-02
  06.90049000e+01   04.99731000e+01   03.16943000e+01   02.66866000e-02
  06.42192000e+01   04.87101000e+01   03.37779000e+01   04.35609000e-02
  06.18301000e+01   05.53586000e+01   03.75611000e+01   02.36507000e-02
  06.89327000e+01   05.88267000e+01   03.52712000e+01  -06.09964000e-02
  07.42252000e+01   05.17995000e+01   03.75281000e+01   08.71130000e-03
  06.93786000e+01   05.27804000e+01   03.38142000e+01   01.26858000e-01
  06.53481000e+01   05.09626000e+01   03.40821000e+01  -03.45042000e-02
  06.36967000e+01   05.45462000e+01   03.59564000e+01  -02.04376000e-01
  06.74504000e+01   05.65776000e+01   03.52331000e+01   07.60142000e-02
  07.29061000e+01   04.95070000e+01   03.69569000e+01   05.08730000e-03
  07.08375000e+01   05.52786000e+01   03.11738000e+01   06.92200000e-04
  07.45584000e+01   05.32204000e+01   03.78923000e+01   00.00000000e+00
  07.01846000e+01   05.16061000e+01   03.32866000e+01   07.64245000e-02
  06.41279000e+01   05.01765000e+01   03.41201000e+01  -04.66821000e-02
  06.30674000e+01   05.56113000e+01   03.67551000e+01   01.65461000e-02
  06.86908000e+01   05.73157000e+01   03.50643000e+01   05.49912000e-02
  07.30962000e+01   05.17353000e+01   03.65710000e+01   03.30200000e-04
  07.23496000e+01   05.37797000e+01   03.18721000e+01   04.02810000e-03
  07.47850000e+01   05.36858000e+01   03.90661000e+01   00.00000000e+00
  06.91303000e+01   05.05049000e+01   03.31602000e+01  -04.69336000e-02
  06.31002000e+01   05.08905000e+01   03.47693000e+01  -07.68710000e-03
  06.39969000e+01   05.66786000e+01   03.68016000e+01  -03.37389000e-02
  06.96446000e+01   05.63754000e+01   03.45483000e+01   03.64969000e-02
  07.36593000e+01   05.39517000e+01   04.00700000e+01   00.00000000e+00
  06.78667000e+01   05.11789000e+01   03.36680000e+01  -09.58259000e-02
  06.37138000e+01   05.22139000e+01   03.50224000e+01  -01.77941000e-01
  06.50948000e+01   05.63104000e+01   03.59063000e+01   06.74294000e-02
  06.89992000e+01   05.51656000e+01   03.44974000e+01   01.44326000e-01
  07.62275000e+01   05.40690000e+01   03.93692000e+01   00.00000000e+00
  07.65502000e+01   05.54024000e+01   04.00644000e+01   00.00000000e+00
  07.66669000e+01   05.53207000e+01   04.16018000e+01   00.00000000e+00
  07.67094000e+01   05.66662000e+01   04.24003000e+01   00.00000000e+00
  07.79129000e+01   05.75488000e+01   04.18206000e+01   00.00000000e+00
  07.67845000e+01   05.64641000e+01   04.39389000e+01   00.00000000e+00
  07.65636000e+01   05.77158000e+01   04.47666000e+01   00.00000000e+00
  07.72303000e+01   05.74739000e+01   04.61192000e+01   00.00000000e+00
  07.70994000e+01   05.86675000e+01   04.70822000e+01   00.00000000e+00
  07.80303000e+01   05.83229000e+01   04.83240000e+01   00.00000000e+00
  07.56372000e+01   05.88847000e+01   04.76401000e+01   00.00000000e+00
  07.53079000e+01   06.02005000e+01   04.83120000e+01   00.00000000e+00
  07.41023000e+01   06.02216000e+01   04.91758000e+01   00.00000000e+00
  07.37394000e+01   06.15782000e+01   04.98222000e+01   00.00000000e+00
  07.30070000e+01   06.25137000e+01   04.87974000e+01   00.00000000e+00
  07.28628000e+01   06.14630000e+01   05.11099000e+01   00.00000000e+00
  06.49536000e+01   05.49586000e+01   03.55207000e+01   03.65717000e-02
  06.64078000e+01   05.37319000e+01   03.47994000e+01  -06.37550000e-03
  06.82053000e+01   05.92325000e+01   03.58625000e+01   01.79582000e-02
  06.99204000e+01   05.89605000e+01   03.58857000e+01   01.23366000e-02
  06.90343000e+01   05.92943000e+01   03.43224000e+01   01.80857000e-02
  06.10416000e+01   05.50215000e+01   03.69423000e+01  -03.55350000e-03
  06.19664000e+01   05.46226000e+01   03.84070000e+01  -05.48890000e-03
  06.15370000e+01   05.63158000e+01   03.79695000e+01  -05.73590000e-03
  06.33131000e+01   04.83906000e+01   03.41637000e+01  -01.16015000e-02
  06.42751000e+01   04.85534000e+01   03.26961000e+01  -01.03548000e-02
  06.50143000e+01   04.81793000e+01   03.43163000e+01  -01.10806000e-02
  06.99455000e+01   04.96717000e+01   03.13514000e+01  -06.50300000e-03
  06.83087000e+01   04.91610000e+01   03.16597000e+01  -03.84930000e-03
  06.86523000e+01   05.07369000e+01   03.09358000e+01  -06.75510000e-03
  07.35638000e+01   05.28877000e+01   03.04131000e+01   06.96000000e-05
  07.19424000e+01   05.29316000e+01   02.98771000e+01  -02.56130000e-03
  07.30654000e+01   05.43745000e+01   02.99570000e+01  -08.86000000e-04
  06.47982000e+01   05.90478000e+01   03.92129000e+01   02.66600000e-04
  06.46234000e+01   05.72997000e+01   03.95855000e+01   02.07780000e-03
  06.60098000e+01   05.78144000e+01   03.85710000e+01   03.44650000e-03
  06.03272000e+01   05.02251000e+01   03.66621000e+01   02.98050000e-03
  06.17341000e+01   05.14476000e+01   03.71460000e+01  -05.01900000e-04
  07.05636000e+01   05.16698000e+01   03.59645000e+01  -05.40000000e-06
  07.05517000e+01   04.98756000e+01   03.57179000e+01  -02.73660000e-03
  06.41114000e+01   05.88510000e+01   03.70821000e+01   06.65000000e-04
  06.30392000e+01   05.79910000e+01   03.81960000e+01  -04.07950000e-03
  07.19016000e+01   05.01935000e+01   03.36538000e+01   01.58140000e-02
  07.20525000e+01   05.20351000e+01   03.40714000e+01   09.11190000e-03
  07.26637000e+01   06.24389000e+01   05.14384000e+01   00.00000000e+00
  07.20394000e+01   06.09116000e+01   05.08748000e+01   00.00000000e+00
  07.33892000e+01   06.08739000e+01   05.18938000e+01   00.00000000e+00
  07.22057000e+01   06.20399000e+01   04.82881000e+01   00.00000000e+00
  07.26987000e+01   06.34586000e+01   04.92936000e+01   00.00000000e+00
  07.37407000e+01   06.28190000e+01   04.80338000e+01   00.00000000e+00
  07.31625000e+01   05.97578000e+01   04.88234000e+01   00.00000000e+00
  07.42627000e+01   05.96742000e+01   05.00821000e+01   00.00000000e+00
  07.61365000e+01   06.07918000e+01   04.87068000e+01   00.00000000e+00
  07.50907000e+01   06.07440000e+01   04.74520000e+01   00.00000000e+00
  07.49868000e+01   05.87527000e+01   04.68018000e+01   00.00000000e+00
  07.54485000e+01   05.81770000e+01   04.83911000e+01   00.00000000e+00
  07.80278000e+01   05.91556000e+01   04.90128000e+01   00.00000000e+00
  07.77906000e+01   05.73623000e+01   04.88731000e+01   00.00000000e+00
  07.91137000e+01   05.82250000e+01   04.80528000e+01   00.00000000e+00
  07.68228000e+01   05.66297000e+01   04.66517000e+01   00.00000000e+00
  07.82672000e+01   05.72052000e+01   04.59822000e+01   00.00000000e+00
  07.68756000e+01   05.87131000e+01   04.43805000e+01   00.00000000e+00
  07.54636000e+01   05.77967000e+01   04.49726000e+01   00.00000000e+00
  07.61463000e+01   05.56029000e+01   04.42705000e+01   00.00000000e+00
  07.78345000e+01   05.62184000e+01   04.40818000e+01   00.00000000e+00
  06.61169000e+01   05.81323000e+01   03.60787000e+01   07.20400000e-04
  06.21365000e+01   05.32717000e+01   03.61588000e+01  -02.39543000e-02
  06.67072000e+01   04.96705000e+01   03.30255000e+01   04.89340000e-03
  07.19492000e+01   05.42887000e+01   03.41278000e+01  -02.28199000e-02
  06.14393000e+01   04.96034000e+01   03.46307000e+01  -01.51750000e-03
  07.79640000e+01   05.84595000e+01   04.24166000e+01   00.00000000e+00
  07.87358000e+01   05.69438000e+01   04.21760000e+01   00.00000000e+00
  07.78752000e+01   05.77522000e+01   04.07562000e+01   00.00000000e+00
  07.57849000e+01   05.72498000e+01   04.22435000e+01   00.00000000e+00
  07.58287000e+01   05.47612000e+01   04.19523000e+01   00.00000000e+00
  07.75774000e+01   05.47900000e+01   04.18779000e+01   00.00000000e+00
  07.75326000e+01   05.56829000e+01   03.96672000e+01   00.00000000e+00
  07.58288000e+01   05.62052000e+01   03.97909000e+01   00.00000000e+00
  07.68348000e+01   05.32854000e+01   03.97744000e+01   00.00000000e+00
  07.67703000e+01   05.41666000e+01   03.84405000e+01   00.00000000e+00
  07.37462000e+01   05.49198000e+01   04.04873000e+01   00.00000000e+00
  07.26209000e+01   05.38526000e+01   03.97215000e+01   00.00000000e+00
  07.38119000e+01   05.31957000e+01   04.09216000e+01   00.00000000e+00
  06.93839000e+01   04.96556000e+01   03.37945000e+01   05.57290000e-03
  07.05316000e+01   05.18588000e+01   03.23408000e+01  -01.28866000e-02
  07.42015000e+01   05.39709000e+01   03.72123000e+01   00.00000000e+00
  07.46154000e+01   06.21432000e+01   05.01962000e+01   00.00000000e+00
  07.74681000e+01   05.95857000e+01   04.66810000e+01   00.00000000e+00
  07.41220000e+01   05.10895000e+01   03.83310000e+01  -01.99830000e-03
  07.50203000e+01   05.14461000e+01   03.69857000e+01  -01.85290000e-03
