  06.96402000e+01   05.25674000e+01   03.42970000e+01  -06.11779000e-02
  06.07186000e+01   05.30345000e+01   03.72293000e+01   01.75852000e-02
  06.36401000e+01   06.05157000e+01   03.77650000e+01   01.01800000e-02
  06.99928000e+01   05.74384000e+01   03.38340000e+01  -01.32723000e-02
  06.65771000e+01   05.40542000e+01   03.42805000e+01  -04.57645000e-02
  07.02661000e+01   05.11856000e+01   03.39545000e+01   02.46758000e-02
  05.99270000e+01   05.19398000e+01   03.74103000e+01  -01.71993000e-02
  06.46715000e+01   06.05508000e+01   03.88298000e+01  -09.39340000e-03
  06.98773000e+01   05.59953000e+01   03.33472000e+01   07.66074000e-02
  06.39468000e+01   05.41655000e+01   03.56875000e+01   09.44338000e-02
  07.10420000e+01   05.80552000e+01   03.37918000e+01   01.54319000e-02
  07.04248000e+01   05.01717000e+01   03.51070000e+01  -01.56515000e-02
  07.01479000e+01   05.59187000e+01   03.18911000e+01  -02.00050000e-02
  06.66710000e+01   05.69681000e+01   03.48476000e+01  -08.09918000e-02
  07.09479000e+01   05.42777000e+01   03.02311000e+01   04.03650000e-03
  06.84728000e+01   05.55285000e+01   03.37688000e+01  -01.43447000e-01
  06.50291000e+01   05.22113000e+01   03.46409000e+01   01.23287000e-02
  06.24091000e+01   05.55807000e+01   03.69612000e+01   02.21683000e-01
  06.57113000e+01   05.89821000e+01   03.59609000e+01  -05.42921000e-02
  06.68189000e+01   05.11962000e+01   03.22185000e+01   02.66866000e-02
  06.24661000e+01   05.07065000e+01   03.55176000e+01   04.35609000e-02
  06.13914000e+01   05.82885000e+01   03.83363000e+01   02.36507000e-02
  06.82239000e+01   06.03440000e+01   03.45422000e+01  -06.09964000e-02
  07.17787000e+01   04.97390000e+01   03.69874000e+01   08.71130000e-03
  06.78518000e+01   05.42731000e+01   03.38031000e+01   01.26858000e-01
  06.39269000e+01   05.28294000e+01   03.52766000e+01  -03.45042000e-02
  06.31241000e+01   05.67836000e+01   03.69524000e+01  -02.04376000e-01
  06.67333000e+01   05.83553000e+01   03.51414000e+01   07.60142000e-02
  06.97267000e+01   04.92011000e+01   03.53223000e+01   05.08730000e-03
  06.98896000e+01   05.67014000e+01   03.09593000e+01   06.92200000e-04
  07.27251000e+01   05.06252000e+01   03.77058000e+01   00.00000000e+00
  06.85045000e+01   05.29628000e+01   03.33588000e+01   07.64245000e-02
  06.27031000e+01   05.21430000e+01   03.57538000e+01  -04.66821000e-02
  06.26026000e+01   05.80754000e+01   03.75153000e+01   01.65461000e-02
  06.78937000e+01   05.89715000e+01   03.46156000e+01   05.49912000e-02
  07.15015000e+01   05.04593000e+01   03.57571000e+01   03.30200000e-04
  07.07555000e+01   05.47182000e+01   03.16744000e+01   04.02810000e-03
  07.28328000e+01   05.19742000e+01   03.77255000e+01   00.00000000e+00
  06.72966000e+01   05.19368000e+01   03.34525000e+01  -04.69336000e-02
  06.19770000e+01   05.31006000e+01   03.64670000e+01  -07.68710000e-03
  06.35969000e+01   05.90106000e+01   03.72270000e+01  -03.37389000e-02
  06.86326000e+01   05.78452000e+01   03.42186000e+01   03.64969000e-02
  07.39371000e+01   05.27104000e+01   03.69079000e+01   00.00000000e+00
  06.62061000e+01   05.27579000e+01   03.42159000e+01  -09.58259000e-02
  06.27400000e+01   05.43396000e+01   03.64045000e+01  -01.77941000e-01
  06.45701000e+01   05.83354000e+01   03.64385000e+01   06.74294000e-02
  06.78363000e+01   05.66639000e+01   03.42786000e+01   01.44326000e-01
  07.18134000e+01   05.27672000e+01   03.85593000e+01   00.00000000e+00
  07.22994000e+01   05.38739000e+01   03.95157000e+01   00.00000000e+00
  07.31753000e+01   05.31901000e+01   04.06198000e+01   00.00000000e+00
  07.34745000e+01   05.40154000e+01   04.19004000e+01   00.00000000e+00
  07.44305000e+01   05.52528000e+01   04.16275000e+01   00.00000000e+00
  07.42124000e+01   05.30236000e+01   04.28920000e+01   00.00000000e+00
  07.45951000e+01   05.36382000e+01   04.42360000e+01   00.00000000e+00
  07.33652000e+01   05.42100000e+01   04.50358000e+01   00.00000000e+00
  07.36425000e+01   05.46765000e+01   04.64397000e+01   00.00000000e+00
  07.23278000e+01   05.53070000e+01   04.71334000e+01   00.00000000e+00
  07.49251000e+01   05.54830000e+01   04.66025000e+01   00.00000000e+00
  07.50528000e+01   05.68491000e+01   04.58080000e+01   00.00000000e+00
  07.63842000e+01   05.75305000e+01   04.59421000e+01   00.00000000e+00
  07.76267000e+01   05.67866000e+01   04.54112000e+01   00.00000000e+00
  07.76095000e+01   05.67151000e+01   04.39170000e+01   00.00000000e+00
  07.89527000e+01   05.73879000e+01   04.59698000e+01   00.00000000e+00
  06.42581000e+01   05.69872000e+01   03.62576000e+01   03.65717000e-02
  06.53056000e+01   05.56409000e+01   03.52442000e+01  -06.37550000e-03
  06.74910000e+01   06.09167000e+01   03.39654000e+01   01.79582000e-02
  06.80778000e+01   06.06914000e+01   03.55935000e+01   01.23366000e-02
  06.92483000e+01   06.04425000e+01   03.41963000e+01   01.80857000e-02
  06.12507000e+01   05.73825000e+01   03.88255000e+01  -03.55350000e-03
  06.15533000e+01   05.91264000e+01   03.90304000e+01  -05.48890000e-03
  06.04362000e+01   05.85155000e+01   03.77793000e+01  -05.73590000e-03
  06.25675000e+01   05.02169000e+01   03.64764000e+01  -01.16015000e-02
  06.15050000e+01   05.07602000e+01   03.50017000e+01  -01.03548000e-02
  06.30863000e+01   05.03055000e+01   03.47605000e+01  -01.10806000e-02
  06.71148000e+01   05.18230000e+01   03.13379000e+01  -06.50300000e-03
  06.73252000e+01   05.02530000e+01   03.20256000e+01  -03.84930000e-03
  06.57341000e+01   05.10214000e+01   03.23627000e+01  -06.75510000e-03
  07.15643000e+01   05.50300000e+01   02.97128000e+01   06.96000000e-05
  07.15161000e+01   05.33096000e+01   03.02721000e+01  -02.56130000e-03
  06.99967000e+01   05.42109000e+01   02.97208000e+01  -08.86000000e-04
  06.56791000e+01   06.02824000e+01   03.85200000e+01   02.66600000e-04
  06.47057000e+01   06.15368000e+01   03.93436000e+01   02.07780000e-03
  06.42999000e+01   05.98484000e+01   03.95893000e+01   03.44650000e-03
  05.90579000e+01   05.20122000e+01   03.80467000e+01   02.98050000e-03
  06.01711000e+01   05.10333000e+01   03.68773000e+01  -05.01900000e-04
  06.97784000e+01   05.06965000e+01   03.31400000e+01  -05.40000000e-06
  07.12316000e+01   05.14479000e+01   03.35415000e+01  -02.73660000e-03
  06.39011000e+01   06.12453000e+01   03.69657000e+01   06.65000000e-04
  06.27009000e+01   06.08210000e+01   03.82286000e+01  -04.07950000e-03
  07.04939000e+01   05.33016000e+01   03.41789000e+01   01.58140000e-02
  06.92271000e+01   05.25775000e+01   03.52853000e+01   09.11190000e-03
  07.97757000e+01   05.68163000e+01   04.56033000e+01   00.00000000e+00
  07.91420000e+01   05.84130000e+01   04.57197000e+01   00.00000000e+00
  07.88737000e+01   05.72307000e+01   04.71068000e+01   00.00000000e+00
  07.83568000e+01   05.59984000e+01   04.36013000e+01   00.00000000e+00
  07.67674000e+01   05.61093000e+01   04.35970000e+01   00.00000000e+00
  07.78710000e+01   05.77072000e+01   04.33768000e+01   00.00000000e+00
  07.63058000e+01   05.85365000e+01   04.54565000e+01   00.00000000e+00
  07.65513000e+01   05.76819000e+01   04.70246000e+01   00.00000000e+00
  07.46896000e+01   05.67532000e+01   04.47996000e+01   00.00000000e+00
  07.43661000e+01   05.75678000e+01   04.62977000e+01   00.00000000e+00
  07.50823000e+01   05.56866000e+01   04.76555000e+01   00.00000000e+00
  07.57270000e+01   05.47367000e+01   04.62922000e+01   00.00000000e+00
  07.21558000e+01   05.63178000e+01   04.67643000e+01   00.00000000e+00
  07.14890000e+01   05.46234000e+01   04.69355000e+01   00.00000000e+00
  07.23820000e+01   05.54427000e+01   04.82184000e+01   00.00000000e+00
  07.29728000e+01   05.49884000e+01   04.44201000e+01   00.00000000e+00
  07.25986000e+01   05.34204000e+01   04.50062000e+01   00.00000000e+00
  07.51126000e+01   05.29539000e+01   04.48123000e+01   00.00000000e+00
  07.53076000e+01   05.44399000e+01   04.40785000e+01   00.00000000e+00
  07.34334000e+01   05.22982000e+01   04.30258000e+01   00.00000000e+00
  07.51267000e+01   05.25542000e+01   04.24505000e+01   00.00000000e+00
  06.58762000e+01   06.00465000e+01   03.62135000e+01   07.20400000e-04
  06.15401000e+01   05.57075000e+01   03.75822000e+01  -02.39543000e-02
  06.50280000e+01   05.11838000e+01   03.43718000e+01   04.89340000e-03
  07.05989000e+01   05.53927000e+01   03.38667000e+01  -02.28199000e-02
  06.04758000e+01   05.39253000e+01   03.77624000e+01  -01.51750000e-03
  07.44080000e+01   05.58027000e+01   04.25867000e+01   00.00000000e+00
  07.54772000e+01   05.49852000e+01   04.15278000e+01   00.00000000e+00
  07.41259000e+01   05.58578000e+01   04.07931000e+01   00.00000000e+00
  07.26009000e+01   05.44904000e+01   04.22225000e+01   00.00000000e+00
  07.25596000e+01   05.23376000e+01   04.09834000e+01   00.00000000e+00
  07.40822000e+01   05.28016000e+01   04.01083000e+01   00.00000000e+00
  07.29018000e+01   05.46714000e+01   03.90691000e+01   00.00000000e+00
  07.14238000e+01   05.42140000e+01   04.01363000e+01   00.00000000e+00
  07.09929000e+01   05.31236000e+01   03.79718000e+01   00.00000000e+00
  07.12606000e+01   05.20947000e+01   03.91906000e+01   00.00000000e+00
  07.47376000e+01   05.20564000e+01   03.65371000e+01   00.00000000e+00
  07.33824000e+01   05.31381000e+01   03.60478000e+01   00.00000000e+00
  07.43967000e+01   05.35133000e+01   03.74957000e+01   00.00000000e+00
  06.75195000e+01   05.11451000e+01   03.42604000e+01   05.57290000e-03
  06.88976000e+01   05.31261000e+01   03.23820000e+01  -01.28866000e-02
  07.35266000e+01   05.01490000e+01   03.83270000e+01   00.00000000e+00
  07.75276000e+01   05.57694000e+01   04.57419000e+01   00.00000000e+00
  07.38705000e+01   05.38340000e+01   04.70175000e+01   00.00000000e+00
  07.09511000e+01   04.94586000e+01   03.75744000e+01  -01.99830000e-03
  07.24060000e+01   04.89056000e+01   03.66942000e+01  -01.85290000e-03
