  07.07901000e+01   05.02263000e+01   03.61996000e+01  -06.11779000e-02
  06.14755000e+01   05.00541000e+01   03.68542000e+01   01.75852000e-02
  06.34420000e+01   05.75134000e+01   03.86911000e+01   01.01800000e-02
  07.08479000e+01   05.54487000e+01   03.58155000e+01  -01.32723000e-02
  06.78365000e+01   05.18393000e+01   03.55602000e+01  -04.57645000e-02
  07.17972000e+01   04.92027000e+01   03.57855000e+01   02.46758000e-02
  06.06675000e+01   04.92107000e+01   03.61544000e+01  -01.71993000e-02
  06.41352000e+01   05.77884000e+01   03.99839000e+01  -09.39340000e-03
  07.10208000e+01   05.39589000e+01   03.55082000e+01   07.66074000e-02
  06.49142000e+01   05.14742000e+01   03.63011000e+01   09.44338000e-02
  07.17520000e+01   05.62845000e+01   03.57866000e+01   01.54319000e-02
  07.32462000e+01   04.97515000e+01   03.59549000e+01  -01.56515000e-02
  07.17385000e+01   05.37602000e+01   03.42002000e+01  -02.00050000e-02
  06.75159000e+01   05.45823000e+01   03.62645000e+01  -08.09918000e-02
  07.28372000e+01   05.20164000e+01   03.29178000e+01   04.03650000e-03
  06.96191000e+01   05.33938000e+01   03.55596000e+01  -01.43447000e-01
  06.64017000e+01   04.97967000e+01   03.52944000e+01   01.23287000e-02
  06.30204000e+01   05.26775000e+01   03.74234000e+01   02.21683000e-01
  06.62183000e+01   05.63999000e+01   03.72852000e+01  -05.42921000e-02
  06.85975000e+01   04.98920000e+01   03.29727000e+01   02.66866000e-02
  06.35870000e+01   04.80658000e+01   03.54887000e+01   04.35609000e-02
  06.15223000e+01   05.49704000e+01   03.86835000e+01   02.36507000e-02
  06.89910000e+01   05.79998000e+01   03.68245000e+01  -06.09964000e-02
  07.45950000e+01   05.13687000e+01   03.71014000e+01   08.71130000e-03
  06.91765000e+01   05.21251000e+01   03.53987000e+01   01.26858000e-01
  06.50923000e+01   05.01958000e+01   03.57931000e+01  -03.45042000e-02
  06.35625000e+01   05.39756000e+01   03.75584000e+01  -02.04376000e-01
  06.73880000e+01   05.59128000e+01   03.67081000e+01   07.60142000e-02
  07.41520000e+01   04.97868000e+01   03.50874000e+01   05.08730000e-03
  07.15190000e+01   05.43291000e+01   03.31554000e+01   06.92200000e-04
  07.41840000e+01   05.21462000e+01   03.83245000e+01   00.00000000e+00
  06.99828000e+01   05.08611000e+01   03.50394000e+01   07.64245000e-02
  06.38332000e+01   04.94845000e+01   03.59200000e+01  -04.66821000e-02
  06.28922000e+01   05.50641000e+01   03.81987000e+01   01.65461000e-02
  06.86601000e+01   05.66073000e+01   03.65423000e+01   05.49912000e-02
  07.35428000e+01   05.03149000e+01   03.71340000e+01   03.30200000e-04
  07.25444000e+01   05.26505000e+01   03.42110000e+01   04.02810000e-03
  07.38525000e+01   05.15778000e+01   03.95005000e+01   00.00000000e+00
  06.88942000e+01   04.99283000e+01   03.45162000e+01  -04.69336000e-02
  06.29365000e+01   05.03158000e+01   03.65412000e+01  -07.68710000e-03
  06.37391000e+01   05.61754000e+01   03.81306000e+01  -03.37389000e-02
  06.95174000e+01   05.56196000e+01   03.61538000e+01   03.64969000e-02
  07.23487000e+01   05.13483000e+01   03.98981000e+01   00.00000000e+00
  06.76349000e+01   05.04967000e+01   03.52758000e+01  -09.58259000e-02
  06.36095000e+01   05.15248000e+01   03.68302000e+01  -01.77941000e-01
  06.49943000e+01   05.56081000e+01   03.74991000e+01   06.74294000e-02
  06.88389000e+01   05.44083000e+01   03.59847000e+01   01.44326000e-01
  07.50455000e+01   05.15228000e+01   04.05422000e+01   00.00000000e+00
  07.50238000e+01   05.26747000e+01   04.15778000e+01   00.00000000e+00
  07.61160000e+01   05.37210000e+01   04.12024000e+01   00.00000000e+00
  07.62299000e+01   05.51288000e+01   04.18681000e+01   00.00000000e+00
  07.74181000e+01   05.58160000e+01   04.10871000e+01   00.00000000e+00
  07.63850000e+01   05.51307000e+01   04.33943000e+01   00.00000000e+00
  07.64192000e+01   05.64441000e+01   04.41799000e+01   00.00000000e+00
  07.69721000e+01   05.62367000e+01   04.56177000e+01   00.00000000e+00
  07.68684000e+01   05.74470000e+01   04.66658000e+01   00.00000000e+00
  07.53877000e+01   05.74068000e+01   04.69932000e+01   00.00000000e+00
  07.75168000e+01   05.88393000e+01   04.62155000e+01   00.00000000e+00
  07.75432000e+01   06.00724000e+01   04.72661000e+01   00.00000000e+00
  07.81476000e+01   05.96425000e+01   04.86495000e+01   00.00000000e+00
  07.81234000e+01   06.05276000e+01   04.98837000e+01   00.00000000e+00
  07.86841000e+01   05.97517000e+01   05.10910000e+01   00.00000000e+00
  07.88556000e+01   06.19427000e+01   04.98005000e+01   00.00000000e+00
  06.48186000e+01   05.43258000e+01   03.71222000e+01   03.65717000e-02
  06.62690000e+01   05.31543000e+01   03.62424000e+01  -06.37550000e-03
  06.85676000e+01   05.83639000e+01   03.77179000e+01   01.79582000e-02
  07.00919000e+01   05.80461000e+01   03.69121000e+01   01.23366000e-02
  06.87186000e+01   05.86054000e+01   03.59136000e+01   01.80857000e-02
  06.12102000e+01   05.39566000e+01   03.88586000e+01  -03.55350000e-03
  06.14657000e+01   05.55211000e+01   03.96390000e+01  -05.48890000e-03
  06.08585000e+01   05.54343000e+01   03.80200000e+01  -05.73590000e-03
  06.28594000e+01   04.79666000e+01   03.46767000e+01  -01.16015000e-02
  06.44854000e+01   04.74997000e+01   03.51121000e+01  -01.03548000e-02
  06.31773000e+01   04.75782000e+01   03.63729000e+01  -01.10806000e-02
  06.94154000e+01   04.93774000e+01   03.25170000e+01  -06.50300000e-03
  06.76857000e+01   04.93692000e+01   03.27182000e+01  -03.84930000e-03
  06.85398000e+01   05.08808000e+01   03.25364000e+01  -06.75510000e-03
  07.19800000e+01   05.16427000e+01   03.23985000e+01   06.96000000e-05
  07.33255000e+01   05.26647000e+01   03.22111000e+01  -02.56130000e-03
  07.35228000e+01   05.12311000e+01   03.31387000e+01  -08.86000000e-04
  06.37250000e+01   05.71328000e+01   04.07199000e+01   02.66600000e-04
  06.52769000e+01   05.76642000e+01   03.98160000e+01   02.07780000e-03
  06.38266000e+01   05.87834000e+01   04.02022000e+01   03.44650000e-03
  05.95808000e+01   04.91207000e+01   03.63982000e+01   02.98050000e-03
  06.10392000e+01   04.87262000e+01   03.52780000e+01  -05.01900000e-04
  07.17371000e+01   04.83303000e+01   03.64595000e+01  -05.40000000e-06
  07.17890000e+01   04.89236000e+01   03.47783000e+01  -02.73660000e-03
  06.38397000e+01   05.82822000e+01   03.79370000e+01   06.65000000e-04
  06.24048000e+01   05.75651000e+01   03.90181000e+01  -04.07950000e-03
  07.13582000e+01   05.10005000e+01   03.67291000e+01   01.58140000e-02
  07.01211000e+01   04.95814000e+01   03.68005000e+01   09.11190000e-03
  07.83032000e+01   06.25944000e+01   04.91825000e+01   00.00000000e+00
  07.89381000e+01   06.22692000e+01   05.08366000e+01   00.00000000e+00
  07.98127000e+01   06.19106000e+01   04.92737000e+01   00.00000000e+00
  07.97139000e+01   05.94652000e+01   05.08097000e+01   00.00000000e+00
  07.87151000e+01   06.03978000e+01   05.19885000e+01   00.00000000e+00
  07.80993000e+01   05.88735000e+01   05.12924000e+01   00.00000000e+00
  07.76493000e+01   05.87097000e+01   04.88330000e+01   00.00000000e+00
  07.92536000e+01   05.92876000e+01   04.84964000e+01   00.00000000e+00
  07.81828000e+01   06.09169000e+01   04.70239000e+01   00.00000000e+00
  07.64877000e+01   06.03789000e+01   04.73902000e+01   00.00000000e+00
  07.85697000e+01   05.85501000e+01   04.59278000e+01   00.00000000e+00
  07.69987000e+01   05.91770000e+01   04.53096000e+01   00.00000000e+00
  07.51204000e+01   05.79520000e+01   04.79026000e+01   00.00000000e+00
  07.47688000e+01   05.76663000e+01   04.60939000e+01   00.00000000e+00
  07.51658000e+01   05.63984000e+01   04.73148000e+01   00.00000000e+00
  07.64603000e+01   05.53067000e+01   04.60307000e+01   00.00000000e+00
  07.80884000e+01   05.60568000e+01   04.54786000e+01   00.00000000e+00
  07.69992000e+01   05.72042000e+01   04.36797000e+01   00.00000000e+00
  07.54098000e+01   05.68592000e+01   04.42493000e+01   00.00000000e+00
  07.57535000e+01   05.44537000e+01   04.39131000e+01   00.00000000e+00
  07.73292000e+01   05.46118000e+01   04.34235000e+01   00.00000000e+00
  06.61773000e+01   05.74017000e+01   03.77161000e+01   07.20400000e-04
  06.20353000e+01   05.25685000e+01   03.77656000e+01  -02.39543000e-02
  06.63714000e+01   04.88339000e+01   03.48033000e+01   04.89340000e-03
  07.16801000e+01   05.36692000e+01   03.62839000e+01  -02.28199000e-02
  06.10743000e+01   05.05031000e+01   03.77101000e+01  -01.51750000e-03
  07.83669000e+01   05.53642000e+01   04.14422000e+01   00.00000000e+00
  07.73901000e+01   05.58574000e+01   03.99929000e+01   00.00000000e+00
  07.74539000e+01   05.68541000e+01   04.13599000e+01   00.00000000e+00
  07.53706000e+01   05.57330000e+01   04.16945000e+01   00.00000000e+00
  07.70876000e+01   05.32499000e+01   04.12322000e+01   00.00000000e+00
  07.60131000e+01   05.38594000e+01   04.01295000e+01   00.00000000e+00
  07.41170000e+01   05.32147000e+01   04.15087000e+01   00.00000000e+00
  07.52073000e+01   05.22897000e+01   04.25855000e+01   00.00000000e+00
  07.49570000e+01   05.05791000e+01   04.10492000e+01   00.00000000e+00
  07.59460000e+01   05.14454000e+01   03.99226000e+01   00.00000000e+00
  07.20674000e+01   05.03129000e+01   04.00293000e+01   00.00000000e+00
  07.21252000e+01   05.18584000e+01   04.07890000e+01   00.00000000e+00
  07.17274000e+01   05.16727000e+01   03.91249000e+01   00.00000000e+00
  06.87879000e+01   04.89228000e+01   03.49407000e+01   05.57290000e-03
  07.05967000e+01   05.12710000e+01   03.42872000e+01  -01.28866000e-02
  07.40352000e+01   05.32315000e+01   03.82854000e+01   00.00000000e+00
  07.70801000e+01   06.08284000e+01   05.01130000e+01   00.00000000e+00
  07.73710000e+01   05.71031000e+01   04.75572000e+01   00.00000000e+00
  07.56492000e+01   05.09195000e+01   03.70999000e+01  -01.99830000e-03
  07.44888000e+01   05.20159000e+01   03.62143000e+01  -01.85290000e-03
