  07.11326000e+01   05.24709000e+01   03.41973000e+01  -06.11779000e-02
  06.19095000e+01   05.26646000e+01   03.62632000e+01   01.75852000e-02
  06.49008000e+01   05.98334000e+01   03.81995000e+01   01.01800000e-02
  07.15271000e+01   05.73152000e+01   03.42170000e+01  -01.32723000e-02
  06.79862000e+01   05.40585000e+01   03.40092000e+01  -04.57645000e-02
  07.07275000e+01   05.22969000e+01   03.56754000e+01   02.46758000e-02
  06.15904000e+01   05.29982000e+01   03.75523000e+01  -01.71993000e-02
  06.59011000e+01   05.97568000e+01   03.93866000e+01  -09.39340000e-03
  07.13451000e+01   05.58933000e+01   03.35868000e+01   07.66074000e-02
  06.51776000e+01   05.40279000e+01   03.50812000e+01   09.44338000e-02
  07.24664000e+01   05.80279000e+01   03.41155000e+01   01.54319000e-02
  07.15149000e+01   05.13241000e+01   03.65194000e+01  -01.56515000e-02
  07.16378000e+01   05.57989000e+01   03.21159000e+01  -02.00050000e-02
  06.80862000e+01   05.69437000e+01   03.49095000e+01  -08.09918000e-02
  07.27024000e+01   05.44943000e+01   03.05391000e+01   04.03650000e-03
  06.98960000e+01   05.55569000e+01   03.39248000e+01  -01.43447000e-01
  06.63019000e+01   05.22314000e+01   03.37195000e+01   01.23287000e-02
  06.36787000e+01   05.52454000e+01   03.65420000e+01   02.21683000e-01
  06.71237000e+01   05.86915000e+01   03.63606000e+01  -05.42921000e-02
  06.85407000e+01   05.15527000e+01   03.14612000e+01   02.66866000e-02
  06.36022000e+01   05.08029000e+01   03.40717000e+01   04.35609000e-02
  06.27524000e+01   05.74632000e+01   03.85317000e+01   02.36507000e-02
  06.99712000e+01   06.02106000e+01   03.55464000e+01  -06.09964000e-02
  07.35745000e+01   05.11437000e+01   03.78086000e+01   08.71130000e-03
  06.93221000e+01   05.43378000e+01   03.36371000e+01   01.26858000e-01
  06.51740000e+01   05.27691000e+01   03.44948000e+01  -03.45042000e-02
  06.43179000e+01   05.65161000e+01   03.66821000e+01  -02.04376000e-01
  06.81876000e+01   05.82124000e+01   03.55166000e+01   07.60142000e-02
  07.13371000e+01   05.01456000e+01   03.65692000e+01   05.08730000e-03
  07.10542000e+01   05.63639000e+01   03.12029000e+01   06.92200000e-04
  07.45295000e+01   05.18809000e+01   03.86164000e+01   00.00000000e+00
  07.00277000e+01   05.30328000e+01   03.31817000e+01   07.64245000e-02
  06.39417000e+01   05.21018000e+01   03.47447000e+01  -04.66821000e-02
  06.38421000e+01   05.75834000e+01   03.75534000e+01   01.65461000e-02
  06.94947000e+01   05.87968000e+01   03.52413000e+01   05.49912000e-02
  07.25868000e+01   05.19836000e+01   03.70832000e+01   03.30200000e-04
  07.26301000e+01   05.48714000e+01   03.19091000e+01   04.02810000e-03
  07.58678000e+01   05.18817000e+01   03.85010000e+01   00.00000000e+00
  06.87699000e+01   05.20769000e+01   03.29195000e+01  -04.69336000e-02
  06.31980000e+01   05.28982000e+01   03.56173000e+01  -07.68710000e-03
  06.47776000e+01   05.85964000e+01   03.74067000e+01  -03.37389000e-02
  07.02063000e+01   05.77273000e+01   03.47208000e+01   03.64969000e-02
  07.68479000e+01   05.08795000e+01   03.92072000e+01   00.00000000e+00
  06.76032000e+01   05.28082000e+01   03.35503000e+01  -09.58259000e-02
  06.39908000e+01   05.41584000e+01   03.57580000e+01  -01.77941000e-01
  06.58424000e+01   05.80526000e+01   03.65410000e+01   06.74294000e-02
  06.93022000e+01   05.66698000e+01   03.45609000e+01   01.44326000e-01
  07.66397000e+01   05.29263000e+01   03.76563000e+01   00.00000000e+00
  07.66067000e+01   05.42141000e+01   03.83391000e+01   00.00000000e+00
  07.71326000e+01   05.42905000e+01   03.97638000e+01   00.00000000e+00
  07.73277000e+01   05.56762000e+01   04.04828000e+01   00.00000000e+00
  07.84345000e+01   05.64657000e+01   03.98590000e+01   00.00000000e+00
  07.74055000e+01   05.55206000e+01   04.20471000e+01   00.00000000e+00
  07.76327000e+01   05.68670000e+01   04.27765000e+01   00.00000000e+00
  07.75738000e+01   05.66692000e+01   04.43703000e+01   00.00000000e+00
  07.78701000e+01   05.80060000e+01   04.51355000e+01   00.00000000e+00
  07.93334000e+01   05.84329000e+01   04.49141000e+01   00.00000000e+00
  07.73269000e+01   05.79407000e+01   04.65581000e+01   00.00000000e+00
  07.71096000e+01   05.93089000e+01   04.71904000e+01   00.00000000e+00
  07.67052000e+01   05.92765000e+01   04.86896000e+01   00.00000000e+00
  07.63708000e+01   06.06271000e+01   04.93447000e+01   00.00000000e+00
  07.50740000e+01   06.13260000e+01   04.88134000e+01   00.00000000e+00
  07.64836000e+01   06.06273000e+01   05.08391000e+01   00.00000000e+00
  06.54550000e+01   05.68078000e+01   03.60832000e+01   03.65717000e-02
  06.66300000e+01   05.54767000e+01   03.49341000e+01  -06.37550000e-03
  07.05729000e+01   06.01490000e+01   03.64262000e+01   01.79582000e-02
  07.06176000e+01   06.05349000e+01   03.46897000e+01   01.23366000e-02
  06.91086000e+01   06.07930000e+01   03.57596000e+01   01.80857000e-02
  06.24516000e+01   05.63901000e+01   03.87811000e+01  -03.55350000e-03
  06.31063000e+01   05.79511000e+01   03.93944000e+01  -05.48890000e-03
  06.19200000e+01   05.80728000e+01   03.82293000e+01  -05.73590000e-03
  06.25559000e+01   05.05780000e+01   03.41526000e+01  -01.16015000e-02
  06.39182000e+01   05.06379000e+01   03.30828000e+01  -01.03548000e-02
  06.41665000e+01   04.99551000e+01   03.45819000e+01  -01.10806000e-02
  06.94603000e+01   05.13112000e+01   03.09486000e+01  -06.50300000e-03
  06.79102000e+01   05.06956000e+01   03.14887000e+01  -03.84930000e-03
  06.81469000e+01   05.23333000e+01   03.07202000e+01  -06.75510000e-03
  07.18859000e+01   05.37964000e+01   03.03892000e+01   06.96000000e-05
  07.25990000e+01   05.53578000e+01   02.98542000e+01  -02.56130000e-03
  07.36598000e+01   05.39803000e+01   03.03936000e+01  -08.86000000e-04
  06.69531000e+01   05.98132000e+01   03.90958000e+01   02.66600000e-04
  06.55831000e+01   06.04779000e+01   04.01105000e+01   02.07780000e-03
  06.58782000e+01   05.87937000e+01   03.97896000e+01   03.44650000e-03
  06.07016000e+01   05.26459000e+01   03.80464000e+01   02.98050000e-03
  06.23235000e+01   05.35128000e+01   03.82582000e+01  -05.01900000e-04
  07.07957000e+01   05.32342000e+01   03.62736000e+01  -05.40000000e-06
  06.97474000e+01   05.19001000e+01   03.56077000e+01  -02.73660000e-03
  06.51831000e+01   06.07508000e+01   03.76352000e+01   06.65000000e-04
  06.39590000e+01   06.00857000e+01   03.87084000e+01  -04.07950000e-03
  07.14592000e+01   05.14969000e+01   03.38508000e+01   01.58140000e-02
  07.18775000e+01   05.32655000e+01   03.42050000e+01   09.11190000e-03
  07.55321000e+01   06.03239000e+01   05.12170000e+01   00.00000000e+00
  07.71693000e+01   05.98920000e+01   05.11708000e+01   00.00000000e+00
  07.68515000e+01   06.15463000e+01   05.13120000e+01   00.00000000e+00
  07.48842000e+01   06.23056000e+01   04.92147000e+01   00.00000000e+00
  07.52356000e+01   06.14355000e+01   04.77204000e+01   00.00000000e+00
  07.42270000e+01   06.06787000e+01   04.88940000e+01   00.00000000e+00
  07.58281000e+01   05.86856000e+01   04.85395000e+01   00.00000000e+00
  07.73820000e+01   05.87793000e+01   04.93678000e+01   00.00000000e+00
  07.79180000e+01   06.00058000e+01   04.70733000e+01   00.00000000e+00
  07.63228000e+01   05.98662000e+01   04.66041000e+01   00.00000000e+00
  07.64448000e+01   05.73550000e+01   04.64910000e+01   00.00000000e+00
  07.80528000e+01   05.74198000e+01   04.71807000e+01   00.00000000e+00
  07.93557000e+01   05.89566000e+01   04.39727000e+01   00.00000000e+00
  07.97189000e+01   05.90584000e+01   04.57014000e+01   00.00000000e+00
  08.00294000e+01   05.76268000e+01   04.50033000e+01   00.00000000e+00
  07.66445000e+01   05.63341000e+01   04.44687000e+01   00.00000000e+00
  07.82732000e+01   05.59389000e+01   04.46121000e+01   00.00000000e+00
  07.86193000e+01   05.72889000e+01   04.25195000e+01   00.00000000e+00
  07.67964000e+01   05.75352000e+01   04.23698000e+01   00.00000000e+00
  07.64327000e+01   05.50863000e+01   04.24509000e+01   00.00000000e+00
  07.81838000e+01   05.47751000e+01   04.22425000e+01   00.00000000e+00
  06.73169000e+01   05.96652000e+01   03.67673000e+01   07.20400000e-04
  06.27428000e+01   05.52242000e+01   03.70083000e+01  -02.39543000e-02
  06.60427000e+01   05.11676000e+01   03.33795000e+01   04.89340000e-03
  07.20080000e+01   05.53476000e+01   03.41685000e+01  -02.28199000e-02
  06.12126000e+01   05.20095000e+01   03.56450000e+01  -01.51750000e-03
  07.83163000e+01   05.65669000e+01   03.87300000e+01   00.00000000e+00
  07.84877000e+01   05.74413000e+01   04.03231000e+01   00.00000000e+00
  07.93469000e+01   05.59170000e+01   04.00683000e+01   00.00000000e+00
  07.64068000e+01   05.62851000e+01   04.04147000e+01   00.00000000e+00
  07.63754000e+01   05.37191000e+01   04.03653000e+01   00.00000000e+00
  07.81299000e+01   05.37741000e+01   03.98715000e+01   00.00000000e+00
  07.72606000e+01   05.48650000e+01   03.78014000e+01   00.00000000e+00
  07.55320000e+01   05.43915000e+01   03.84570000e+01   00.00000000e+00
  07.76887000e+01   05.25985000e+01   03.75550000e+01   00.00000000e+00
  07.61561000e+01   05.30712000e+01   03.66686000e+01   00.00000000e+00
  07.77927000e+01   05.13122000e+01   03.95555000e+01   00.00000000e+00
  07.62600000e+01   05.03667000e+01   04.00449000e+01   00.00000000e+00
  07.71132000e+01   05.00118000e+01   03.86016000e+01   00.00000000e+00
  06.88817000e+01   05.11337000e+01   03.34929000e+01   05.57290000e-03
  07.05665000e+01   05.31517000e+01   03.22706000e+01  -01.28866000e-02
  07.42072000e+01   05.24585000e+01   03.94583000e+01   00.00000000e+00
  07.72453000e+01   06.12466000e+01   04.90384000e+01   00.00000000e+00
  07.73062000e+01   05.88164000e+01   04.46157000e+01   00.00000000e+00
  07.30302000e+01   05.05095000e+01   03.85499000e+01  -01.99830000e-03
  07.42725000e+01   05.05251000e+01   03.72330000e+01  -01.85290000e-03
