  07.17566000e+01   05.11326000e+01   03.50822000e+01  -06.11779000e-02
  06.24430000e+01   05.12638000e+01   03.73196000e+01   01.75852000e-02
  06.49417000e+01   05.88741000e+01   03.85090000e+01   01.01800000e-02
  07.18933000e+01   05.62865000e+01   03.51535000e+01  -01.32723000e-02
  06.85205000e+01   05.27021000e+01   03.53259000e+01  -04.57645000e-02
  07.17844000e+01   05.12205000e+01   03.66303000e+01   02.46758000e-02
  06.21154000e+01   05.14774000e+01   03.85886000e+01  -01.71993000e-02
  06.58726000e+01   05.93350000e+01   03.96421000e+01  -09.39340000e-03
  07.18153000e+01   05.47429000e+01   03.46751000e+01   07.66074000e-02
  06.56398000e+01   05.27053000e+01   03.63364000e+01   09.44338000e-02
  07.28645000e+01   05.70432000e+01   03.51224000e+01   01.54319000e-02
  07.30862000e+01   05.10042000e+01   03.72567000e+01  -01.56515000e-02
  07.20262000e+01   05.46470000e+01   03.31827000e+01  -02.00050000e-02
  06.84978000e+01   05.55566000e+01   03.61984000e+01  -08.09918000e-02
  07.33265000e+01   05.34571000e+01   03.14871000e+01   04.03650000e-03
  07.03761000e+01   05.42079000e+01   03.50881000e+01  -01.43447000e-01
  06.68970000e+01   05.07705000e+01   03.54123000e+01   01.23287000e-02
  06.39161000e+01   05.40118000e+01   03.75566000e+01   02.21683000e-01
  06.73885000e+01   05.75515000e+01   03.72356000e+01  -05.42921000e-02
  06.87656000e+01   05.01619000e+01   03.29493000e+01   02.66866000e-02
  06.43026000e+01   04.91715000e+01   03.57608000e+01   04.35609000e-02
  06.26132000e+01   05.66596000e+01   03.86886000e+01   02.36507000e-02
  07.03035000e+01   05.89167000e+01   03.65503000e+01  -06.09964000e-02
  07.53413000e+01   05.18872000e+01   03.75555000e+01   08.71130000e-03
  06.98066000e+01   05.29407000e+01   03.49523000e+01   01.26858000e-01
  06.57563000e+01   05.13505000e+01   03.59479000e+01  -03.45042000e-02
  06.46216000e+01   05.52441000e+01   03.76360000e+01  -02.04376000e-01
  06.85316000e+01   05.69124000e+01   03.66858000e+01   07.60142000e-02
  07.33141000e+01   05.00137000e+01   03.79410000e+01   05.08730000e-03
  07.13323000e+01   05.50630000e+01   03.22705000e+01   06.92200000e-04
  07.53760000e+01   05.29050000e+01   03.86183000e+01   00.00000000e+00
  07.04120000e+01   05.16720000e+01   03.43480000e+01   07.64245000e-02
  06.45674000e+01   05.06806000e+01   03.61895000e+01  -04.66821000e-02
  06.39803000e+01   05.64462000e+01   03.81306000e+01   01.65461000e-02
  06.98944000e+01   05.75501000e+01   03.63859000e+01   05.49912000e-02
  07.39979000e+01   05.20695000e+01   03.70949000e+01   03.30200000e-04
  07.31132000e+01   05.38006000e+01   03.29298000e+01   04.02810000e-03
  07.50943000e+01   05.26635000e+01   03.99144000e+01   00.00000000e+00
  06.92421000e+01   05.06416000e+01   03.43491000e+01  -04.69336000e-02
  06.37450000e+01   05.15803000e+01   03.68404000e+01  -07.68710000e-03
  06.50213000e+01   05.74387000e+01   03.80354000e+01  -03.37389000e-02
  07.05880000e+01   05.65387000e+01   03.57380000e+01   03.64969000e-02
  07.37207000e+01   05.28663000e+01   04.05653000e+01   00.00000000e+00
  06.81203000e+01   05.13779000e+01   03.50820000e+01  -09.58259000e-02
  06.43889000e+01   05.28407000e+01   03.69272000e+01  -01.77941000e-01
  06.61814000e+01   05.68393000e+01   03.74658000e+01   06.74294000e-02
  06.97801000e+01   05.53378000e+01   03.57222000e+01   01.44326000e-01
  07.62029000e+01   05.22518000e+01   04.08991000e+01   00.00000000e+00
  07.72791000e+01   05.32764000e+01   04.12808000e+01   00.00000000e+00
  07.68081000e+01   05.46778000e+01   04.15166000e+01   00.00000000e+00
  07.78479000e+01   05.58075000e+01   04.19090000e+01   00.00000000e+00
  07.86500000e+01   05.63372000e+01   04.07231000e+01   00.00000000e+00
  07.87139000e+01   05.54105000e+01   04.32176000e+01   00.00000000e+00
  07.94780000e+01   05.65406000e+01   04.38598000e+01   00.00000000e+00
  08.00314000e+01   05.61099000e+01   04.52535000e+01   00.00000000e+00
  08.02145000e+01   05.72767000e+01   04.63323000e+01   00.00000000e+00
  08.13279000e+01   05.82200000e+01   04.57975000e+01   00.00000000e+00
  08.05570000e+01   05.66533000e+01   04.77111000e+01   00.00000000e+00
  08.04252000e+01   05.76587000e+01   04.89249000e+01   00.00000000e+00
  08.06799000e+01   05.67742000e+01   05.02135000e+01   00.00000000e+00
  08.02629000e+01   05.75928000e+01   05.15837000e+01   00.00000000e+00
  07.88059000e+01   05.81479000e+01   05.16295000e+01   00.00000000e+00
  08.04873000e+01   05.68656000e+01   05.29760000e+01   00.00000000e+00
  06.58820000e+01   05.54808000e+01   03.72581000e+01   03.65717000e-02
  06.71536000e+01   05.40515000e+01   03.63998000e+01  -06.37550000e-03
  06.96436000e+01   05.93910000e+01   03.72344000e+01   01.79582000e-02
  07.14024000e+01   05.90024000e+01   03.67706000e+01   01.23366000e-02
  07.01609000e+01   05.93309000e+01   03.55312000e+01   01.80857000e-02
  06.19564000e+01   05.58541000e+01   03.86198000e+01  -03.55350000e-03
  06.25765000e+01   05.65905000e+01   03.97940000e+01  -05.48890000e-03
  06.21653000e+01   05.76070000e+01   03.82741000e+01  -05.73590000e-03
  06.46658000e+01   04.86324000e+01   03.65989000e+01  -01.16015000e-02
  06.32836000e+01   04.88055000e+01   03.56401000e+01  -01.03548000e-02
  06.49173000e+01   04.88464000e+01   03.50546000e+01  -01.10806000e-02
  06.79970000e+01   04.92991000e+01   03.30000000e+01  -06.50300000e-03
  06.83645000e+01   05.09462000e+01   03.23879000e+01  -03.84930000e-03
  06.96338000e+01   04.97271000e+01   03.25110000e+01  -06.75510000e-03
  07.33690000e+01   05.43571000e+01   03.09089000e+01   06.96000000e-05
  07.42346000e+01   05.28466000e+01   03.14074000e+01  -02.56130000e-03
  07.24534000e+01   05.29119000e+01   03.12652000e+01  -08.86000000e-04
  06.56122000e+01   06.02669000e+01   04.00233000e+01   02.66600000e-04
  06.57940000e+01   05.86898000e+01   04.05280000e+01   02.07780000e-03
  06.69078000e+01   05.94123000e+01   03.92459000e+01   03.44650000e-03
  06.11450000e+01   05.11448000e+01   03.88900000e+01   02.98050000e-03
  06.27586000e+01   05.20193000e+01   03.92910000e+01  -05.01900000e-04
  07.13676000e+01   05.21505000e+01   03.70334000e+01  -05.40000000e-06
  07.11430000e+01   05.04766000e+01   03.70872000e+01  -02.73660000e-03
  06.51654000e+01   05.95909000e+01   03.77494000e+01   06.65000000e-04
  06.39502000e+01   05.91083000e+01   03.88881000e+01  -04.07950000e-03
  07.20362000e+01   05.01316000e+01   03.47841000e+01   01.58140000e-02
  07.25391000e+01   05.17380000e+01   03.46989000e+01   09.11190000e-03
  07.99618000e+01   05.59836000e+01   05.29123000e+01   00.00000000e+00
  08.15680000e+01   05.67645000e+01   05.30631000e+01   00.00000000e+00
  08.00557000e+01   05.73490000e+01   05.38306000e+01   00.00000000e+00
  07.85554000e+01   05.87844000e+01   05.25209000e+01   00.00000000e+00
  07.84779000e+01   05.86774000e+01   05.07784000e+01   00.00000000e+00
  07.81053000e+01   05.73821000e+01   05.15875000e+01   00.00000000e+00
  08.00044000e+01   05.58688000e+01   05.01674000e+01   00.00000000e+00
  08.17250000e+01   05.64867000e+01   05.01932000e+01   00.00000000e+00
  08.11270000e+01   05.84546000e+01   04.88630000e+01   00.00000000e+00
  07.94351000e+01   05.80036000e+01   04.91156000e+01   00.00000000e+00
  07.97697000e+01   05.58769000e+01   04.79377000e+01   00.00000000e+00
  08.15497000e+01   05.61888000e+01   04.77278000e+01   00.00000000e+00
  08.11715000e+01   05.84837000e+01   04.47945000e+01   00.00000000e+00
  08.11700000e+01   05.91279000e+01   04.64312000e+01   00.00000000e+00
  08.23815000e+01   05.77403000e+01   04.58368000e+01   00.00000000e+00
  07.91810000e+01   05.54782000e+01   04.56113000e+01   00.00000000e+00
  08.09201000e+01   05.54353000e+01   04.51625000e+01   00.00000000e+00
  08.02941000e+01   05.68022000e+01   04.32874000e+01   00.00000000e+00
  07.87679000e+01   05.73583000e+01   04.39488000e+01   00.00000000e+00
  07.78931000e+01   05.51996000e+01   04.38396000e+01   00.00000000e+00
  07.94363000e+01   05.46520000e+01   04.30049000e+01   00.00000000e+00
  06.75399000e+01   05.86162000e+01   03.74572000e+01   07.20400000e-04
  06.28855000e+01   05.40489000e+01   03.79049000e+01  -02.39543000e-02
  06.69144000e+01   04.96602000e+01   03.52424000e+01   04.89340000e-03
  07.26116000e+01   05.42206000e+01   03.52593000e+01  -02.28199000e-02
  06.16707000e+01   05.07329000e+01   03.67489000e+01  -01.51750000e-03
  07.81712000e+01   05.62783000e+01   03.97179000e+01   00.00000000e+00
  07.91821000e+01   05.72803000e+01   04.08248000e+01   00.00000000e+00
  07.93438000e+01   05.55540000e+01   04.06246000e+01   00.00000000e+00
  07.72363000e+01   05.66211000e+01   04.22965000e+01   00.00000000e+00
  07.62794000e+01   05.50921000e+01   04.07086000e+01   00.00000000e+00
  07.61703000e+01   05.45720000e+01   04.24706000e+01   00.00000000e+00
  07.79573000e+01   05.29790000e+01   04.20649000e+01   00.00000000e+00
  07.79372000e+01   05.33252000e+01   04.04425000e+01   00.00000000e+00
  07.57815000e+01   05.19194000e+01   04.18730000e+01   00.00000000e+00
  07.66749000e+01   05.13559000e+01   04.04528000e+01   00.00000000e+00
  07.38687000e+01   05.35081000e+01   04.13843000e+01   00.00000000e+00
  07.29439000e+01   05.31725000e+01   03.98305000e+01   00.00000000e+00
  07.34053000e+01   05.18827000e+01   04.10243000e+01   00.00000000e+00
  06.94542000e+01   04.98185000e+01   03.49987000e+01   05.57290000e-03
  07.05771000e+01   05.19020000e+01   03.33195000e+01  -01.28866000e-02
  07.57282000e+01   05.38788000e+01   03.83477000e+01   00.00000000e+00
  08.07339000e+01   05.85890000e+01   05.15562000e+01   00.00000000e+00
  07.93195000e+01   05.79164000e+01   04.64431000e+01   00.00000000e+00
  07.54712000e+01   05.08952000e+01   03.79295000e+01  -01.99830000e-03
  07.60546000e+01   05.20114000e+01   03.67727000e+01  -01.85290000e-03
