  07.13608000e+01   05.09348000e+01   03.53182000e+01  -06.11779000e-02
  06.25799000e+01   05.13915000e+01   03.85804000e+01   01.75852000e-02
  06.53291000e+01   05.89019000e+01   03.85836000e+01   01.01800000e-02
  07.16840000e+01   05.58721000e+01   03.48373000e+01  -01.32723000e-02
  06.81905000e+01   05.24303000e+01   03.53344000e+01  -04.57645000e-02
  07.12736000e+01   05.07134000e+01   03.68452000e+01   02.46758000e-02
  06.24810000e+01   05.19975000e+01   03.98236000e+01  -01.71993000e-02
  06.62755000e+01   05.90382000e+01   03.98500000e+01  -09.39340000e-03
  07.16172000e+01   05.43011000e+01   03.46279000e+01   07.66074000e-02
  06.55788000e+01   05.25316000e+01   03.66265000e+01   09.44338000e-02
  07.26946000e+01   05.65258000e+01   03.47552000e+01   01.54319000e-02
  07.26842000e+01   05.05173000e+01   03.73775000e+01  -01.56515000e-02
  07.20590000e+01   05.39827000e+01   03.31705000e+01  -02.00050000e-02
  06.82770000e+01   05.53971000e+01   03.56578000e+01  -08.09918000e-02
  07.35261000e+01   05.24325000e+01   03.19088000e+01   04.03650000e-03
  07.01423000e+01   05.38604000e+01   03.49879000e+01  -01.43447000e-01
  06.66212000e+01   05.04944000e+01   03.56608000e+01   01.23287000e-02
  06.41040000e+01   05.40731000e+01   03.77821000e+01   02.21683000e-01
  06.73012000e+01   05.74383000e+01   03.66536000e+01  -05.42921000e-02
  06.85605000e+01   04.98000000e+01   03.30850000e+01   02.66866000e-02
  06.42691000e+01   04.89821000e+01   03.72668000e+01   04.35609000e-02
  06.30667000e+01   05.65585000e+01   03.93143000e+01   02.36507000e-02
  07.00184000e+01   05.88531000e+01   03.55272000e+01  -06.09964000e-02
  07.45521000e+01   05.14960000e+01   03.85631000e+01   08.71130000e-03
  06.95173000e+01   05.26374000e+01   03.49617000e+01   01.26858000e-01
  06.56080000e+01   05.11364000e+01   03.63871000e+01  -03.45042000e-02
  06.47010000e+01   05.52806000e+01   03.76961000e+01  -02.04376000e-01
  06.83022000e+01   05.68254000e+01   03.59215000e+01   07.60142000e-02
  07.33086000e+01   04.94890000e+01   03.72748000e+01   05.08730000e-03
  07.17176000e+01   05.45430000e+01   03.21351000e+01   06.92200000e-04
  07.45862000e+01   05.25463000e+01   03.96920000e+01   00.00000000e+00
  07.01347000e+01   05.13192000e+01   03.45043000e+01   07.64245000e-02
  06.45155000e+01   05.04881000e+01   03.70593000e+01  -04.66821000e-02
  06.42146000e+01   05.64948000e+01   03.83790000e+01   01.65461000e-02
  06.95582000e+01   05.74243000e+01   03.53991000e+01   05.49912000e-02
  07.32223000e+01   05.16623000e+01   03.79066000e+01   03.30200000e-04
  07.28947000e+01   05.28999000e+01   03.31409000e+01   04.02810000e-03
  07.44649000e+01   05.22673000e+01   04.10241000e+01   00.00000000e+00
  06.89470000e+01   05.03243000e+01   03.44889000e+01  -04.69336000e-02
  06.37003000e+01   05.15180000e+01   03.76651000e+01  -07.68710000e-03
  06.52605000e+01   05.74892000e+01   03.80518000e+01  -03.37389000e-02
  07.03322000e+01   05.62688000e+01   03.51345000e+01   03.64969000e-02
  07.32587000e+01   05.26398000e+01   04.18699000e+01   00.00000000e+00
  06.78575000e+01   05.10575000e+01   03.52374000e+01  -09.58259000e-02
  06.43829000e+01   05.27792000e+01   03.72979000e+01  -01.77941000e-01
  06.62174000e+01   05.67805000e+01   03.72313000e+01   06.74294000e-02
  06.95036000e+01   05.51197000e+01   03.52760000e+01   01.44326000e-01
  07.57621000e+01   05.18864000e+01   04.18654000e+01   00.00000000e+00
  07.69092000e+01   05.28871000e+01   04.17860000e+01   00.00000000e+00
  07.65191000e+01   05.43473000e+01   04.19995000e+01   00.00000000e+00
  07.75948000e+01   05.54593000e+01   04.18213000e+01   00.00000000e+00
  07.84128000e+01   05.53865000e+01   04.04633000e+01   00.00000000e+00
  07.84807000e+01   05.56526000e+01   04.30934000e+01   00.00000000e+00
  07.80375000e+01   05.65703000e+01   04.41874000e+01   00.00000000e+00
  07.89651000e+01   05.66163000e+01   04.54814000e+01   00.00000000e+00
  07.85264000e+01   05.75557000e+01   04.66526000e+01   00.00000000e+00
  07.91663000e+01   05.89628000e+01   04.64032000e+01   00.00000000e+00
  07.88673000e+01   05.70102000e+01   04.80990000e+01   00.00000000e+00
  07.85359000e+01   05.79541000e+01   04.92892000e+01   00.00000000e+00
  07.86305000e+01   05.73043000e+01   05.06942000e+01   00.00000000e+00
  07.89296000e+01   05.83350000e+01   05.18639000e+01   00.00000000e+00
  07.77111000e+01   05.93715000e+01   05.21444000e+01   00.00000000e+00
  07.92470000e+01   05.75325000e+01   05.32164000e+01   00.00000000e+00
  06.58403000e+01   05.54583000e+01   03.70481000e+01   03.65717000e-02
  06.69281000e+01   05.38792000e+01   03.61093000e+01  -06.37550000e-03
  06.98751000e+01   05.92977000e+01   03.65032000e+01   01.79582000e-02
  07.11252000e+01   05.88766000e+01   03.53401000e+01   01.23366000e-02
  06.96230000e+01   05.94778000e+01   03.47651000e+01   01.80857000e-02
  06.33742000e+01   05.63242000e+01   04.03536000e+01  -03.55350000e-03
  06.26590000e+01   05.75777000e+01   03.93575000e+01  -05.48890000e-03
  06.21849000e+01   05.58840000e+01   03.91261000e+01  -05.73590000e-03
  06.52300000e+01   04.84933000e+01   03.71257000e+01  -01.16015000e-02
  06.38916000e+01   04.87694000e+01   03.82521000e+01  -01.03548000e-02
  06.34604000e+01   04.87798000e+01   03.65556000e+01  -01.10806000e-02
  06.75814000e+01   04.93839000e+01   03.30866000e+01  -06.50300000e-03
  06.86512000e+01   05.06773000e+01   03.24095000e+01  -03.84930000e-03
  06.94112000e+01   04.90741000e+01   03.28240000e+01  -06.75510000e-03
  07.41429000e+01   05.15923000e+01   03.21551000e+01   06.96000000e-05
  07.29695000e+01   05.22529000e+01   03.09655000e+01  -02.56130000e-03
  07.42044000e+01   05.32120000e+01   03.15429000e+01  -08.86000000e-04
  06.61988000e+01   06.00874000e+01   04.01031000e+01   02.66600000e-04
  06.58996000e+01   05.85128000e+01   04.07032000e+01   02.07780000e-03
  06.72980000e+01   05.88352000e+01   03.96739000e+01   03.44650000e-03
  06.16065000e+01   05.18928000e+01   04.04974000e+01   02.98050000e-03
  06.32762000e+01   05.26581000e+01   04.01719000e+01  -05.01900000e-04
  07.08230000e+01   05.15892000e+01   03.72202000e+01  -05.40000000e-06
  07.07761000e+01   04.97843000e+01   03.70402000e+01  -02.73660000e-03
  06.56086000e+01   05.96482000e+01   03.78061000e+01   06.65000000e-04
  06.43807000e+01   05.92421000e+01   03.88764000e+01  -04.07950000e-03
  07.17168000e+01   05.01034000e+01   03.48878000e+01   01.58140000e-02
  07.21411000e+01   05.16599000e+01   03.53816000e+01   09.11190000e-03
  07.96404000e+01   05.81966000e+01   05.39211000e+01   00.00000000e+00
  07.82791000e+01   05.73055000e+01   05.36161000e+01   00.00000000e+00
  07.97876000e+01   05.66203000e+01   05.31055000e+01   00.00000000e+00
  07.79661000e+01   05.99523000e+01   05.30805000e+01   00.00000000e+00
  07.75393000e+01   06.00372000e+01   05.13661000e+01   00.00000000e+00
  07.68520000e+01   05.88094000e+01   05.22891000e+01   00.00000000e+00
  07.76943000e+01   05.67543000e+01   05.09025000e+01   00.00000000e+00
  07.95201000e+01   05.66592000e+01   05.07889000e+01   00.00000000e+00
  07.90989000e+01   05.88666000e+01   04.92652000e+01   00.00000000e+00
  07.74575000e+01   05.82003000e+01   04.92091000e+01   00.00000000e+00
  07.85099000e+01   05.59693000e+01   04.83643000e+01   00.00000000e+00
  07.99376000e+01   05.68581000e+01   04.82221000e+01   00.00000000e+00
  08.01892000e+01   05.90156000e+01   04.65923000e+01   00.00000000e+00
  07.91139000e+01   05.91255000e+01   04.53011000e+01   00.00000000e+00
  07.87319000e+01   05.96882000e+01   04.71217000e+01   00.00000000e+00
  07.89954000e+01   05.56113000e+01   04.58104000e+01   00.00000000e+00
  07.99326000e+01   05.69284000e+01   04.50607000e+01   00.00000000e+00
  07.79306000e+01   05.76215000e+01   04.38417000e+01   00.00000000e+00
  07.70574000e+01   05.62943000e+01   04.45187000e+01   00.00000000e+00
  07.86947000e+01   05.46581000e+01   04.34281000e+01   00.00000000e+00
  07.94308000e+01   05.60029000e+01   04.26661000e+01   00.00000000e+00
  06.75616000e+01   05.83804000e+01   03.69779000e+01   07.20400000e-04
  06.32411000e+01   05.41688000e+01   03.84014000e+01  -02.39543000e-02
  06.65682000e+01   04.93807000e+01   03.55128000e+01   04.89340000e-03
  07.23107000e+01   05.39381000e+01   03.54226000e+01  -02.28199000e-02
  06.17971000e+01   05.07356000e+01   03.82582000e+01  -01.51750000e-03
  07.76548000e+01   05.53649000e+01   03.97025000e+01   00.00000000e+00
  07.90391000e+01   05.62860000e+01   04.02888000e+01   00.00000000e+00
  07.90986000e+01   05.45430000e+01   04.04831000e+01   00.00000000e+00
  07.70455000e+01   05.63822000e+01   04.16300000e+01   00.00000000e+00
  07.57316000e+01   05.45293000e+01   04.12579000e+01   00.00000000e+00
  07.60449000e+01   05.46034000e+01   04.29788000e+01   00.00000000e+00
  07.75502000e+01   05.25059000e+01   04.25631000e+01   00.00000000e+00
  07.74494000e+01   05.27537000e+01   04.08858000e+01   00.00000000e+00
  07.54843000e+01   05.18490000e+01   04.29413000e+01   00.00000000e+00
  07.61170000e+01   05.08613000e+01   04.14176000e+01   00.00000000e+00
  07.37286000e+01   05.34587000e+01   04.25385000e+01   00.00000000e+00
  07.24077000e+01   05.30067000e+01   04.13022000e+01   00.00000000e+00
  07.28970000e+01   05.18350000e+01   04.25391000e+01   00.00000000e+00
  06.91529000e+01   04.94736000e+01   03.50692000e+01   05.57290000e-03
  07.04195000e+01   05.14646000e+01   03.34802000e+01  -01.28866000e-02
  07.49154000e+01   05.35018000e+01   03.94062000e+01   00.00000000e+00
  07.98106000e+01   05.88603000e+01   05.16392000e+01   00.00000000e+00
  07.74042000e+01   05.76885000e+01   04.66806000e+01   00.00000000e+00
  07.46468000e+01   05.05626000e+01   03.90834000e+01  -01.99830000e-03
  07.54273000e+01   05.15895000e+01   03.78004000e+01  -01.85290000e-03
