  07.14461000e+01   05.20215000e+01   03.39833000e+01  -06.11779000e-02
  06.23345000e+01   05.15704000e+01   03.69236000e+01   01.75852000e-02
  06.48328000e+01   05.92469000e+01   03.81873000e+01   01.01800000e-02
  07.14532000e+01   05.68258000e+01   03.39751000e+01  -01.32723000e-02
  06.82691000e+01   05.33498000e+01   03.44432000e+01  -04.57645000e-02
  07.13580000e+01   05.15930000e+01   03.54672000e+01   02.46758000e-02
  06.13279000e+01   05.12311000e+01   03.61173000e+01  -01.71993000e-02
  06.59139000e+01   05.97599000e+01   03.91071000e+01  -09.39340000e-03
  07.13761000e+01   05.52840000e+01   03.35241000e+01   07.66074000e-02
  06.55462000e+01   05.32140000e+01   03.55641000e+01   09.44338000e-02
  07.24795000e+01   05.75480000e+01   03.38935000e+01   01.54319000e-02
  07.25972000e+01   05.09464000e+01   03.59953000e+01  -01.56515000e-02
  07.16793000e+01   05.51982000e+01   03.20692000e+01  -02.00050000e-02
  06.81331000e+01   05.62785000e+01   03.49712000e+01  -08.09918000e-02
  07.29679000e+01   05.40478000e+01   03.04001000e+01   04.03650000e-03
  07.00651000e+01   05.49031000e+01   03.39902000e+01  -01.43447000e-01
  06.67871000e+01   05.14217000e+01   03.44347000e+01   01.23287000e-02
  06.39537000e+01   05.43866000e+01   03.69364000e+01   02.21683000e-01
  06.71639000e+01   05.81384000e+01   03.62527000e+01  -05.42921000e-02
  06.84727000e+01   05.10429000e+01   03.16807000e+01   02.66866000e-02
  06.41225000e+01   04.97954000e+01   03.47929000e+01   04.35609000e-02
  06.29120000e+01   05.66990000e+01   03.88174000e+01   02.36507000e-02
  06.99575000e+01   05.95958000e+01   03.54349000e+01  -06.09964000e-02
  07.49508000e+01   05.13096000e+01   03.64104000e+01   08.71130000e-03
  06.94712000e+01   05.36320000e+01   03.39463000e+01   01.26858000e-01
  06.56401000e+01   05.19419000e+01   03.50696000e+01  -03.45042000e-02
  06.45905000e+01   05.56426000e+01   03.71131000e+01  -02.04376000e-01
  06.81724000e+01   05.76140000e+01   03.54376000e+01   07.60142000e-02
  07.27337000e+01   04.98078000e+01   03.63459000e+01   05.08730000e-03
  07.11128000e+01   05.58161000e+01   03.12281000e+01   06.92200000e-04
  07.51594000e+01   05.16976000e+01   03.78452000e+01   00.00000000e+00
  07.01226000e+01   05.24856000e+01   03.32787000e+01   07.64245000e-02
  06.43792000e+01   05.11676000e+01   03.53437000e+01  -04.66821000e-02
  06.40483000e+01   05.67720000e+01   03.78996000e+01   01.65461000e-02
  06.94516000e+01   05.82207000e+01   03.50626000e+01   05.49912000e-02
  07.36125000e+01   05.18693000e+01   03.60337000e+01   03.30200000e-04
  07.26230000e+01   05.43065000e+01   03.18319000e+01   04.02810000e-03
  07.63881000e+01   05.20074000e+01   03.83678000e+01   00.00000000e+00
  06.89742000e+01   05.14574000e+01   03.31743000e+01  -04.69336000e-02
  06.36006000e+01   05.19874000e+01   03.61879000e+01  -07.68710000e-03
  06.49626000e+01   05.78196000e+01   03.76672000e+01  -03.37389000e-02
  07.01548000e+01   05.71802000e+01   03.44872000e+01   03.64969000e-02
  07.73922000e+01   05.09737000e+01   03.87855000e+01   00.00000000e+00
  06.79712000e+01   05.20943000e+01   03.40777000e+01  -09.58259000e-02
  06.43502000e+01   05.32842000e+01   03.62696000e+01  -01.77941000e-01
  06.60014000e+01   05.73996000e+01   03.67302000e+01   06.74294000e-02
  06.93142000e+01   05.60744000e+01   03.44031000e+01   01.44326000e-01
  07.69314000e+01   05.34384000e+01   03.82354000e+01   00.00000000e+00
  07.64393000e+01   05.44050000e+01   03.93074000e+01   00.00000000e+00
  07.69003000e+01   05.40203000e+01   04.06348000e+01   00.00000000e+00
  07.63513000e+01   05.48002000e+01   04.18727000e+01   00.00000000e+00
  07.71613000e+01   05.61197000e+01   04.19092000e+01   00.00000000e+00
  07.64017000e+01   05.40691000e+01   04.32563000e+01   00.00000000e+00
  07.60599000e+01   05.48515000e+01   04.45495000e+01   00.00000000e+00
  07.72453000e+01   05.53997000e+01   04.53852000e+01   00.00000000e+00
  07.72176000e+01   05.69755000e+01   04.58071000e+01   00.00000000e+00
  07.86872000e+01   05.72992000e+01   04.63782000e+01   00.00000000e+00
  07.60509000e+01   05.72605000e+01   04.68164000e+01   00.00000000e+00
  07.58218000e+01   05.87460000e+01   04.70895000e+01   00.00000000e+00
  07.47816000e+01   05.89200000e+01   04.82888000e+01   00.00000000e+00
  07.42616000e+01   06.04023000e+01   04.85109000e+01   00.00000000e+00
  07.32475000e+01   06.08578000e+01   04.74513000e+01   00.00000000e+00
  07.37849000e+01   06.05446000e+01   04.99085000e+01   00.00000000e+00
  06.57050000e+01   05.60649000e+01   03.64677000e+01   03.65717000e-02
  06.69003000e+01   05.46894000e+01   03.54069000e+01  -06.37550000e-03
  06.96517000e+01   05.97826000e+01   03.64684000e+01   01.79582000e-02
  07.10539000e+01   05.96303000e+01   03.53923000e+01   01.23366000e-02
  06.95618000e+01   06.03259000e+01   03.47057000e+01   01.80857000e-02
  06.30621000e+01   05.74764000e+01   03.95385000e+01  -03.55350000e-03
  06.19434000e+01   05.67503000e+01   03.83554000e+01  -05.48890000e-03
  06.30067000e+01   05.58113000e+01   03.94905000e+01  -05.73590000e-03
  06.37255000e+01   04.91416000e+01   03.55479000e+01  -01.16015000e-02
  06.33586000e+01   04.99473000e+01   03.40027000e+01  -01.03548000e-02
  06.50092000e+01   04.92712000e+01   03.45300000e+01  -01.10806000e-02
  06.93527000e+01   05.05744000e+01   03.12733000e+01  -06.50300000e-03
  06.76632000e+01   05.03266000e+01   03.16746000e+01  -03.84930000e-03
  06.81933000e+01   05.19539000e+01   03.11647000e+01  -06.75510000e-03
  07.38267000e+01   05.33620000e+01   03.03205000e+01   06.96000000e-05
  07.21505000e+01   05.36775000e+01   02.97525000e+01  -02.56130000e-03
  07.33029000e+01   05.49979000e+01   02.99208000e+01  -08.86000000e-04
  06.58698000e+01   05.91539000e+01   04.00080000e+01   02.66600000e-04
  06.69081000e+01   05.98186000e+01   03.86897000e+01   02.07780000e-03
  06.56006000e+01   06.07588000e+01   03.94503000e+01   03.44650000e-03
  06.03980000e+01   05.08595000e+01   03.65534000e+01   02.98050000e-03
  06.14139000e+01   05.10947000e+01   03.50140000e+01  -05.01900000e-04
  07.11678000e+01   05.25092000e+01   03.60684000e+01  -05.40000000e-06
  07.04821000e+01   05.09218000e+01   03.55395000e+01  -02.73660000e-03
  06.48798000e+01   05.99763000e+01   03.73487000e+01   06.65000000e-04
  06.39153000e+01   05.93568000e+01   03.88220000e+01  -04.07950000e-03
  07.16447000e+01   05.10561000e+01   03.34346000e+01   01.58140000e-02
  07.23881000e+01   05.26278000e+01   03.39090000e+01   09.11190000e-03
  07.30399000e+01   05.97778000e+01   05.00692000e+01   00.00000000e+00
  07.46226000e+01   06.03604000e+01   05.06608000e+01   00.00000000e+00
  07.33210000e+01   06.15129000e+01   05.01931000e+01   00.00000000e+00
  07.23213000e+01   06.02275000e+01   04.74724000e+01   00.00000000e+00
  07.29139000e+01   06.18536000e+01   04.76320000e+01   00.00000000e+00
  07.37524000e+01   06.07683000e+01   04.64777000e+01   00.00000000e+00
  07.38856000e+01   05.82345000e+01   04.82243000e+01   00.00000000e+00
  07.53174000e+01   05.85805000e+01   04.91659000e+01   00.00000000e+00
  07.67788000e+01   05.91171000e+01   04.74357000e+01   00.00000000e+00
  07.54114000e+01   05.91693000e+01   04.62196000e+01   00.00000000e+00
  07.51884000e+01   05.69465000e+01   04.62434000e+01   00.00000000e+00
  07.63079000e+01   05.67061000e+01   04.76846000e+01   00.00000000e+00
  07.88732000e+01   05.66824000e+01   04.73090000e+01   00.00000000e+00
  07.93029000e+01   05.69120000e+01   04.56027000e+01   00.00000000e+00
  07.88700000e+01   05.83847000e+01   04.65036000e+01   00.00000000e+00
  07.74616000e+01   05.48029000e+01   04.62658000e+01   00.00000000e+00
  07.80976000e+01   05.53383000e+01   04.47608000e+01   00.00000000e+00
  07.52471000e+01   05.55686000e+01   04.43771000e+01   00.00000000e+00
  07.55882000e+01   05.40580000e+01   04.51134000e+01   00.00000000e+00
  07.58545000e+01   05.31984000e+01   04.30446000e+01   00.00000000e+00
  07.74327000e+01   05.38212000e+01   04.34141000e+01   00.00000000e+00
  06.71718000e+01   05.92206000e+01   03.65744000e+01   07.20400000e-04
  06.30118000e+01   05.42021000e+01   03.75086000e+01  -02.39543000e-02
  06.68676000e+01   05.03388000e+01   03.42077000e+01   04.89340000e-03
  07.20759000e+01   05.46989000e+01   03.40762000e+01  -02.28199000e-02
  06.21451000e+01   05.17087000e+01   03.80199000e+01  -01.51750000e-03
  07.66185000e+01   05.67813000e+01   04.25852000e+01   00.00000000e+00
  07.82072000e+01   05.59383000e+01   04.22450000e+01   00.00000000e+00
  07.72643000e+01   05.65816000e+01   04.09108000e+01   00.00000000e+00
  07.53123000e+01   05.49626000e+01   04.17638000e+01   00.00000000e+00
  07.65057000e+01   05.29960000e+01   04.07798000e+01   00.00000000e+00
  07.79793000e+01   05.39691000e+01   04.07148000e+01   00.00000000e+00
  07.67120000e+01   05.53999000e+01   03.89486000e+01   00.00000000e+00
  07.53443000e+01   05.43469000e+01   03.92412000e+01   00.00000000e+00
  07.79856000e+01   05.33769000e+01   03.81023000e+01   00.00000000e+00
  07.65847000e+01   05.37425000e+01   03.72634000e+01   00.00000000e+00
  07.72002000e+01   04.99605000e+01   03.83522000e+01   00.00000000e+00
  07.83805000e+01   05.12781000e+01   03.84598000e+01   00.00000000e+00
  07.74760000e+01   05.08541000e+01   03.98875000e+01   00.00000000e+00
  06.93286000e+01   05.05042000e+01   03.36517000e+01   05.57290000e-03
  07.03539000e+01   05.27064000e+01   03.22927000e+01  -01.28866000e-02
  07.43812000e+01   05.16134000e+01   03.85742000e+01   00.00000000e+00
  07.50593000e+01   06.11064000e+01   04.83186000e+01   00.00000000e+00
  07.70711000e+01   05.76990000e+01   04.50001000e+01   00.00000000e+00
  07.50979000e+01   05.02105000e+01   03.62257000e+01  -01.99830000e-03
  07.55893000e+01   05.18566000e+01   03.57266000e+01  -01.85290000e-03
