  07.04722000e+01   05.05651000e+01   03.55084000e+01  -06.11779000e-02
  06.14727000e+01   04.97830000e+01   03.77309000e+01   01.75852000e-02
  06.33701000e+01   05.74430000e+01   03.87122000e+01   01.01800000e-02
  07.02593000e+01   05.54182000e+01   03.48489000e+01  -01.32723000e-02
  06.72617000e+01   05.17017000e+01   03.53340000e+01  -04.57645000e-02
  07.15991000e+01   04.94997000e+01   03.50780000e+01   02.46758000e-02
  06.05292000e+01   04.89343000e+01   03.72155000e+01  -01.71993000e-02
  06.44512000e+01   05.76678000e+01   03.97009000e+01  -09.39340000e-03
  07.04068000e+01   05.38764000e+01   03.46268000e+01   07.66074000e-02
  06.46703000e+01   05.13228000e+01   03.65130000e+01   09.44338000e-02
  07.12020000e+01   05.61594000e+01   03.45706000e+01   01.54319000e-02
  07.29492000e+01   04.93390000e+01   03.58921000e+01  -01.56515000e-02
  07.09848000e+01   05.35700000e+01   03.32916000e+01  -02.00050000e-02
  06.69903000e+01   05.45294000e+01   03.59308000e+01  -08.09918000e-02
  07.20686000e+01   05.18065000e+01   03.21015000e+01   04.03650000e-03
  06.89855000e+01   05.33470000e+01   03.49449000e+01  -01.43447000e-01
  06.59905000e+01   04.95482000e+01   03.53531000e+01   01.23287000e-02
  06.28388000e+01   05.25511000e+01   03.75061000e+01   02.21683000e-01
  06.57633000e+01   05.64141000e+01   03.68461000e+01  -05.42921000e-02
  06.80909000e+01   04.90100000e+01   03.30057000e+01   02.66866000e-02
  06.35448000e+01   04.77238000e+01   03.62061000e+01   04.35609000e-02
  06.13244000e+01   05.50033000e+01   03.87632000e+01   02.36507000e-02
  06.82023000e+01   05.80672000e+01   03.59658000e+01  -06.09964000e-02
  07.38811000e+01   04.87262000e+01   03.79631000e+01   08.71130000e-03
  06.84963000e+01   05.20342000e+01   03.48751000e+01   01.26858000e-01
  06.48578000e+01   04.99740000e+01   03.61128000e+01  -03.45042000e-02
  06.33008000e+01   05.38859000e+01   03.76012000e+01  -02.04376000e-01
  06.68545000e+01   05.58746000e+01   03.62258000e+01   07.60142000e-02
  07.40904000e+01   04.96707000e+01   03.55799000e+01   05.08730000e-03
  07.07442000e+01   05.41304000e+01   03.22116000e+01   06.92200000e-04
  07.39395000e+01   04.99654000e+01   03.87037000e+01   00.00000000e+00
  06.93402000e+01   05.08344000e+01   03.44841000e+01   07.64245000e-02
  06.37305000e+01   04.91741000e+01   03.65466000e+01  -04.66821000e-02
  06.26773000e+01   05.50208000e+01   03.80917000e+01   01.65461000e-02
  06.80729000e+01   05.66089000e+01   03.57997000e+01   05.49912000e-02
  07.27119000e+01   04.86803000e+01   03.70773000e+01   03.30200000e-04
  07.18099000e+01   05.24996000e+01   03.33891000e+01   04.02810000e-03
  07.28881000e+01   05.07320000e+01   03.91582000e+01   00.00000000e+00
  06.82662000e+01   04.97374000e+01   03.43994000e+01  -04.69336000e-02
  06.28494000e+01   05.00577000e+01   03.71434000e+01  -07.68710000e-03
  06.35772000e+01   05.61213000e+01   03.80532000e+01  -03.37389000e-02
  06.89223000e+01   05.56457000e+01   03.53341000e+01   03.64969000e-02
  07.22351000e+01   05.18442000e+01   03.84168000e+01   00.00000000e+00
  06.70123000e+01   05.03489000e+01   03.49051000e+01  -09.58259000e-02
  06.34366000e+01   05.13604000e+01   03.70931000e+01  -01.77941000e-01
  06.46828000e+01   05.56333000e+01   03.73455000e+01   06.74294000e-02
  06.82575000e+01   05.44371000e+01   03.54582000e+01   01.44326000e-01
  07.24818000e+01   05.05788000e+01   04.06321000e+01   00.00000000e+00
  07.26665000e+01   05.17909000e+01   04.15618000e+01   00.00000000e+00
  07.40699000e+01   05.18773000e+01   04.20478000e+01   00.00000000e+00
  07.46021000e+01   05.32703000e+01   04.26334000e+01   00.00000000e+00
  07.48706000e+01   05.42862000e+01   04.15130000e+01   00.00000000e+00
  07.58448000e+01   05.31480000e+01   04.36288000e+01   00.00000000e+00
  07.62551000e+01   05.42785000e+01   04.45634000e+01   00.00000000e+00
  07.53196000e+01   05.42991000e+01   04.57542000e+01   00.00000000e+00
  07.56667000e+01   05.54009000e+01   04.67772000e+01   00.00000000e+00
  07.45322000e+01   05.57077000e+01   04.78005000e+01   00.00000000e+00
  07.60452000e+01   05.67169000e+01   04.60061000e+01   00.00000000e+00
  07.64274000e+01   05.79165000e+01   04.67851000e+01   00.00000000e+00
  07.76262000e+01   05.77358000e+01   04.76660000e+01   00.00000000e+00
  07.81375000e+01   05.89363000e+01   04.84812000e+01   00.00000000e+00
  07.95489000e+01   05.87422000e+01   04.91091000e+01   00.00000000e+00
  07.82437000e+01   06.03110000e+01   04.78119000e+01   00.00000000e+00
  06.45639000e+01   05.42465000e+01   03.71741000e+01   03.65717000e-02
  06.57652000e+01   05.29757000e+01   03.61194000e+01  -06.37550000e-03
  06.72648000e+01   05.85815000e+01   03.57051000e+01   01.79582000e-02
  06.85037000e+01   05.81745000e+01   03.69595000e+01   01.23366000e-02
  06.90002000e+01   05.85070000e+01   03.53472000e+01   01.80857000e-02
  06.15291000e+01   05.50077000e+01   03.98141000e+01  -03.55350000e-03
  06.09609000e+01   05.59455000e+01   03.84799000e+01  -05.48890000e-03
  06.06980000e+01   05.41608000e+01   03.84669000e+01  -05.73590000e-03
  06.30041000e+01   04.75853000e+01   03.53121000e+01  -01.16015000e-02
  06.45292000e+01   04.73257000e+01   03.61803000e+01  -01.03548000e-02
  06.30296000e+01   04.72579000e+01   03.69884000e+01  -01.10806000e-02
  06.70668000e+01   04.87292000e+01   03.28666000e+01  -06.50300000e-03
  06.85295000e+01   04.96089000e+01   03.21876000e+01  -03.84930000e-03
  06.84241000e+01   04.79476000e+01   03.30036000e+01  -06.75510000e-03
  07.26462000e+01   05.08533000e+01   03.21393000e+01   06.96000000e-05
  07.11276000e+01   05.17130000e+01   03.15466000e+01  -02.56130000e-03
  07.26488000e+01   05.24955000e+01   03.14992000e+01  -08.86000000e-04
  06.54387000e+01   05.72787000e+01   03.93616000e+01   02.66600000e-04
  06.44431000e+01   05.87220000e+01   04.00057000e+01   02.07780000e-03
  06.41625000e+01   05.69635000e+01   04.04911000e+01   03.44650000e-03
  05.95424000e+01   04.87725000e+01   03.77198000e+01   02.98050000e-03
  06.06779000e+01   04.84036000e+01   03.62629000e+01  -05.01900000e-04
  07.11499000e+01   04.84699000e+01   03.50111000e+01  -05.40000000e-06
  07.18925000e+01   04.97816000e+01   03.41194000e+01  -02.73660000e-03
  06.35123000e+01   05.82649000e+01   03.80164000e+01   06.65000000e-04
  06.23808000e+01   05.75715000e+01   03.91881000e+01  -04.07950000e-03
  07.10824000e+01   05.14743000e+01   03.55786000e+01   01.58140000e-02
  07.01646000e+01   05.02527000e+01   03.65006000e+01   09.11190000e-03
  07.85526000e+01   06.10734000e+01   04.84834000e+01   00.00000000e+00
  07.88862000e+01   06.03768000e+01   04.68969000e+01   00.00000000e+00
  07.71851000e+01   06.05006000e+01   04.75894000e+01   00.00000000e+00
  07.97599000e+01   05.95777000e+01   04.97663000e+01   00.00000000e+00
  07.95902000e+01   05.78376000e+01   04.97084000e+01   00.00000000e+00
  08.02995000e+01   05.87045000e+01   04.82193000e+01   00.00000000e+00
  07.74484000e+01   05.69272000e+01   04.83373000e+01   00.00000000e+00
  07.84594000e+01   05.73877000e+01   04.69775000e+01   00.00000000e+00
  07.65642000e+01   05.87400000e+01   04.61447000e+01   00.00000000e+00
  07.55693000e+01   05.81201000e+01   04.74895000e+01   00.00000000e+00
  07.68611000e+01   05.66249000e+01   04.53645000e+01   00.00000000e+00
  07.51783000e+01   05.70497000e+01   04.54709000e+01   00.00000000e+00
  07.35629000e+01   05.60111000e+01   04.73951000e+01   00.00000000e+00
  07.43404000e+01   05.48009000e+01   04.83101000e+01   00.00000000e+00
  07.48289000e+01   05.63819000e+01   04.86378000e+01   00.00000000e+00
  07.43539000e+01   05.46422000e+01   04.53050000e+01   00.00000000e+00
  07.51107000e+01   05.33096000e+01   04.62132000e+01   00.00000000e+00
  07.73140000e+01   05.40907000e+01   04.48655000e+01   00.00000000e+00
  07.62980000e+01   05.51488000e+01   04.39390000e+01   00.00000000e+00
  07.57497000e+01   05.22206000e+01   04.41838000e+01   00.00000000e+00
  07.66922000e+01   05.30402000e+01   04.29249000e+01   00.00000000e+00
  06.56516000e+01   05.75018000e+01   03.69465000e+01   07.20400000e-04
  06.18127000e+01   05.23510000e+01   03.78458000e+01  -02.39543000e-02
  06.60373000e+01   04.85359000e+01   03.50139000e+01   04.89340000e-03
  07.11054000e+01   05.36393000e+01   03.54750000e+01  -02.28199000e-02
  06.11838000e+01   05.02276000e+01   03.87047000e+01  -01.51750000e-03
  07.40419000e+01   05.41214000e+01   04.08229000e+01   00.00000000e+00
  07.46977000e+01   05.53083000e+01   04.19954000e+01   00.00000000e+00
  07.58176000e+01   05.41577000e+01   04.10067000e+01   00.00000000e+00
  07.37652000e+01   05.35801000e+01   04.32555000e+01   00.00000000e+00
  07.42448000e+01   05.11453000e+01   04.28311000e+01   00.00000000e+00
  07.47137000e+01   05.15388000e+01   04.11879000e+01   00.00000000e+00
  07.23316000e+01   05.27475000e+01   04.11375000e+01   00.00000000e+00
  07.19882000e+01   05.15877000e+01   04.24558000e+01   00.00000000e+00
  07.14569000e+01   05.01970000e+01   04.07168000e+01   00.00000000e+00
  07.30709000e+01   04.97619000e+01   04.10163000e+01   00.00000000e+00
  07.27165000e+01   05.18980000e+01   03.74713000e+01   00.00000000e+00
  07.12119000e+01   05.16281000e+01   03.82560000e+01   00.00000000e+00
  07.24127000e+01   05.27435000e+01   03.90041000e+01   00.00000000e+00
  06.86195000e+01   04.89101000e+01   03.50904000e+01   05.57290000e-03
  06.97768000e+01   05.09258000e+01   03.34676000e+01  -01.28866000e-02
  07.48987000e+01   05.04878000e+01   03.87997000e+01   00.00000000e+00
  07.74849000e+01   05.90081000e+01   04.93533000e+01   00.00000000e+00
  07.64428000e+01   05.51724000e+01   04.74550000e+01   00.00000000e+00
  07.37257000e+01   04.79870000e+01   03.87926000e+01  -01.99830000e-03
  07.47714000e+01   04.84645000e+01   03.73924000e+01  -01.85290000e-03
