  07.17498000e+01   05.26256000e+01   03.36937000e+01  -06.11779000e-02
  06.28368000e+01   05.14103000e+01   03.60750000e+01   01.75852000e-02
  06.47345000e+01   05.91382000e+01   03.80666000e+01   01.01800000e-02
  07.14638000e+01   05.76118000e+01   03.34530000e+01  -01.32723000e-02
  06.84702000e+01   05.38189000e+01   03.35368000e+01  -04.57645000e-02
  07.14740000e+01   05.24752000e+01   03.52331000e+01   02.46758000e-02
  06.19368000e+01   05.06516000e+01   03.54103000e+01  -01.71993000e-02
  06.56891000e+01   05.91371000e+01   03.92792000e+01  -09.39340000e-03
  07.15618000e+01   05.60528000e+01   03.30420000e+01   07.66074000e-02
  06.57759000e+01   05.33190000e+01   03.48440000e+01   09.44338000e-02
  07.23579000e+01   05.84146000e+01   03.32434000e+01   01.54319000e-02
  07.24408000e+01   05.15292000e+01   03.59845000e+01  -01.56515000e-02
  07.20011000e+01   05.59937000e+01   03.16061000e+01  -02.00050000e-02
  06.83113000e+01   05.66219000e+01   03.46318000e+01  -08.09918000e-02
  07.30049000e+01   05.45470000e+01   02.99162000e+01   04.03650000e-03
  07.01721000e+01   05.54669000e+01   03.33729000e+01  -01.43447000e-01
  06.72022000e+01   05.17206000e+01   03.36290000e+01   01.23287000e-02
  06.40698000e+01   05.44017000e+01   03.62987000e+01   02.21683000e-01
  06.71654000e+01   05.82360000e+01   03.60329000e+01  -05.42921000e-02
  06.94102000e+01   05.11276000e+01   03.13502000e+01   02.66866000e-02
  06.50187000e+01   04.96930000e+01   03.42296000e+01   04.35609000e-02
  06.27571000e+01   05.65976000e+01   03.80512000e+01   02.36507000e-02
  06.96596000e+01   06.00630000e+01   03.53378000e+01  -06.09964000e-02
  07.37989000e+01   05.13437000e+01   03.80035000e+01   08.71130000e-03
  06.97180000e+01   05.41995000e+01   03.32084000e+01   01.26858000e-01
  06.59895000e+01   05.20961000e+01   03.42997000e+01  -03.45042000e-02
  06.45628000e+01   05.57197000e+01   03.64733000e+01  -02.04376000e-01
  06.82373000e+01   05.79034000e+01   03.51667000e+01   07.60142000e-02
  07.27417000e+01   05.03889000e+01   03.56230000e+01   05.08730000e-03
  07.15331000e+01   05.66748000e+01   03.06938000e+01   06.92200000e-04
  07.45088000e+01   05.22984000e+01   03.89326000e+01   00.00000000e+00
  07.05549000e+01   05.29781000e+01   03.27703000e+01   07.64245000e-02
  06.49684000e+01   05.11878000e+01   03.46631000e+01  -04.66821000e-02
  06.39563000e+01   05.68360000e+01   03.72627000e+01   01.65461000e-02
  06.94098000e+01   05.86549000e+01   03.48743000e+01   05.49912000e-02
  07.30146000e+01   05.22149000e+01   03.70730000e+01   03.30200000e-04
  07.27532000e+01   05.48788000e+01   03.13992000e+01   04.02810000e-03
  07.58255000e+01   05.24521000e+01   03.90335000e+01   00.00000000e+00
  06.95354000e+01   05.18575000e+01   03.26990000e+01  -04.69336000e-02
  06.40117000e+01   05.19551000e+01   03.53817000e+01  -07.68710000e-03
  06.48929000e+01   05.79084000e+01   03.71776000e+01  -03.37389000e-02
  07.02041000e+01   05.77818000e+01   03.41197000e+01   03.64969000e-02
  07.67589000e+01   05.16076000e+01   03.98695000e+01   00.00000000e+00
  06.82814000e+01   05.25390000e+01   03.32709000e+01  -09.58259000e-02
  06.45360000e+01   05.33101000e+01   03.55219000e+01  -01.77941000e-01
  06.59571000e+01   05.74651000e+01   03.63062000e+01   06.74294000e-02
  06.95032000e+01   05.65367000e+01   03.40291000e+01   01.44326000e-01
  07.64856000e+01   05.36771000e+01   03.83980000e+01   00.00000000e+00
  07.65109000e+01   05.50137000e+01   03.90887000e+01   00.00000000e+00
  07.69696000e+01   05.48479000e+01   04.05490000e+01   00.00000000e+00
  07.71781000e+01   05.61356000e+01   04.13971000e+01   00.00000000e+00
  07.83917000e+01   05.69096000e+01   04.08245000e+01   00.00000000e+00
  07.73961000e+01   05.56170000e+01   04.28530000e+01   00.00000000e+00
  07.71678000e+01   05.66968000e+01   04.39466000e+01   00.00000000e+00
  07.74994000e+01   05.60017000e+01   04.53323000e+01   00.00000000e+00
  07.77180000e+01   05.69642000e+01   04.65278000e+01   00.00000000e+00
  07.87010000e+01   05.63417000e+01   04.75357000e+01   00.00000000e+00
  07.64966000e+01   05.73815000e+01   04.73282000e+01   00.00000000e+00
  07.67097000e+01   05.86508000e+01   04.82673000e+01   00.00000000e+00
  07.53931000e+01   05.92543000e+01   04.88873000e+01   00.00000000e+00
  07.54328000e+01   06.05460000e+01   04.96405000e+01   00.00000000e+00
  07.40270000e+01   06.09110000e+01   05.02902000e+01   00.00000000e+00
  07.64865000e+01   06.04971000e+01   05.07863000e+01   00.00000000e+00
  06.56819000e+01   05.61822000e+01   03.58453000e+01   03.65717000e-02
  06.70538000e+01   05.49207000e+01   03.47734000e+01  -06.37550000e-03
  07.03382000e+01   06.01788000e+01   03.61671000e+01   01.79582000e-02
  07.01866000e+01   06.05925000e+01   03.45060000e+01   01.23366000e-02
  06.87923000e+01   06.06043000e+01   03.57236000e+01   01.80857000e-02
  06.33027000e+01   05.62909000e+01   03.89491000e+01  -03.55350000e-03
  06.21872000e+01   05.75092000e+01   03.81854000e+01  -05.48890000e-03
  06.21650000e+01   05.58147000e+01   03.76295000e+01  -05.73590000e-03
  06.59704000e+01   04.92237000e+01   03.44871000e+01  -01.16015000e-02
  06.42601000e+01   04.91371000e+01   03.47357000e+01  -01.03548000e-02
  06.48682000e+01   04.95231000e+01   03.31438000e+01  -01.10806000e-02
  06.86299000e+01   05.02447000e+01   03.13953000e+01  -06.50300000e-03
  06.91074000e+01   05.17870000e+01   03.05319000e+01  -03.84930000e-03
  07.03594000e+01   05.07054000e+01   03.10416000e+01  -06.75510000e-03
  07.38502000e+01   05.38801000e+01   02.98514000e+01   06.96000000e-05
  07.21538000e+01   05.41187000e+01   02.93344000e+01  -02.56130000e-03
  07.33045000e+01   05.53978000e+01   02.94133000e+01  -08.86000000e-04
  06.54121000e+01   05.83376000e+01   04.00020000e+01   02.66600000e-04
  06.66877000e+01   05.90351000e+01   03.89642000e+01   02.07780000e-03
  06.56304000e+01   06.01199000e+01   03.97303000e+01   03.44650000e-03
  06.08820000e+01   05.04115000e+01   03.58285000e+01   02.98050000e-03
  06.21578000e+01   05.03891000e+01   03.44057000e+01  -05.01900000e-04
  07.15695000e+01   05.35249000e+01   03.55974000e+01  -05.40000000e-06
  07.04148000e+01   05.22073000e+01   03.54272000e+01  -02.73660000e-03
  06.49818000e+01   05.99910000e+01   03.74271000e+01   06.65000000e-04
  06.36799000e+01   05.92598000e+01   03.83250000e+01  -04.07950000e-03
  07.21303000e+01   05.16480000e+01   03.33514000e+01   01.58140000e-02
  07.25883000e+01   05.32712000e+01   03.35275000e+01   09.11190000e-03
  07.63614000e+01   05.96467000e+01   05.14458000e+01   00.00000000e+00
  07.75174000e+01   06.04311000e+01   05.03724000e+01   00.00000000e+00
  07.63275000e+01   06.13871000e+01   05.13567000e+01   00.00000000e+00
  07.37682000e+01   06.02100000e+01   05.10839000e+01   00.00000000e+00
  07.40574000e+01   06.19246000e+01   05.07760000e+01   00.00000000e+00
  07.32961000e+01   06.08766000e+01   04.95163000e+01   00.00000000e+00
  07.45983000e+01   05.92858000e+01   04.81003000e+01   00.00000000e+00
  07.51510000e+01   05.84854000e+01   04.96651000e+01   00.00000000e+00
  07.73447000e+01   05.82928000e+01   04.91143000e+01   00.00000000e+00
  07.72346000e+01   05.94072000e+01   04.77178000e+01   00.00000000e+00
  07.56699000e+01   05.77769000e+01   04.66270000e+01   00.00000000e+00
  07.60605000e+01   05.65955000e+01   04.78835000e+01   00.00000000e+00
  07.95316000e+01   05.60939000e+01   04.68851000e+01   00.00000000e+00
  07.90790000e+01   05.69486000e+01   04.84048000e+01   00.00000000e+00
  07.83999000e+01   05.54019000e+01   04.79308000e+01   00.00000000e+00
  07.66462000e+01   05.54083000e+01   04.55683000e+01   00.00000000e+00
  07.84182000e+01   05.53964000e+01   04.51949000e+01   00.00000000e+00
  07.77161000e+01   05.76399000e+01   04.38766000e+01   00.00000000e+00
  07.61312000e+01   05.69613000e+01   04.37953000e+01   00.00000000e+00
  07.66000000e+01   05.48405000e+01   04.30453000e+01   00.00000000e+00
  07.84088000e+01   05.51932000e+01   04.29819000e+01   00.00000000e+00
  06.72304000e+01   05.92331000e+01   03.65400000e+01   07.20400000e-04
  06.31055000e+01   05.41090000e+01   03.67460000e+01  -02.39543000e-02
  06.75491000e+01   05.06316000e+01   03.34461000e+01   04.89340000e-03
  07.23794000e+01   05.56149000e+01   03.36091000e+01  -02.28199000e-02
  06.24715000e+01   05.17256000e+01   03.70379000e+01  -01.51750000e-03
  07.92915000e+01   05.63121000e+01   04.10609000e+01   00.00000000e+00
  07.83955000e+01   05.72107000e+01   03.97454000e+01   00.00000000e+00
  07.84663000e+01   05.77357000e+01   04.15295000e+01   00.00000000e+00
  07.63427000e+01   05.67964000e+01   04.14628000e+01   00.00000000e+00
  07.61171000e+01   05.43284000e+01   04.09085000e+01   00.00000000e+00
  07.79304000e+01   05.43141000e+01   04.06582000e+01   00.00000000e+00
  07.71605000e+01   05.57105000e+01   03.84909000e+01   00.00000000e+00
  07.55063000e+01   05.54577000e+01   03.90391000e+01   00.00000000e+00
  07.75324000e+01   05.34393000e+01   03.81527000e+01   00.00000000e+00
  07.58984000e+01   05.38572000e+01   03.74995000e+01   00.00000000e+00
  07.61421000e+01   05.09506000e+01   04.04588000e+01   00.00000000e+00
  07.72700000e+01   05.11012000e+01   03.91355000e+01   00.00000000e+00
  07.73588000e+01   05.21437000e+01   04.05205000e+01   00.00000000e+00
  06.97796000e+01   05.09908000e+01   03.33602000e+01   05.57290000e-03
  07.09735000e+01   05.30824000e+01   03.17323000e+01  -01.28866000e-02
  07.39084000e+01   05.26705000e+01   03.97853000e+01   00.00000000e+00
  07.57359000e+01   06.12825000e+01   04.89198000e+01   00.00000000e+00
  07.82617000e+01   05.78585000e+01   04.61112000e+01   00.00000000e+00
  07.31891000e+01   05.06400000e+01   03.85950000e+01  -01.99830000e-03
  07.45184000e+01   05.06578000e+01   03.75004000e+01  -01.85290000e-03
